
0.0,0.0,0.0,0.0,0.0,0.0,-0.0002746582,-0.0017395020000000002,-0.0040893555,0.02423285,0.03828512,0.0022050142,-0.0002746582,-0.0017395020000000002,-0.0040893555,0.02423285,0.03828512,0.0022050142,-0.06347656,-0.020568848,0.02520752,0.09838877600000001,0.07635143400000001,-0.024645686,-0.06021118,-0.053741455,0.042907715000000006,0.12451993,0.15955812,-0.03459817,-0.056365967,0.02178955,0.030426025000000002,0.13121735,0.09953566,-0.017744124,-0.1312561,0.13006592,0.038879395000000004,0.21229623,-0.0003036037,-0.021573186,-0.061279297,0.031341553,-0.1000061,0.1548223,0.14039719,0.1455813,-0.061584473,0.09341431,-0.0859375,0.16161689999999998,0.09475364500000001,0.14397871,-0.20410156000000002,0.31973267,-0.059265137,0.33802515,-0.06963783,0.16346729000000002,-0.13180542,0.28201294,-0.011779785000000001,0.28954969999999997,0.012977846000000001,0.15096241,-0.07495117,0.45474243000000003,0.25198364,0.28392839999999997,-0.06663642,-0.0009199977000000001,0.0776062,0.47262573,0.14672852,0.1610351,-0.05007153,0.15649465,0.0776062,0.47262573,0.14672852,0.1610351,-0.05007153,0.15649465,0.4003296,0.08642578000000001,-0.17889404,-0.02016665,0.4151108,0.5318927999999999,0.41003418,0.02947998,-0.20065308,-0.012349218,0.47774464,0.54988635,0.12838745000000001,0.25195313,0.08453369000000001,0.3157665,0.27816594,0.2920587,0.7486267,0.8597716999999999,-0.34701538,-0.30052066,-0.34564596000000003,0.74169534,0.40927124000000004,0.5462036,-0.49752808,0.06514786,-0.032894216000000004,0.83564425,0.50564575,0.39581299999999997,-0.25720215,0.018923060000000002,0.08371202,0.44086802,检查1#变、2变、开闭所有进线、出线地刀在拉开位置。
-0.0002746582,-0.0017395020000000002,-0.0040893555,0.02423285,0.03828512,0.0022050142,-0.0002746582,-0.0017395020000000002,-0.0040893555,0.02423285,0.03828512,0.0022050142,-0.06347656,-0.020568848,0.02520752,0.09838877600000001,0.07635143400000001,-0.024645686,-0.06021118,-0.053741455,0.042907715000000006,0.12451993,0.15955812,-0.03459817,-0.056365967,0.02178955,0.030426025000000002,0.13121735,0.09953566,-0.017744124,-0.1312561,0.13006592,0.038879395000000004,0.21229623,-0.0003036037,-0.021573186,-0.061279297,0.031341553,-0.1000061,0.1548223,0.14039719,0.1455813,-0.061584473,0.09341431,-0.0859375,0.16161689999999998,0.09475364500000001,0.14397871,-0.20410156000000002,0.31973267,-0.059265137,0.33802515,-0.06963783,0.16346729000000002,-0.13180542,0.28201294,-0.011779785000000001,0.28954969999999997,0.012977846000000001,0.15096241,-0.07495117,0.45474243000000003,0.25198364,0.28392839999999997,-0.06663642,-0.0009199977000000001,0.0776062,0.47262573,0.14672852,0.1610351,-0.05007153,0.15649465,0.0776062,0.47262573,0.14672852,0.1610351,-0.05007153,0.15649465,0.4003296,0.08642578000000001,-0.17889404,-0.02016665,0.4151108,0.5318927999999999,0.41003418,0.02947998,-0.20065308,-0.012349218,0.47774464,0.54988635,0.12838745000000001,0.25195313,0.08453369000000001,0.3157665,0.27816594,0.2920587,0.7486267,0.8597716999999999,-0.34701538,-0.30052066,-0.34564596000000003,0.74169534,0.40927124000000004,0.5462036,-0.49752808,0.06514786,-0.032894216000000004,0.83564425,0.50564575,0.39581299999999997,-0.25720215,0.018923060000000002,0.08371202,0.44086802,0.5480652,0.44412229999999997,-0.23760986,-0.018267184000000002,0.025698327,0.39797607,检查1#变、2变、开闭所有进线、出线地刀在拉开位置。
-0.0002746582,-0.0017395020000000002,-0.0040893555,0.02423285,0.03828512,0.0022050142,-0.06347656,-0.020568848,0.02520752,0.09838877600000001,0.07635143400000001,-0.024645686,-0.06021118,-0.053741455,0.042907715000000006,0.12451993,0.15955812,-0.03459817,-0.056365967,0.02178955,0.030426025000000002,0.13121735,0.09953566,-0.017744124,-0.1312561,0.13006592,0.038879395000000004,0.21229623,-0.0003036037,-0.021573186,-0.061279297,0.031341553,-0.1000061,0.1548223,0.14039719,0.1455813,-0.061584473,0.09341431,-0.0859375,0.16161689999999998,0.09475364500000001,0.14397871,-0.20410156000000002,0.31973267,-0.059265137,0.33802515,-0.06963783,0.16346729000000002,-0.13180542,0.28201294,-0.011779785000000001,0.28954969999999997,0.012977846000000001,0.15096241,-0.07495117,0.45474243000000003,0.25198364,0.28392839999999997,-0.06663642,-0.0009199977000000001,0.0776062,0.47262573,0.14672852,0.1610351,-0.05007153,0.15649465,0.0776062,0.47262573,0.14672852,0.1610351,-0.05007153,0.15649465,0.4003296,0.08642578000000001,-0.17889404,-0.02016665,0.4151108,0.5318927999999999,0.41003418,0.02947998,-0.20065308,-0.012349218,0.47774464,0.54988635,0.12838745000000001,0.25195313,0.08453369000000001,0.3157665,0.27816594,0.2920587,0.7486267,0.8597716999999999,-0.34701538,-0.30052066,-0.34564596000000003,0.74169534,0.40927124000000004,0.5462036,-0.49752808,0.06514786,-0.032894216000000004,0.83564425,0.50564575,0.39581299999999997,-0.25720215,0.018923060000000002,0.08371202,0.44086802,0.5480652,0.44412229999999997,-0.23760986,-0.018267184000000002,0.025698327,0.39797607,0.52511597,0.42843628,-0.20388794000000002,0.0067587197000000005,0.03467343,0.34683096,检查1#变、2变、开闭所有进线、出线地刀在拉开位置。
-0.06347656,-0.020568848,0.02520752,0.09838877600000001,0.07635143400000001,-0.024645686,-0.06021118,-0.053741455,0.042907715000000006,0.12451993,0.15955812,-0.03459817,-0.056365967,0.02178955,0.030426025000000002,0.13121735,0.09953566,-0.017744124,-0.1312561,0.13006592,0.038879395000000004,0.21229623,-0.0003036037,-0.021573186,-0.061279297,0.031341553,-0.1000061,0.1548223,0.14039719,0.1455813,-0.061584473,0.09341431,-0.0859375,0.16161689999999998,0.09475364500000001,0.14397871,-0.20410156000000002,0.31973267,-0.059265137,0.33802515,-0.06963783,0.16346729000000002,-0.13180542,0.28201294,-0.011779785000000001,0.28954969999999997,0.012977846000000001,0.15096241,-0.07495117,0.45474243000000003,0.25198364,0.28392839999999997,-0.06663642,-0.0009199977000000001,0.0776062,0.47262573,0.14672852,0.1610351,-0.05007153,0.15649465,0.0776062,0.47262573,0.14672852,0.1610351,-0.05007153,0.15649465,0.4003296,0.08642578000000001,-0.17889404,-0.02016665,0.4151108,0.5318927999999999,0.41003418,0.02947998,-0.20065308,-0.012349218,0.47774464,0.54988635,0.12838745000000001,0.25195313,0.08453369000000001,0.3157665,0.27816594,0.2920587,0.7486267,0.8597716999999999,-0.34701538,-0.30052066,-0.34564596000000003,0.74169534,0.40927124000000004,0.5462036,-0.49752808,0.06514786,-0.032894216000000004,0.83564425,0.50564575,0.39581299999999997,-0.25720215,0.018923060000000002,0.08371202,0.44086802,0.5480652,0.44412229999999997,-0.23760986,-0.018267184000000002,0.025698327,0.39797607,0.52511597,0.42843628,-0.20388794000000002,0.0067587197000000005,0.03467343,0.34683096,0.49871826,0.5565491,-0.19094849,0.027262121,-0.10510584,0.31592524,检查1#变、2变、开闭所有进线、出线地刀在拉开位置。
-0.06021118,-0.053741455,0.042907715000000006,0.12451993,0.15955812,-0.03459817,-0.056365967,0.02178955,0.030426025000000002,0.13121735,0.09953566,-0.017744124,-0.1312561,0.13006592,0.038879395000000004,0.21229623,-0.0003036037,-0.021573186,-0.061279297,0.031341553,-0.1000061,0.1548223,0.14039719,0.1455813,-0.061584473,0.09341431,-0.0859375,0.16161689999999998,0.09475364500000001,0.14397871,-0.20410156000000002,0.31973267,-0.059265137,0.33802515,-0.06963783,0.16346729000000002,-0.13180542,0.28201294,-0.011779785000000001,0.28954969999999997,0.012977846000000001,0.15096241,-0.07495117,0.45474243000000003,0.25198364,0.28392839999999997,-0.06663642,-0.0009199977000000001,0.0776062,0.47262573,0.14672852,0.1610351,-0.05007153,0.15649465,0.0776062,0.47262573,0.14672852,0.1610351,-0.05007153,0.15649465,0.4003296,0.08642578000000001,-0.17889404,-0.02016665,0.4151108,0.5318927999999999,0.41003418,0.02947998,-0.20065308,-0.012349218,0.47774464,0.54988635,0.12838745000000001,0.25195313,0.08453369000000001,0.3157665,0.27816594,0.2920587,0.7486267,0.8597716999999999,-0.34701538,-0.30052066,-0.34564596000000003,0.74169534,0.40927124000000004,0.5462036,-0.49752808,0.06514786,-0.032894216000000004,0.83564425,0.50564575,0.39581299999999997,-0.25720215,0.018923060000000002,0.08371202,0.44086802,0.5480652,0.44412229999999997,-0.23760986,-0.018267184000000002,0.025698327,0.39797607,0.52511597,0.42843628,-0.20388794000000002,0.0067587197000000005,0.03467343,0.34683096,0.49871826,0.5565491,-0.19094849,0.027262121,-0.10510584,0.31592524,0.49246216000000004,0.7000122,-0.23785399999999998,0.035054967,-0.2507887,0.3640176,检查1#变、2变、开闭所有进线、出线地刀在拉开位置。
-0.056365967,0.02178955,0.030426025000000002,0.13121735,0.09953566,-0.017744124,-0.1312561,0.13006592,0.038879395000000004,0.21229623,-0.0003036037,-0.021573186,-0.061279297,0.031341553,-0.1000061,0.1548223,0.14039719,0.1455813,-0.061584473,0.09341431,-0.0859375,0.16161689999999998,0.09475364500000001,0.14397871,-0.20410156000000002,0.31973267,-0.059265137,0.33802515,-0.06963783,0.16346729000000002,-0.13180542,0.28201294,-0.011779785000000001,0.28954969999999997,0.012977846000000001,0.15096241,-0.07495117,0.45474243000000003,0.25198364,0.28392839999999997,-0.06663642,-0.0009199977000000001,0.0776062,0.47262573,0.14672852,0.1610351,-0.05007153,0.15649465,0.0776062,0.47262573,0.14672852,0.1610351,-0.05007153,0.15649465,0.4003296,0.08642578000000001,-0.17889404,-0.02016665,0.4151108,0.5318927999999999,0.41003418,0.02947998,-0.20065308,-0.012349218,0.47774464,0.54988635,0.12838745000000001,0.25195313,0.08453369000000001,0.3157665,0.27816594,0.2920587,0.7486267,0.8597716999999999,-0.34701538,-0.30052066,-0.34564596000000003,0.74169534,0.40927124000000004,0.5462036,-0.49752808,0.06514786,-0.032894216000000004,0.83564425,0.50564575,0.39581299999999997,-0.25720215,0.018923060000000002,0.08371202,0.44086802,0.5480652,0.44412229999999997,-0.23760986,-0.018267184000000002,0.025698327,0.39797607,0.52511597,0.42843628,-0.20388794000000002,0.0067587197000000005,0.03467343,0.34683096,0.49871826,0.5565491,-0.19094849,0.027262121,-0.10510584,0.31592524,0.49246216000000004,0.7000122,-0.23785399999999998,0.035054967,-0.2507887,0.3640176,0.59106445,0.39318848,-0.30792236,-0.05679656600000001,0.04378002,0.40204465,检查1#变、2变、开闭所有进线、出线地刀在拉开位置。
-0.1312561,0.13006592,0.038879395000000004,0.21229623,-0.0003036037,-0.021573186,-0.061279297,0.031341553,-0.1000061,0.1548223,0.14039719,0.1455813,-0.061584473,0.09341431,-0.0859375,0.16161689999999998,0.09475364500000001,0.14397871,-0.20410156000000002,0.31973267,-0.059265137,0.33802515,-0.06963783,0.16346729000000002,-0.13180542,0.28201294,-0.011779785000000001,0.28954969999999997,0.012977846000000001,0.15096241,-0.07495117,0.45474243000000003,0.25198364,0.28392839999999997,-0.06663642,-0.0009199977000000001,0.0776062,0.47262573,0.14672852,0.1610351,-0.05007153,0.15649465,0.0776062,0.47262573,0.14672852,0.1610351,-0.05007153,0.15649465,0.4003296,0.08642578000000001,-0.17889404,-0.02016665,0.4151108,0.5318927999999999,0.41003418,0.02947998,-0.20065308,-0.012349218,0.47774464,0.54988635,0.12838745000000001,0.25195313,0.08453369000000001,0.3157665,0.27816594,0.2920587,0.7486267,0.8597716999999999,-0.34701538,-0.30052066,-0.34564596000000003,0.74169534,0.40927124000000004,0.5462036,-0.49752808,0.06514786,-0.032894216000000004,0.83564425,0.50564575,0.39581299999999997,-0.25720215,0.018923060000000002,0.08371202,0.44086802,0.5480652,0.44412229999999997,-0.23760986,-0.018267184000000002,0.025698327,0.39797607,0.52511597,0.42843628,-0.20388794000000002,0.0067587197000000005,0.03467343,0.34683096,0.49871826,0.5565491,-0.19094849,0.027262121,-0.10510584,0.31592524,0.49246216000000004,0.7000122,-0.23785399999999998,0.035054967,-0.2507887,0.3640176,0.59106445,0.39318848,-0.30792236,-0.05679656600000001,0.04378002,0.40204465,0.59817505,0.23687744,-0.28851318,-0.062009588000000004,0.18757421,0.35493585,检查1#变、2变、开闭所有进线、出线地刀在拉开位置。
-0.061279297,0.031341553,-0.1000061,0.1548223,0.14039719,0.1455813,-0.061584473,0.09341431,-0.0859375,0.16161689999999998,0.09475364500000001,0.14397871,-0.20410156000000002,0.31973267,-0.059265137,0.33802515,-0.06963783,0.16346729000000002,-0.13180542,0.28201294,-0.011779785000000001,0.28954969999999997,0.012977846000000001,0.15096241,-0.07495117,0.45474243000000003,0.25198364,0.28392839999999997,-0.06663642,-0.0009199977000000001,0.0776062,0.47262573,0.14672852,0.1610351,-0.05007153,0.15649465,0.0776062,0.47262573,0.14672852,0.1610351,-0.05007153,0.15649465,0.4003296,0.08642578000000001,-0.17889404,-0.02016665,0.4151108,0.5318927999999999,0.41003418,0.02947998,-0.20065308,-0.012349218,0.47774464,0.54988635,0.12838745000000001,0.25195313,0.08453369000000001,0.3157665,0.27816594,0.2920587,0.7486267,0.8597716999999999,-0.34701538,-0.30052066,-0.34564596000000003,0.74169534,0.40927124000000004,0.5462036,-0.49752808,0.06514786,-0.032894216000000004,0.83564425,0.50564575,0.39581299999999997,-0.25720215,0.018923060000000002,0.08371202,0.44086802,0.5480652,0.44412229999999997,-0.23760986,-0.018267184000000002,0.025698327,0.39797607,0.52511597,0.42843628,-0.20388794000000002,0.0067587197000000005,0.03467343,0.34683096,0.49871826,0.5565491,-0.19094849,0.027262121,-0.10510584,0.31592524,0.49246216000000004,0.7000122,-0.23785399999999998,0.035054967,-0.2507887,0.3640176,0.59106445,0.39318848,-0.30792236,-0.05679656600000001,0.04378002,0.40204465,0.59817505,0.23687744,-0.28851318,-0.062009588000000004,0.18757421,0.35493585,0.59817505,0.23687744,-0.28851318,-0.062009588000000004,0.18757421,0.35493585,检查1#变、2变、开闭所有进线、出线地刀在拉开位置。
-0.061584473,0.09341431,-0.0859375,0.16161689999999998,0.09475364500000001,0.14397871,-0.20410156000000002,0.31973267,-0.059265137,0.33802515,-0.06963783,0.16346729000000002,-0.13180542,0.28201294,-0.011779785000000001,0.28954969999999997,0.012977846000000001,0.15096241,-0.07495117,0.45474243000000003,0.25198364,0.28392839999999997,-0.06663642,-0.0009199977000000001,0.0776062,0.47262573,0.14672852,0.1610351,-0.05007153,0.15649465,0.0776062,0.47262573,0.14672852,0.1610351,-0.05007153,0.15649465,0.4003296,0.08642578000000001,-0.17889404,-0.02016665,0.4151108,0.5318927999999999,0.41003418,0.02947998,-0.20065308,-0.012349218,0.47774464,0.54988635,0.12838745000000001,0.25195313,0.08453369000000001,0.3157665,0.27816594,0.2920587,0.7486267,0.8597716999999999,-0.34701538,-0.30052066,-0.34564596000000003,0.74169534,0.40927124000000004,0.5462036,-0.49752808,0.06514786,-0.032894216000000004,0.83564425,0.50564575,0.39581299999999997,-0.25720215,0.018923060000000002,0.08371202,0.44086802,0.5480652,0.44412229999999997,-0.23760986,-0.018267184000000002,0.025698327,0.39797607,0.52511597,0.42843628,-0.20388794000000002,0.0067587197000000005,0.03467343,0.34683096,0.49871826,0.5565491,-0.19094849,0.027262121,-0.10510584,0.31592524,0.49246216000000004,0.7000122,-0.23785399999999998,0.035054967,-0.2507887,0.3640176,0.59106445,0.39318848,-0.30792236,-0.05679656600000001,0.04378002,0.40204465,0.59817505,0.23687744,-0.28851318,-0.062009588000000004,0.18757421,0.35493585,0.59817505,0.23687744,-0.28851318,-0.062009588000000004,0.18757421,0.35493585,0.60601807,0.2171936,-0.31314087,-0.068504825,0.17559528,0.32914007,检查1#变、2变、开闭所有进线、出线地刀在拉开位置。
-0.20410156000000002,0.31973267,-0.059265137,0.33802515,-0.06963783,0.16346729000000002,-0.13180542,0.28201294,-0.011779785000000001,0.28954969999999997,0.012977846000000001,0.15096241,-0.07495117,0.45474243000000003,0.25198364,0.28392839999999997,-0.06663642,-0.0009199977000000001,0.0776062,0.47262573,0.14672852,0.1610351,-0.05007153,0.15649465,0.0776062,0.47262573,0.14672852,0.1610351,-0.05007153,0.15649465,0.4003296,0.08642578000000001,-0.17889404,-0.02016665,0.4151108,0.5318927999999999,0.41003418,0.02947998,-0.20065308,-0.012349218,0.47774464,0.54988635,0.12838745000000001,0.25195313,0.08453369000000001,0.3157665,0.27816594,0.2920587,0.7486267,0.8597716999999999,-0.34701538,-0.30052066,-0.34564596000000003,0.74169534,0.40927124000000004,0.5462036,-0.49752808,0.06514786,-0.032894216000000004,0.83564425,0.50564575,0.39581299999999997,-0.25720215,0.018923060000000002,0.08371202,0.44086802,0.5480652,0.44412229999999997,-0.23760986,-0.018267184000000002,0.025698327,0.39797607,0.52511597,0.42843628,-0.20388794000000002,0.0067587197000000005,0.03467343,0.34683096,0.49871826,0.5565491,-0.19094849,0.027262121,-0.10510584,0.31592524,0.49246216000000004,0.7000122,-0.23785399999999998,0.035054967,-0.2507887,0.3640176,0.59106445,0.39318848,-0.30792236,-0.05679656600000001,0.04378002,0.40204465,0.59817505,0.23687744,-0.28851318,-0.062009588000000004,0.18757421,0.35493585,0.59817505,0.23687744,-0.28851318,-0.062009588000000004,0.18757421,0.35493585,0.60601807,0.2171936,-0.31314087,-0.068504825,0.17559528,0.32914007,0.6037903,0.21594238000000002,-0.28463745,-0.06820467,0.17359075000000002,0.29552442,检查1#变、2变、开闭所有进线、出线地刀在拉开位置。
-0.13180542,0.28201294,-0.011779785000000001,0.28954969999999997,0.012977846000000001,0.15096241,-0.07495117,0.45474243000000003,0.25198364,0.28392839999999997,-0.06663642,-0.0009199977000000001,0.0776062,0.47262573,0.14672852,0.1610351,-0.05007153,0.15649465,0.0776062,0.47262573,0.14672852,0.1610351,-0.05007153,0.15649465,0.4003296,0.08642578000000001,-0.17889404,-0.02016665,0.4151108,0.5318927999999999,0.41003418,0.02947998,-0.20065308,-0.012349218,0.47774464,0.54988635,0.12838745000000001,0.25195313,0.08453369000000001,0.3157665,0.27816594,0.2920587,0.7486267,0.8597716999999999,-0.34701538,-0.30052066,-0.34564596000000003,0.74169534,0.40927124000000004,0.5462036,-0.49752808,0.06514786,-0.032894216000000004,0.83564425,0.50564575,0.39581299999999997,-0.25720215,0.018923060000000002,0.08371202,0.44086802,0.5480652,0.44412229999999997,-0.23760986,-0.018267184000000002,0.025698327,0.39797607,0.52511597,0.42843628,-0.20388794000000002,0.0067587197000000005,0.03467343,0.34683096,0.49871826,0.5565491,-0.19094849,0.027262121,-0.10510584,0.31592524,0.49246216000000004,0.7000122,-0.23785399999999998,0.035054967,-0.2507887,0.3640176,0.59106445,0.39318848,-0.30792236,-0.05679656600000001,0.04378002,0.40204465,0.59817505,0.23687744,-0.28851318,-0.062009588000000004,0.18757421,0.35493585,0.59817505,0.23687744,-0.28851318,-0.062009588000000004,0.18757421,0.35493585,0.60601807,0.2171936,-0.31314087,-0.068504825,0.17559528,0.32914007,0.6037903,0.21594238000000002,-0.28463745,-0.06820467,0.17359075000000002,0.29552442,0.60839844,0.38214109999999996,-0.38494873,-0.07519369000000001,-0.00648167,0.38335127,检查1#变、2变、开闭所有进线、出线地刀在拉开位置。
-0.07495117,0.45474243000000003,0.25198364,0.28392839999999997,-0.06663642,-0.0009199977000000001,0.0776062,0.47262573,0.14672852,0.1610351,-0.05007153,0.15649465,0.0776062,0.47262573,0.14672852,0.1610351,-0.05007153,0.15649465,0.4003296,0.08642578000000001,-0.17889404,-0.02016665,0.4151108,0.5318927999999999,0.41003418,0.02947998,-0.20065308,-0.012349218,0.47774464,0.54988635,0.12838745000000001,0.25195313,0.08453369000000001,0.3157665,0.27816594,0.2920587,0.7486267,0.8597716999999999,-0.34701538,-0.30052066,-0.34564596000000003,0.74169534,0.40927124000000004,0.5462036,-0.49752808,0.06514786,-0.032894216000000004,0.83564425,0.50564575,0.39581299999999997,-0.25720215,0.018923060000000002,0.08371202,0.44086802,0.5480652,0.44412229999999997,-0.23760986,-0.018267184000000002,0.025698327,0.39797607,0.52511597,0.42843628,-0.20388794000000002,0.0067587197000000005,0.03467343,0.34683096,0.49871826,0.5565491,-0.19094849,0.027262121,-0.10510584,0.31592524,0.49246216000000004,0.7000122,-0.23785399999999998,0.035054967,-0.2507887,0.3640176,0.59106445,0.39318848,-0.30792236,-0.05679656600000001,0.04378002,0.40204465,0.59817505,0.23687744,-0.28851318,-0.062009588000000004,0.18757421,0.35493585,0.59817505,0.23687744,-0.28851318,-0.062009588000000004,0.18757421,0.35493585,0.60601807,0.2171936,-0.31314087,-0.068504825,0.17559528,0.32914007,0.6037903,0.21594238000000002,-0.28463745,-0.06820467,0.17359075000000002,0.29552442,0.60839844,0.38214109999999996,-0.38494873,-0.07519369000000001,-0.00648167,0.38335127,0.56692505,0.36416626,-0.40893555,-0.029849872000000003,0.014111899,0.41012827,检查1#变、2变、开闭所有进线、出线地刀在拉开位置。
0.0776062,0.47262573,0.14672852,0.1610351,-0.05007153,0.15649465,0.0776062,0.47262573,0.14672852,0.1610351,-0.05007153,0.15649465,0.4003296,0.08642578000000001,-0.17889404,-0.02016665,0.4151108,0.5318927999999999,0.41003418,0.02947998,-0.20065308,-0.012349218,0.47774464,0.54988635,0.12838745000000001,0.25195313,0.08453369000000001,0.3157665,0.27816594,0.2920587,0.7486267,0.8597716999999999,-0.34701538,-0.30052066,-0.34564596000000003,0.74169534,0.40927124000000004,0.5462036,-0.49752808,0.06514786,-0.032894216000000004,0.83564425,0.50564575,0.39581299999999997,-0.25720215,0.018923060000000002,0.08371202,0.44086802,0.5480652,0.44412229999999997,-0.23760986,-0.018267184000000002,0.025698327,0.39797607,0.52511597,0.42843628,-0.20388794000000002,0.0067587197000000005,0.03467343,0.34683096,0.49871826,0.5565491,-0.19094849,0.027262121,-0.10510584,0.31592524,0.49246216000000004,0.7000122,-0.23785399999999998,0.035054967,-0.2507887,0.3640176,0.59106445,0.39318848,-0.30792236,-0.05679656600000001,0.04378002,0.40204465,0.59817505,0.23687744,-0.28851318,-0.062009588000000004,0.18757421,0.35493585,0.59817505,0.23687744,-0.28851318,-0.062009588000000004,0.18757421,0.35493585,0.60601807,0.2171936,-0.31314087,-0.068504825,0.17559528,0.32914007,0.6037903,0.21594238000000002,-0.28463745,-0.06820467,0.17359075000000002,0.29552442,0.60839844,0.38214109999999996,-0.38494873,-0.07519369000000001,-0.00648167,0.38335127,0.56692505,0.36416626,-0.40893555,-0.029849872000000003,0.014111899,0.41012827,0.51052856,0.30264282,-0.40039063,0.027755082,0.08242453,0.40924603,检查1#变、2变、开闭所有进线、出线地刀在拉开位置。
0.0776062,0.47262573,0.14672852,0.1610351,-0.05007153,0.15649465,0.4003296,0.08642578000000001,-0.17889404,-0.02016665,0.4151108,0.5318927999999999,0.41003418,0.02947998,-0.20065308,-0.012349218,0.47774464,0.54988635,0.12838745000000001,0.25195313,0.08453369000000001,0.3157665,0.27816594,0.2920587,0.7486267,0.8597716999999999,-0.34701538,-0.30052066,-0.34564596000000003,0.74169534,0.40927124000000004,0.5462036,-0.49752808,0.06514786,-0.032894216000000004,0.83564425,0.50564575,0.39581299999999997,-0.25720215,0.018923060000000002,0.08371202,0.44086802,0.5480652,0.44412229999999997,-0.23760986,-0.018267184000000002,0.025698327,0.39797607,0.52511597,0.42843628,-0.20388794000000002,0.0067587197000000005,0.03467343,0.34683096,0.49871826,0.5565491,-0.19094849,0.027262121,-0.10510584,0.31592524,0.49246216000000004,0.7000122,-0.23785399999999998,0.035054967,-0.2507887,0.3640176,0.59106445,0.39318848,-0.30792236,-0.05679656600000001,0.04378002,0.40204465,0.59817505,0.23687744,-0.28851318,-0.062009588000000004,0.18757421,0.35493585,0.59817505,0.23687744,-0.28851318,-0.062009588000000004,0.18757421,0.35493585,0.60601807,0.2171936,-0.31314087,-0.068504825,0.17559528,0.32914007,0.6037903,0.21594238000000002,-0.28463745,-0.06820467,0.17359075000000002,0.29552442,0.60839844,0.38214109999999996,-0.38494873,-0.07519369000000001,-0.00648167,0.38335127,0.56692505,0.36416626,-0.40893555,-0.029849872000000003,0.014111899,0.41012827,0.51052856,0.30264282,-0.40039063,0.027755082,0.08242453,0.40924603,0.6453552,0.35424805,-0.42340088000000003,-0.071262464,0.07469835,0.4940306,检查1#变、2变、开闭所有进线、出线地刀在拉开位置。
0.4003296,0.08642578000000001,-0.17889404,-0.02016665,0.4151108,0.5318927999999999,0.41003418,0.02947998,-0.20065308,-0.012349218,0.47774464,0.54988635,0.12838745000000001,0.25195313,0.08453369000000001,0.3157665,0.27816594,0.2920587,0.7486267,0.8597716999999999,-0.34701538,-0.30052066,-0.34564596000000003,0.74169534,0.40927124000000004,0.5462036,-0.49752808,0.06514786,-0.032894216000000004,0.83564425,0.50564575,0.39581299999999997,-0.25720215,0.018923060000000002,0.08371202,0.44086802,0.5480652,0.44412229999999997,-0.23760986,-0.018267184000000002,0.025698327,0.39797607,0.52511597,0.42843628,-0.20388794000000002,0.0067587197000000005,0.03467343,0.34683096,0.49871826,0.5565491,-0.19094849,0.027262121,-0.10510584,0.31592524,0.49246216000000004,0.7000122,-0.23785399999999998,0.035054967,-0.2507887,0.3640176,0.59106445,0.39318848,-0.30792236,-0.05679656600000001,0.04378002,0.40204465,0.59817505,0.23687744,-0.28851318,-0.062009588000000004,0.18757421,0.35493585,0.59817505,0.23687744,-0.28851318,-0.062009588000000004,0.18757421,0.35493585,0.60601807,0.2171936,-0.31314087,-0.068504825,0.17559528,0.32914007,0.6037903,0.21594238000000002,-0.28463745,-0.06820467,0.17359075000000002,0.29552442,0.60839844,0.38214109999999996,-0.38494873,-0.07519369000000001,-0.00648167,0.38335127,0.56692505,0.36416626,-0.40893555,-0.029849872000000003,0.014111899,0.41012827,0.51052856,0.30264282,-0.40039063,0.027755082,0.08242453,0.40924603,0.6453552,0.35424805,-0.42340088000000003,-0.071262464,0.07469835,0.4940306,0.6453552,0.35424805,-0.42340088000000003,-0.071262464,0.07469835,0.4940306,检查1#变、2变、开闭所有进线、出线地刀在拉开位置。
0.41003418,0.02947998,-0.20065308,-0.012349218,0.47774464,0.54988635,0.12838745000000001,0.25195313,0.08453369000000001,0.3157665,0.27816594,0.2920587,0.7486267,0.8597716999999999,-0.34701538,-0.30052066,-0.34564596000000003,0.74169534,0.40927124000000004,0.5462036,-0.49752808,0.06514786,-0.032894216000000004,0.83564425,0.50564575,0.39581299999999997,-0.25720215,0.018923060000000002,0.08371202,0.44086802,0.5480652,0.44412229999999997,-0.23760986,-0.018267184000000002,0.025698327,0.39797607,0.52511597,0.42843628,-0.20388794000000002,0.0067587197000000005,0.03467343,0.34683096,0.49871826,0.5565491,-0.19094849,0.027262121,-0.10510584,0.31592524,0.49246216000000004,0.7000122,-0.23785399999999998,0.035054967,-0.2507887,0.3640176,0.59106445,0.39318848,-0.30792236,-0.05679656600000001,0.04378002,0.40204465,0.59817505,0.23687744,-0.28851318,-0.062009588000000004,0.18757421,0.35493585,0.59817505,0.23687744,-0.28851318,-0.062009588000000004,0.18757421,0.35493585,0.60601807,0.2171936,-0.31314087,-0.068504825,0.17559528,0.32914007,0.6037903,0.21594238000000002,-0.28463745,-0.06820467,0.17359075000000002,0.29552442,0.60839844,0.38214109999999996,-0.38494873,-0.07519369000000001,-0.00648167,0.38335127,0.56692505,0.36416626,-0.40893555,-0.029849872000000003,0.014111899,0.41012827,0.51052856,0.30264282,-0.40039063,0.027755082,0.08242453,0.40924603,0.6453552,0.35424805,-0.42340088000000003,-0.071262464,0.07469835,0.4940306,0.6453552,0.35424805,-0.42340088000000003,-0.071262464,0.07469835,0.4940306,0.7273864999999999,0.381073,-0.46762085000000003,-0.15041171,0.055230714,0.5532370999999999,检查1#变、2变、开闭所有进线、出线地刀在拉开位置。
0.12838745000000001,0.25195313,0.08453369000000001,0.3157665,0.27816594,0.2920587,0.7486267,0.8597716999999999,-0.34701538,-0.30052066,-0.34564596000000003,0.74169534,0.40927124000000004,0.5462036,-0.49752808,0.06514786,-0.032894216000000004,0.83564425,0.50564575,0.39581299999999997,-0.25720215,0.018923060000000002,0.08371202,0.44086802,0.5480652,0.44412229999999997,-0.23760986,-0.018267184000000002,0.025698327,0.39797607,0.52511597,0.42843628,-0.20388794000000002,0.0067587197000000005,0.03467343,0.34683096,0.49871826,0.5565491,-0.19094849,0.027262121,-0.10510584,0.31592524,0.49246216000000004,0.7000122,-0.23785399999999998,0.035054967,-0.2507887,0.3640176,0.59106445,0.39318848,-0.30792236,-0.05679656600000001,0.04378002,0.40204465,0.59817505,0.23687744,-0.28851318,-0.062009588000000004,0.18757421,0.35493585,0.59817505,0.23687744,-0.28851318,-0.062009588000000004,0.18757421,0.35493585,0.60601807,0.2171936,-0.31314087,-0.068504825,0.17559528,0.32914007,0.6037903,0.21594238000000002,-0.28463745,-0.06820467,0.17359075000000002,0.29552442,0.60839844,0.38214109999999996,-0.38494873,-0.07519369000000001,-0.00648167,0.38335127,0.56692505,0.36416626,-0.40893555,-0.029849872000000003,0.014111899,0.41012827,0.51052856,0.30264282,-0.40039063,0.027755082,0.08242453,0.40924603,0.6453552,0.35424805,-0.42340088000000003,-0.071262464,0.07469835,0.4940306,0.6453552,0.35424805,-0.42340088000000003,-0.071262464,0.07469835,0.4940306,0.7273864999999999,0.381073,-0.46762085000000003,-0.15041171,0.055230714,0.5532370999999999,0.69473267,0.5648804,-0.35992432,-0.12339055500000001,-0.110851295,0.48184133,检查1#变、2变、开闭所有进线、出线地刀在拉开位置。
0.7486267,0.8597716999999999,-0.34701538,-0.30052066,-0.34564596000000003,0.74169534,0.40927124000000004,0.5462036,-0.49752808,0.06514786,-0.032894216000000004,0.83564425,0.50564575,0.39581299999999997,-0.25720215,0.018923060000000002,0.08371202,0.44086802,0.5480652,0.44412229999999997,-0.23760986,-0.018267184000000002,0.025698327,0.39797607,0.52511597,0.42843628,-0.20388794000000002,0.0067587197000000005,0.03467343,0.34683096,0.49871826,0.5565491,-0.19094849,0.027262121,-0.10510584,0.31592524,0.49246216000000004,0.7000122,-0.23785399999999998,0.035054967,-0.2507887,0.3640176,0.59106445,0.39318848,-0.30792236,-0.05679656600000001,0.04378002,0.40204465,0.59817505,0.23687744,-0.28851318,-0.062009588000000004,0.18757421,0.35493585,0.59817505,0.23687744,-0.28851318,-0.062009588000000004,0.18757421,0.35493585,0.60601807,0.2171936,-0.31314087,-0.068504825,0.17559528,0.32914007,0.6037903,0.21594238000000002,-0.28463745,-0.06820467,0.17359075000000002,0.29552442,0.60839844,0.38214109999999996,-0.38494873,-0.07519369000000001,-0.00648167,0.38335127,0.56692505,0.36416626,-0.40893555,-0.029849872000000003,0.014111899,0.41012827,0.51052856,0.30264282,-0.40039063,0.027755082,0.08242453,0.40924603,0.6453552,0.35424805,-0.42340088000000003,-0.071262464,0.07469835,0.4940306,0.6453552,0.35424805,-0.42340088000000003,-0.071262464,0.07469835,0.4940306,0.7273864999999999,0.381073,-0.46762085000000003,-0.15041171,0.055230714,0.5532370999999999,0.69473267,0.5648804,-0.35992432,-0.12339055500000001,-0.110851295,0.48184133,0.68203735,0.768219,-0.31362915,-0.11402684,-0.31062973,0.44817758,检查1#变、2变、开闭所有进线、出线地刀在拉开位置。
0.40927124000000004,0.5462036,-0.49752808,0.06514786,-0.032894216000000004,0.83564425,0.50564575,0.39581299999999997,-0.25720215,0.018923060000000002,0.08371202,0.44086802,0.5480652,0.44412229999999997,-0.23760986,-0.018267184000000002,0.025698327,0.39797607,0.52511597,0.42843628,-0.20388794000000002,0.0067587197000000005,0.03467343,0.34683096,0.49871826,0.5565491,-0.19094849,0.027262121,-0.10510584,0.31592524,0.49246216000000004,0.7000122,-0.23785399999999998,0.035054967,-0.2507887,0.3640176,0.59106445,0.39318848,-0.30792236,-0.05679656600000001,0.04378002,0.40204465,0.59817505,0.23687744,-0.28851318,-0.062009588000000004,0.18757421,0.35493585,0.59817505,0.23687744,-0.28851318,-0.062009588000000004,0.18757421,0.35493585,0.60601807,0.2171936,-0.31314087,-0.068504825,0.17559528,0.32914007,0.6037903,0.21594238000000002,-0.28463745,-0.06820467,0.17359075000000002,0.29552442,0.60839844,0.38214109999999996,-0.38494873,-0.07519369000000001,-0.00648167,0.38335127,0.56692505,0.36416626,-0.40893555,-0.029849872000000003,0.014111899,0.41012827,0.51052856,0.30264282,-0.40039063,0.027755082,0.08242453,0.40924603,0.6453552,0.35424805,-0.42340088000000003,-0.071262464,0.07469835,0.4940306,0.6453552,0.35424805,-0.42340088000000003,-0.071262464,0.07469835,0.4940306,0.7273864999999999,0.381073,-0.46762085000000003,-0.15041171,0.055230714,0.5532370999999999,0.69473267,0.5648804,-0.35992432,-0.12339055500000001,-0.110851295,0.48184133,0.68203735,0.768219,-0.31362915,-0.11402684,-0.31062973,0.44817758,0.6333618,0.5808715999999999,-0.20010376,-0.09434835600000001,-0.11539701000000001,0.35085428,检查1#变、2变、开闭所有进线、出线地刀在拉开位置。
0.50564575,0.39581299999999997,-0.25720215,0.018923060000000002,0.08371202,0.44086802,0.5480652,0.44412229999999997,-0.23760986,-0.018267184000000002,0.025698327,0.39797607,0.52511597,0.42843628,-0.20388794000000002,0.0067587197000000005,0.03467343,0.34683096,0.49871826,0.5565491,-0.19094849,0.027262121,-0.10510584,0.31592524,0.49246216000000004,0.7000122,-0.23785399999999998,0.035054967,-0.2507887,0.3640176,0.59106445,0.39318848,-0.30792236,-0.05679656600000001,0.04378002,0.40204465,0.59817505,0.23687744,-0.28851318,-0.062009588000000004,0.18757421,0.35493585,0.59817505,0.23687744,-0.28851318,-0.062009588000000004,0.18757421,0.35493585,0.60601807,0.2171936,-0.31314087,-0.068504825,0.17559528,0.32914007,0.6037903,0.21594238000000002,-0.28463745,-0.06820467,0.17359075000000002,0.29552442,0.60839844,0.38214109999999996,-0.38494873,-0.07519369000000001,-0.00648167,0.38335127,0.56692505,0.36416626,-0.40893555,-0.029849872000000003,0.014111899,0.41012827,0.51052856,0.30264282,-0.40039063,0.027755082,0.08242453,0.40924603,0.6453552,0.35424805,-0.42340088000000003,-0.071262464,0.07469835,0.4940306,0.6453552,0.35424805,-0.42340088000000003,-0.071262464,0.07469835,0.4940306,0.7273864999999999,0.381073,-0.46762085000000003,-0.15041171,0.055230714,0.5532370999999999,0.69473267,0.5648804,-0.35992432,-0.12339055500000001,-0.110851295,0.48184133,0.68203735,0.768219,-0.31362915,-0.11402684,-0.31062973,0.44817758,0.6333618,0.5808715999999999,-0.20010376,-0.09434835600000001,-0.11539701000000001,0.35085428,0.5780334500000001,0.5430602999999999,-0.23989868,-0.046161443,-0.07677417,0.39530468,检查1#变、2变、开闭所有进线、出线地刀在拉开位置。
0.5480652,0.44412229999999997,-0.23760986,-0.018267184000000002,0.025698327,0.39797607,0.52511597,0.42843628,-0.20388794000000002,0.0067587197000000005,0.03467343,0.34683096,0.49871826,0.5565491,-0.19094849,0.027262121,-0.10510584,0.31592524,0.49246216000000004,0.7000122,-0.23785399999999998,0.035054967,-0.2507887,0.3640176,0.59106445,0.39318848,-0.30792236,-0.05679656600000001,0.04378002,0.40204465,0.59817505,0.23687744,-0.28851318,-0.062009588000000004,0.18757421,0.35493585,0.59817505,0.23687744,-0.28851318,-0.062009588000000004,0.18757421,0.35493585,0.60601807,0.2171936,-0.31314087,-0.068504825,0.17559528,0.32914007,0.6037903,0.21594238000000002,-0.28463745,-0.06820467,0.17359075000000002,0.29552442,0.60839844,0.38214109999999996,-0.38494873,-0.07519369000000001,-0.00648167,0.38335127,0.56692505,0.36416626,-0.40893555,-0.029849872000000003,0.014111899,0.41012827,0.51052856,0.30264282,-0.40039063,0.027755082,0.08242453,0.40924603,0.6453552,0.35424805,-0.42340088000000003,-0.071262464,0.07469835,0.4940306,0.6453552,0.35424805,-0.42340088000000003,-0.071262464,0.07469835,0.4940306,0.7273864999999999,0.381073,-0.46762085000000003,-0.15041171,0.055230714,0.5532370999999999,0.69473267,0.5648804,-0.35992432,-0.12339055500000001,-0.110851295,0.48184133,0.68203735,0.768219,-0.31362915,-0.11402684,-0.31062973,0.44817758,0.6333618,0.5808715999999999,-0.20010376,-0.09434835600000001,-0.11539701000000001,0.35085428,0.5780334500000001,0.5430602999999999,-0.23989868,-0.046161443,-0.07677417,0.39530468,0.56707764,0.53118896,-0.31777954,-0.042355433000000005,-0.06605052,0.4765413,检查1#变、2变、开闭所有进线、出线地刀在拉开位置。
0.52511597,0.42843628,-0.20388794000000002,0.0067587197000000005,0.03467343,0.34683096,0.49871826,0.5565491,-0.19094849,0.027262121,-0.10510584,0.31592524,0.49246216000000004,0.7000122,-0.23785399999999998,0.035054967,-0.2507887,0.3640176,0.59106445,0.39318848,-0.30792236,-0.05679656600000001,0.04378002,0.40204465,0.59817505,0.23687744,-0.28851318,-0.062009588000000004,0.18757421,0.35493585,0.59817505,0.23687744,-0.28851318,-0.062009588000000004,0.18757421,0.35493585,0.60601807,0.2171936,-0.31314087,-0.068504825,0.17559528,0.32914007,0.6037903,0.21594238000000002,-0.28463745,-0.06820467,0.17359075000000002,0.29552442,0.60839844,0.38214109999999996,-0.38494873,-0.07519369000000001,-0.00648167,0.38335127,0.56692505,0.36416626,-0.40893555,-0.029849872000000003,0.014111899,0.41012827,0.51052856,0.30264282,-0.40039063,0.027755082,0.08242453,0.40924603,0.6453552,0.35424805,-0.42340088000000003,-0.071262464,0.07469835,0.4940306,0.6453552,0.35424805,-0.42340088000000003,-0.071262464,0.07469835,0.4940306,0.7273864999999999,0.381073,-0.46762085000000003,-0.15041171,0.055230714,0.5532370999999999,0.69473267,0.5648804,-0.35992432,-0.12339055500000001,-0.110851295,0.48184133,0.68203735,0.768219,-0.31362915,-0.11402684,-0.31062973,0.44817758,0.6333618,0.5808715999999999,-0.20010376,-0.09434835600000001,-0.11539701000000001,0.35085428,0.5780334500000001,0.5430602999999999,-0.23989868,-0.046161443,-0.07677417,0.39530468,0.56707764,0.53118896,-0.31777954,-0.042355433000000005,-0.06605052,0.4765413,0.6430054,0.5175171,-0.39785767,-0.13053697,-0.066173516,0.5361809,检查1#变、2变、开闭所有进线、出线地刀在拉开位置。
0.49871826,0.5565491,-0.19094849,0.027262121,-0.10510584,0.31592524,0.49246216000000004,0.7000122,-0.23785399999999998,0.035054967,-0.2507887,0.3640176,0.59106445,0.39318848,-0.30792236,-0.05679656600000001,0.04378002,0.40204465,0.59817505,0.23687744,-0.28851318,-0.062009588000000004,0.18757421,0.35493585,0.59817505,0.23687744,-0.28851318,-0.062009588000000004,0.18757421,0.35493585,0.60601807,0.2171936,-0.31314087,-0.068504825,0.17559528,0.32914007,0.6037903,0.21594238000000002,-0.28463745,-0.06820467,0.17359075000000002,0.29552442,0.60839844,0.38214109999999996,-0.38494873,-0.07519369000000001,-0.00648167,0.38335127,0.56692505,0.36416626,-0.40893555,-0.029849872000000003,0.014111899,0.41012827,0.51052856,0.30264282,-0.40039063,0.027755082,0.08242453,0.40924603,0.6453552,0.35424805,-0.42340088000000003,-0.071262464,0.07469835,0.4940306,0.6453552,0.35424805,-0.42340088000000003,-0.071262464,0.07469835,0.4940306,0.7273864999999999,0.381073,-0.46762085000000003,-0.15041171,0.055230714,0.5532370999999999,0.69473267,0.5648804,-0.35992432,-0.12339055500000001,-0.110851295,0.48184133,0.68203735,0.768219,-0.31362915,-0.11402684,-0.31062973,0.44817758,0.6333618,0.5808715999999999,-0.20010376,-0.09434835600000001,-0.11539701000000001,0.35085428,0.5780334500000001,0.5430602999999999,-0.23989868,-0.046161443,-0.07677417,0.39530468,0.56707764,0.53118896,-0.31777954,-0.042355433000000005,-0.06605052,0.4765413,0.6430054,0.5175171,-0.39785767,-0.13053697,-0.066173516,0.5361809,0.6430054,0.5175171,-0.39785767,-0.13053697,-0.066173516,0.5361809,检查1#变、2变、开闭所有进线、出线地刀在拉开位置。
0.49246216000000004,0.7000122,-0.23785399999999998,0.035054967,-0.2507887,0.3640176,0.59106445,0.39318848,-0.30792236,-0.05679656600000001,0.04378002,0.40204465,0.59817505,0.23687744,-0.28851318,-0.062009588000000004,0.18757421,0.35493585,0.59817505,0.23687744,-0.28851318,-0.062009588000000004,0.18757421,0.35493585,0.60601807,0.2171936,-0.31314087,-0.068504825,0.17559528,0.32914007,0.6037903,0.21594238000000002,-0.28463745,-0.06820467,0.17359075000000002,0.29552442,0.60839844,0.38214109999999996,-0.38494873,-0.07519369000000001,-0.00648167,0.38335127,0.56692505,0.36416626,-0.40893555,-0.029849872000000003,0.014111899,0.41012827,0.51052856,0.30264282,-0.40039063,0.027755082,0.08242453,0.40924603,0.6453552,0.35424805,-0.42340088000000003,-0.071262464,0.07469835,0.4940306,0.6453552,0.35424805,-0.42340088000000003,-0.071262464,0.07469835,0.4940306,0.7273864999999999,0.381073,-0.46762085000000003,-0.15041171,0.055230714,0.5532370999999999,0.69473267,0.5648804,-0.35992432,-0.12339055500000001,-0.110851295,0.48184133,0.68203735,0.768219,-0.31362915,-0.11402684,-0.31062973,0.44817758,0.6333618,0.5808715999999999,-0.20010376,-0.09434835600000001,-0.11539701000000001,0.35085428,0.5780334500000001,0.5430602999999999,-0.23989868,-0.046161443,-0.07677417,0.39530468,0.56707764,0.53118896,-0.31777954,-0.042355433000000005,-0.06605052,0.4765413,0.6430054,0.5175171,-0.39785767,-0.13053697,-0.066173516,0.5361809,0.6430054,0.5175171,-0.39785767,-0.13053697,-0.066173516,0.5361809,0.6430054,0.5175171,-0.39785767,-0.13053697,-0.066173516,0.5361809,检查1#变、2变、开闭所有进线、出线地刀在拉开位置。
0.59106445,0.39318848,-0.30792236,-0.05679656600000001,0.04378002,0.40204465,0.59817505,0.23687744,-0.28851318,-0.062009588000000004,0.18757421,0.35493585,0.59817505,0.23687744,-0.28851318,-0.062009588000000004,0.18757421,0.35493585,0.60601807,0.2171936,-0.31314087,-0.068504825,0.17559528,0.32914007,0.6037903,0.21594238000000002,-0.28463745,-0.06820467,0.17359075000000002,0.29552442,0.60839844,0.38214109999999996,-0.38494873,-0.07519369000000001,-0.00648167,0.38335127,0.56692505,0.36416626,-0.40893555,-0.029849872000000003,0.014111899,0.41012827,0.51052856,0.30264282,-0.40039063,0.027755082,0.08242453,0.40924603,0.6453552,0.35424805,-0.42340088000000003,-0.071262464,0.07469835,0.4940306,0.6453552,0.35424805,-0.42340088000000003,-0.071262464,0.07469835,0.4940306,0.7273864999999999,0.381073,-0.46762085000000003,-0.15041171,0.055230714,0.5532370999999999,0.69473267,0.5648804,-0.35992432,-0.12339055500000001,-0.110851295,0.48184133,0.68203735,0.768219,-0.31362915,-0.11402684,-0.31062973,0.44817758,0.6333618,0.5808715999999999,-0.20010376,-0.09434835600000001,-0.11539701000000001,0.35085428,0.5780334500000001,0.5430602999999999,-0.23989868,-0.046161443,-0.07677417,0.39530468,0.56707764,0.53118896,-0.31777954,-0.042355433000000005,-0.06605052,0.4765413,0.6430054,0.5175171,-0.39785767,-0.13053697,-0.066173516,0.5361809,0.6430054,0.5175171,-0.39785767,-0.13053697,-0.066173516,0.5361809,0.6430054,0.5175171,-0.39785767,-0.13053697,-0.066173516,0.5361809,0.63882446,0.6984863,-0.2434082,-0.11114523,-0.27340007,0.3252159,检查1#变、2变、开闭所有进线、出线地刀在拉开位置。
0.59817505,0.23687744,-0.28851318,-0.062009588000000004,0.18757421,0.35493585,0.59817505,0.23687744,-0.28851318,-0.062009588000000004,0.18757421,0.35493585,0.60601807,0.2171936,-0.31314087,-0.068504825,0.17559528,0.32914007,0.6037903,0.21594238000000002,-0.28463745,-0.06820467,0.17359075000000002,0.29552442,0.60839844,0.38214109999999996,-0.38494873,-0.07519369000000001,-0.00648167,0.38335127,0.56692505,0.36416626,-0.40893555,-0.029849872000000003,0.014111899,0.41012827,0.51052856,0.30264282,-0.40039063,0.027755082,0.08242453,0.40924603,0.6453552,0.35424805,-0.42340088000000003,-0.071262464,0.07469835,0.4940306,0.6453552,0.35424805,-0.42340088000000003,-0.071262464,0.07469835,0.4940306,0.7273864999999999,0.381073,-0.46762085000000003,-0.15041171,0.055230714,0.5532370999999999,0.69473267,0.5648804,-0.35992432,-0.12339055500000001,-0.110851295,0.48184133,0.68203735,0.768219,-0.31362915,-0.11402684,-0.31062973,0.44817758,0.6333618,0.5808715999999999,-0.20010376,-0.09434835600000001,-0.11539701000000001,0.35085428,0.5780334500000001,0.5430602999999999,-0.23989868,-0.046161443,-0.07677417,0.39530468,0.56707764,0.53118896,-0.31777954,-0.042355433000000005,-0.06605052,0.4765413,0.6430054,0.5175171,-0.39785767,-0.13053697,-0.066173516,0.5361809,0.6430054,0.5175171,-0.39785767,-0.13053697,-0.066173516,0.5361809,0.6430054,0.5175171,-0.39785767,-0.13053697,-0.066173516,0.5361809,0.63882446,0.6984863,-0.2434082,-0.11114523,-0.27340007,0.3252159,0.63882446,0.6984863,-0.2434082,-0.11114523,-0.27340007,0.3252159,检查1#变、2变、开闭所有进线、出线地刀在拉开位置。
0.59817505,0.23687744,-0.28851318,-0.062009588000000004,0.18757421,0.35493585,0.60601807,0.2171936,-0.31314087,-0.068504825,0.17559528,0.32914007,0.6037903,0.21594238000000002,-0.28463745,-0.06820467,0.17359075000000002,0.29552442,0.60839844,0.38214109999999996,-0.38494873,-0.07519369000000001,-0.00648167,0.38335127,0.56692505,0.36416626,-0.40893555,-0.029849872000000003,0.014111899,0.41012827,0.51052856,0.30264282,-0.40039063,0.027755082,0.08242453,0.40924603,0.6453552,0.35424805,-0.42340088000000003,-0.071262464,0.07469835,0.4940306,0.6453552,0.35424805,-0.42340088000000003,-0.071262464,0.07469835,0.4940306,0.7273864999999999,0.381073,-0.46762085000000003,-0.15041171,0.055230714,0.5532370999999999,0.69473267,0.5648804,-0.35992432,-0.12339055500000001,-0.110851295,0.48184133,0.68203735,0.768219,-0.31362915,-0.11402684,-0.31062973,0.44817758,0.6333618,0.5808715999999999,-0.20010376,-0.09434835600000001,-0.11539701000000001,0.35085428,0.5780334500000001,0.5430602999999999,-0.23989868,-0.046161443,-0.07677417,0.39530468,0.56707764,0.53118896,-0.31777954,-0.042355433000000005,-0.06605052,0.4765413,0.6430054,0.5175171,-0.39785767,-0.13053697,-0.066173516,0.5361809,0.6430054,0.5175171,-0.39785767,-0.13053697,-0.066173516,0.5361809,0.6430054,0.5175171,-0.39785767,-0.13053697,-0.066173516,0.5361809,0.63882446,0.6984863,-0.2434082,-0.11114523,-0.27340007,0.3252159,0.63882446,0.6984863,-0.2434082,-0.11114523,-0.27340007,0.3252159,0.6187439,0.83032227,-0.3104248,-0.055892617000000006,-0.4538947,0.30952567000000003,检查1#变、2变、开闭所有进线、出线地刀在拉开位置。
0.60601807,0.2171936,-0.31314087,-0.068504825,0.17559528,0.32914007,0.6037903,0.21594238000000002,-0.28463745,-0.06820467,0.17359075000000002,0.29552442,0.60839844,0.38214109999999996,-0.38494873,-0.07519369000000001,-0.00648167,0.38335127,0.56692505,0.36416626,-0.40893555,-0.029849872000000003,0.014111899,0.41012827,0.51052856,0.30264282,-0.40039063,0.027755082,0.08242453,0.40924603,0.6453552,0.35424805,-0.42340088000000003,-0.071262464,0.07469835,0.4940306,0.6453552,0.35424805,-0.42340088000000003,-0.071262464,0.07469835,0.4940306,0.7273864999999999,0.381073,-0.46762085000000003,-0.15041171,0.055230714,0.5532370999999999,0.69473267,0.5648804,-0.35992432,-0.12339055500000001,-0.110851295,0.48184133,0.68203735,0.768219,-0.31362915,-0.11402684,-0.31062973,0.44817758,0.6333618,0.5808715999999999,-0.20010376,-0.09434835600000001,-0.11539701000000001,0.35085428,0.5780334500000001,0.5430602999999999,-0.23989868,-0.046161443,-0.07677417,0.39530468,0.56707764,0.53118896,-0.31777954,-0.042355433000000005,-0.06605052,0.4765413,0.6430054,0.5175171,-0.39785767,-0.13053697,-0.066173516,0.5361809,0.6430054,0.5175171,-0.39785767,-0.13053697,-0.066173516,0.5361809,0.6430054,0.5175171,-0.39785767,-0.13053697,-0.066173516,0.5361809,0.63882446,0.6984863,-0.2434082,-0.11114523,-0.27340007,0.3252159,0.63882446,0.6984863,-0.2434082,-0.11114523,-0.27340007,0.3252159,0.6187439,0.83032227,-0.3104248,-0.055892617000000006,-0.4538947,0.30952567000000003,0.6062622,0.72998047,-0.35656738,-0.03732398,-0.3643875,0.33815396000000003,检查1#变、2变、开闭所有进线、出线地刀在拉开位置。
0.6037903,0.21594238000000002,-0.28463745,-0.06820467,0.17359075000000002,0.29552442,0.60839844,0.38214109999999996,-0.38494873,-0.07519369000000001,-0.00648167,0.38335127,0.56692505,0.36416626,-0.40893555,-0.029849872000000003,0.014111899,0.41012827,0.51052856,0.30264282,-0.40039063,0.027755082,0.08242453,0.40924603,0.6453552,0.35424805,-0.42340088000000003,-0.071262464,0.07469835,0.4940306,0.6453552,0.35424805,-0.42340088000000003,-0.071262464,0.07469835,0.4940306,0.7273864999999999,0.381073,-0.46762085000000003,-0.15041171,0.055230714,0.5532370999999999,0.69473267,0.5648804,-0.35992432,-0.12339055500000001,-0.110851295,0.48184133,0.68203735,0.768219,-0.31362915,-0.11402684,-0.31062973,0.44817758,0.6333618,0.5808715999999999,-0.20010376,-0.09434835600000001,-0.11539701000000001,0.35085428,0.5780334500000001,0.5430602999999999,-0.23989868,-0.046161443,-0.07677417,0.39530468,0.56707764,0.53118896,-0.31777954,-0.042355433000000005,-0.06605052,0.4765413,0.6430054,0.5175171,-0.39785767,-0.13053697,-0.066173516,0.5361809,0.6430054,0.5175171,-0.39785767,-0.13053697,-0.066173516,0.5361809,0.6430054,0.5175171,-0.39785767,-0.13053697,-0.066173516,0.5361809,0.63882446,0.6984863,-0.2434082,-0.11114523,-0.27340007,0.3252159,0.63882446,0.6984863,-0.2434082,-0.11114523,-0.27340007,0.3252159,0.6187439,0.83032227,-0.3104248,-0.055892617000000006,-0.4538947,0.30952567000000003,0.6062622,0.72998047,-0.35656738,-0.03732398,-0.3643875,0.33815396000000003,0.5800476,0.49200439999999995,-0.2758484,0.010280848,-0.16831264,0.19348025,检查1#变、2变、开闭所有进线、出线地刀在拉开位置。
0.60839844,0.38214109999999996,-0.38494873,-0.07519369000000001,-0.00648167,0.38335127,0.56692505,0.36416626,-0.40893555,-0.029849872000000003,0.014111899,0.41012827,0.51052856,0.30264282,-0.40039063,0.027755082,0.08242453,0.40924603,0.6453552,0.35424805,-0.42340088000000003,-0.071262464,0.07469835,0.4940306,0.6453552,0.35424805,-0.42340088000000003,-0.071262464,0.07469835,0.4940306,0.7273864999999999,0.381073,-0.46762085000000003,-0.15041171,0.055230714,0.5532370999999999,0.69473267,0.5648804,-0.35992432,-0.12339055500000001,-0.110851295,0.48184133,0.68203735,0.768219,-0.31362915,-0.11402684,-0.31062973,0.44817758,0.6333618,0.5808715999999999,-0.20010376,-0.09434835600000001,-0.11539701000000001,0.35085428,0.5780334500000001,0.5430602999999999,-0.23989868,-0.046161443,-0.07677417,0.39530468,0.56707764,0.53118896,-0.31777954,-0.042355433000000005,-0.06605052,0.4765413,0.6430054,0.5175171,-0.39785767,-0.13053697,-0.066173516,0.5361809,0.6430054,0.5175171,-0.39785767,-0.13053697,-0.066173516,0.5361809,0.6430054,0.5175171,-0.39785767,-0.13053697,-0.066173516,0.5361809,0.63882446,0.6984863,-0.2434082,-0.11114523,-0.27340007,0.3252159,0.63882446,0.6984863,-0.2434082,-0.11114523,-0.27340007,0.3252159,0.6187439,0.83032227,-0.3104248,-0.055892617000000006,-0.4538947,0.30952567000000003,0.6062622,0.72998047,-0.35656738,-0.03732398,-0.3643875,0.33815396000000003,0.5800476,0.49200439999999995,-0.2758484,0.010280848,-0.16831264,0.19348025,0.6334839,0.23852539,-0.3454895,-0.037544116,0.06589069,0.23780364,检查1#变、2变、开闭所有进线、出线地刀在拉开位置。
0.56692505,0.36416626,-0.40893555,-0.029849872000000003,0.014111899,0.41012827,0.51052856,0.30264282,-0.40039063,0.027755082,0.08242453,0.40924603,0.6453552,0.35424805,-0.42340088000000003,-0.071262464,0.07469835,0.4940306,0.6453552,0.35424805,-0.42340088000000003,-0.071262464,0.07469835,0.4940306,0.7273864999999999,0.381073,-0.46762085000000003,-0.15041171,0.055230714,0.5532370999999999,0.69473267,0.5648804,-0.35992432,-0.12339055500000001,-0.110851295,0.48184133,0.68203735,0.768219,-0.31362915,-0.11402684,-0.31062973,0.44817758,0.6333618,0.5808715999999999,-0.20010376,-0.09434835600000001,-0.11539701000000001,0.35085428,0.5780334500000001,0.5430602999999999,-0.23989868,-0.046161443,-0.07677417,0.39530468,0.56707764,0.53118896,-0.31777954,-0.042355433000000005,-0.06605052,0.4765413,0.6430054,0.5175171,-0.39785767,-0.13053697,-0.066173516,0.5361809,0.6430054,0.5175171,-0.39785767,-0.13053697,-0.066173516,0.5361809,0.6430054,0.5175171,-0.39785767,-0.13053697,-0.066173516,0.5361809,0.63882446,0.6984863,-0.2434082,-0.11114523,-0.27340007,0.3252159,0.63882446,0.6984863,-0.2434082,-0.11114523,-0.27340007,0.3252159,0.6187439,0.83032227,-0.3104248,-0.055892617000000006,-0.4538947,0.30952567000000003,0.6062622,0.72998047,-0.35656738,-0.03732398,-0.3643875,0.33815396000000003,0.5800476,0.49200439999999995,-0.2758484,0.010280848,-0.16831264,0.19348025,0.6334839,0.23852539,-0.3454895,-0.037544116,0.06589069,0.23780364,0.6334839,0.23852539,-0.3454895,-0.037544116,0.06589069,0.23780364,检查1#变、2变、开闭所有进线、出线地刀在拉开位置。
0.51052856,0.30264282,-0.40039063,0.027755082,0.08242453,0.40924603,0.6453552,0.35424805,-0.42340088000000003,-0.071262464,0.07469835,0.4940306,0.6453552,0.35424805,-0.42340088000000003,-0.071262464,0.07469835,0.4940306,0.7273864999999999,0.381073,-0.46762085000000003,-0.15041171,0.055230714,0.5532370999999999,0.69473267,0.5648804,-0.35992432,-0.12339055500000001,-0.110851295,0.48184133,0.68203735,0.768219,-0.31362915,-0.11402684,-0.31062973,0.44817758,0.6333618,0.5808715999999999,-0.20010376,-0.09434835600000001,-0.11539701000000001,0.35085428,0.5780334500000001,0.5430602999999999,-0.23989868,-0.046161443,-0.07677417,0.39530468,0.56707764,0.53118896,-0.31777954,-0.042355433000000005,-0.06605052,0.4765413,0.6430054,0.5175171,-0.39785767,-0.13053697,-0.066173516,0.5361809,0.6430054,0.5175171,-0.39785767,-0.13053697,-0.066173516,0.5361809,0.6430054,0.5175171,-0.39785767,-0.13053697,-0.066173516,0.5361809,0.63882446,0.6984863,-0.2434082,-0.11114523,-0.27340007,0.3252159,0.63882446,0.6984863,-0.2434082,-0.11114523,-0.27340007,0.3252159,0.6187439,0.83032227,-0.3104248,-0.055892617000000006,-0.4538947,0.30952567000000003,0.6062622,0.72998047,-0.35656738,-0.03732398,-0.3643875,0.33815396000000003,0.5800476,0.49200439999999995,-0.2758484,0.010280848,-0.16831264,0.19348025,0.6334839,0.23852539,-0.3454895,-0.037544116,0.06589069,0.23780364,0.6334839,0.23852539,-0.3454895,-0.037544116,0.06589069,0.23780364,0.53863525,0.21380615,-0.39761353,0.055850387,0.09330229,0.29400426,检查1#变、2变、开闭所有进线、出线地刀在拉开位置。
0.6453552,0.35424805,-0.42340088000000003,-0.071262464,0.07469835,0.4940306,0.6453552,0.35424805,-0.42340088000000003,-0.071262464,0.07469835,0.4940306,0.7273864999999999,0.381073,-0.46762085000000003,-0.15041171,0.055230714,0.5532370999999999,0.69473267,0.5648804,-0.35992432,-0.12339055500000001,-0.110851295,0.48184133,0.68203735,0.768219,-0.31362915,-0.11402684,-0.31062973,0.44817758,0.6333618,0.5808715999999999,-0.20010376,-0.09434835600000001,-0.11539701000000001,0.35085428,0.5780334500000001,0.5430602999999999,-0.23989868,-0.046161443,-0.07677417,0.39530468,0.56707764,0.53118896,-0.31777954,-0.042355433000000005,-0.06605052,0.4765413,0.6430054,0.5175171,-0.39785767,-0.13053697,-0.066173516,0.5361809,0.6430054,0.5175171,-0.39785767,-0.13053697,-0.066173516,0.5361809,0.6430054,0.5175171,-0.39785767,-0.13053697,-0.066173516,0.5361809,0.63882446,0.6984863,-0.2434082,-0.11114523,-0.27340007,0.3252159,0.63882446,0.6984863,-0.2434082,-0.11114523,-0.27340007,0.3252159,0.6187439,0.83032227,-0.3104248,-0.055892617000000006,-0.4538947,0.30952567000000003,0.6062622,0.72998047,-0.35656738,-0.03732398,-0.3643875,0.33815396000000003,0.5800476,0.49200439999999995,-0.2758484,0.010280848,-0.16831264,0.19348025,0.6334839,0.23852539,-0.3454895,-0.037544116,0.06589069,0.23780364,0.6334839,0.23852539,-0.3454895,-0.037544116,0.06589069,0.23780364,0.53863525,0.21380615,-0.39761353,0.055850387,0.09330229,0.29400426,0.5043335,0.26132202,-0.30206299999999997,0.086653456,0.048339672,0.20035908,检查1#变、2变、开闭所有进线、出线地刀在拉开位置。
0.6453552,0.35424805,-0.42340088000000003,-0.071262464,0.07469835,0.4940306,0.7273864999999999,0.381073,-0.46762085000000003,-0.15041171,0.055230714,0.5532370999999999,0.69473267,0.5648804,-0.35992432,-0.12339055500000001,-0.110851295,0.48184133,0.68203735,0.768219,-0.31362915,-0.11402684,-0.31062973,0.44817758,0.6333618,0.5808715999999999,-0.20010376,-0.09434835600000001,-0.11539701000000001,0.35085428,0.5780334500000001,0.5430602999999999,-0.23989868,-0.046161443,-0.07677417,0.39530468,0.56707764,0.53118896,-0.31777954,-0.042355433000000005,-0.06605052,0.4765413,0.6430054,0.5175171,-0.39785767,-0.13053697,-0.066173516,0.5361809,0.6430054,0.5175171,-0.39785767,-0.13053697,-0.066173516,0.5361809,0.6430054,0.5175171,-0.39785767,-0.13053697,-0.066173516,0.5361809,0.63882446,0.6984863,-0.2434082,-0.11114523,-0.27340007,0.3252159,0.63882446,0.6984863,-0.2434082,-0.11114523,-0.27340007,0.3252159,0.6187439,0.83032227,-0.3104248,-0.055892617000000006,-0.4538947,0.30952567000000003,0.6062622,0.72998047,-0.35656738,-0.03732398,-0.3643875,0.33815396000000003,0.5800476,0.49200439999999995,-0.2758484,0.010280848,-0.16831264,0.19348025,0.6334839,0.23852539,-0.3454895,-0.037544116,0.06589069,0.23780364,0.6334839,0.23852539,-0.3454895,-0.037544116,0.06589069,0.23780364,0.53863525,0.21380615,-0.39761353,0.055850387,0.09330229,0.29400426,0.5043335,0.26132202,-0.30206299999999997,0.086653456,0.048339672,0.20035908,0.524292,0.19641113000000002,-0.31561279999999997,0.068345055,0.113968916,0.21361628,检查1#变、2变、开闭所有进线、出线地刀在拉开位置。
0.7273864999999999,0.381073,-0.46762085000000003,-0.15041171,0.055230714,0.5532370999999999,0.69473267,0.5648804,-0.35992432,-0.12339055500000001,-0.110851295,0.48184133,0.68203735,0.768219,-0.31362915,-0.11402684,-0.31062973,0.44817758,0.6333618,0.5808715999999999,-0.20010376,-0.09434835600000001,-0.11539701000000001,0.35085428,0.5780334500000001,0.5430602999999999,-0.23989868,-0.046161443,-0.07677417,0.39530468,0.56707764,0.53118896,-0.31777954,-0.042355433000000005,-0.06605052,0.4765413,0.6430054,0.5175171,-0.39785767,-0.13053697,-0.066173516,0.5361809,0.6430054,0.5175171,-0.39785767,-0.13053697,-0.066173516,0.5361809,0.6430054,0.5175171,-0.39785767,-0.13053697,-0.066173516,0.5361809,0.63882446,0.6984863,-0.2434082,-0.11114523,-0.27340007,0.3252159,0.63882446,0.6984863,-0.2434082,-0.11114523,-0.27340007,0.3252159,0.6187439,0.83032227,-0.3104248,-0.055892617000000006,-0.4538947,0.30952567000000003,0.6062622,0.72998047,-0.35656738,-0.03732398,-0.3643875,0.33815396000000003,0.5800476,0.49200439999999995,-0.2758484,0.010280848,-0.16831264,0.19348025,0.6334839,0.23852539,-0.3454895,-0.037544116,0.06589069,0.23780364,0.6334839,0.23852539,-0.3454895,-0.037544116,0.06589069,0.23780364,0.53863525,0.21380615,-0.39761353,0.055850387,0.09330229,0.29400426,0.5043335,0.26132202,-0.30206299999999997,0.086653456,0.048339672,0.20035908,0.524292,0.19641113000000002,-0.31561279999999997,0.068345055,0.113968916,0.21361628,0.57681274,0.961853,-0.5188904,0.023265138,-0.5992919,0.49911502,检查1#变、2变、开闭所有进线、出线地刀在拉开位置。
0.69473267,0.5648804,-0.35992432,-0.12339055500000001,-0.110851295,0.48184133,0.68203735,0.768219,-0.31362915,-0.11402684,-0.31062973,0.44817758,0.6333618,0.5808715999999999,-0.20010376,-0.09434835600000001,-0.11539701000000001,0.35085428,0.5780334500000001,0.5430602999999999,-0.23989868,-0.046161443,-0.07677417,0.39530468,0.56707764,0.53118896,-0.31777954,-0.042355433000000005,-0.06605052,0.4765413,0.6430054,0.5175171,-0.39785767,-0.13053697,-0.066173516,0.5361809,0.6430054,0.5175171,-0.39785767,-0.13053697,-0.066173516,0.5361809,0.6430054,0.5175171,-0.39785767,-0.13053697,-0.066173516,0.5361809,0.63882446,0.6984863,-0.2434082,-0.11114523,-0.27340007,0.3252159,0.63882446,0.6984863,-0.2434082,-0.11114523,-0.27340007,0.3252159,0.6187439,0.83032227,-0.3104248,-0.055892617000000006,-0.4538947,0.30952567000000003,0.6062622,0.72998047,-0.35656738,-0.03732398,-0.3643875,0.33815396000000003,0.5800476,0.49200439999999995,-0.2758484,0.010280848,-0.16831264,0.19348025,0.6334839,0.23852539,-0.3454895,-0.037544116,0.06589069,0.23780364,0.6334839,0.23852539,-0.3454895,-0.037544116,0.06589069,0.23780364,0.53863525,0.21380615,-0.39761353,0.055850387,0.09330229,0.29400426,0.5043335,0.26132202,-0.30206299999999997,0.086653456,0.048339672,0.20035908,0.524292,0.19641113000000002,-0.31561279999999997,0.068345055,0.113968916,0.21361628,0.57681274,0.961853,-0.5188904,0.023265138,-0.5992919,0.49911502,0.57681274,0.961853,-0.5188904,0.023265138,-0.5992919,0.49911502,检查1#变、2变、开闭所有进线、出线地刀在拉开位置。
0.68203735,0.768219,-0.31362915,-0.11402684,-0.31062973,0.44817758,0.6333618,0.5808715999999999,-0.20010376,-0.09434835600000001,-0.11539701000000001,0.35085428,0.5780334500000001,0.5430602999999999,-0.23989868,-0.046161443,-0.07677417,0.39530468,0.56707764,0.53118896,-0.31777954,-0.042355433000000005,-0.06605052,0.4765413,0.6430054,0.5175171,-0.39785767,-0.13053697,-0.066173516,0.5361809,0.6430054,0.5175171,-0.39785767,-0.13053697,-0.066173516,0.5361809,0.6430054,0.5175171,-0.39785767,-0.13053697,-0.066173516,0.5361809,0.63882446,0.6984863,-0.2434082,-0.11114523,-0.27340007,0.3252159,0.63882446,0.6984863,-0.2434082,-0.11114523,-0.27340007,0.3252159,0.6187439,0.83032227,-0.3104248,-0.055892617000000006,-0.4538947,0.30952567000000003,0.6062622,0.72998047,-0.35656738,-0.03732398,-0.3643875,0.33815396000000003,0.5800476,0.49200439999999995,-0.2758484,0.010280848,-0.16831264,0.19348025,0.6334839,0.23852539,-0.3454895,-0.037544116,0.06589069,0.23780364,0.6334839,0.23852539,-0.3454895,-0.037544116,0.06589069,0.23780364,0.53863525,0.21380615,-0.39761353,0.055850387,0.09330229,0.29400426,0.5043335,0.26132202,-0.30206299999999997,0.086653456,0.048339672,0.20035908,0.524292,0.19641113000000002,-0.31561279999999997,0.068345055,0.113968916,0.21361628,0.57681274,0.961853,-0.5188904,0.023265138,-0.5992919,0.49911502,0.57681274,0.961853,-0.5188904,0.023265138,-0.5992919,0.49911502,0.64611816,0.18423462000000002,-0.48175049999999997,-0.012498811,0.19241855,0.45918837,检查1#变、2变、开闭所有进线、出线地刀在拉开位置。
0.6333618,0.5808715999999999,-0.20010376,-0.09434835600000001,-0.11539701000000001,0.35085428,0.5780334500000001,0.5430602999999999,-0.23989868,-0.046161443,-0.07677417,0.39530468,0.56707764,0.53118896,-0.31777954,-0.042355433000000005,-0.06605052,0.4765413,0.6430054,0.5175171,-0.39785767,-0.13053697,-0.066173516,0.5361809,0.6430054,0.5175171,-0.39785767,-0.13053697,-0.066173516,0.5361809,0.6430054,0.5175171,-0.39785767,-0.13053697,-0.066173516,0.5361809,0.63882446,0.6984863,-0.2434082,-0.11114523,-0.27340007,0.3252159,0.63882446,0.6984863,-0.2434082,-0.11114523,-0.27340007,0.3252159,0.6187439,0.83032227,-0.3104248,-0.055892617000000006,-0.4538947,0.30952567000000003,0.6062622,0.72998047,-0.35656738,-0.03732398,-0.3643875,0.33815396000000003,0.5800476,0.49200439999999995,-0.2758484,0.010280848,-0.16831264,0.19348025,0.6334839,0.23852539,-0.3454895,-0.037544116,0.06589069,0.23780364,0.6334839,0.23852539,-0.3454895,-0.037544116,0.06589069,0.23780364,0.53863525,0.21380615,-0.39761353,0.055850387,0.09330229,0.29400426,0.5043335,0.26132202,-0.30206299999999997,0.086653456,0.048339672,0.20035908,0.524292,0.19641113000000002,-0.31561279999999997,0.068345055,0.113968916,0.21361628,0.57681274,0.961853,-0.5188904,0.023265138,-0.5992919,0.49911502,0.57681274,0.961853,-0.5188904,0.023265138,-0.5992919,0.49911502,0.64611816,0.18423462000000002,-0.48175049999999997,-0.012498811,0.19241855,0.45918837,0.7253113,-0.035949707000000004,-0.41784668,-0.0841628,0.4122597,0.38797712,检查1#变、2变、开闭所有进线、出线地刀在拉开位置。
0.5780334500000001,0.5430602999999999,-0.23989868,-0.046161443,-0.07677417,0.39530468,0.56707764,0.53118896,-0.31777954,-0.042355433000000005,-0.06605052,0.4765413,0.6430054,0.5175171,-0.39785767,-0.13053697,-0.066173516,0.5361809,0.6430054,0.5175171,-0.39785767,-0.13053697,-0.066173516,0.5361809,0.6430054,0.5175171,-0.39785767,-0.13053697,-0.066173516,0.5361809,0.63882446,0.6984863,-0.2434082,-0.11114523,-0.27340007,0.3252159,0.63882446,0.6984863,-0.2434082,-0.11114523,-0.27340007,0.3252159,0.6187439,0.83032227,-0.3104248,-0.055892617000000006,-0.4538947,0.30952567000000003,0.6062622,0.72998047,-0.35656738,-0.03732398,-0.3643875,0.33815396000000003,0.5800476,0.49200439999999995,-0.2758484,0.010280848,-0.16831264,0.19348025,0.6334839,0.23852539,-0.3454895,-0.037544116,0.06589069,0.23780364,0.6334839,0.23852539,-0.3454895,-0.037544116,0.06589069,0.23780364,0.53863525,0.21380615,-0.39761353,0.055850387,0.09330229,0.29400426,0.5043335,0.26132202,-0.30206299999999997,0.086653456,0.048339672,0.20035908,0.524292,0.19641113000000002,-0.31561279999999997,0.068345055,0.113968916,0.21361628,0.57681274,0.961853,-0.5188904,0.023265138,-0.5992919,0.49911502,0.57681274,0.961853,-0.5188904,0.023265138,-0.5992919,0.49911502,0.64611816,0.18423462000000002,-0.48175049999999997,-0.012498811,0.19241855,0.45918837,0.7253113,-0.035949707000000004,-0.41784668,-0.0841628,0.4122597,0.38797712,0.77575684,0.08120727500000001,-0.41818237,-0.13566989999999998,0.29438308,0.38993213,检查1#变、2变、开闭所有进线、出线地刀在拉开位置。
0.56707764,0.53118896,-0.31777954,-0.042355433000000005,-0.06605052,0.4765413,0.6430054,0.5175171,-0.39785767,-0.13053697,-0.066173516,0.5361809,0.6430054,0.5175171,-0.39785767,-0.13053697,-0.066173516,0.5361809,0.6430054,0.5175171,-0.39785767,-0.13053697,-0.066173516,0.5361809,0.63882446,0.6984863,-0.2434082,-0.11114523,-0.27340007,0.3252159,0.63882446,0.6984863,-0.2434082,-0.11114523,-0.27340007,0.3252159,0.6187439,0.83032227,-0.3104248,-0.055892617000000006,-0.4538947,0.30952567000000003,0.6062622,0.72998047,-0.35656738,-0.03732398,-0.3643875,0.33815396000000003,0.5800476,0.49200439999999995,-0.2758484,0.010280848,-0.16831264,0.19348025,0.6334839,0.23852539,-0.3454895,-0.037544116,0.06589069,0.23780364,0.6334839,0.23852539,-0.3454895,-0.037544116,0.06589069,0.23780364,0.53863525,0.21380615,-0.39761353,0.055850387,0.09330229,0.29400426,0.5043335,0.26132202,-0.30206299999999997,0.086653456,0.048339672,0.20035908,0.524292,0.19641113000000002,-0.31561279999999997,0.068345055,0.113968916,0.21361628,0.57681274,0.961853,-0.5188904,0.023265138,-0.5992919,0.49911502,0.57681274,0.961853,-0.5188904,0.023265138,-0.5992919,0.49911502,0.64611816,0.18423462000000002,-0.48175049999999997,-0.012498811,0.19241855,0.45918837,0.7253113,-0.035949707000000004,-0.41784668,-0.0841628,0.4122597,0.38797712,0.77575684,0.08120727500000001,-0.41818237,-0.13566989999999998,0.29438308,0.38993213,0.73464966,0.29556274,-0.31607056,-0.11545974,0.08188102400000001,0.29418504,检查1#变、2变、开闭所有进线、出线地刀在拉开位置。
0.6430054,0.5175171,-0.39785767,-0.13053697,-0.066173516,0.5361809,0.6430054,0.5175171,-0.39785767,-0.13053697,-0.066173516,0.5361809,0.6430054,0.5175171,-0.39785767,-0.13053697,-0.066173516,0.5361809,0.63882446,0.6984863,-0.2434082,-0.11114523,-0.27340007,0.3252159,0.63882446,0.6984863,-0.2434082,-0.11114523,-0.27340007,0.3252159,0.6187439,0.83032227,-0.3104248,-0.055892617000000006,-0.4538947,0.30952567000000003,0.6062622,0.72998047,-0.35656738,-0.03732398,-0.3643875,0.33815396000000003,0.5800476,0.49200439999999995,-0.2758484,0.010280848,-0.16831264,0.19348025,0.6334839,0.23852539,-0.3454895,-0.037544116,0.06589069,0.23780364,0.6334839,0.23852539,-0.3454895,-0.037544116,0.06589069,0.23780364,0.53863525,0.21380615,-0.39761353,0.055850387,0.09330229,0.29400426,0.5043335,0.26132202,-0.30206299999999997,0.086653456,0.048339672,0.20035908,0.524292,0.19641113000000002,-0.31561279999999997,0.068345055,0.113968916,0.21361628,0.57681274,0.961853,-0.5188904,0.023265138,-0.5992919,0.49911502,0.57681274,0.961853,-0.5188904,0.023265138,-0.5992919,0.49911502,0.64611816,0.18423462000000002,-0.48175049999999997,-0.012498811,0.19241855,0.45918837,0.7253113,-0.035949707000000004,-0.41784668,-0.0841628,0.4122597,0.38797712,0.77575684,0.08120727500000001,-0.41818237,-0.13566989999999998,0.29438308,0.38993213,0.73464966,0.29556274,-0.31607056,-0.11545974,0.08188102400000001,0.29418504,0.70196533,0.36193848,-0.28173828,-0.10073662500000001,0.010964267000000001,0.2568367,检查1#变、2变、开闭所有进线、出线地刀在拉开位置。
0.6430054,0.5175171,-0.39785767,-0.13053697,-0.066173516,0.5361809,0.6430054,0.5175171,-0.39785767,-0.13053697,-0.066173516,0.5361809,0.63882446,0.6984863,-0.2434082,-0.11114523,-0.27340007,0.3252159,0.63882446,0.6984863,-0.2434082,-0.11114523,-0.27340007,0.3252159,0.6187439,0.83032227,-0.3104248,-0.055892617000000006,-0.4538947,0.30952567000000003,0.6062622,0.72998047,-0.35656738,-0.03732398,-0.3643875,0.33815396000000003,0.5800476,0.49200439999999995,-0.2758484,0.010280848,-0.16831264,0.19348025,0.6334839,0.23852539,-0.3454895,-0.037544116,0.06589069,0.23780364,0.6334839,0.23852539,-0.3454895,-0.037544116,0.06589069,0.23780364,0.53863525,0.21380615,-0.39761353,0.055850387,0.09330229,0.29400426,0.5043335,0.26132202,-0.30206299999999997,0.086653456,0.048339672,0.20035908,0.524292,0.19641113000000002,-0.31561279999999997,0.068345055,0.113968916,0.21361628,0.57681274,0.961853,-0.5188904,0.023265138,-0.5992919,0.49911502,0.57681274,0.961853,-0.5188904,0.023265138,-0.5992919,0.49911502,0.64611816,0.18423462000000002,-0.48175049999999997,-0.012498811,0.19241855,0.45918837,0.7253113,-0.035949707000000004,-0.41784668,-0.0841628,0.4122597,0.38797712,0.77575684,0.08120727500000001,-0.41818237,-0.13566989999999998,0.29438308,0.38993213,0.73464966,0.29556274,-0.31607056,-0.11545974,0.08188102400000001,0.29418504,0.70196533,0.36193848,-0.28173828,-0.10073662500000001,0.010964267000000001,0.2568367,0.665802,0.31481934,-0.34326172,-0.07651746,0.054667316,0.31667146,检查1#变、2变、开闭所有进线、出线地刀在拉开位置。
0.6430054,0.5175171,-0.39785767,-0.13053697,-0.066173516,0.5361809,0.63882446,0.6984863,-0.2434082,-0.11114523,-0.27340007,0.3252159,0.63882446,0.6984863,-0.2434082,-0.11114523,-0.27340007,0.3252159,0.6187439,0.83032227,-0.3104248,-0.055892617000000006,-0.4538947,0.30952567000000003,0.6062622,0.72998047,-0.35656738,-0.03732398,-0.3643875,0.33815396000000003,0.5800476,0.49200439999999995,-0.2758484,0.010280848,-0.16831264,0.19348025,0.6334839,0.23852539,-0.3454895,-0.037544116,0.06589069,0.23780364,0.6334839,0.23852539,-0.3454895,-0.037544116,0.06589069,0.23780364,0.53863525,0.21380615,-0.39761353,0.055850387,0.09330229,0.29400426,0.5043335,0.26132202,-0.30206299999999997,0.086653456,0.048339672,0.20035908,0.524292,0.19641113000000002,-0.31561279999999997,0.068345055,0.113968916,0.21361628,0.57681274,0.961853,-0.5188904,0.023265138,-0.5992919,0.49911502,0.57681274,0.961853,-0.5188904,0.023265138,-0.5992919,0.49911502,0.64611816,0.18423462000000002,-0.48175049999999997,-0.012498811,0.19241855,0.45918837,0.7253113,-0.035949707000000004,-0.41784668,-0.0841628,0.4122597,0.38797712,0.77575684,0.08120727500000001,-0.41818237,-0.13566989999999998,0.29438308,0.38993213,0.73464966,0.29556274,-0.31607056,-0.11545974,0.08188102400000001,0.29418504,0.70196533,0.36193848,-0.28173828,-0.10073662500000001,0.010964267000000001,0.2568367,0.665802,0.31481934,-0.34326172,-0.07651746,0.054667316,0.31667146,0.36636353,-0.10623169,-0.42105103,0.14178638,0.4425497,0.36631539999999996,检查1#变、2变、开闭所有进线、出线地刀在拉开位置。
0.63882446,0.6984863,-0.2434082,-0.11114523,-0.27340007,0.3252159,0.63882446,0.6984863,-0.2434082,-0.11114523,-0.27340007,0.3252159,0.6187439,0.83032227,-0.3104248,-0.055892617000000006,-0.4538947,0.30952567000000003,0.6062622,0.72998047,-0.35656738,-0.03732398,-0.3643875,0.33815396000000003,0.5800476,0.49200439999999995,-0.2758484,0.010280848,-0.16831264,0.19348025,0.6334839,0.23852539,-0.3454895,-0.037544116,0.06589069,0.23780364,0.6334839,0.23852539,-0.3454895,-0.037544116,0.06589069,0.23780364,0.53863525,0.21380615,-0.39761353,0.055850387,0.09330229,0.29400426,0.5043335,0.26132202,-0.30206299999999997,0.086653456,0.048339672,0.20035908,0.524292,0.19641113000000002,-0.31561279999999997,0.068345055,0.113968916,0.21361628,0.57681274,0.961853,-0.5188904,0.023265138,-0.5992919,0.49911502,0.57681274,0.961853,-0.5188904,0.023265138,-0.5992919,0.49911502,0.64611816,0.18423462000000002,-0.48175049999999997,-0.012498811,0.19241855,0.45918837,0.7253113,-0.035949707000000004,-0.41784668,-0.0841628,0.4122597,0.38797712,0.77575684,0.08120727500000001,-0.41818237,-0.13566989999999998,0.29438308,0.38993213,0.73464966,0.29556274,-0.31607056,-0.11545974,0.08188102400000001,0.29418504,0.70196533,0.36193848,-0.28173828,-0.10073662500000001,0.010964267000000001,0.2568367,0.665802,0.31481934,-0.34326172,-0.07651746,0.054667316,0.31667146,0.36636353,-0.10623169,-0.42105103,0.14178638,0.4425497,0.36631539999999996,0.36636353,-0.10623169,-0.42105103,0.14178638,0.4425497,0.36631539999999996,检查1#变、2变、开闭所有进线、出线地刀在拉开位置。
0.63882446,0.6984863,-0.2434082,-0.11114523,-0.27340007,0.3252159,0.6187439,0.83032227,-0.3104248,-0.055892617000000006,-0.4538947,0.30952567000000003,0.6062622,0.72998047,-0.35656738,-0.03732398,-0.3643875,0.33815396000000003,0.5800476,0.49200439999999995,-0.2758484,0.010280848,-0.16831264,0.19348025,0.6334839,0.23852539,-0.3454895,-0.037544116,0.06589069,0.23780364,0.6334839,0.23852539,-0.3454895,-0.037544116,0.06589069,0.23780364,0.53863525,0.21380615,-0.39761353,0.055850387,0.09330229,0.29400426,0.5043335,0.26132202,-0.30206299999999997,0.086653456,0.048339672,0.20035908,0.524292,0.19641113000000002,-0.31561279999999997,0.068345055,0.113968916,0.21361628,0.57681274,0.961853,-0.5188904,0.023265138,-0.5992919,0.49911502,0.57681274,0.961853,-0.5188904,0.023265138,-0.5992919,0.49911502,0.64611816,0.18423462000000002,-0.48175049999999997,-0.012498811,0.19241855,0.45918837,0.7253113,-0.035949707000000004,-0.41784668,-0.0841628,0.4122597,0.38797712,0.77575684,0.08120727500000001,-0.41818237,-0.13566989999999998,0.29438308,0.38993213,0.73464966,0.29556274,-0.31607056,-0.11545974,0.08188102400000001,0.29418504,0.70196533,0.36193848,-0.28173828,-0.10073662500000001,0.010964267000000001,0.2568367,0.665802,0.31481934,-0.34326172,-0.07651746,0.054667316,0.31667146,0.36636353,-0.10623169,-0.42105103,0.14178638,0.4425497,0.36631539999999996,0.36636353,-0.10623169,-0.42105103,0.14178638,0.4425497,0.36631539999999996,0.19784546,0.06365967,-0.40551758,0.27057946,0.24818759999999998,0.33894098,检查1#变、2变、开闭所有进线、出线地刀在拉开位置。
0.6187439,0.83032227,-0.3104248,-0.055892617000000006,-0.4538947,0.30952567000000003,0.6062622,0.72998047,-0.35656738,-0.03732398,-0.3643875,0.33815396000000003,0.5800476,0.49200439999999995,-0.2758484,0.010280848,-0.16831264,0.19348025,0.6334839,0.23852539,-0.3454895,-0.037544116,0.06589069,0.23780364,0.6334839,0.23852539,-0.3454895,-0.037544116,0.06589069,0.23780364,0.53863525,0.21380615,-0.39761353,0.055850387,0.09330229,0.29400426,0.5043335,0.26132202,-0.30206299999999997,0.086653456,0.048339672,0.20035908,0.524292,0.19641113000000002,-0.31561279999999997,0.068345055,0.113968916,0.21361628,0.57681274,0.961853,-0.5188904,0.023265138,-0.5992919,0.49911502,0.57681274,0.961853,-0.5188904,0.023265138,-0.5992919,0.49911502,0.64611816,0.18423462000000002,-0.48175049999999997,-0.012498811,0.19241855,0.45918837,0.7253113,-0.035949707000000004,-0.41784668,-0.0841628,0.4122597,0.38797712,0.77575684,0.08120727500000001,-0.41818237,-0.13566989999999998,0.29438308,0.38993213,0.73464966,0.29556274,-0.31607056,-0.11545974,0.08188102400000001,0.29418504,0.70196533,0.36193848,-0.28173828,-0.10073662500000001,0.010964267000000001,0.2568367,0.665802,0.31481934,-0.34326172,-0.07651746,0.054667316,0.31667146,0.36636353,-0.10623169,-0.42105103,0.14178638,0.4425497,0.36631539999999996,0.36636353,-0.10623169,-0.42105103,0.14178638,0.4425497,0.36631539999999996,0.19784546,0.06365967,-0.40551758,0.27057946,0.24818759999999998,0.33894098,0.13546753,0.08837890600000001,-0.38980103,0.30956703,0.20906058,0.31642997,检查1#变、2变、开闭所有进线、出线地刀在拉开位置。
0.6062622,0.72998047,-0.35656738,-0.03732398,-0.3643875,0.33815396000000003,0.5800476,0.49200439999999995,-0.2758484,0.010280848,-0.16831264,0.19348025,0.6334839,0.23852539,-0.3454895,-0.037544116,0.06589069,0.23780364,0.6334839,0.23852539,-0.3454895,-0.037544116,0.06589069,0.23780364,0.53863525,0.21380615,-0.39761353,0.055850387,0.09330229,0.29400426,0.5043335,0.26132202,-0.30206299999999997,0.086653456,0.048339672,0.20035908,0.524292,0.19641113000000002,-0.31561279999999997,0.068345055,0.113968916,0.21361628,0.57681274,0.961853,-0.5188904,0.023265138,-0.5992919,0.49911502,0.57681274,0.961853,-0.5188904,0.023265138,-0.5992919,0.49911502,0.64611816,0.18423462000000002,-0.48175049999999997,-0.012498811,0.19241855,0.45918837,0.7253113,-0.035949707000000004,-0.41784668,-0.0841628,0.4122597,0.38797712,0.77575684,0.08120727500000001,-0.41818237,-0.13566989999999998,0.29438308,0.38993213,0.73464966,0.29556274,-0.31607056,-0.11545974,0.08188102400000001,0.29418504,0.70196533,0.36193848,-0.28173828,-0.10073662500000001,0.010964267000000001,0.2568367,0.665802,0.31481934,-0.34326172,-0.07651746,0.054667316,0.31667146,0.36636353,-0.10623169,-0.42105103,0.14178638,0.4425497,0.36631539999999996,0.36636353,-0.10623169,-0.42105103,0.14178638,0.4425497,0.36631539999999996,0.19784546,0.06365967,-0.40551758,0.27057946,0.24818759999999998,0.33894098,0.13546753,0.08837890600000001,-0.38980103,0.30956703,0.20906058,0.31642997,-0.0630188,0.0753479,-0.41180419999999995,0.45611864,0.18781194,0.32597244000000003,检查1#变、2变、开闭所有进线、出线地刀在拉开位置。
0.5800476,0.49200439999999995,-0.2758484,0.010280848,-0.16831264,0.19348025,0.6334839,0.23852539,-0.3454895,-0.037544116,0.06589069,0.23780364,0.6334839,0.23852539,-0.3454895,-0.037544116,0.06589069,0.23780364,0.53863525,0.21380615,-0.39761353,0.055850387,0.09330229,0.29400426,0.5043335,0.26132202,-0.30206299999999997,0.086653456,0.048339672,0.20035908,0.524292,0.19641113000000002,-0.31561279999999997,0.068345055,0.113968916,0.21361628,0.57681274,0.961853,-0.5188904,0.023265138,-0.5992919,0.49911502,0.57681274,0.961853,-0.5188904,0.023265138,-0.5992919,0.49911502,0.64611816,0.18423462000000002,-0.48175049999999997,-0.012498811,0.19241855,0.45918837,0.7253113,-0.035949707000000004,-0.41784668,-0.0841628,0.4122597,0.38797712,0.77575684,0.08120727500000001,-0.41818237,-0.13566989999999998,0.29438308,0.38993213,0.73464966,0.29556274,-0.31607056,-0.11545974,0.08188102400000001,0.29418504,0.70196533,0.36193848,-0.28173828,-0.10073662500000001,0.010964267000000001,0.2568367,0.665802,0.31481934,-0.34326172,-0.07651746,0.054667316,0.31667146,0.36636353,-0.10623169,-0.42105103,0.14178638,0.4425497,0.36631539999999996,0.36636353,-0.10623169,-0.42105103,0.14178638,0.4425497,0.36631539999999996,0.19784546,0.06365967,-0.40551758,0.27057946,0.24818759999999998,0.33894098,0.13546753,0.08837890600000001,-0.38980103,0.30956703,0.20906058,0.31642997,-0.0630188,0.0753479,-0.41180419999999995,0.45611864,0.18781194,0.32597244000000003,-0.29135132,0.14157104,-0.43063354,0.62840295,0.078495495,0.3345199,检查1#变、2变、开闭所有进线、出线地刀在拉开位置。
0.6334839,0.23852539,-0.3454895,-0.037544116,0.06589069,0.23780364,0.6334839,0.23852539,-0.3454895,-0.037544116,0.06589069,0.23780364,0.53863525,0.21380615,-0.39761353,0.055850387,0.09330229,0.29400426,0.5043335,0.26132202,-0.30206299999999997,0.086653456,0.048339672,0.20035908,0.524292,0.19641113000000002,-0.31561279999999997,0.068345055,0.113968916,0.21361628,0.57681274,0.961853,-0.5188904,0.023265138,-0.5992919,0.49911502,0.57681274,0.961853,-0.5188904,0.023265138,-0.5992919,0.49911502,0.64611816,0.18423462000000002,-0.48175049999999997,-0.012498811,0.19241855,0.45918837,0.7253113,-0.035949707000000004,-0.41784668,-0.0841628,0.4122597,0.38797712,0.77575684,0.08120727500000001,-0.41818237,-0.13566989999999998,0.29438308,0.38993213,0.73464966,0.29556274,-0.31607056,-0.11545974,0.08188102400000001,0.29418504,0.70196533,0.36193848,-0.28173828,-0.10073662500000001,0.010964267000000001,0.2568367,0.665802,0.31481934,-0.34326172,-0.07651746,0.054667316,0.31667146,0.36636353,-0.10623169,-0.42105103,0.14178638,0.4425497,0.36631539999999996,0.36636353,-0.10623169,-0.42105103,0.14178638,0.4425497,0.36631539999999996,0.19784546,0.06365967,-0.40551758,0.27057946,0.24818759999999998,0.33894098,0.13546753,0.08837890600000001,-0.38980103,0.30956703,0.20906058,0.31642997,-0.0630188,0.0753479,-0.41180419999999995,0.45611864,0.18781194,0.32597244000000003,-0.29135132,0.14157104,-0.43063354,0.62840295,0.078495495,0.3345199,-0.29135132,0.14157104,-0.43063354,0.62840295,0.078495495,0.3345199,检查1#变、2变、开闭所有进线、出线地刀在拉开位置。
0.6334839,0.23852539,-0.3454895,-0.037544116,0.06589069,0.23780364,0.53863525,0.21380615,-0.39761353,0.055850387,0.09330229,0.29400426,0.5043335,0.26132202,-0.30206299999999997,0.086653456,0.048339672,0.20035908,0.524292,0.19641113000000002,-0.31561279999999997,0.068345055,0.113968916,0.21361628,0.57681274,0.961853,-0.5188904,0.023265138,-0.5992919,0.49911502,0.57681274,0.961853,-0.5188904,0.023265138,-0.5992919,0.49911502,0.64611816,0.18423462000000002,-0.48175049999999997,-0.012498811,0.19241855,0.45918837,0.7253113,-0.035949707000000004,-0.41784668,-0.0841628,0.4122597,0.38797712,0.77575684,0.08120727500000001,-0.41818237,-0.13566989999999998,0.29438308,0.38993213,0.73464966,0.29556274,-0.31607056,-0.11545974,0.08188102400000001,0.29418504,0.70196533,0.36193848,-0.28173828,-0.10073662500000001,0.010964267000000001,0.2568367,0.665802,0.31481934,-0.34326172,-0.07651746,0.054667316,0.31667146,0.36636353,-0.10623169,-0.42105103,0.14178638,0.4425497,0.36631539999999996,0.36636353,-0.10623169,-0.42105103,0.14178638,0.4425497,0.36631539999999996,0.19784546,0.06365967,-0.40551758,0.27057946,0.24818759999999998,0.33894098,0.13546753,0.08837890600000001,-0.38980103,0.30956703,0.20906058,0.31642997,-0.0630188,0.0753479,-0.41180419999999995,0.45611864,0.18781194,0.32597244000000003,-0.29135132,0.14157104,-0.43063354,0.62840295,0.078495495,0.3345199,-0.29135132,0.14157104,-0.43063354,0.62840295,0.078495495,0.3345199,-0.6912231400000001,0.027893066,-0.26782227000000003,0.8781555,0.053067670000000004,0.15601921,检查1#变、2变、开闭所有进线、出线地刀在拉开位置。
0.53863525,0.21380615,-0.39761353,0.055850387,0.09330229,0.29400426,0.5043335,0.26132202,-0.30206299999999997,0.086653456,0.048339672,0.20035908,0.524292,0.19641113000000002,-0.31561279999999997,0.068345055,0.113968916,0.21361628,0.57681274,0.961853,-0.5188904,0.023265138,-0.5992919,0.49911502,0.57681274,0.961853,-0.5188904,0.023265138,-0.5992919,0.49911502,0.64611816,0.18423462000000002,-0.48175049999999997,-0.012498811,0.19241855,0.45918837,0.7253113,-0.035949707000000004,-0.41784668,-0.0841628,0.4122597,0.38797712,0.77575684,0.08120727500000001,-0.41818237,-0.13566989999999998,0.29438308,0.38993213,0.73464966,0.29556274,-0.31607056,-0.11545974,0.08188102400000001,0.29418504,0.70196533,0.36193848,-0.28173828,-0.10073662500000001,0.010964267000000001,0.2568367,0.665802,0.31481934,-0.34326172,-0.07651746,0.054667316,0.31667146,0.36636353,-0.10623169,-0.42105103,0.14178638,0.4425497,0.36631539999999996,0.36636353,-0.10623169,-0.42105103,0.14178638,0.4425497,0.36631539999999996,0.19784546,0.06365967,-0.40551758,0.27057946,0.24818759999999998,0.33894098,0.13546753,0.08837890600000001,-0.38980103,0.30956703,0.20906058,0.31642997,-0.0630188,0.0753479,-0.41180419999999995,0.45611864,0.18781194,0.32597244000000003,-0.29135132,0.14157104,-0.43063354,0.62840295,0.078495495,0.3345199,-0.29135132,0.14157104,-0.43063354,0.62840295,0.078495495,0.3345199,-0.6912231400000001,0.027893066,-0.26782227000000003,0.8781555,0.053067670000000004,0.15601921,-0.54000854,-0.08148193000000001,-0.20877075,0.61813605,0.012231007,0.0944134,检查1#变、2变、开闭所有进线、出线地刀在拉开位置。
0.5043335,0.26132202,-0.30206299999999997,0.086653456,0.048339672,0.20035908,0.524292,0.19641113000000002,-0.31561279999999997,0.068345055,0.113968916,0.21361628,0.57681274,0.961853,-0.5188904,0.023265138,-0.5992919,0.49911502,0.57681274,0.961853,-0.5188904,0.023265138,-0.5992919,0.49911502,0.64611816,0.18423462000000002,-0.48175049999999997,-0.012498811,0.19241855,0.45918837,0.7253113,-0.035949707000000004,-0.41784668,-0.0841628,0.4122597,0.38797712,0.77575684,0.08120727500000001,-0.41818237,-0.13566989999999998,0.29438308,0.38993213,0.73464966,0.29556274,-0.31607056,-0.11545974,0.08188102400000001,0.29418504,0.70196533,0.36193848,-0.28173828,-0.10073662500000001,0.010964267000000001,0.2568367,0.665802,0.31481934,-0.34326172,-0.07651746,0.054667316,0.31667146,0.36636353,-0.10623169,-0.42105103,0.14178638,0.4425497,0.36631539999999996,0.36636353,-0.10623169,-0.42105103,0.14178638,0.4425497,0.36631539999999996,0.19784546,0.06365967,-0.40551758,0.27057946,0.24818759999999998,0.33894098,0.13546753,0.08837890600000001,-0.38980103,0.30956703,0.20906058,0.31642997,-0.0630188,0.0753479,-0.41180419999999995,0.45611864,0.18781194,0.32597244000000003,-0.29135132,0.14157104,-0.43063354,0.62840295,0.078495495,0.3345199,-0.29135132,0.14157104,-0.43063354,0.62840295,0.078495495,0.3345199,-0.6912231400000001,0.027893066,-0.26782227000000003,0.8781555,0.053067670000000004,0.15601921,-0.54000854,-0.08148193000000001,-0.20877075,0.61813605,0.012231007,0.0944134,-0.54000854,-0.08148193000000001,-0.20877075,0.61813605,0.012231007,0.0944134,检查1#变、2变、开闭所有进线、出线地刀在拉开位置。
0.524292,0.19641113000000002,-0.31561279999999997,0.068345055,0.113968916,0.21361628,0.57681274,0.961853,-0.5188904,0.023265138,-0.5992919,0.49911502,0.57681274,0.961853,-0.5188904,0.023265138,-0.5992919,0.49911502,0.64611816,0.18423462000000002,-0.48175049999999997,-0.012498811,0.19241855,0.45918837,0.7253113,-0.035949707000000004,-0.41784668,-0.0841628,0.4122597,0.38797712,0.77575684,0.08120727500000001,-0.41818237,-0.13566989999999998,0.29438308,0.38993213,0.73464966,0.29556274,-0.31607056,-0.11545974,0.08188102400000001,0.29418504,0.70196533,0.36193848,-0.28173828,-0.10073662500000001,0.010964267000000001,0.2568367,0.665802,0.31481934,-0.34326172,-0.07651746,0.054667316,0.31667146,0.36636353,-0.10623169,-0.42105103,0.14178638,0.4425497,0.36631539999999996,0.36636353,-0.10623169,-0.42105103,0.14178638,0.4425497,0.36631539999999996,0.19784546,0.06365967,-0.40551758,0.27057946,0.24818759999999998,0.33894098,0.13546753,0.08837890600000001,-0.38980103,0.30956703,0.20906058,0.31642997,-0.0630188,0.0753479,-0.41180419999999995,0.45611864,0.18781194,0.32597244000000003,-0.29135132,0.14157104,-0.43063354,0.62840295,0.078495495,0.3345199,-0.29135132,0.14157104,-0.43063354,0.62840295,0.078495495,0.3345199,-0.6912231400000001,0.027893066,-0.26782227000000003,0.8781555,0.053067670000000004,0.15601921,-0.54000854,-0.08148193000000001,-0.20877075,0.61813605,0.012231007,0.0944134,-0.54000854,-0.08148193000000001,-0.20877075,0.61813605,0.012231007,0.0944134,-0.11013794,-0.10144043,-0.09402466,0.14447649,-0.08859141,-0.03630793,检查1#变、2变、开闭所有进线、出线地刀在拉开位置。
0.57681274,0.961853,-0.5188904,0.023265138,-0.5992919,0.49911502,0.57681274,0.961853,-0.5188904,0.023265138,-0.5992919,0.49911502,0.64611816,0.18423462000000002,-0.48175049999999997,-0.012498811,0.19241855,0.45918837,0.7253113,-0.035949707000000004,-0.41784668,-0.0841628,0.4122597,0.38797712,0.77575684,0.08120727500000001,-0.41818237,-0.13566989999999998,0.29438308,0.38993213,0.73464966,0.29556274,-0.31607056,-0.11545974,0.08188102400000001,0.29418504,0.70196533,0.36193848,-0.28173828,-0.10073662500000001,0.010964267000000001,0.2568367,0.665802,0.31481934,-0.34326172,-0.07651746,0.054667316,0.31667146,0.36636353,-0.10623169,-0.42105103,0.14178638,0.4425497,0.36631539999999996,0.36636353,-0.10623169,-0.42105103,0.14178638,0.4425497,0.36631539999999996,0.19784546,0.06365967,-0.40551758,0.27057946,0.24818759999999998,0.33894098,0.13546753,0.08837890600000001,-0.38980103,0.30956703,0.20906058,0.31642997,-0.0630188,0.0753479,-0.41180419999999995,0.45611864,0.18781194,0.32597244000000003,-0.29135132,0.14157104,-0.43063354,0.62840295,0.078495495,0.3345199,-0.29135132,0.14157104,-0.43063354,0.62840295,0.078495495,0.3345199,-0.6912231400000001,0.027893066,-0.26782227000000003,0.8781555,0.053067670000000004,0.15601921,-0.54000854,-0.08148193000000001,-0.20877075,0.61813605,0.012231007,0.0944134,-0.54000854,-0.08148193000000001,-0.20877075,0.61813605,0.012231007,0.0944134,-0.11013794,-0.10144043,-0.09402466,0.14447649,-0.08859141,-0.03630793,-0.11013794,-0.10144043,-0.09402466,0.14447649,-0.08859141,-0.03630793,检查1#变、2变、开闭所有进线、出线地刀在拉开位置。
0.57681274,0.961853,-0.5188904,0.023265138,-0.5992919,0.49911502,0.64611816,0.18423462000000002,-0.48175049999999997,-0.012498811,0.19241855,0.45918837,0.7253113,-0.035949707000000004,-0.41784668,-0.0841628,0.4122597,0.38797712,0.77575684,0.08120727500000001,-0.41818237,-0.13566989999999998,0.29438308,0.38993213,0.73464966,0.29556274,-0.31607056,-0.11545974,0.08188102400000001,0.29418504,0.70196533,0.36193848,-0.28173828,-0.10073662500000001,0.010964267000000001,0.2568367,0.665802,0.31481934,-0.34326172,-0.07651746,0.054667316,0.31667146,0.36636353,-0.10623169,-0.42105103,0.14178638,0.4425497,0.36631539999999996,0.36636353,-0.10623169,-0.42105103,0.14178638,0.4425497,0.36631539999999996,0.19784546,0.06365967,-0.40551758,0.27057946,0.24818759999999998,0.33894098,0.13546753,0.08837890600000001,-0.38980103,0.30956703,0.20906058,0.31642997,-0.0630188,0.0753479,-0.41180419999999995,0.45611864,0.18781194,0.32597244000000003,-0.29135132,0.14157104,-0.43063354,0.62840295,0.078495495,0.3345199,-0.29135132,0.14157104,-0.43063354,0.62840295,0.078495495,0.3345199,-0.6912231400000001,0.027893066,-0.26782227000000003,0.8781555,0.053067670000000004,0.15601921,-0.54000854,-0.08148193000000001,-0.20877075,0.61813605,0.012231007,0.0944134,-0.54000854,-0.08148193000000001,-0.20877075,0.61813605,0.012231007,0.0944134,-0.11013794,-0.10144043,-0.09402466,0.14447649,-0.08859141,-0.03630793,-0.11013794,-0.10144043,-0.09402466,0.14447649,-0.08859141,-0.03630793,-0.09442139000000001,-0.06518555,-0.07727051,0.12991326,-0.12809253,-0.055077076,检查1#变、2变、开闭所有进线、出线地刀在拉开位置。
0.64611816,0.18423462000000002,-0.48175049999999997,-0.012498811,0.19241855,0.45918837,0.7253113,-0.035949707000000004,-0.41784668,-0.0841628,0.4122597,0.38797712,0.77575684,0.08120727500000001,-0.41818237,-0.13566989999999998,0.29438308,0.38993213,0.73464966,0.29556274,-0.31607056,-0.11545974,0.08188102400000001,0.29418504,0.70196533,0.36193848,-0.28173828,-0.10073662500000001,0.010964267000000001,0.2568367,0.665802,0.31481934,-0.34326172,-0.07651746,0.054667316,0.31667146,0.36636353,-0.10623169,-0.42105103,0.14178638,0.4425497,0.36631539999999996,0.36636353,-0.10623169,-0.42105103,0.14178638,0.4425497,0.36631539999999996,0.19784546,0.06365967,-0.40551758,0.27057946,0.24818759999999998,0.33894098,0.13546753,0.08837890600000001,-0.38980103,0.30956703,0.20906058,0.31642997,-0.0630188,0.0753479,-0.41180419999999995,0.45611864,0.18781194,0.32597244000000003,-0.29135132,0.14157104,-0.43063354,0.62840295,0.078495495,0.3345199,-0.29135132,0.14157104,-0.43063354,0.62840295,0.078495495,0.3345199,-0.6912231400000001,0.027893066,-0.26782227000000003,0.8781555,0.053067670000000004,0.15601921,-0.54000854,-0.08148193000000001,-0.20877075,0.61813605,0.012231007,0.0944134,-0.54000854,-0.08148193000000001,-0.20877075,0.61813605,0.012231007,0.0944134,-0.11013794,-0.10144043,-0.09402466,0.14447649,-0.08859141,-0.03630793,-0.11013794,-0.10144043,-0.09402466,0.14447649,-0.08859141,-0.03630793,-0.09442139000000001,-0.06518555,-0.07727051,0.12991326,-0.12809253,-0.055077076,0.046417236,-0.0041198730000000005,-0.006439209,0.013684124,-0.17296961,-0.14596403,检查1#变、2变、开闭所有进线、出线地刀在拉开位置。
0.7253113,-0.035949707000000004,-0.41784668,-0.0841628,0.4122597,0.38797712,0.77575684,0.08120727500000001,-0.41818237,-0.13566989999999998,0.29438308,0.38993213,0.73464966,0.29556274,-0.31607056,-0.11545974,0.08188102400000001,0.29418504,0.70196533,0.36193848,-0.28173828,-0.10073662500000001,0.010964267000000001,0.2568367,0.665802,0.31481934,-0.34326172,-0.07651746,0.054667316,0.31667146,0.36636353,-0.10623169,-0.42105103,0.14178638,0.4425497,0.36631539999999996,0.36636353,-0.10623169,-0.42105103,0.14178638,0.4425497,0.36631539999999996,0.19784546,0.06365967,-0.40551758,0.27057946,0.24818759999999998,0.33894098,0.13546753,0.08837890600000001,-0.38980103,0.30956703,0.20906058,0.31642997,-0.0630188,0.0753479,-0.41180419999999995,0.45611864,0.18781194,0.32597244000000003,-0.29135132,0.14157104,-0.43063354,0.62840295,0.078495495,0.3345199,-0.29135132,0.14157104,-0.43063354,0.62840295,0.078495495,0.3345199,-0.6912231400000001,0.027893066,-0.26782227000000003,0.8781555,0.053067670000000004,0.15601921,-0.54000854,-0.08148193000000001,-0.20877075,0.61813605,0.012231007,0.0944134,-0.54000854,-0.08148193000000001,-0.20877075,0.61813605,0.012231007,0.0944134,-0.11013794,-0.10144043,-0.09402466,0.14447649,-0.08859141,-0.03630793,-0.11013794,-0.10144043,-0.09402466,0.14447649,-0.08859141,-0.03630793,-0.09442139000000001,-0.06518555,-0.07727051,0.12991326,-0.12809253,-0.055077076,0.046417236,-0.0041198730000000005,-0.006439209,0.013684124,-0.17296961,-0.14596403,0.046417236,-0.0041198730000000005,-0.006439209,0.013684124,-0.17296961,-0.14596403,检查1#变、2变、开闭所有进线、出线地刀在拉开位置。
0.77575684,0.08120727500000001,-0.41818237,-0.13566989999999998,0.29438308,0.38993213,0.73464966,0.29556274,-0.31607056,-0.11545974,0.08188102400000001,0.29418504,0.70196533,0.36193848,-0.28173828,-0.10073662500000001,0.010964267000000001,0.2568367,0.665802,0.31481934,-0.34326172,-0.07651746,0.054667316,0.31667146,0.36636353,-0.10623169,-0.42105103,0.14178638,0.4425497,0.36631539999999996,0.36636353,-0.10623169,-0.42105103,0.14178638,0.4425497,0.36631539999999996,0.19784546,0.06365967,-0.40551758,0.27057946,0.24818759999999998,0.33894098,0.13546753,0.08837890600000001,-0.38980103,0.30956703,0.20906058,0.31642997,-0.0630188,0.0753479,-0.41180419999999995,0.45611864,0.18781194,0.32597244000000003,-0.29135132,0.14157104,-0.43063354,0.62840295,0.078495495,0.3345199,-0.29135132,0.14157104,-0.43063354,0.62840295,0.078495495,0.3345199,-0.6912231400000001,0.027893066,-0.26782227000000003,0.8781555,0.053067670000000004,0.15601921,-0.54000854,-0.08148193000000001,-0.20877075,0.61813605,0.012231007,0.0944134,-0.54000854,-0.08148193000000001,-0.20877075,0.61813605,0.012231007,0.0944134,-0.11013794,-0.10144043,-0.09402466,0.14447649,-0.08859141,-0.03630793,-0.11013794,-0.10144043,-0.09402466,0.14447649,-0.08859141,-0.03630793,-0.09442139000000001,-0.06518555,-0.07727051,0.12991326,-0.12809253,-0.055077076,0.046417236,-0.0041198730000000005,-0.006439209,0.013684124,-0.17296961,-0.14596403,0.046417236,-0.0041198730000000005,-0.006439209,0.013684124,-0.17296961,-0.14596403,0.11206055000000001,-0.0008544922000000001,-0.13360596,-0.024008945,-0.13370135,-0.028259814,检查1#变、2变、开闭所有进线、出线地刀在拉开位置。
0.73464966,0.29556274,-0.31607056,-0.11545974,0.08188102400000001,0.29418504,0.70196533,0.36193848,-0.28173828,-0.10073662500000001,0.010964267000000001,0.2568367,0.665802,0.31481934,-0.34326172,-0.07651746,0.054667316,0.31667146,0.36636353,-0.10623169,-0.42105103,0.14178638,0.4425497,0.36631539999999996,0.36636353,-0.10623169,-0.42105103,0.14178638,0.4425497,0.36631539999999996,0.19784546,0.06365967,-0.40551758,0.27057946,0.24818759999999998,0.33894098,0.13546753,0.08837890600000001,-0.38980103,0.30956703,0.20906058,0.31642997,-0.0630188,0.0753479,-0.41180419999999995,0.45611864,0.18781194,0.32597244000000003,-0.29135132,0.14157104,-0.43063354,0.62840295,0.078495495,0.3345199,-0.29135132,0.14157104,-0.43063354,0.62840295,0.078495495,0.3345199,-0.6912231400000001,0.027893066,-0.26782227000000003,0.8781555,0.053067670000000004,0.15601921,-0.54000854,-0.08148193000000001,-0.20877075,0.61813605,0.012231007,0.0944134,-0.54000854,-0.08148193000000001,-0.20877075,0.61813605,0.012231007,0.0944134,-0.11013794,-0.10144043,-0.09402466,0.14447649,-0.08859141,-0.03630793,-0.11013794,-0.10144043,-0.09402466,0.14447649,-0.08859141,-0.03630793,-0.09442139000000001,-0.06518555,-0.07727051,0.12991326,-0.12809253,-0.055077076,0.046417236,-0.0041198730000000005,-0.006439209,0.013684124,-0.17296961,-0.14596403,0.046417236,-0.0041198730000000005,-0.006439209,0.013684124,-0.17296961,-0.14596403,0.11206055000000001,-0.0008544922000000001,-0.13360596,-0.024008945,-0.13370135,-0.028259814,0.11206055000000001,-0.0008544922000000001,-0.13360596,-0.024008945,-0.13370135,-0.028259814,检查1#变、2变、开闭所有进线、出线地刀在拉开位置。
0.70196533,0.36193848,-0.28173828,-0.10073662500000001,0.010964267000000001,0.2568367,0.665802,0.31481934,-0.34326172,-0.07651746,0.054667316,0.31667146,0.36636353,-0.10623169,-0.42105103,0.14178638,0.4425497,0.36631539999999996,0.36636353,-0.10623169,-0.42105103,0.14178638,0.4425497,0.36631539999999996,0.19784546,0.06365967,-0.40551758,0.27057946,0.24818759999999998,0.33894098,0.13546753,0.08837890600000001,-0.38980103,0.30956703,0.20906058,0.31642997,-0.0630188,0.0753479,-0.41180419999999995,0.45611864,0.18781194,0.32597244000000003,-0.29135132,0.14157104,-0.43063354,0.62840295,0.078495495,0.3345199,-0.29135132,0.14157104,-0.43063354,0.62840295,0.078495495,0.3345199,-0.6912231400000001,0.027893066,-0.26782227000000003,0.8781555,0.053067670000000004,0.15601921,-0.54000854,-0.08148193000000001,-0.20877075,0.61813605,0.012231007,0.0944134,-0.54000854,-0.08148193000000001,-0.20877075,0.61813605,0.012231007,0.0944134,-0.11013794,-0.10144043,-0.09402466,0.14447649,-0.08859141,-0.03630793,-0.11013794,-0.10144043,-0.09402466,0.14447649,-0.08859141,-0.03630793,-0.09442139000000001,-0.06518555,-0.07727051,0.12991326,-0.12809253,-0.055077076,0.046417236,-0.0041198730000000005,-0.006439209,0.013684124,-0.17296961,-0.14596403,0.046417236,-0.0041198730000000005,-0.006439209,0.013684124,-0.17296961,-0.14596403,0.11206055000000001,-0.0008544922000000001,-0.13360596,-0.024008945,-0.13370135,-0.028259814,0.11206055000000001,-0.0008544922000000001,-0.13360596,-0.024008945,-0.13370135,-0.028259814,0.13146973,-0.014160156,-0.16040039,-0.03823547,-0.10155839,0.0013318658,检查1#变、2变、开闭所有进线、出线地刀在拉开位置。
0.665802,0.31481934,-0.34326172,-0.07651746,0.054667316,0.31667146,0.36636353,-0.10623169,-0.42105103,0.14178638,0.4425497,0.36631539999999996,0.36636353,-0.10623169,-0.42105103,0.14178638,0.4425497,0.36631539999999996,0.19784546,0.06365967,-0.40551758,0.27057946,0.24818759999999998,0.33894098,0.13546753,0.08837890600000001,-0.38980103,0.30956703,0.20906058,0.31642997,-0.0630188,0.0753479,-0.41180419999999995,0.45611864,0.18781194,0.32597244000000003,-0.29135132,0.14157104,-0.43063354,0.62840295,0.078495495,0.3345199,-0.29135132,0.14157104,-0.43063354,0.62840295,0.078495495,0.3345199,-0.6912231400000001,0.027893066,-0.26782227000000003,0.8781555,0.053067670000000004,0.15601921,-0.54000854,-0.08148193000000001,-0.20877075,0.61813605,0.012231007,0.0944134,-0.54000854,-0.08148193000000001,-0.20877075,0.61813605,0.012231007,0.0944134,-0.11013794,-0.10144043,-0.09402466,0.14447649,-0.08859141,-0.03630793,-0.11013794,-0.10144043,-0.09402466,0.14447649,-0.08859141,-0.03630793,-0.09442139000000001,-0.06518555,-0.07727051,0.12991326,-0.12809253,-0.055077076,0.046417236,-0.0041198730000000005,-0.006439209,0.013684124,-0.17296961,-0.14596403,0.046417236,-0.0041198730000000005,-0.006439209,0.013684124,-0.17296961,-0.14596403,0.11206055000000001,-0.0008544922000000001,-0.13360596,-0.024008945,-0.13370135,-0.028259814,0.11206055000000001,-0.0008544922000000001,-0.13360596,-0.024008945,-0.13370135,-0.028259814,0.13146973,-0.014160156,-0.16040039,-0.03823547,-0.10155839,0.0013318658,0.055725098,0.07351684600000001,-0.18334961,0.036830276,-0.16337624,0.0388031,检查1#变、2变、开闭所有进线、出线地刀在拉开位置。
0.36636353,-0.10623169,-0.42105103,0.14178638,0.4425497,0.36631539999999996,0.36636353,-0.10623169,-0.42105103,0.14178638,0.4425497,0.36631539999999996,0.19784546,0.06365967,-0.40551758,0.27057946,0.24818759999999998,0.33894098,0.13546753,0.08837890600000001,-0.38980103,0.30956703,0.20906058,0.31642997,-0.0630188,0.0753479,-0.41180419999999995,0.45611864,0.18781194,0.32597244000000003,-0.29135132,0.14157104,-0.43063354,0.62840295,0.078495495,0.3345199,-0.29135132,0.14157104,-0.43063354,0.62840295,0.078495495,0.3345199,-0.6912231400000001,0.027893066,-0.26782227000000003,0.8781555,0.053067670000000004,0.15601921,-0.54000854,-0.08148193000000001,-0.20877075,0.61813605,0.012231007,0.0944134,-0.54000854,-0.08148193000000001,-0.20877075,0.61813605,0.012231007,0.0944134,-0.11013794,-0.10144043,-0.09402466,0.14447649,-0.08859141,-0.03630793,-0.11013794,-0.10144043,-0.09402466,0.14447649,-0.08859141,-0.03630793,-0.09442139000000001,-0.06518555,-0.07727051,0.12991326,-0.12809253,-0.055077076,0.046417236,-0.0041198730000000005,-0.006439209,0.013684124,-0.17296961,-0.14596403,0.046417236,-0.0041198730000000005,-0.006439209,0.013684124,-0.17296961,-0.14596403,0.11206055000000001,-0.0008544922000000001,-0.13360596,-0.024008945,-0.13370135,-0.028259814,0.11206055000000001,-0.0008544922000000001,-0.13360596,-0.024008945,-0.13370135,-0.028259814,0.13146973,-0.014160156,-0.16040039,-0.03823547,-0.10155839,0.0013318658,0.055725098,0.07351684600000001,-0.18334961,0.036830276,-0.16337624,0.0388031,0.061340332000000004,0.11227417,-0.18814087000000002,0.029601663,-0.19945648,0.046773553,检查1#变、2变、开闭所有进线、出线地刀在拉开位置。
0.36636353,-0.10623169,-0.42105103,0.14178638,0.4425497,0.36631539999999996,0.19784546,0.06365967,-0.40551758,0.27057946,0.24818759999999998,0.33894098,0.13546753,0.08837890600000001,-0.38980103,0.30956703,0.20906058,0.31642997,-0.0630188,0.0753479,-0.41180419999999995,0.45611864,0.18781194,0.32597244000000003,-0.29135132,0.14157104,-0.43063354,0.62840295,0.078495495,0.3345199,-0.29135132,0.14157104,-0.43063354,0.62840295,0.078495495,0.3345199,-0.6912231400000001,0.027893066,-0.26782227000000003,0.8781555,0.053067670000000004,0.15601921,-0.54000854,-0.08148193000000001,-0.20877075,0.61813605,0.012231007,0.0944134,-0.54000854,-0.08148193000000001,-0.20877075,0.61813605,0.012231007,0.0944134,-0.11013794,-0.10144043,-0.09402466,0.14447649,-0.08859141,-0.03630793,-0.11013794,-0.10144043,-0.09402466,0.14447649,-0.08859141,-0.03630793,-0.09442139000000001,-0.06518555,-0.07727051,0.12991326,-0.12809253,-0.055077076,0.046417236,-0.0041198730000000005,-0.006439209,0.013684124,-0.17296961,-0.14596403,0.046417236,-0.0041198730000000005,-0.006439209,0.013684124,-0.17296961,-0.14596403,0.11206055000000001,-0.0008544922000000001,-0.13360596,-0.024008945,-0.13370135,-0.028259814,0.11206055000000001,-0.0008544922000000001,-0.13360596,-0.024008945,-0.13370135,-0.028259814,0.13146973,-0.014160156,-0.16040039,-0.03823547,-0.10155839,0.0013318658,0.055725098,0.07351684600000001,-0.18334961,0.036830276,-0.16337624,0.0388031,0.061340332000000004,0.11227417,-0.18814087000000002,0.029601663,-0.19945648,0.046773553,-0.022094727,0.22042847000000002,-0.20724487,0.104806855,-0.3048762,0.07768625,检查1#变、2变、开闭所有进线、出线地刀在拉开位置。
0.19784546,0.06365967,-0.40551758,0.27057946,0.24818759999999998,0.33894098,0.13546753,0.08837890600000001,-0.38980103,0.30956703,0.20906058,0.31642997,-0.0630188,0.0753479,-0.41180419999999995,0.45611864,0.18781194,0.32597244000000003,-0.29135132,0.14157104,-0.43063354,0.62840295,0.078495495,0.3345199,-0.29135132,0.14157104,-0.43063354,0.62840295,0.078495495,0.3345199,-0.6912231400000001,0.027893066,-0.26782227000000003,0.8781555,0.053067670000000004,0.15601921,-0.54000854,-0.08148193000000001,-0.20877075,0.61813605,0.012231007,0.0944134,-0.54000854,-0.08148193000000001,-0.20877075,0.61813605,0.012231007,0.0944134,-0.11013794,-0.10144043,-0.09402466,0.14447649,-0.08859141,-0.03630793,-0.11013794,-0.10144043,-0.09402466,0.14447649,-0.08859141,-0.03630793,-0.09442139000000001,-0.06518555,-0.07727051,0.12991326,-0.12809253,-0.055077076,0.046417236,-0.0041198730000000005,-0.006439209,0.013684124,-0.17296961,-0.14596403,0.046417236,-0.0041198730000000005,-0.006439209,0.013684124,-0.17296961,-0.14596403,0.11206055000000001,-0.0008544922000000001,-0.13360596,-0.024008945,-0.13370135,-0.028259814,0.11206055000000001,-0.0008544922000000001,-0.13360596,-0.024008945,-0.13370135,-0.028259814,0.13146973,-0.014160156,-0.16040039,-0.03823547,-0.10155839,0.0013318658,0.055725098,0.07351684600000001,-0.18334961,0.036830276,-0.16337624,0.0388031,0.061340332000000004,0.11227417,-0.18814087000000002,0.029601663,-0.19945648,0.046773553,-0.022094727,0.22042847000000002,-0.20724487,0.104806855,-0.3048762,0.07768625,-0.1182251,0.22640991,-0.22042847000000002,0.18875484,-0.32315665,0.09807253,检查1#变、2变、开闭所有进线、出线地刀在拉开位置。
0.13546753,0.08837890600000001,-0.38980103,0.30956703,0.20906058,0.31642997,-0.0630188,0.0753479,-0.41180419999999995,0.45611864,0.18781194,0.32597244000000003,-0.29135132,0.14157104,-0.43063354,0.62840295,0.078495495,0.3345199,-0.29135132,0.14157104,-0.43063354,0.62840295,0.078495495,0.3345199,-0.6912231400000001,0.027893066,-0.26782227000000003,0.8781555,0.053067670000000004,0.15601921,-0.54000854,-0.08148193000000001,-0.20877075,0.61813605,0.012231007,0.0944134,-0.54000854,-0.08148193000000001,-0.20877075,0.61813605,0.012231007,0.0944134,-0.11013794,-0.10144043,-0.09402466,0.14447649,-0.08859141,-0.03630793,-0.11013794,-0.10144043,-0.09402466,0.14447649,-0.08859141,-0.03630793,-0.09442139000000001,-0.06518555,-0.07727051,0.12991326,-0.12809253,-0.055077076,0.046417236,-0.0041198730000000005,-0.006439209,0.013684124,-0.17296961,-0.14596403,0.046417236,-0.0041198730000000005,-0.006439209,0.013684124,-0.17296961,-0.14596403,0.11206055000000001,-0.0008544922000000001,-0.13360596,-0.024008945,-0.13370135,-0.028259814,0.11206055000000001,-0.0008544922000000001,-0.13360596,-0.024008945,-0.13370135,-0.028259814,0.13146973,-0.014160156,-0.16040039,-0.03823547,-0.10155839,0.0013318658,0.055725098,0.07351684600000001,-0.18334961,0.036830276,-0.16337624,0.0388031,0.061340332000000004,0.11227417,-0.18814087000000002,0.029601663,-0.19945648,0.046773553,-0.022094727,0.22042847000000002,-0.20724487,0.104806855,-0.3048762,0.07768625,-0.1182251,0.22640991,-0.22042847000000002,0.18875484,-0.32315665,0.09807253,-0.1182251,0.22640991,-0.22042847000000002,0.18875484,-0.32315665,0.09807253,检查1#变、2变、开闭所有进线、出线地刀在拉开位置。
-0.0630188,0.0753479,-0.41180419999999995,0.45611864,0.18781194,0.32597244000000003,-0.29135132,0.14157104,-0.43063354,0.62840295,0.078495495,0.3345199,-0.29135132,0.14157104,-0.43063354,0.62840295,0.078495495,0.3345199,-0.6912231400000001,0.027893066,-0.26782227000000003,0.8781555,0.053067670000000004,0.15601921,-0.54000854,-0.08148193000000001,-0.20877075,0.61813605,0.012231007,0.0944134,-0.54000854,-0.08148193000000001,-0.20877075,0.61813605,0.012231007,0.0944134,-0.11013794,-0.10144043,-0.09402466,0.14447649,-0.08859141,-0.03630793,-0.11013794,-0.10144043,-0.09402466,0.14447649,-0.08859141,-0.03630793,-0.09442139000000001,-0.06518555,-0.07727051,0.12991326,-0.12809253,-0.055077076,0.046417236,-0.0041198730000000005,-0.006439209,0.013684124,-0.17296961,-0.14596403,0.046417236,-0.0041198730000000005,-0.006439209,0.013684124,-0.17296961,-0.14596403,0.11206055000000001,-0.0008544922000000001,-0.13360596,-0.024008945,-0.13370135,-0.028259814,0.11206055000000001,-0.0008544922000000001,-0.13360596,-0.024008945,-0.13370135,-0.028259814,0.13146973,-0.014160156,-0.16040039,-0.03823547,-0.10155839,0.0013318658,0.055725098,0.07351684600000001,-0.18334961,0.036830276,-0.16337624,0.0388031,0.061340332000000004,0.11227417,-0.18814087000000002,0.029601663,-0.19945648,0.046773553,-0.022094727,0.22042847000000002,-0.20724487,0.104806855,-0.3048762,0.07768625,-0.1182251,0.22640991,-0.22042847000000002,0.18875484,-0.32315665,0.09807253,-0.1182251,0.22640991,-0.22042847000000002,0.18875484,-0.32315665,0.09807253,-0.21496582,0.3015442,-0.17272949,0.27480006,-0.43960243,0.045109153000000006,检查1#变、2变、开闭所有进线、出线地刀在拉开位置。
-0.29135132,0.14157104,-0.43063354,0.62840295,0.078495495,0.3345199,-0.29135132,0.14157104,-0.43063354,0.62840295,0.078495495,0.3345199,-0.6912231400000001,0.027893066,-0.26782227000000003,0.8781555,0.053067670000000004,0.15601921,-0.54000854,-0.08148193000000001,-0.20877075,0.61813605,0.012231007,0.0944134,-0.54000854,-0.08148193000000001,-0.20877075,0.61813605,0.012231007,0.0944134,-0.11013794,-0.10144043,-0.09402466,0.14447649,-0.08859141,-0.03630793,-0.11013794,-0.10144043,-0.09402466,0.14447649,-0.08859141,-0.03630793,-0.09442139000000001,-0.06518555,-0.07727051,0.12991326,-0.12809253,-0.055077076,0.046417236,-0.0041198730000000005,-0.006439209,0.013684124,-0.17296961,-0.14596403,0.046417236,-0.0041198730000000005,-0.006439209,0.013684124,-0.17296961,-0.14596403,0.11206055000000001,-0.0008544922000000001,-0.13360596,-0.024008945,-0.13370135,-0.028259814,0.11206055000000001,-0.0008544922000000001,-0.13360596,-0.024008945,-0.13370135,-0.028259814,0.13146973,-0.014160156,-0.16040039,-0.03823547,-0.10155839,0.0013318658,0.055725098,0.07351684600000001,-0.18334961,0.036830276,-0.16337624,0.0388031,0.061340332000000004,0.11227417,-0.18814087000000002,0.029601663,-0.19945648,0.046773553,-0.022094727,0.22042847000000002,-0.20724487,0.104806855,-0.3048762,0.07768625,-0.1182251,0.22640991,-0.22042847000000002,0.18875484,-0.32315665,0.09807253,-0.1182251,0.22640991,-0.22042847000000002,0.18875484,-0.32315665,0.09807253,-0.21496582,0.3015442,-0.17272949,0.27480006,-0.43960243,0.045109153000000006,-0.21496582,0.3015442,-0.17272949,0.27480006,-0.43960243,0.045109153000000006,检查1#变、2变、开闭所有进线、出线地刀在拉开位置。
-0.29135132,0.14157104,-0.43063354,0.62840295,0.078495495,0.3345199,-0.6912231400000001,0.027893066,-0.26782227000000003,0.8781555,0.053067670000000004,0.15601921,-0.54000854,-0.08148193000000001,-0.20877075,0.61813605,0.012231007,0.0944134,-0.54000854,-0.08148193000000001,-0.20877075,0.61813605,0.012231007,0.0944134,-0.11013794,-0.10144043,-0.09402466,0.14447649,-0.08859141,-0.03630793,-0.11013794,-0.10144043,-0.09402466,0.14447649,-0.08859141,-0.03630793,-0.09442139000000001,-0.06518555,-0.07727051,0.12991326,-0.12809253,-0.055077076,0.046417236,-0.0041198730000000005,-0.006439209,0.013684124,-0.17296961,-0.14596403,0.046417236,-0.0041198730000000005,-0.006439209,0.013684124,-0.17296961,-0.14596403,0.11206055000000001,-0.0008544922000000001,-0.13360596,-0.024008945,-0.13370135,-0.028259814,0.11206055000000001,-0.0008544922000000001,-0.13360596,-0.024008945,-0.13370135,-0.028259814,0.13146973,-0.014160156,-0.16040039,-0.03823547,-0.10155839,0.0013318658,0.055725098,0.07351684600000001,-0.18334961,0.036830276,-0.16337624,0.0388031,0.061340332000000004,0.11227417,-0.18814087000000002,0.029601663,-0.19945648,0.046773553,-0.022094727,0.22042847000000002,-0.20724487,0.104806855,-0.3048762,0.07768625,-0.1182251,0.22640991,-0.22042847000000002,0.18875484,-0.32315665,0.09807253,-0.1182251,0.22640991,-0.22042847000000002,0.18875484,-0.32315665,0.09807253,-0.21496582,0.3015442,-0.17272949,0.27480006,-0.43960243,0.045109153000000006,-0.21496582,0.3015442,-0.17272949,0.27480006,-0.43960243,0.045109153000000006,0.15213013,0.037963867000000005,-0.31298828,-0.10342269999999999,-0.19146726,0.18049985000000002,检查1#变、2变、开闭所有进线、出线地刀在拉开位置。
-0.6912231400000001,0.027893066,-0.26782227000000003,0.8781555,0.053067670000000004,0.15601921,-0.54000854,-0.08148193000000001,-0.20877075,0.61813605,0.012231007,0.0944134,-0.54000854,-0.08148193000000001,-0.20877075,0.61813605,0.012231007,0.0944134,-0.11013794,-0.10144043,-0.09402466,0.14447649,-0.08859141,-0.03630793,-0.11013794,-0.10144043,-0.09402466,0.14447649,-0.08859141,-0.03630793,-0.09442139000000001,-0.06518555,-0.07727051,0.12991326,-0.12809253,-0.055077076,0.046417236,-0.0041198730000000005,-0.006439209,0.013684124,-0.17296961,-0.14596403,0.046417236,-0.0041198730000000005,-0.006439209,0.013684124,-0.17296961,-0.14596403,0.11206055000000001,-0.0008544922000000001,-0.13360596,-0.024008945,-0.13370135,-0.028259814,0.11206055000000001,-0.0008544922000000001,-0.13360596,-0.024008945,-0.13370135,-0.028259814,0.13146973,-0.014160156,-0.16040039,-0.03823547,-0.10155839,0.0013318658,0.055725098,0.07351684600000001,-0.18334961,0.036830276,-0.16337624,0.0388031,0.061340332000000004,0.11227417,-0.18814087000000002,0.029601663,-0.19945648,0.046773553,-0.022094727,0.22042847000000002,-0.20724487,0.104806855,-0.3048762,0.07768625,-0.1182251,0.22640991,-0.22042847000000002,0.18875484,-0.32315665,0.09807253,-0.1182251,0.22640991,-0.22042847000000002,0.18875484,-0.32315665,0.09807253,-0.21496582,0.3015442,-0.17272949,0.27480006,-0.43960243,0.045109153000000006,-0.21496582,0.3015442,-0.17272949,0.27480006,-0.43960243,0.045109153000000006,0.15213013,0.037963867000000005,-0.31298828,-0.10342269999999999,-0.19146726,0.18049985000000002,0.15213013,0.037963867000000005,-0.31298828,-0.10342269999999999,-0.19146726,0.18049985000000002,检查1#变、2变、开闭所有进线、出线地刀在拉开位置。
-0.54000854,-0.08148193000000001,-0.20877075,0.61813605,0.012231007,0.0944134,-0.54000854,-0.08148193000000001,-0.20877075,0.61813605,0.012231007,0.0944134,-0.11013794,-0.10144043,-0.09402466,0.14447649,-0.08859141,-0.03630793,-0.11013794,-0.10144043,-0.09402466,0.14447649,-0.08859141,-0.03630793,-0.09442139000000001,-0.06518555,-0.07727051,0.12991326,-0.12809253,-0.055077076,0.046417236,-0.0041198730000000005,-0.006439209,0.013684124,-0.17296961,-0.14596403,0.046417236,-0.0041198730000000005,-0.006439209,0.013684124,-0.17296961,-0.14596403,0.11206055000000001,-0.0008544922000000001,-0.13360596,-0.024008945,-0.13370135,-0.028259814,0.11206055000000001,-0.0008544922000000001,-0.13360596,-0.024008945,-0.13370135,-0.028259814,0.13146973,-0.014160156,-0.16040039,-0.03823547,-0.10155839,0.0013318658,0.055725098,0.07351684600000001,-0.18334961,0.036830276,-0.16337624,0.0388031,0.061340332000000004,0.11227417,-0.18814087000000002,0.029601663,-0.19945648,0.046773553,-0.022094727,0.22042847000000002,-0.20724487,0.104806855,-0.3048762,0.07768625,-0.1182251,0.22640991,-0.22042847000000002,0.18875484,-0.32315665,0.09807253,-0.1182251,0.22640991,-0.22042847000000002,0.18875484,-0.32315665,0.09807253,-0.21496582,0.3015442,-0.17272949,0.27480006,-0.43960243,0.045109153000000006,-0.21496582,0.3015442,-0.17272949,0.27480006,-0.43960243,0.045109153000000006,0.15213013,0.037963867000000005,-0.31298828,-0.10342269999999999,-0.19146726,0.18049985000000002,0.15213013,0.037963867000000005,-0.31298828,-0.10342269999999999,-0.19146726,0.18049985000000002,0.15213013,0.037963867000000005,-0.31298828,-0.10342269999999999,-0.19146726,0.18049985000000002,检查1#变、2变、开闭所有进线、出线地刀在拉开位置。
-0.54000854,-0.08148193000000001,-0.20877075,0.61813605,0.012231007,0.0944134,-0.11013794,-0.10144043,-0.09402466,0.14447649,-0.08859141,-0.03630793,-0.11013794,-0.10144043,-0.09402466,0.14447649,-0.08859141,-0.03630793,-0.09442139000000001,-0.06518555,-0.07727051,0.12991326,-0.12809253,-0.055077076,0.046417236,-0.0041198730000000005,-0.006439209,0.013684124,-0.17296961,-0.14596403,0.046417236,-0.0041198730000000005,-0.006439209,0.013684124,-0.17296961,-0.14596403,0.11206055000000001,-0.0008544922000000001,-0.13360596,-0.024008945,-0.13370135,-0.028259814,0.11206055000000001,-0.0008544922000000001,-0.13360596,-0.024008945,-0.13370135,-0.028259814,0.13146973,-0.014160156,-0.16040039,-0.03823547,-0.10155839,0.0013318658,0.055725098,0.07351684600000001,-0.18334961,0.036830276,-0.16337624,0.0388031,0.061340332000000004,0.11227417,-0.18814087000000002,0.029601663,-0.19945648,0.046773553,-0.022094727,0.22042847000000002,-0.20724487,0.104806855,-0.3048762,0.07768625,-0.1182251,0.22640991,-0.22042847000000002,0.18875484,-0.32315665,0.09807253,-0.1182251,0.22640991,-0.22042847000000002,0.18875484,-0.32315665,0.09807253,-0.21496582,0.3015442,-0.17272949,0.27480006,-0.43960243,0.045109153000000006,-0.21496582,0.3015442,-0.17272949,0.27480006,-0.43960243,0.045109153000000006,0.15213013,0.037963867000000005,-0.31298828,-0.10342269999999999,-0.19146726,0.18049985000000002,0.15213013,0.037963867000000005,-0.31298828,-0.10342269999999999,-0.19146726,0.18049985000000002,0.15213013,0.037963867000000005,-0.31298828,-0.10342269999999999,-0.19146726,0.18049985000000002,0.13845825,0.055511475000000005,-0.28900146,-0.09837569,-0.20693031,0.16581379999999998,检查1#变、2变、开闭所有进线、出线地刀在拉开位置。
-0.11013794,-0.10144043,-0.09402466,0.14447649,-0.08859141,-0.03630793,-0.11013794,-0.10144043,-0.09402466,0.14447649,-0.08859141,-0.03630793,-0.09442139000000001,-0.06518555,-0.07727051,0.12991326,-0.12809253,-0.055077076,0.046417236,-0.0041198730000000005,-0.006439209,0.013684124,-0.17296961,-0.14596403,0.046417236,-0.0041198730000000005,-0.006439209,0.013684124,-0.17296961,-0.14596403,0.11206055000000001,-0.0008544922000000001,-0.13360596,-0.024008945,-0.13370135,-0.028259814,0.11206055000000001,-0.0008544922000000001,-0.13360596,-0.024008945,-0.13370135,-0.028259814,0.13146973,-0.014160156,-0.16040039,-0.03823547,-0.10155839,0.0013318658,0.055725098,0.07351684600000001,-0.18334961,0.036830276,-0.16337624,0.0388031,0.061340332000000004,0.11227417,-0.18814087000000002,0.029601663,-0.19945648,0.046773553,-0.022094727,0.22042847000000002,-0.20724487,0.104806855,-0.3048762,0.07768625,-0.1182251,0.22640991,-0.22042847000000002,0.18875484,-0.32315665,0.09807253,-0.1182251,0.22640991,-0.22042847000000002,0.18875484,-0.32315665,0.09807253,-0.21496582,0.3015442,-0.17272949,0.27480006,-0.43960243,0.045109153000000006,-0.21496582,0.3015442,-0.17272949,0.27480006,-0.43960243,0.045109153000000006,0.15213013,0.037963867000000005,-0.31298828,-0.10342269999999999,-0.19146726,0.18049985000000002,0.15213013,0.037963867000000005,-0.31298828,-0.10342269999999999,-0.19146726,0.18049985000000002,0.15213013,0.037963867000000005,-0.31298828,-0.10342269999999999,-0.19146726,0.18049985000000002,0.13845825,0.055511475000000005,-0.28900146,-0.09837569,-0.20693031,0.16581379999999998,0.09738159,0.06427002,-0.2581787,-0.05978089600000001,-0.21204674,0.1394248,检查1#变、2变、开闭所有进线、出线地刀在拉开位置。
-0.11013794,-0.10144043,-0.09402466,0.14447649,-0.08859141,-0.03630793,-0.09442139000000001,-0.06518555,-0.07727051,0.12991326,-0.12809253,-0.055077076,0.046417236,-0.0041198730000000005,-0.006439209,0.013684124,-0.17296961,-0.14596403,0.046417236,-0.0041198730000000005,-0.006439209,0.013684124,-0.17296961,-0.14596403,0.11206055000000001,-0.0008544922000000001,-0.13360596,-0.024008945,-0.13370135,-0.028259814,0.11206055000000001,-0.0008544922000000001,-0.13360596,-0.024008945,-0.13370135,-0.028259814,0.13146973,-0.014160156,-0.16040039,-0.03823547,-0.10155839,0.0013318658,0.055725098,0.07351684600000001,-0.18334961,0.036830276,-0.16337624,0.0388031,0.061340332000000004,0.11227417,-0.18814087000000002,0.029601663,-0.19945648,0.046773553,-0.022094727,0.22042847000000002,-0.20724487,0.104806855,-0.3048762,0.07768625,-0.1182251,0.22640991,-0.22042847000000002,0.18875484,-0.32315665,0.09807253,-0.1182251,0.22640991,-0.22042847000000002,0.18875484,-0.32315665,0.09807253,-0.21496582,0.3015442,-0.17272949,0.27480006,-0.43960243,0.045109153000000006,-0.21496582,0.3015442,-0.17272949,0.27480006,-0.43960243,0.045109153000000006,0.15213013,0.037963867000000005,-0.31298828,-0.10342269999999999,-0.19146726,0.18049985000000002,0.15213013,0.037963867000000005,-0.31298828,-0.10342269999999999,-0.19146726,0.18049985000000002,0.15213013,0.037963867000000005,-0.31298828,-0.10342269999999999,-0.19146726,0.18049985000000002,0.13845825,0.055511475000000005,-0.28900146,-0.09837569,-0.20693031,0.16581379999999998,0.09738159,0.06427002,-0.2581787,-0.05978089600000001,-0.21204674,0.1394248,-0.07763672,0.17373657,-0.24261475000000002,0.10611613,-0.29835546,0.14735399999999998,检查1#变、2变、开闭所有进线、出线地刀在拉开位置。
-0.09442139000000001,-0.06518555,-0.07727051,0.12991326,-0.12809253,-0.055077076,0.046417236,-0.0041198730000000005,-0.006439209,0.013684124,-0.17296961,-0.14596403,0.046417236,-0.0041198730000000005,-0.006439209,0.013684124,-0.17296961,-0.14596403,0.11206055000000001,-0.0008544922000000001,-0.13360596,-0.024008945,-0.13370135,-0.028259814,0.11206055000000001,-0.0008544922000000001,-0.13360596,-0.024008945,-0.13370135,-0.028259814,0.13146973,-0.014160156,-0.16040039,-0.03823547,-0.10155839,0.0013318658,0.055725098,0.07351684600000001,-0.18334961,0.036830276,-0.16337624,0.0388031,0.061340332000000004,0.11227417,-0.18814087000000002,0.029601663,-0.19945648,0.046773553,-0.022094727,0.22042847000000002,-0.20724487,0.104806855,-0.3048762,0.07768625,-0.1182251,0.22640991,-0.22042847000000002,0.18875484,-0.32315665,0.09807253,-0.1182251,0.22640991,-0.22042847000000002,0.18875484,-0.32315665,0.09807253,-0.21496582,0.3015442,-0.17272949,0.27480006,-0.43960243,0.045109153000000006,-0.21496582,0.3015442,-0.17272949,0.27480006,-0.43960243,0.045109153000000006,0.15213013,0.037963867000000005,-0.31298828,-0.10342269999999999,-0.19146726,0.18049985000000002,0.15213013,0.037963867000000005,-0.31298828,-0.10342269999999999,-0.19146726,0.18049985000000002,0.15213013,0.037963867000000005,-0.31298828,-0.10342269999999999,-0.19146726,0.18049985000000002,0.13845825,0.055511475000000005,-0.28900146,-0.09837569,-0.20693031,0.16581379999999998,0.09738159,0.06427002,-0.2581787,-0.05978089600000001,-0.21204674,0.1394248,-0.07763672,0.17373657,-0.24261475000000002,0.10611613,-0.29835546,0.14735399999999998,-0.32177734,0.13052368,-0.18981934,0.35304987,-0.22371072,0.10934621,检查1#变、2变、开闭所有进线、出线地刀在拉开位置。
0.046417236,-0.0041198730000000005,-0.006439209,0.013684124,-0.17296961,-0.14596403,0.046417236,-0.0041198730000000005,-0.006439209,0.013684124,-0.17296961,-0.14596403,0.11206055000000001,-0.0008544922000000001,-0.13360596,-0.024008945,-0.13370135,-0.028259814,0.11206055000000001,-0.0008544922000000001,-0.13360596,-0.024008945,-0.13370135,-0.028259814,0.13146973,-0.014160156,-0.16040039,-0.03823547,-0.10155839,0.0013318658,0.055725098,0.07351684600000001,-0.18334961,0.036830276,-0.16337624,0.0388031,0.061340332000000004,0.11227417,-0.18814087000000002,0.029601663,-0.19945648,0.046773553,-0.022094727,0.22042847000000002,-0.20724487,0.104806855,-0.3048762,0.07768625,-0.1182251,0.22640991,-0.22042847000000002,0.18875484,-0.32315665,0.09807253,-0.1182251,0.22640991,-0.22042847000000002,0.18875484,-0.32315665,0.09807253,-0.21496582,0.3015442,-0.17272949,0.27480006,-0.43960243,0.045109153000000006,-0.21496582,0.3015442,-0.17272949,0.27480006,-0.43960243,0.045109153000000006,0.15213013,0.037963867000000005,-0.31298828,-0.10342269999999999,-0.19146726,0.18049985000000002,0.15213013,0.037963867000000005,-0.31298828,-0.10342269999999999,-0.19146726,0.18049985000000002,0.15213013,0.037963867000000005,-0.31298828,-0.10342269999999999,-0.19146726,0.18049985000000002,0.13845825,0.055511475000000005,-0.28900146,-0.09837569,-0.20693031,0.16581379999999998,0.09738159,0.06427002,-0.2581787,-0.05978089600000001,-0.21204674,0.1394248,-0.07763672,0.17373657,-0.24261475000000002,0.10611613,-0.29835546,0.14735399999999998,-0.32177734,0.13052368,-0.18981934,0.35304987,-0.22371072,0.10934621,-0.3323059,0.058135986,-0.14031982,0.36672848,-0.14729053,0.05697143,检查1#变、2变、开闭所有进线、出线地刀在拉开位置。
0.046417236,-0.0041198730000000005,-0.006439209,0.013684124,-0.17296961,-0.14596403,0.11206055000000001,-0.0008544922000000001,-0.13360596,-0.024008945,-0.13370135,-0.028259814,0.11206055000000001,-0.0008544922000000001,-0.13360596,-0.024008945,-0.13370135,-0.028259814,0.13146973,-0.014160156,-0.16040039,-0.03823547,-0.10155839,0.0013318658,0.055725098,0.07351684600000001,-0.18334961,0.036830276,-0.16337624,0.0388031,0.061340332000000004,0.11227417,-0.18814087000000002,0.029601663,-0.19945648,0.046773553,-0.022094727,0.22042847000000002,-0.20724487,0.104806855,-0.3048762,0.07768625,-0.1182251,0.22640991,-0.22042847000000002,0.18875484,-0.32315665,0.09807253,-0.1182251,0.22640991,-0.22042847000000002,0.18875484,-0.32315665,0.09807253,-0.21496582,0.3015442,-0.17272949,0.27480006,-0.43960243,0.045109153000000006,-0.21496582,0.3015442,-0.17272949,0.27480006,-0.43960243,0.045109153000000006,0.15213013,0.037963867000000005,-0.31298828,-0.10342269999999999,-0.19146726,0.18049985000000002,0.15213013,0.037963867000000005,-0.31298828,-0.10342269999999999,-0.19146726,0.18049985000000002,0.15213013,0.037963867000000005,-0.31298828,-0.10342269999999999,-0.19146726,0.18049985000000002,0.13845825,0.055511475000000005,-0.28900146,-0.09837569,-0.20693031,0.16581379999999998,0.09738159,0.06427002,-0.2581787,-0.05978089600000001,-0.21204674,0.1394248,-0.07763672,0.17373657,-0.24261475000000002,0.10611613,-0.29835546,0.14735399999999998,-0.32177734,0.13052368,-0.18981934,0.35304987,-0.22371072,0.10934621,-0.3323059,0.058135986,-0.14031982,0.36672848,-0.14729053,0.05697143,-0.21881104,-0.030548096,-0.07434082,0.29184717,-0.04856661,-0.046017647,检查1#变、2变、开闭所有进线、出线地刀在拉开位置。
0.11206055000000001,-0.0008544922000000001,-0.13360596,-0.024008945,-0.13370135,-0.028259814,0.11206055000000001,-0.0008544922000000001,-0.13360596,-0.024008945,-0.13370135,-0.028259814,0.13146973,-0.014160156,-0.16040039,-0.03823547,-0.10155839,0.0013318658,0.055725098,0.07351684600000001,-0.18334961,0.036830276,-0.16337624,0.0388031,0.061340332000000004,0.11227417,-0.18814087000000002,0.029601663,-0.19945648,0.046773553,-0.022094727,0.22042847000000002,-0.20724487,0.104806855,-0.3048762,0.07768625,-0.1182251,0.22640991,-0.22042847000000002,0.18875484,-0.32315665,0.09807253,-0.1182251,0.22640991,-0.22042847000000002,0.18875484,-0.32315665,0.09807253,-0.21496582,0.3015442,-0.17272949,0.27480006,-0.43960243,0.045109153000000006,-0.21496582,0.3015442,-0.17272949,0.27480006,-0.43960243,0.045109153000000006,0.15213013,0.037963867000000005,-0.31298828,-0.10342269999999999,-0.19146726,0.18049985000000002,0.15213013,0.037963867000000005,-0.31298828,-0.10342269999999999,-0.19146726,0.18049985000000002,0.15213013,0.037963867000000005,-0.31298828,-0.10342269999999999,-0.19146726,0.18049985000000002,0.13845825,0.055511475000000005,-0.28900146,-0.09837569,-0.20693031,0.16581379999999998,0.09738159,0.06427002,-0.2581787,-0.05978089600000001,-0.21204674,0.1394248,-0.07763672,0.17373657,-0.24261475000000002,0.10611613,-0.29835546,0.14735399999999998,-0.32177734,0.13052368,-0.18981934,0.35304987,-0.22371072,0.10934621,-0.3323059,0.058135986,-0.14031982,0.36672848,-0.14729053,0.05697143,-0.21881104,-0.030548096,-0.07434082,0.29184717,-0.04856661,-0.046017647,-0.21881104,-0.030548096,-0.07434082,0.29184717,-0.04856661,-0.046017647,检查1#变、2变、开闭所有进线、出线地刀在拉开位置。
0.11206055000000001,-0.0008544922000000001,-0.13360596,-0.024008945,-0.13370135,-0.028259814,0.13146973,-0.014160156,-0.16040039,-0.03823547,-0.10155839,0.0013318658,0.055725098,0.07351684600000001,-0.18334961,0.036830276,-0.16337624,0.0388031,0.061340332000000004,0.11227417,-0.18814087000000002,0.029601663,-0.19945648,0.046773553,-0.022094727,0.22042847000000002,-0.20724487,0.104806855,-0.3048762,0.07768625,-0.1182251,0.22640991,-0.22042847000000002,0.18875484,-0.32315665,0.09807253,-0.1182251,0.22640991,-0.22042847000000002,0.18875484,-0.32315665,0.09807253,-0.21496582,0.3015442,-0.17272949,0.27480006,-0.43960243,0.045109153000000006,-0.21496582,0.3015442,-0.17272949,0.27480006,-0.43960243,0.045109153000000006,0.15213013,0.037963867000000005,-0.31298828,-0.10342269999999999,-0.19146726,0.18049985000000002,0.15213013,0.037963867000000005,-0.31298828,-0.10342269999999999,-0.19146726,0.18049985000000002,0.15213013,0.037963867000000005,-0.31298828,-0.10342269999999999,-0.19146726,0.18049985000000002,0.13845825,0.055511475000000005,-0.28900146,-0.09837569,-0.20693031,0.16581379999999998,0.09738159,0.06427002,-0.2581787,-0.05978089600000001,-0.21204674,0.1394248,-0.07763672,0.17373657,-0.24261475000000002,0.10611613,-0.29835546,0.14735399999999998,-0.32177734,0.13052368,-0.18981934,0.35304987,-0.22371072,0.10934621,-0.3323059,0.058135986,-0.14031982,0.36672848,-0.14729053,0.05697143,-0.21881104,-0.030548096,-0.07434082,0.29184717,-0.04856661,-0.046017647,-0.21881104,-0.030548096,-0.07434082,0.29184717,-0.04856661,-0.046017647,-0.21881104,-0.030548096,-0.07434082,0.29184717,-0.04856661,-0.046017647,检查1#变、2变、开闭所有进线、出线地刀在拉开位置。
0.13146973,-0.014160156,-0.16040039,-0.03823547,-0.10155839,0.0013318658,0.055725098,0.07351684600000001,-0.18334961,0.036830276,-0.16337624,0.0388031,0.061340332000000004,0.11227417,-0.18814087000000002,0.029601663,-0.19945648,0.046773553,-0.022094727,0.22042847000000002,-0.20724487,0.104806855,-0.3048762,0.07768625,-0.1182251,0.22640991,-0.22042847000000002,0.18875484,-0.32315665,0.09807253,-0.1182251,0.22640991,-0.22042847000000002,0.18875484,-0.32315665,0.09807253,-0.21496582,0.3015442,-0.17272949,0.27480006,-0.43960243,0.045109153000000006,-0.21496582,0.3015442,-0.17272949,0.27480006,-0.43960243,0.045109153000000006,0.15213013,0.037963867000000005,-0.31298828,-0.10342269999999999,-0.19146726,0.18049985000000002,0.15213013,0.037963867000000005,-0.31298828,-0.10342269999999999,-0.19146726,0.18049985000000002,0.15213013,0.037963867000000005,-0.31298828,-0.10342269999999999,-0.19146726,0.18049985000000002,0.13845825,0.055511475000000005,-0.28900146,-0.09837569,-0.20693031,0.16581379999999998,0.09738159,0.06427002,-0.2581787,-0.05978089600000001,-0.21204674,0.1394248,-0.07763672,0.17373657,-0.24261475000000002,0.10611613,-0.29835546,0.14735399999999998,-0.32177734,0.13052368,-0.18981934,0.35304987,-0.22371072,0.10934621,-0.3323059,0.058135986,-0.14031982,0.36672848,-0.14729053,0.05697143,-0.21881104,-0.030548096,-0.07434082,0.29184717,-0.04856661,-0.046017647,-0.21881104,-0.030548096,-0.07434082,0.29184717,-0.04856661,-0.046017647,-0.21881104,-0.030548096,-0.07434082,0.29184717,-0.04856661,-0.046017647,-0.21881104,-0.030548096,-0.07434082,0.29184717,-0.04856661,-0.046017647,检查1#变、2变、开闭所有进线、出线地刀在拉开位置。
0.055725098,0.07351684600000001,-0.18334961,0.036830276,-0.16337624,0.0388031,0.061340332000000004,0.11227417,-0.18814087000000002,0.029601663,-0.19945648,0.046773553,-0.022094727,0.22042847000000002,-0.20724487,0.104806855,-0.3048762,0.07768625,-0.1182251,0.22640991,-0.22042847000000002,0.18875484,-0.32315665,0.09807253,-0.1182251,0.22640991,-0.22042847000000002,0.18875484,-0.32315665,0.09807253,-0.21496582,0.3015442,-0.17272949,0.27480006,-0.43960243,0.045109153000000006,-0.21496582,0.3015442,-0.17272949,0.27480006,-0.43960243,0.045109153000000006,0.15213013,0.037963867000000005,-0.31298828,-0.10342269999999999,-0.19146726,0.18049985000000002,0.15213013,0.037963867000000005,-0.31298828,-0.10342269999999999,-0.19146726,0.18049985000000002,0.15213013,0.037963867000000005,-0.31298828,-0.10342269999999999,-0.19146726,0.18049985000000002,0.13845825,0.055511475000000005,-0.28900146,-0.09837569,-0.20693031,0.16581379999999998,0.09738159,0.06427002,-0.2581787,-0.05978089600000001,-0.21204674,0.1394248,-0.07763672,0.17373657,-0.24261475000000002,0.10611613,-0.29835546,0.14735399999999998,-0.32177734,0.13052368,-0.18981934,0.35304987,-0.22371072,0.10934621,-0.3323059,0.058135986,-0.14031982,0.36672848,-0.14729053,0.05697143,-0.21881104,-0.030548096,-0.07434082,0.29184717,-0.04856661,-0.046017647,-0.21881104,-0.030548096,-0.07434082,0.29184717,-0.04856661,-0.046017647,-0.21881104,-0.030548096,-0.07434082,0.29184717,-0.04856661,-0.046017647,-0.21881104,-0.030548096,-0.07434082,0.29184717,-0.04856661,-0.046017647,-0.21881104,-0.030548096,-0.07434082,0.29184717,-0.04856661,-0.046017647,检查1#变、2变、开闭所有进线、出线地刀在拉开位置。
0.061340332000000004,0.11227417,-0.18814087000000002,0.029601663,-0.19945648,0.046773553,-0.022094727,0.22042847000000002,-0.20724487,0.104806855,-0.3048762,0.07768625,-0.1182251,0.22640991,-0.22042847000000002,0.18875484,-0.32315665,0.09807253,-0.1182251,0.22640991,-0.22042847000000002,0.18875484,-0.32315665,0.09807253,-0.21496582,0.3015442,-0.17272949,0.27480006,-0.43960243,0.045109153000000006,-0.21496582,0.3015442,-0.17272949,0.27480006,-0.43960243,0.045109153000000006,0.15213013,0.037963867000000005,-0.31298828,-0.10342269999999999,-0.19146726,0.18049985000000002,0.15213013,0.037963867000000005,-0.31298828,-0.10342269999999999,-0.19146726,0.18049985000000002,0.15213013,0.037963867000000005,-0.31298828,-0.10342269999999999,-0.19146726,0.18049985000000002,0.13845825,0.055511475000000005,-0.28900146,-0.09837569,-0.20693031,0.16581379999999998,0.09738159,0.06427002,-0.2581787,-0.05978089600000001,-0.21204674,0.1394248,-0.07763672,0.17373657,-0.24261475000000002,0.10611613,-0.29835546,0.14735399999999998,-0.32177734,0.13052368,-0.18981934,0.35304987,-0.22371072,0.10934621,-0.3323059,0.058135986,-0.14031982,0.36672848,-0.14729053,0.05697143,-0.21881104,-0.030548096,-0.07434082,0.29184717,-0.04856661,-0.046017647,-0.21881104,-0.030548096,-0.07434082,0.29184717,-0.04856661,-0.046017647,-0.21881104,-0.030548096,-0.07434082,0.29184717,-0.04856661,-0.046017647,-0.21881104,-0.030548096,-0.07434082,0.29184717,-0.04856661,-0.046017647,-0.21881104,-0.030548096,-0.07434082,0.29184717,-0.04856661,-0.046017647,-0.17614746,-0.032318115,-0.01626587,0.3361689,-0.034845494000000005,-0.17127383000000002,检查1#变、2变、开闭所有进线、出线地刀在拉开位置。
-0.022094727,0.22042847000000002,-0.20724487,0.104806855,-0.3048762,0.07768625,-0.1182251,0.22640991,-0.22042847000000002,0.18875484,-0.32315665,0.09807253,-0.1182251,0.22640991,-0.22042847000000002,0.18875484,-0.32315665,0.09807253,-0.21496582,0.3015442,-0.17272949,0.27480006,-0.43960243,0.045109153000000006,-0.21496582,0.3015442,-0.17272949,0.27480006,-0.43960243,0.045109153000000006,0.15213013,0.037963867000000005,-0.31298828,-0.10342269999999999,-0.19146726,0.18049985000000002,0.15213013,0.037963867000000005,-0.31298828,-0.10342269999999999,-0.19146726,0.18049985000000002,0.15213013,0.037963867000000005,-0.31298828,-0.10342269999999999,-0.19146726,0.18049985000000002,0.13845825,0.055511475000000005,-0.28900146,-0.09837569,-0.20693031,0.16581379999999998,0.09738159,0.06427002,-0.2581787,-0.05978089600000001,-0.21204674,0.1394248,-0.07763672,0.17373657,-0.24261475000000002,0.10611613,-0.29835546,0.14735399999999998,-0.32177734,0.13052368,-0.18981934,0.35304987,-0.22371072,0.10934621,-0.3323059,0.058135986,-0.14031982,0.36672848,-0.14729053,0.05697143,-0.21881104,-0.030548096,-0.07434082,0.29184717,-0.04856661,-0.046017647,-0.21881104,-0.030548096,-0.07434082,0.29184717,-0.04856661,-0.046017647,-0.21881104,-0.030548096,-0.07434082,0.29184717,-0.04856661,-0.046017647,-0.21881104,-0.030548096,-0.07434082,0.29184717,-0.04856661,-0.046017647,-0.21881104,-0.030548096,-0.07434082,0.29184717,-0.04856661,-0.046017647,-0.17614746,-0.032318115,-0.01626587,0.3361689,-0.034845494000000005,-0.17127383000000002,-0.17614746,-0.032318115,-0.01626587,0.3361689,-0.034845494000000005,-0.17127383000000002,检查1#变、2变、开闭所有进线、出线地刀在拉开位置。
-0.1182251,0.22640991,-0.22042847000000002,0.18875484,-0.32315665,0.09807253,-0.1182251,0.22640991,-0.22042847000000002,0.18875484,-0.32315665,0.09807253,-0.21496582,0.3015442,-0.17272949,0.27480006,-0.43960243,0.045109153000000006,-0.21496582,0.3015442,-0.17272949,0.27480006,-0.43960243,0.045109153000000006,0.15213013,0.037963867000000005,-0.31298828,-0.10342269999999999,-0.19146726,0.18049985000000002,0.15213013,0.037963867000000005,-0.31298828,-0.10342269999999999,-0.19146726,0.18049985000000002,0.15213013,0.037963867000000005,-0.31298828,-0.10342269999999999,-0.19146726,0.18049985000000002,0.13845825,0.055511475000000005,-0.28900146,-0.09837569,-0.20693031,0.16581379999999998,0.09738159,0.06427002,-0.2581787,-0.05978089600000001,-0.21204674,0.1394248,-0.07763672,0.17373657,-0.24261475000000002,0.10611613,-0.29835546,0.14735399999999998,-0.32177734,0.13052368,-0.18981934,0.35304987,-0.22371072,0.10934621,-0.3323059,0.058135986,-0.14031982,0.36672848,-0.14729053,0.05697143,-0.21881104,-0.030548096,-0.07434082,0.29184717,-0.04856661,-0.046017647,-0.21881104,-0.030548096,-0.07434082,0.29184717,-0.04856661,-0.046017647,-0.21881104,-0.030548096,-0.07434082,0.29184717,-0.04856661,-0.046017647,-0.21881104,-0.030548096,-0.07434082,0.29184717,-0.04856661,-0.046017647,-0.21881104,-0.030548096,-0.07434082,0.29184717,-0.04856661,-0.046017647,-0.17614746,-0.032318115,-0.01626587,0.3361689,-0.034845494000000005,-0.17127383000000002,-0.17614746,-0.032318115,-0.01626587,0.3361689,-0.034845494000000005,-0.17127383000000002,-0.034088135000000006,-0.34222412,-0.07360839999999999,0.28623139999999997,0.2717695,-0.17933387,检查1#变、2变、开闭所有进线、出线地刀在拉开位置。
-0.1182251,0.22640991,-0.22042847000000002,0.18875484,-0.32315665,0.09807253,-0.21496582,0.3015442,-0.17272949,0.27480006,-0.43960243,0.045109153000000006,-0.21496582,0.3015442,-0.17272949,0.27480006,-0.43960243,0.045109153000000006,0.15213013,0.037963867000000005,-0.31298828,-0.10342269999999999,-0.19146726,0.18049985000000002,0.15213013,0.037963867000000005,-0.31298828,-0.10342269999999999,-0.19146726,0.18049985000000002,0.15213013,0.037963867000000005,-0.31298828,-0.10342269999999999,-0.19146726,0.18049985000000002,0.13845825,0.055511475000000005,-0.28900146,-0.09837569,-0.20693031,0.16581379999999998,0.09738159,0.06427002,-0.2581787,-0.05978089600000001,-0.21204674,0.1394248,-0.07763672,0.17373657,-0.24261475000000002,0.10611613,-0.29835546,0.14735399999999998,-0.32177734,0.13052368,-0.18981934,0.35304987,-0.22371072,0.10934621,-0.3323059,0.058135986,-0.14031982,0.36672848,-0.14729053,0.05697143,-0.21881104,-0.030548096,-0.07434082,0.29184717,-0.04856661,-0.046017647,-0.21881104,-0.030548096,-0.07434082,0.29184717,-0.04856661,-0.046017647,-0.21881104,-0.030548096,-0.07434082,0.29184717,-0.04856661,-0.046017647,-0.21881104,-0.030548096,-0.07434082,0.29184717,-0.04856661,-0.046017647,-0.21881104,-0.030548096,-0.07434082,0.29184717,-0.04856661,-0.046017647,-0.17614746,-0.032318115,-0.01626587,0.3361689,-0.034845494000000005,-0.17127383000000002,-0.17614746,-0.032318115,-0.01626587,0.3361689,-0.034845494000000005,-0.17127383000000002,-0.034088135000000006,-0.34222412,-0.07360839999999999,0.28623139999999997,0.2717695,-0.17933387,0.050872803,-0.32104492,-0.21856689999999998,0.27487737,0.2644852,-0.06455827,检查1#变、2变、开闭所有进线、出线地刀在拉开位置。
-0.21496582,0.3015442,-0.17272949,0.27480006,-0.43960243,0.045109153000000006,-0.21496582,0.3015442,-0.17272949,0.27480006,-0.43960243,0.045109153000000006,0.15213013,0.037963867000000005,-0.31298828,-0.10342269999999999,-0.19146726,0.18049985000000002,0.15213013,0.037963867000000005,-0.31298828,-0.10342269999999999,-0.19146726,0.18049985000000002,0.15213013,0.037963867000000005,-0.31298828,-0.10342269999999999,-0.19146726,0.18049985000000002,0.13845825,0.055511475000000005,-0.28900146,-0.09837569,-0.20693031,0.16581379999999998,0.09738159,0.06427002,-0.2581787,-0.05978089600000001,-0.21204674,0.1394248,-0.07763672,0.17373657,-0.24261475000000002,0.10611613,-0.29835546,0.14735399999999998,-0.32177734,0.13052368,-0.18981934,0.35304987,-0.22371072,0.10934621,-0.3323059,0.058135986,-0.14031982,0.36672848,-0.14729053,0.05697143,-0.21881104,-0.030548096,-0.07434082,0.29184717,-0.04856661,-0.046017647,-0.21881104,-0.030548096,-0.07434082,0.29184717,-0.04856661,-0.046017647,-0.21881104,-0.030548096,-0.07434082,0.29184717,-0.04856661,-0.046017647,-0.21881104,-0.030548096,-0.07434082,0.29184717,-0.04856661,-0.046017647,-0.21881104,-0.030548096,-0.07434082,0.29184717,-0.04856661,-0.046017647,-0.17614746,-0.032318115,-0.01626587,0.3361689,-0.034845494000000005,-0.17127383000000002,-0.17614746,-0.032318115,-0.01626587,0.3361689,-0.034845494000000005,-0.17127383000000002,-0.034088135000000006,-0.34222412,-0.07360839999999999,0.28623139999999997,0.2717695,-0.17933387,0.050872803,-0.32104492,-0.21856689999999998,0.27487737,0.2644852,-0.06455827,-0.019989014000000003,-0.28671265,-0.31988525,0.38247895,0.25767764,0.035390496,检查1#变、2变、开闭所有进线、出线地刀在拉开位置。
-0.21496582,0.3015442,-0.17272949,0.27480006,-0.43960243,0.045109153000000006,0.15213013,0.037963867000000005,-0.31298828,-0.10342269999999999,-0.19146726,0.18049985000000002,0.15213013,0.037963867000000005,-0.31298828,-0.10342269999999999,-0.19146726,0.18049985000000002,0.15213013,0.037963867000000005,-0.31298828,-0.10342269999999999,-0.19146726,0.18049985000000002,0.13845825,0.055511475000000005,-0.28900146,-0.09837569,-0.20693031,0.16581379999999998,0.09738159,0.06427002,-0.2581787,-0.05978089600000001,-0.21204674,0.1394248,-0.07763672,0.17373657,-0.24261475000000002,0.10611613,-0.29835546,0.14735399999999998,-0.32177734,0.13052368,-0.18981934,0.35304987,-0.22371072,0.10934621,-0.3323059,0.058135986,-0.14031982,0.36672848,-0.14729053,0.05697143,-0.21881104,-0.030548096,-0.07434082,0.29184717,-0.04856661,-0.046017647,-0.21881104,-0.030548096,-0.07434082,0.29184717,-0.04856661,-0.046017647,-0.21881104,-0.030548096,-0.07434082,0.29184717,-0.04856661,-0.046017647,-0.21881104,-0.030548096,-0.07434082,0.29184717,-0.04856661,-0.046017647,-0.21881104,-0.030548096,-0.07434082,0.29184717,-0.04856661,-0.046017647,-0.17614746,-0.032318115,-0.01626587,0.3361689,-0.034845494000000005,-0.17127383000000002,-0.17614746,-0.032318115,-0.01626587,0.3361689,-0.034845494000000005,-0.17127383000000002,-0.034088135000000006,-0.34222412,-0.07360839999999999,0.28623139999999997,0.2717695,-0.17933387,0.050872803,-0.32104492,-0.21856689999999998,0.27487737,0.2644852,-0.06455827,-0.019989014000000003,-0.28671265,-0.31988525,0.38247895,0.25767764,0.035390496,-0.15750122,-0.22415161,-0.28985596,0.5322488,0.23497003,0.02106309,检查1#变、2变、开闭所有进线、出线地刀在拉开位置。
0.15213013,0.037963867000000005,-0.31298828,-0.10342269999999999,-0.19146726,0.18049985000000002,0.15213013,0.037963867000000005,-0.31298828,-0.10342269999999999,-0.19146726,0.18049985000000002,0.15213013,0.037963867000000005,-0.31298828,-0.10342269999999999,-0.19146726,0.18049985000000002,0.13845825,0.055511475000000005,-0.28900146,-0.09837569,-0.20693031,0.16581379999999998,0.09738159,0.06427002,-0.2581787,-0.05978089600000001,-0.21204674,0.1394248,-0.07763672,0.17373657,-0.24261475000000002,0.10611613,-0.29835546,0.14735399999999998,-0.32177734,0.13052368,-0.18981934,0.35304987,-0.22371072,0.10934621,-0.3323059,0.058135986,-0.14031982,0.36672848,-0.14729053,0.05697143,-0.21881104,-0.030548096,-0.07434082,0.29184717,-0.04856661,-0.046017647,-0.21881104,-0.030548096,-0.07434082,0.29184717,-0.04856661,-0.046017647,-0.21881104,-0.030548096,-0.07434082,0.29184717,-0.04856661,-0.046017647,-0.21881104,-0.030548096,-0.07434082,0.29184717,-0.04856661,-0.046017647,-0.21881104,-0.030548096,-0.07434082,0.29184717,-0.04856661,-0.046017647,-0.17614746,-0.032318115,-0.01626587,0.3361689,-0.034845494000000005,-0.17127383000000002,-0.17614746,-0.032318115,-0.01626587,0.3361689,-0.034845494000000005,-0.17127383000000002,-0.034088135000000006,-0.34222412,-0.07360839999999999,0.28623139999999997,0.2717695,-0.17933387,0.050872803,-0.32104492,-0.21856689999999998,0.27487737,0.2644852,-0.06455827,-0.019989014000000003,-0.28671265,-0.31988525,0.38247895,0.25767764,0.035390496,-0.15750122,-0.22415161,-0.28985596,0.5322488,0.23497003,0.02106309,-0.11254883,-0.20828247,-0.37161255,0.43783778,0.25553529999999997,0.14483136,检查1#变、2变、开闭所有进线、出线地刀在拉开位置。
0.15213013,0.037963867000000005,-0.31298828,-0.10342269999999999,-0.19146726,0.18049985000000002,0.15213013,0.037963867000000005,-0.31298828,-0.10342269999999999,-0.19146726,0.18049985000000002,0.13845825,0.055511475000000005,-0.28900146,-0.09837569,-0.20693031,0.16581379999999998,0.09738159,0.06427002,-0.2581787,-0.05978089600000001,-0.21204674,0.1394248,-0.07763672,0.17373657,-0.24261475000000002,0.10611613,-0.29835546,0.14735399999999998,-0.32177734,0.13052368,-0.18981934,0.35304987,-0.22371072,0.10934621,-0.3323059,0.058135986,-0.14031982,0.36672848,-0.14729053,0.05697143,-0.21881104,-0.030548096,-0.07434082,0.29184717,-0.04856661,-0.046017647,-0.21881104,-0.030548096,-0.07434082,0.29184717,-0.04856661,-0.046017647,-0.21881104,-0.030548096,-0.07434082,0.29184717,-0.04856661,-0.046017647,-0.21881104,-0.030548096,-0.07434082,0.29184717,-0.04856661,-0.046017647,-0.21881104,-0.030548096,-0.07434082,0.29184717,-0.04856661,-0.046017647,-0.17614746,-0.032318115,-0.01626587,0.3361689,-0.034845494000000005,-0.17127383000000002,-0.17614746,-0.032318115,-0.01626587,0.3361689,-0.034845494000000005,-0.17127383000000002,-0.034088135000000006,-0.34222412,-0.07360839999999999,0.28623139999999997,0.2717695,-0.17933387,0.050872803,-0.32104492,-0.21856689999999998,0.27487737,0.2644852,-0.06455827,-0.019989014000000003,-0.28671265,-0.31988525,0.38247895,0.25767764,0.035390496,-0.15750122,-0.22415161,-0.28985596,0.5322488,0.23497003,0.02106309,-0.11254883,-0.20828247,-0.37161255,0.43783778,0.25553529999999997,0.14483136,-0.109802246,-0.18423462000000002,-0.28131104,0.38863593,0.23334348,0.07864046,检查1#变、2变、开闭所有进线、出线地刀在拉开位置。
0.15213013,0.037963867000000005,-0.31298828,-0.10342269999999999,-0.19146726,0.18049985000000002,0.13845825,0.055511475000000005,-0.28900146,-0.09837569,-0.20693031,0.16581379999999998,0.09738159,0.06427002,-0.2581787,-0.05978089600000001,-0.21204674,0.1394248,-0.07763672,0.17373657,-0.24261475000000002,0.10611613,-0.29835546,0.14735399999999998,-0.32177734,0.13052368,-0.18981934,0.35304987,-0.22371072,0.10934621,-0.3323059,0.058135986,-0.14031982,0.36672848,-0.14729053,0.05697143,-0.21881104,-0.030548096,-0.07434082,0.29184717,-0.04856661,-0.046017647,-0.21881104,-0.030548096,-0.07434082,0.29184717,-0.04856661,-0.046017647,-0.21881104,-0.030548096,-0.07434082,0.29184717,-0.04856661,-0.046017647,-0.21881104,-0.030548096,-0.07434082,0.29184717,-0.04856661,-0.046017647,-0.21881104,-0.030548096,-0.07434082,0.29184717,-0.04856661,-0.046017647,-0.17614746,-0.032318115,-0.01626587,0.3361689,-0.034845494000000005,-0.17127383000000002,-0.17614746,-0.032318115,-0.01626587,0.3361689,-0.034845494000000005,-0.17127383000000002,-0.034088135000000006,-0.34222412,-0.07360839999999999,0.28623139999999997,0.2717695,-0.17933387,0.050872803,-0.32104492,-0.21856689999999998,0.27487737,0.2644852,-0.06455827,-0.019989014000000003,-0.28671265,-0.31988525,0.38247895,0.25767764,0.035390496,-0.15750122,-0.22415161,-0.28985596,0.5322488,0.23497003,0.02106309,-0.11254883,-0.20828247,-0.37161255,0.43783778,0.25553529999999997,0.14483136,-0.109802246,-0.18423462000000002,-0.28131104,0.38863593,0.23334348,0.07864046,-0.10699463000000001,-0.14990234,-0.2661438,0.37175423,0.19609687,0.06996703,检查1#变、2变、开闭所有进线、出线地刀在拉开位置。
0.13845825,0.055511475000000005,-0.28900146,-0.09837569,-0.20693031,0.16581379999999998,0.09738159,0.06427002,-0.2581787,-0.05978089600000001,-0.21204674,0.1394248,-0.07763672,0.17373657,-0.24261475000000002,0.10611613,-0.29835546,0.14735399999999998,-0.32177734,0.13052368,-0.18981934,0.35304987,-0.22371072,0.10934621,-0.3323059,0.058135986,-0.14031982,0.36672848,-0.14729053,0.05697143,-0.21881104,-0.030548096,-0.07434082,0.29184717,-0.04856661,-0.046017647,-0.21881104,-0.030548096,-0.07434082,0.29184717,-0.04856661,-0.046017647,-0.21881104,-0.030548096,-0.07434082,0.29184717,-0.04856661,-0.046017647,-0.21881104,-0.030548096,-0.07434082,0.29184717,-0.04856661,-0.046017647,-0.21881104,-0.030548096,-0.07434082,0.29184717,-0.04856661,-0.046017647,-0.17614746,-0.032318115,-0.01626587,0.3361689,-0.034845494000000005,-0.17127383000000002,-0.17614746,-0.032318115,-0.01626587,0.3361689,-0.034845494000000005,-0.17127383000000002,-0.034088135000000006,-0.34222412,-0.07360839999999999,0.28623139999999997,0.2717695,-0.17933387,0.050872803,-0.32104492,-0.21856689999999998,0.27487737,0.2644852,-0.06455827,-0.019989014000000003,-0.28671265,-0.31988525,0.38247895,0.25767764,0.035390496,-0.15750122,-0.22415161,-0.28985596,0.5322488,0.23497003,0.02106309,-0.11254883,-0.20828247,-0.37161255,0.43783778,0.25553529999999997,0.14483136,-0.109802246,-0.18423462000000002,-0.28131104,0.38863593,0.23334348,0.07864046,-0.10699463000000001,-0.14990234,-0.2661438,0.37175423,0.19609687,0.06996703,-0.10171509000000001,-0.12738037,-0.2539673,0.35933775,0.17126733,0.060688198000000006,检查1#变、2变、开闭所有进线、出线地刀在拉开位置。
0.09738159,0.06427002,-0.2581787,-0.05978089600000001,-0.21204674,0.1394248,-0.07763672,0.17373657,-0.24261475000000002,0.10611613,-0.29835546,0.14735399999999998,-0.32177734,0.13052368,-0.18981934,0.35304987,-0.22371072,0.10934621,-0.3323059,0.058135986,-0.14031982,0.36672848,-0.14729053,0.05697143,-0.21881104,-0.030548096,-0.07434082,0.29184717,-0.04856661,-0.046017647,-0.21881104,-0.030548096,-0.07434082,0.29184717,-0.04856661,-0.046017647,-0.21881104,-0.030548096,-0.07434082,0.29184717,-0.04856661,-0.046017647,-0.21881104,-0.030548096,-0.07434082,0.29184717,-0.04856661,-0.046017647,-0.21881104,-0.030548096,-0.07434082,0.29184717,-0.04856661,-0.046017647,-0.17614746,-0.032318115,-0.01626587,0.3361689,-0.034845494000000005,-0.17127383000000002,-0.17614746,-0.032318115,-0.01626587,0.3361689,-0.034845494000000005,-0.17127383000000002,-0.034088135000000006,-0.34222412,-0.07360839999999999,0.28623139999999997,0.2717695,-0.17933387,0.050872803,-0.32104492,-0.21856689999999998,0.27487737,0.2644852,-0.06455827,-0.019989014000000003,-0.28671265,-0.31988525,0.38247895,0.25767764,0.035390496,-0.15750122,-0.22415161,-0.28985596,0.5322488,0.23497003,0.02106309,-0.11254883,-0.20828247,-0.37161255,0.43783778,0.25553529999999997,0.14483136,-0.109802246,-0.18423462000000002,-0.28131104,0.38863593,0.23334348,0.07864046,-0.10699463000000001,-0.14990234,-0.2661438,0.37175423,0.19609687,0.06996703,-0.10171509000000001,-0.12738037,-0.2539673,0.35933775,0.17126733,0.060688198000000006,0.045043945,-0.08953857400000001,-0.21575928,0.15931614,0.09968611000000001,0.034793615,检查1#变、2变、开闭所有进线、出线地刀在拉开位置。
-0.07763672,0.17373657,-0.24261475000000002,0.10611613,-0.29835546,0.14735399999999998,-0.32177734,0.13052368,-0.18981934,0.35304987,-0.22371072,0.10934621,-0.3323059,0.058135986,-0.14031982,0.36672848,-0.14729053,0.05697143,-0.21881104,-0.030548096,-0.07434082,0.29184717,-0.04856661,-0.046017647,-0.21881104,-0.030548096,-0.07434082,0.29184717,-0.04856661,-0.046017647,-0.21881104,-0.030548096,-0.07434082,0.29184717,-0.04856661,-0.046017647,-0.21881104,-0.030548096,-0.07434082,0.29184717,-0.04856661,-0.046017647,-0.21881104,-0.030548096,-0.07434082,0.29184717,-0.04856661,-0.046017647,-0.17614746,-0.032318115,-0.01626587,0.3361689,-0.034845494000000005,-0.17127383000000002,-0.17614746,-0.032318115,-0.01626587,0.3361689,-0.034845494000000005,-0.17127383000000002,-0.034088135000000006,-0.34222412,-0.07360839999999999,0.28623139999999997,0.2717695,-0.17933387,0.050872803,-0.32104492,-0.21856689999999998,0.27487737,0.2644852,-0.06455827,-0.019989014000000003,-0.28671265,-0.31988525,0.38247895,0.25767764,0.035390496,-0.15750122,-0.22415161,-0.28985596,0.5322488,0.23497003,0.02106309,-0.11254883,-0.20828247,-0.37161255,0.43783778,0.25553529999999997,0.14483136,-0.109802246,-0.18423462000000002,-0.28131104,0.38863593,0.23334348,0.07864046,-0.10699463000000001,-0.14990234,-0.2661438,0.37175423,0.19609687,0.06996703,-0.10171509000000001,-0.12738037,-0.2539673,0.35933775,0.17126733,0.060688198000000006,0.045043945,-0.08953857400000001,-0.21575928,0.15931614,0.09968611000000001,0.034793615,0.05126953,-0.09020996,-0.21118164,0.14570208,0.09364661,0.031312466000000004,检查1#变、2变、开闭所有进线、出线地刀在拉开位置。
-0.32177734,0.13052368,-0.18981934,0.35304987,-0.22371072,0.10934621,-0.3323059,0.058135986,-0.14031982,0.36672848,-0.14729053,0.05697143,-0.21881104,-0.030548096,-0.07434082,0.29184717,-0.04856661,-0.046017647,-0.21881104,-0.030548096,-0.07434082,0.29184717,-0.04856661,-0.046017647,-0.21881104,-0.030548096,-0.07434082,0.29184717,-0.04856661,-0.046017647,-0.21881104,-0.030548096,-0.07434082,0.29184717,-0.04856661,-0.046017647,-0.21881104,-0.030548096,-0.07434082,0.29184717,-0.04856661,-0.046017647,-0.17614746,-0.032318115,-0.01626587,0.3361689,-0.034845494000000005,-0.17127383000000002,-0.17614746,-0.032318115,-0.01626587,0.3361689,-0.034845494000000005,-0.17127383000000002,-0.034088135000000006,-0.34222412,-0.07360839999999999,0.28623139999999997,0.2717695,-0.17933387,0.050872803,-0.32104492,-0.21856689999999998,0.27487737,0.2644852,-0.06455827,-0.019989014000000003,-0.28671265,-0.31988525,0.38247895,0.25767764,0.035390496,-0.15750122,-0.22415161,-0.28985596,0.5322488,0.23497003,0.02106309,-0.11254883,-0.20828247,-0.37161255,0.43783778,0.25553529999999997,0.14483136,-0.109802246,-0.18423462000000002,-0.28131104,0.38863593,0.23334348,0.07864046,-0.10699463000000001,-0.14990234,-0.2661438,0.37175423,0.19609687,0.06996703,-0.10171509000000001,-0.12738037,-0.2539673,0.35933775,0.17126733,0.060688198000000006,0.045043945,-0.08953857400000001,-0.21575928,0.15931614,0.09968611000000001,0.034793615,0.05126953,-0.09020996,-0.21118164,0.14570208,0.09364661,0.031312466000000004,0.041687010000000004,-0.09317016600000001,-0.1954956,0.14087789,0.08234971,0.017701507000000002,检查1#变、2变、开闭所有进线、出线地刀在拉开位置。
-0.3323059,0.058135986,-0.14031982,0.36672848,-0.14729053,0.05697143,-0.21881104,-0.030548096,-0.07434082,0.29184717,-0.04856661,-0.046017647,-0.21881104,-0.030548096,-0.07434082,0.29184717,-0.04856661,-0.046017647,-0.21881104,-0.030548096,-0.07434082,0.29184717,-0.04856661,-0.046017647,-0.21881104,-0.030548096,-0.07434082,0.29184717,-0.04856661,-0.046017647,-0.21881104,-0.030548096,-0.07434082,0.29184717,-0.04856661,-0.046017647,-0.17614746,-0.032318115,-0.01626587,0.3361689,-0.034845494000000005,-0.17127383000000002,-0.17614746,-0.032318115,-0.01626587,0.3361689,-0.034845494000000005,-0.17127383000000002,-0.034088135000000006,-0.34222412,-0.07360839999999999,0.28623139999999997,0.2717695,-0.17933387,0.050872803,-0.32104492,-0.21856689999999998,0.27487737,0.2644852,-0.06455827,-0.019989014000000003,-0.28671265,-0.31988525,0.38247895,0.25767764,0.035390496,-0.15750122,-0.22415161,-0.28985596,0.5322488,0.23497003,0.02106309,-0.11254883,-0.20828247,-0.37161255,0.43783778,0.25553529999999997,0.14483136,-0.109802246,-0.18423462000000002,-0.28131104,0.38863593,0.23334348,0.07864046,-0.10699463000000001,-0.14990234,-0.2661438,0.37175423,0.19609687,0.06996703,-0.10171509000000001,-0.12738037,-0.2539673,0.35933775,0.17126733,0.060688198000000006,0.045043945,-0.08953857400000001,-0.21575928,0.15931614,0.09968611000000001,0.034793615,0.05126953,-0.09020996,-0.21118164,0.14570208,0.09364661,0.031312466000000004,0.041687010000000004,-0.09317016600000001,-0.1954956,0.14087789,0.08234971,0.017701507000000002,-0.0012817383,-0.066833496,-0.16488647,0.16332822,0.032379508,-0.009879053,检查1#变、2变、开闭所有进线、出线地刀在拉开位置。
-0.21881104,-0.030548096,-0.07434082,0.29184717,-0.04856661,-0.046017647,-0.21881104,-0.030548096,-0.07434082,0.29184717,-0.04856661,-0.046017647,-0.21881104,-0.030548096,-0.07434082,0.29184717,-0.04856661,-0.046017647,-0.21881104,-0.030548096,-0.07434082,0.29184717,-0.04856661,-0.046017647,-0.21881104,-0.030548096,-0.07434082,0.29184717,-0.04856661,-0.046017647,-0.17614746,-0.032318115,-0.01626587,0.3361689,-0.034845494000000005,-0.17127383000000002,-0.17614746,-0.032318115,-0.01626587,0.3361689,-0.034845494000000005,-0.17127383000000002,-0.034088135000000006,-0.34222412,-0.07360839999999999,0.28623139999999997,0.2717695,-0.17933387,0.050872803,-0.32104492,-0.21856689999999998,0.27487737,0.2644852,-0.06455827,-0.019989014000000003,-0.28671265,-0.31988525,0.38247895,0.25767764,0.035390496,-0.15750122,-0.22415161,-0.28985596,0.5322488,0.23497003,0.02106309,-0.11254883,-0.20828247,-0.37161255,0.43783778,0.25553529999999997,0.14483136,-0.109802246,-0.18423462000000002,-0.28131104,0.38863593,0.23334348,0.07864046,-0.10699463000000001,-0.14990234,-0.2661438,0.37175423,0.19609687,0.06996703,-0.10171509000000001,-0.12738037,-0.2539673,0.35933775,0.17126733,0.060688198000000006,0.045043945,-0.08953857400000001,-0.21575928,0.15931614,0.09968611000000001,0.034793615,0.05126953,-0.09020996,-0.21118164,0.14570208,0.09364661,0.031312466000000004,0.041687010000000004,-0.09317016600000001,-0.1954956,0.14087789,0.08234971,0.017701507000000002,-0.0012817383,-0.066833496,-0.16488647,0.16332822,0.032379508,-0.009879053,-0.0012817383,-0.066833496,-0.16488647,0.16332822,0.032379508,-0.009879053,检查1#变、2变、开闭所有进线、出线地刀在拉开位置。
-0.21881104,-0.030548096,-0.07434082,0.29184717,-0.04856661,-0.046017647,-0.21881104,-0.030548096,-0.07434082,0.29184717,-0.04856661,-0.046017647,-0.21881104,-0.030548096,-0.07434082,0.29184717,-0.04856661,-0.046017647,-0.21881104,-0.030548096,-0.07434082,0.29184717,-0.04856661,-0.046017647,-0.17614746,-0.032318115,-0.01626587,0.3361689,-0.034845494000000005,-0.17127383000000002,-0.17614746,-0.032318115,-0.01626587,0.3361689,-0.034845494000000005,-0.17127383000000002,-0.034088135000000006,-0.34222412,-0.07360839999999999,0.28623139999999997,0.2717695,-0.17933387,0.050872803,-0.32104492,-0.21856689999999998,0.27487737,0.2644852,-0.06455827,-0.019989014000000003,-0.28671265,-0.31988525,0.38247895,0.25767764,0.035390496,-0.15750122,-0.22415161,-0.28985596,0.5322488,0.23497003,0.02106309,-0.11254883,-0.20828247,-0.37161255,0.43783778,0.25553529999999997,0.14483136,-0.109802246,-0.18423462000000002,-0.28131104,0.38863593,0.23334348,0.07864046,-0.10699463000000001,-0.14990234,-0.2661438,0.37175423,0.19609687,0.06996703,-0.10171509000000001,-0.12738037,-0.2539673,0.35933775,0.17126733,0.060688198000000006,0.045043945,-0.08953857400000001,-0.21575928,0.15931614,0.09968611000000001,0.034793615,0.05126953,-0.09020996,-0.21118164,0.14570208,0.09364661,0.031312466000000004,0.041687010000000004,-0.09317016600000001,-0.1954956,0.14087789,0.08234971,0.017701507000000002,-0.0012817383,-0.066833496,-0.16488647,0.16332822,0.032379508,-0.009879053,-0.0012817383,-0.066833496,-0.16488647,0.16332822,0.032379508,-0.009879053,-0.05026245,-0.025543213000000002,-0.21603394,0.17247526,-0.06561789999999999,0.046910644,检查1#变、2变、开闭所有进线、出线地刀在拉开位置。
-0.21881104,-0.030548096,-0.07434082,0.29184717,-0.04856661,-0.046017647,-0.21881104,-0.030548096,-0.07434082,0.29184717,-0.04856661,-0.046017647,-0.21881104,-0.030548096,-0.07434082,0.29184717,-0.04856661,-0.046017647,-0.17614746,-0.032318115,-0.01626587,0.3361689,-0.034845494000000005,-0.17127383000000002,-0.17614746,-0.032318115,-0.01626587,0.3361689,-0.034845494000000005,-0.17127383000000002,-0.034088135000000006,-0.34222412,-0.07360839999999999,0.28623139999999997,0.2717695,-0.17933387,0.050872803,-0.32104492,-0.21856689999999998,0.27487737,0.2644852,-0.06455827,-0.019989014000000003,-0.28671265,-0.31988525,0.38247895,0.25767764,0.035390496,-0.15750122,-0.22415161,-0.28985596,0.5322488,0.23497003,0.02106309,-0.11254883,-0.20828247,-0.37161255,0.43783778,0.25553529999999997,0.14483136,-0.109802246,-0.18423462000000002,-0.28131104,0.38863593,0.23334348,0.07864046,-0.10699463000000001,-0.14990234,-0.2661438,0.37175423,0.19609687,0.06996703,-0.10171509000000001,-0.12738037,-0.2539673,0.35933775,0.17126733,0.060688198000000006,0.045043945,-0.08953857400000001,-0.21575928,0.15931614,0.09968611000000001,0.034793615,0.05126953,-0.09020996,-0.21118164,0.14570208,0.09364661,0.031312466000000004,0.041687010000000004,-0.09317016600000001,-0.1954956,0.14087789,0.08234971,0.017701507000000002,-0.0012817383,-0.066833496,-0.16488647,0.16332822,0.032379508,-0.009879053,-0.0012817383,-0.066833496,-0.16488647,0.16332822,0.032379508,-0.009879053,-0.05026245,-0.025543213000000002,-0.21603394,0.17247526,-0.06561789999999999,0.046910644,-0.057403564000000004,-0.020324707,-0.23400879,0.17292742,-0.08123137,0.066150665,检查1#变、2变、开闭所有进线、出线地刀在拉开位置。
-0.21881104,-0.030548096,-0.07434082,0.29184717,-0.04856661,-0.046017647,-0.21881104,-0.030548096,-0.07434082,0.29184717,-0.04856661,-0.046017647,-0.17614746,-0.032318115,-0.01626587,0.3361689,-0.034845494000000005,-0.17127383000000002,-0.17614746,-0.032318115,-0.01626587,0.3361689,-0.034845494000000005,-0.17127383000000002,-0.034088135000000006,-0.34222412,-0.07360839999999999,0.28623139999999997,0.2717695,-0.17933387,0.050872803,-0.32104492,-0.21856689999999998,0.27487737,0.2644852,-0.06455827,-0.019989014000000003,-0.28671265,-0.31988525,0.38247895,0.25767764,0.035390496,-0.15750122,-0.22415161,-0.28985596,0.5322488,0.23497003,0.02106309,-0.11254883,-0.20828247,-0.37161255,0.43783778,0.25553529999999997,0.14483136,-0.109802246,-0.18423462000000002,-0.28131104,0.38863593,0.23334348,0.07864046,-0.10699463000000001,-0.14990234,-0.2661438,0.37175423,0.19609687,0.06996703,-0.10171509000000001,-0.12738037,-0.2539673,0.35933775,0.17126733,0.060688198000000006,0.045043945,-0.08953857400000001,-0.21575928,0.15931614,0.09968611000000001,0.034793615,0.05126953,-0.09020996,-0.21118164,0.14570208,0.09364661,0.031312466000000004,0.041687010000000004,-0.09317016600000001,-0.1954956,0.14087789,0.08234971,0.017701507000000002,-0.0012817383,-0.066833496,-0.16488647,0.16332822,0.032379508,-0.009879053,-0.0012817383,-0.066833496,-0.16488647,0.16332822,0.032379508,-0.009879053,-0.05026245,-0.025543213000000002,-0.21603394,0.17247526,-0.06561789999999999,0.046910644,-0.057403564000000004,-0.020324707,-0.23400879,0.17292742,-0.08123137,0.066150665,-0.044708252000000004,-0.021881104000000002,-0.25836182,0.14638592,-0.10206292,0.092672825,检查1#变、2变、开闭所有进线、出线地刀在拉开位置。
-0.21881104,-0.030548096,-0.07434082,0.29184717,-0.04856661,-0.046017647,-0.17614746,-0.032318115,-0.01626587,0.3361689,-0.034845494000000005,-0.17127383000000002,-0.17614746,-0.032318115,-0.01626587,0.3361689,-0.034845494000000005,-0.17127383000000002,-0.034088135000000006,-0.34222412,-0.07360839999999999,0.28623139999999997,0.2717695,-0.17933387,0.050872803,-0.32104492,-0.21856689999999998,0.27487737,0.2644852,-0.06455827,-0.019989014000000003,-0.28671265,-0.31988525,0.38247895,0.25767764,0.035390496,-0.15750122,-0.22415161,-0.28985596,0.5322488,0.23497003,0.02106309,-0.11254883,-0.20828247,-0.37161255,0.43783778,0.25553529999999997,0.14483136,-0.109802246,-0.18423462000000002,-0.28131104,0.38863593,0.23334348,0.07864046,-0.10699463000000001,-0.14990234,-0.2661438,0.37175423,0.19609687,0.06996703,-0.10171509000000001,-0.12738037,-0.2539673,0.35933775,0.17126733,0.060688198000000006,0.045043945,-0.08953857400000001,-0.21575928,0.15931614,0.09968611000000001,0.034793615,0.05126953,-0.09020996,-0.21118164,0.14570208,0.09364661,0.031312466000000004,0.041687010000000004,-0.09317016600000001,-0.1954956,0.14087789,0.08234971,0.017701507000000002,-0.0012817383,-0.066833496,-0.16488647,0.16332822,0.032379508,-0.009879053,-0.0012817383,-0.066833496,-0.16488647,0.16332822,0.032379508,-0.009879053,-0.05026245,-0.025543213000000002,-0.21603394,0.17247526,-0.06561789999999999,0.046910644,-0.057403564000000004,-0.020324707,-0.23400879,0.17292742,-0.08123137,0.066150665,-0.044708252000000004,-0.021881104000000002,-0.25836182,0.14638592,-0.10206292,0.092672825,-0.060150146,-0.00024414063000000003,-0.2680359,0.11965041,-0.19878772,0.11337447,检查1#变、2变、开闭所有进线、出线地刀在拉开位置。
-0.17614746,-0.032318115,-0.01626587,0.3361689,-0.034845494000000005,-0.17127383000000002,-0.17614746,-0.032318115,-0.01626587,0.3361689,-0.034845494000000005,-0.17127383000000002,-0.034088135000000006,-0.34222412,-0.07360839999999999,0.28623139999999997,0.2717695,-0.17933387,0.050872803,-0.32104492,-0.21856689999999998,0.27487737,0.2644852,-0.06455827,-0.019989014000000003,-0.28671265,-0.31988525,0.38247895,0.25767764,0.035390496,-0.15750122,-0.22415161,-0.28985596,0.5322488,0.23497003,0.02106309,-0.11254883,-0.20828247,-0.37161255,0.43783778,0.25553529999999997,0.14483136,-0.109802246,-0.18423462000000002,-0.28131104,0.38863593,0.23334348,0.07864046,-0.10699463000000001,-0.14990234,-0.2661438,0.37175423,0.19609687,0.06996703,-0.10171509000000001,-0.12738037,-0.2539673,0.35933775,0.17126733,0.060688198000000006,0.045043945,-0.08953857400000001,-0.21575928,0.15931614,0.09968611000000001,0.034793615,0.05126953,-0.09020996,-0.21118164,0.14570208,0.09364661,0.031312466000000004,0.041687010000000004,-0.09317016600000001,-0.1954956,0.14087789,0.08234971,0.017701507000000002,-0.0012817383,-0.066833496,-0.16488647,0.16332822,0.032379508,-0.009879053,-0.0012817383,-0.066833496,-0.16488647,0.16332822,0.032379508,-0.009879053,-0.05026245,-0.025543213000000002,-0.21603394,0.17247526,-0.06561789999999999,0.046910644,-0.057403564000000004,-0.020324707,-0.23400879,0.17292742,-0.08123137,0.066150665,-0.044708252000000004,-0.021881104000000002,-0.25836182,0.14638592,-0.10206292,0.092672825,-0.060150146,-0.00024414063000000003,-0.2680359,0.11965041,-0.19878772,0.11337447,-0.19067383000000002,0.09112549,-0.25228882,0.20791273000000002,-0.37724698,0.12017321600000001,检查1#变、2变、开闭所有进线、出线地刀在拉开位置。
-0.17614746,-0.032318115,-0.01626587,0.3361689,-0.034845494000000005,-0.17127383000000002,-0.034088135000000006,-0.34222412,-0.07360839999999999,0.28623139999999997,0.2717695,-0.17933387,0.050872803,-0.32104492,-0.21856689999999998,0.27487737,0.2644852,-0.06455827,-0.019989014000000003,-0.28671265,-0.31988525,0.38247895,0.25767764,0.035390496,-0.15750122,-0.22415161,-0.28985596,0.5322488,0.23497003,0.02106309,-0.11254883,-0.20828247,-0.37161255,0.43783778,0.25553529999999997,0.14483136,-0.109802246,-0.18423462000000002,-0.28131104,0.38863593,0.23334348,0.07864046,-0.10699463000000001,-0.14990234,-0.2661438,0.37175423,0.19609687,0.06996703,-0.10171509000000001,-0.12738037,-0.2539673,0.35933775,0.17126733,0.060688198000000006,0.045043945,-0.08953857400000001,-0.21575928,0.15931614,0.09968611000000001,0.034793615,0.05126953,-0.09020996,-0.21118164,0.14570208,0.09364661,0.031312466000000004,0.041687010000000004,-0.09317016600000001,-0.1954956,0.14087789,0.08234971,0.017701507000000002,-0.0012817383,-0.066833496,-0.16488647,0.16332822,0.032379508,-0.009879053,-0.0012817383,-0.066833496,-0.16488647,0.16332822,0.032379508,-0.009879053,-0.05026245,-0.025543213000000002,-0.21603394,0.17247526,-0.06561789999999999,0.046910644,-0.057403564000000004,-0.020324707,-0.23400879,0.17292742,-0.08123137,0.066150665,-0.044708252000000004,-0.021881104000000002,-0.25836182,0.14638592,-0.10206292,0.092672825,-0.060150146,-0.00024414063000000003,-0.2680359,0.11965041,-0.19878772,0.11337447,-0.19067383000000002,0.09112549,-0.25228882,0.20791273000000002,-0.37724698,0.12017321600000001,-0.21655273,0.06274414,-0.34909058,0.2178279,-0.37626657,0.22916448,检查1#变、2变、开闭所有进线、出线地刀在拉开位置。
-0.034088135000000006,-0.34222412,-0.07360839999999999,0.28623139999999997,0.2717695,-0.17933387,0.050872803,-0.32104492,-0.21856689999999998,0.27487737,0.2644852,-0.06455827,-0.019989014000000003,-0.28671265,-0.31988525,0.38247895,0.25767764,0.035390496,-0.15750122,-0.22415161,-0.28985596,0.5322488,0.23497003,0.02106309,-0.11254883,-0.20828247,-0.37161255,0.43783778,0.25553529999999997,0.14483136,-0.109802246,-0.18423462000000002,-0.28131104,0.38863593,0.23334348,0.07864046,-0.10699463000000001,-0.14990234,-0.2661438,0.37175423,0.19609687,0.06996703,-0.10171509000000001,-0.12738037,-0.2539673,0.35933775,0.17126733,0.060688198000000006,0.045043945,-0.08953857400000001,-0.21575928,0.15931614,0.09968611000000001,0.034793615,0.05126953,-0.09020996,-0.21118164,0.14570208,0.09364661,0.031312466000000004,0.041687010000000004,-0.09317016600000001,-0.1954956,0.14087789,0.08234971,0.017701507000000002,-0.0012817383,-0.066833496,-0.16488647,0.16332822,0.032379508,-0.009879053,-0.0012817383,-0.066833496,-0.16488647,0.16332822,0.032379508,-0.009879053,-0.05026245,-0.025543213000000002,-0.21603394,0.17247526,-0.06561789999999999,0.046910644,-0.057403564000000004,-0.020324707,-0.23400879,0.17292742,-0.08123137,0.066150665,-0.044708252000000004,-0.021881104000000002,-0.25836182,0.14638592,-0.10206292,0.092672825,-0.060150146,-0.00024414063000000003,-0.2680359,0.11965041,-0.19878772,0.11337447,-0.19067383000000002,0.09112549,-0.25228882,0.20791273000000002,-0.37724698,0.12017321600000001,-0.21655273,0.06274414,-0.34909058,0.2178279,-0.37626657,0.22916448,-0.10458374000000001,0.0093688965,-0.33868408,0.084258184,-0.34118485,0.2358132,检查1#变、2变、开闭所有进线、出线地刀在拉开位置。
0.050872803,-0.32104492,-0.21856689999999998,0.27487737,0.2644852,-0.06455827,-0.019989014000000003,-0.28671265,-0.31988525,0.38247895,0.25767764,0.035390496,-0.15750122,-0.22415161,-0.28985596,0.5322488,0.23497003,0.02106309,-0.11254883,-0.20828247,-0.37161255,0.43783778,0.25553529999999997,0.14483136,-0.109802246,-0.18423462000000002,-0.28131104,0.38863593,0.23334348,0.07864046,-0.10699463000000001,-0.14990234,-0.2661438,0.37175423,0.19609687,0.06996703,-0.10171509000000001,-0.12738037,-0.2539673,0.35933775,0.17126733,0.060688198000000006,0.045043945,-0.08953857400000001,-0.21575928,0.15931614,0.09968611000000001,0.034793615,0.05126953,-0.09020996,-0.21118164,0.14570208,0.09364661,0.031312466000000004,0.041687010000000004,-0.09317016600000001,-0.1954956,0.14087789,0.08234971,0.017701507000000002,-0.0012817383,-0.066833496,-0.16488647,0.16332822,0.032379508,-0.009879053,-0.0012817383,-0.066833496,-0.16488647,0.16332822,0.032379508,-0.009879053,-0.05026245,-0.025543213000000002,-0.21603394,0.17247526,-0.06561789999999999,0.046910644,-0.057403564000000004,-0.020324707,-0.23400879,0.17292742,-0.08123137,0.066150665,-0.044708252000000004,-0.021881104000000002,-0.25836182,0.14638592,-0.10206292,0.092672825,-0.060150146,-0.00024414063000000003,-0.2680359,0.11965041,-0.19878772,0.11337447,-0.19067383000000002,0.09112549,-0.25228882,0.20791273000000002,-0.37724698,0.12017321600000001,-0.21655273,0.06274414,-0.34909058,0.2178279,-0.37626657,0.22916448,-0.10458374000000001,0.0093688965,-0.33868408,0.084258184,-0.34118485,0.2358132,-0.029571533,-0.09143066400000001,-0.26684569999999996,-0.005356714,-0.23489285000000001,0.1774666,检查1#变、2变、开闭所有进线、出线地刀在拉开位置。
-0.019989014000000003,-0.28671265,-0.31988525,0.38247895,0.25767764,0.035390496,-0.15750122,-0.22415161,-0.28985596,0.5322488,0.23497003,0.02106309,-0.11254883,-0.20828247,-0.37161255,0.43783778,0.25553529999999997,0.14483136,-0.109802246,-0.18423462000000002,-0.28131104,0.38863593,0.23334348,0.07864046,-0.10699463000000001,-0.14990234,-0.2661438,0.37175423,0.19609687,0.06996703,-0.10171509000000001,-0.12738037,-0.2539673,0.35933775,0.17126733,0.060688198000000006,0.045043945,-0.08953857400000001,-0.21575928,0.15931614,0.09968611000000001,0.034793615,0.05126953,-0.09020996,-0.21118164,0.14570208,0.09364661,0.031312466000000004,0.041687010000000004,-0.09317016600000001,-0.1954956,0.14087789,0.08234971,0.017701507000000002,-0.0012817383,-0.066833496,-0.16488647,0.16332822,0.032379508,-0.009879053,-0.0012817383,-0.066833496,-0.16488647,0.16332822,0.032379508,-0.009879053,-0.05026245,-0.025543213000000002,-0.21603394,0.17247526,-0.06561789999999999,0.046910644,-0.057403564000000004,-0.020324707,-0.23400879,0.17292742,-0.08123137,0.066150665,-0.044708252000000004,-0.021881104000000002,-0.25836182,0.14638592,-0.10206292,0.092672825,-0.060150146,-0.00024414063000000003,-0.2680359,0.11965041,-0.19878772,0.11337447,-0.19067383000000002,0.09112549,-0.25228882,0.20791273000000002,-0.37724698,0.12017321600000001,-0.21655273,0.06274414,-0.34909058,0.2178279,-0.37626657,0.22916448,-0.10458374000000001,0.0093688965,-0.33868408,0.084258184,-0.34118485,0.2358132,-0.029571533,-0.09143066400000001,-0.26684569999999996,-0.005356714,-0.23489285000000001,0.1774666,-0.076171875,-0.119384766,-0.19720459,0.033004686000000005,-0.18134442,0.121525645,检查1#变、2变、开闭所有进线、出线地刀在拉开位置。
-0.15750122,-0.22415161,-0.28985596,0.5322488,0.23497003,0.02106309,-0.11254883,-0.20828247,-0.37161255,0.43783778,0.25553529999999997,0.14483136,-0.109802246,-0.18423462000000002,-0.28131104,0.38863593,0.23334348,0.07864046,-0.10699463000000001,-0.14990234,-0.2661438,0.37175423,0.19609687,0.06996703,-0.10171509000000001,-0.12738037,-0.2539673,0.35933775,0.17126733,0.060688198000000006,0.045043945,-0.08953857400000001,-0.21575928,0.15931614,0.09968611000000001,0.034793615,0.05126953,-0.09020996,-0.21118164,0.14570208,0.09364661,0.031312466000000004,0.041687010000000004,-0.09317016600000001,-0.1954956,0.14087789,0.08234971,0.017701507000000002,-0.0012817383,-0.066833496,-0.16488647,0.16332822,0.032379508,-0.009879053,-0.0012817383,-0.066833496,-0.16488647,0.16332822,0.032379508,-0.009879053,-0.05026245,-0.025543213000000002,-0.21603394,0.17247526,-0.06561789999999999,0.046910644,-0.057403564000000004,-0.020324707,-0.23400879,0.17292742,-0.08123137,0.066150665,-0.044708252000000004,-0.021881104000000002,-0.25836182,0.14638592,-0.10206292,0.092672825,-0.060150146,-0.00024414063000000003,-0.2680359,0.11965041,-0.19878772,0.11337447,-0.19067383000000002,0.09112549,-0.25228882,0.20791273000000002,-0.37724698,0.12017321600000001,-0.21655273,0.06274414,-0.34909058,0.2178279,-0.37626657,0.22916448,-0.10458374000000001,0.0093688965,-0.33868408,0.084258184,-0.34118485,0.2358132,-0.029571533,-0.09143066400000001,-0.26684569999999996,-0.005356714,-0.23489285000000001,0.1774666,-0.076171875,-0.119384766,-0.19720459,0.033004686000000005,-0.18134442,0.121525645,-0.1317749,-0.108062744,-0.19805908,0.08655466,-0.1666928,0.13120854,检查1#变、2变、开闭所有进线、出线地刀在拉开位置。
-0.11254883,-0.20828247,-0.37161255,0.43783778,0.25553529999999997,0.14483136,-0.109802246,-0.18423462000000002,-0.28131104,0.38863593,0.23334348,0.07864046,-0.10699463000000001,-0.14990234,-0.2661438,0.37175423,0.19609687,0.06996703,-0.10171509000000001,-0.12738037,-0.2539673,0.35933775,0.17126733,0.060688198000000006,0.045043945,-0.08953857400000001,-0.21575928,0.15931614,0.09968611000000001,0.034793615,0.05126953,-0.09020996,-0.21118164,0.14570208,0.09364661,0.031312466000000004,0.041687010000000004,-0.09317016600000001,-0.1954956,0.14087789,0.08234971,0.017701507000000002,-0.0012817383,-0.066833496,-0.16488647,0.16332822,0.032379508,-0.009879053,-0.0012817383,-0.066833496,-0.16488647,0.16332822,0.032379508,-0.009879053,-0.05026245,-0.025543213000000002,-0.21603394,0.17247526,-0.06561789999999999,0.046910644,-0.057403564000000004,-0.020324707,-0.23400879,0.17292742,-0.08123137,0.066150665,-0.044708252000000004,-0.021881104000000002,-0.25836182,0.14638592,-0.10206292,0.092672825,-0.060150146,-0.00024414063000000003,-0.2680359,0.11965041,-0.19878772,0.11337447,-0.19067383000000002,0.09112549,-0.25228882,0.20791273000000002,-0.37724698,0.12017321600000001,-0.21655273,0.06274414,-0.34909058,0.2178279,-0.37626657,0.22916448,-0.10458374000000001,0.0093688965,-0.33868408,0.084258184,-0.34118485,0.2358132,-0.029571533,-0.09143066400000001,-0.26684569999999996,-0.005356714,-0.23489285000000001,0.1774666,-0.076171875,-0.119384766,-0.19720459,0.033004686000000005,-0.18134442,0.121525645,-0.1317749,-0.108062744,-0.19805908,0.08655466,-0.1666928,0.13120854,-0.17791748000000002,-0.078186035,-0.16931152,0.13505615,-0.1465627,0.11368620400000001,检查1#变、2变、开闭所有进线、出线地刀在拉开位置。
-0.109802246,-0.18423462000000002,-0.28131104,0.38863593,0.23334348,0.07864046,-0.10699463000000001,-0.14990234,-0.2661438,0.37175423,0.19609687,0.06996703,-0.10171509000000001,-0.12738037,-0.2539673,0.35933775,0.17126733,0.060688198000000006,0.045043945,-0.08953857400000001,-0.21575928,0.15931614,0.09968611000000001,0.034793615,0.05126953,-0.09020996,-0.21118164,0.14570208,0.09364661,0.031312466000000004,0.041687010000000004,-0.09317016600000001,-0.1954956,0.14087789,0.08234971,0.017701507000000002,-0.0012817383,-0.066833496,-0.16488647,0.16332822,0.032379508,-0.009879053,-0.0012817383,-0.066833496,-0.16488647,0.16332822,0.032379508,-0.009879053,-0.05026245,-0.025543213000000002,-0.21603394,0.17247526,-0.06561789999999999,0.046910644,-0.057403564000000004,-0.020324707,-0.23400879,0.17292742,-0.08123137,0.066150665,-0.044708252000000004,-0.021881104000000002,-0.25836182,0.14638592,-0.10206292,0.092672825,-0.060150146,-0.00024414063000000003,-0.2680359,0.11965041,-0.19878772,0.11337447,-0.19067383000000002,0.09112549,-0.25228882,0.20791273000000002,-0.37724698,0.12017321600000001,-0.21655273,0.06274414,-0.34909058,0.2178279,-0.37626657,0.22916448,-0.10458374000000001,0.0093688965,-0.33868408,0.084258184,-0.34118485,0.2358132,-0.029571533,-0.09143066400000001,-0.26684569999999996,-0.005356714,-0.23489285000000001,0.1774666,-0.076171875,-0.119384766,-0.19720459,0.033004686000000005,-0.18134442,0.121525645,-0.1317749,-0.108062744,-0.19805908,0.08655466,-0.1666928,0.13120854,-0.17791748000000002,-0.078186035,-0.16931152,0.13505615,-0.1465627,0.11368620400000001,-0.16308594,-0.04309082,-0.15274048,0.1290199,-0.12308874,0.10688865,检查1#变、2变、开闭所有进线、出线地刀在拉开位置。
-0.10699463000000001,-0.14990234,-0.2661438,0.37175423,0.19609687,0.06996703,-0.10171509000000001,-0.12738037,-0.2539673,0.35933775,0.17126733,0.060688198000000006,0.045043945,-0.08953857400000001,-0.21575928,0.15931614,0.09968611000000001,0.034793615,0.05126953,-0.09020996,-0.21118164,0.14570208,0.09364661,0.031312466000000004,0.041687010000000004,-0.09317016600000001,-0.1954956,0.14087789,0.08234971,0.017701507000000002,-0.0012817383,-0.066833496,-0.16488647,0.16332822,0.032379508,-0.009879053,-0.0012817383,-0.066833496,-0.16488647,0.16332822,0.032379508,-0.009879053,-0.05026245,-0.025543213000000002,-0.21603394,0.17247526,-0.06561789999999999,0.046910644,-0.057403564000000004,-0.020324707,-0.23400879,0.17292742,-0.08123137,0.066150665,-0.044708252000000004,-0.021881104000000002,-0.25836182,0.14638592,-0.10206292,0.092672825,-0.060150146,-0.00024414063000000003,-0.2680359,0.11965041,-0.19878772,0.11337447,-0.19067383000000002,0.09112549,-0.25228882,0.20791273000000002,-0.37724698,0.12017321600000001,-0.21655273,0.06274414,-0.34909058,0.2178279,-0.37626657,0.22916448,-0.10458374000000001,0.0093688965,-0.33868408,0.084258184,-0.34118485,0.2358132,-0.029571533,-0.09143066400000001,-0.26684569999999996,-0.005356714,-0.23489285000000001,0.1774666,-0.076171875,-0.119384766,-0.19720459,0.033004686000000005,-0.18134442,0.121525645,-0.1317749,-0.108062744,-0.19805908,0.08655466,-0.1666928,0.13120854,-0.17791748000000002,-0.078186035,-0.16931152,0.13505615,-0.1465627,0.11368620400000001,-0.16308594,-0.04309082,-0.15274048,0.1290199,-0.12308874,0.10688865,-0.1308899,-0.09887695,-0.18838501,0.11136569,-0.003942266,0.15215904,检查1#变、2变、开闭所有进线、出线地刀在拉开位置。
-0.10171509000000001,-0.12738037,-0.2539673,0.35933775,0.17126733,0.060688198000000006,0.045043945,-0.08953857400000001,-0.21575928,0.15931614,0.09968611000000001,0.034793615,0.05126953,-0.09020996,-0.21118164,0.14570208,0.09364661,0.031312466000000004,0.041687010000000004,-0.09317016600000001,-0.1954956,0.14087789,0.08234971,0.017701507000000002,-0.0012817383,-0.066833496,-0.16488647,0.16332822,0.032379508,-0.009879053,-0.0012817383,-0.066833496,-0.16488647,0.16332822,0.032379508,-0.009879053,-0.05026245,-0.025543213000000002,-0.21603394,0.17247526,-0.06561789999999999,0.046910644,-0.057403564000000004,-0.020324707,-0.23400879,0.17292742,-0.08123137,0.066150665,-0.044708252000000004,-0.021881104000000002,-0.25836182,0.14638592,-0.10206292,0.092672825,-0.060150146,-0.00024414063000000003,-0.2680359,0.11965041,-0.19878772,0.11337447,-0.19067383000000002,0.09112549,-0.25228882,0.20791273000000002,-0.37724698,0.12017321600000001,-0.21655273,0.06274414,-0.34909058,0.2178279,-0.37626657,0.22916448,-0.10458374000000001,0.0093688965,-0.33868408,0.084258184,-0.34118485,0.2358132,-0.029571533,-0.09143066400000001,-0.26684569999999996,-0.005356714,-0.23489285000000001,0.1774666,-0.076171875,-0.119384766,-0.19720459,0.033004686000000005,-0.18134442,0.121525645,-0.1317749,-0.108062744,-0.19805908,0.08655466,-0.1666928,0.13120854,-0.17791748000000002,-0.078186035,-0.16931152,0.13505615,-0.1465627,0.11368620400000001,-0.16308594,-0.04309082,-0.15274048,0.1290199,-0.12308874,0.10688865,-0.1308899,-0.09887695,-0.18838501,0.11136569,-0.003942266,0.15215904,-0.10894775400000001,-0.115356445,-0.17416382,0.103187606,0.055816725000000005,0.14414859,检查1#变、2变、开闭所有进线、出线地刀在拉开位置。
0.045043945,-0.08953857400000001,-0.21575928,0.15931614,0.09968611000000001,0.034793615,0.05126953,-0.09020996,-0.21118164,0.14570208,0.09364661,0.031312466000000004,0.041687010000000004,-0.09317016600000001,-0.1954956,0.14087789,0.08234971,0.017701507000000002,-0.0012817383,-0.066833496,-0.16488647,0.16332822,0.032379508,-0.009879053,-0.0012817383,-0.066833496,-0.16488647,0.16332822,0.032379508,-0.009879053,-0.05026245,-0.025543213000000002,-0.21603394,0.17247526,-0.06561789999999999,0.046910644,-0.057403564000000004,-0.020324707,-0.23400879,0.17292742,-0.08123137,0.066150665,-0.044708252000000004,-0.021881104000000002,-0.25836182,0.14638592,-0.10206292,0.092672825,-0.060150146,-0.00024414063000000003,-0.2680359,0.11965041,-0.19878772,0.11337447,-0.19067383000000002,0.09112549,-0.25228882,0.20791273000000002,-0.37724698,0.12017321600000001,-0.21655273,0.06274414,-0.34909058,0.2178279,-0.37626657,0.22916448,-0.10458374000000001,0.0093688965,-0.33868408,0.084258184,-0.34118485,0.2358132,-0.029571533,-0.09143066400000001,-0.26684569999999996,-0.005356714,-0.23489285000000001,0.1774666,-0.076171875,-0.119384766,-0.19720459,0.033004686000000005,-0.18134442,0.121525645,-0.1317749,-0.108062744,-0.19805908,0.08655466,-0.1666928,0.13120854,-0.17791748000000002,-0.078186035,-0.16931152,0.13505615,-0.1465627,0.11368620400000001,-0.16308594,-0.04309082,-0.15274048,0.1290199,-0.12308874,0.10688865,-0.1308899,-0.09887695,-0.18838501,0.11136569,-0.003942266,0.15215904,-0.10894775400000001,-0.115356445,-0.17416382,0.103187606,0.055816725000000005,0.14414859,-0.12030029,-0.15075684,-0.19351196,0.14142533000000002,0.15492955,0.17236623,检查1#变、2变、开闭所有进线、出线地刀在拉开位置。
0.05126953,-0.09020996,-0.21118164,0.14570208,0.09364661,0.031312466000000004,0.041687010000000004,-0.09317016600000001,-0.1954956,0.14087789,0.08234971,0.017701507000000002,-0.0012817383,-0.066833496,-0.16488647,0.16332822,0.032379508,-0.009879053,-0.0012817383,-0.066833496,-0.16488647,0.16332822,0.032379508,-0.009879053,-0.05026245,-0.025543213000000002,-0.21603394,0.17247526,-0.06561789999999999,0.046910644,-0.057403564000000004,-0.020324707,-0.23400879,0.17292742,-0.08123137,0.066150665,-0.044708252000000004,-0.021881104000000002,-0.25836182,0.14638592,-0.10206292,0.092672825,-0.060150146,-0.00024414063000000003,-0.2680359,0.11965041,-0.19878772,0.11337447,-0.19067383000000002,0.09112549,-0.25228882,0.20791273000000002,-0.37724698,0.12017321600000001,-0.21655273,0.06274414,-0.34909058,0.2178279,-0.37626657,0.22916448,-0.10458374000000001,0.0093688965,-0.33868408,0.084258184,-0.34118485,0.2358132,-0.029571533,-0.09143066400000001,-0.26684569999999996,-0.005356714,-0.23489285000000001,0.1774666,-0.076171875,-0.119384766,-0.19720459,0.033004686000000005,-0.18134442,0.121525645,-0.1317749,-0.108062744,-0.19805908,0.08655466,-0.1666928,0.13120854,-0.17791748000000002,-0.078186035,-0.16931152,0.13505615,-0.1465627,0.11368620400000001,-0.16308594,-0.04309082,-0.15274048,0.1290199,-0.12308874,0.10688865,-0.1308899,-0.09887695,-0.18838501,0.11136569,-0.003942266,0.15215904,-0.10894775400000001,-0.115356445,-0.17416382,0.103187606,0.055816725000000005,0.14414859,-0.12030029,-0.15075684,-0.19351196,0.14142533000000002,0.15492955,0.17236623,-0.04663086,-0.22698975000000002,-0.09942627,0.10167144,0.28691348,0.07720709,检查1#变、2变、开闭所有进线、出线地刀在拉开位置。
0.041687010000000004,-0.09317016600000001,-0.1954956,0.14087789,0.08234971,0.017701507000000002,-0.0012817383,-0.066833496,-0.16488647,0.16332822,0.032379508,-0.009879053,-0.0012817383,-0.066833496,-0.16488647,0.16332822,0.032379508,-0.009879053,-0.05026245,-0.025543213000000002,-0.21603394,0.17247526,-0.06561789999999999,0.046910644,-0.057403564000000004,-0.020324707,-0.23400879,0.17292742,-0.08123137,0.066150665,-0.044708252000000004,-0.021881104000000002,-0.25836182,0.14638592,-0.10206292,0.092672825,-0.060150146,-0.00024414063000000003,-0.2680359,0.11965041,-0.19878772,0.11337447,-0.19067383000000002,0.09112549,-0.25228882,0.20791273000000002,-0.37724698,0.12017321600000001,-0.21655273,0.06274414,-0.34909058,0.2178279,-0.37626657,0.22916448,-0.10458374000000001,0.0093688965,-0.33868408,0.084258184,-0.34118485,0.2358132,-0.029571533,-0.09143066400000001,-0.26684569999999996,-0.005356714,-0.23489285000000001,0.1774666,-0.076171875,-0.119384766,-0.19720459,0.033004686000000005,-0.18134442,0.121525645,-0.1317749,-0.108062744,-0.19805908,0.08655466,-0.1666928,0.13120854,-0.17791748000000002,-0.078186035,-0.16931152,0.13505615,-0.1465627,0.11368620400000001,-0.16308594,-0.04309082,-0.15274048,0.1290199,-0.12308874,0.10688865,-0.1308899,-0.09887695,-0.18838501,0.11136569,-0.003942266,0.15215904,-0.10894775400000001,-0.115356445,-0.17416382,0.103187606,0.055816725000000005,0.14414859,-0.12030029,-0.15075684,-0.19351196,0.14142533000000002,0.15492955,0.17236623,-0.04663086,-0.22698975000000002,-0.09942627,0.10167144,0.28691348,0.07720709,-0.09695434600000001,-0.06213379,-0.10916138,0.192789,0.16336789999999998,0.08198273,检查1#变、2变、开闭所有进线、出线地刀在拉开位置。
-0.0012817383,-0.066833496,-0.16488647,0.16332822,0.032379508,-0.009879053,-0.0012817383,-0.066833496,-0.16488647,0.16332822,0.032379508,-0.009879053,-0.05026245,-0.025543213000000002,-0.21603394,0.17247526,-0.06561789999999999,0.046910644,-0.057403564000000004,-0.020324707,-0.23400879,0.17292742,-0.08123137,0.066150665,-0.044708252000000004,-0.021881104000000002,-0.25836182,0.14638592,-0.10206292,0.092672825,-0.060150146,-0.00024414063000000003,-0.2680359,0.11965041,-0.19878772,0.11337447,-0.19067383000000002,0.09112549,-0.25228882,0.20791273000000002,-0.37724698,0.12017321600000001,-0.21655273,0.06274414,-0.34909058,0.2178279,-0.37626657,0.22916448,-0.10458374000000001,0.0093688965,-0.33868408,0.084258184,-0.34118485,0.2358132,-0.029571533,-0.09143066400000001,-0.26684569999999996,-0.005356714,-0.23489285000000001,0.1774666,-0.076171875,-0.119384766,-0.19720459,0.033004686000000005,-0.18134442,0.121525645,-0.1317749,-0.108062744,-0.19805908,0.08655466,-0.1666928,0.13120854,-0.17791748000000002,-0.078186035,-0.16931152,0.13505615,-0.1465627,0.11368620400000001,-0.16308594,-0.04309082,-0.15274048,0.1290199,-0.12308874,0.10688865,-0.1308899,-0.09887695,-0.18838501,0.11136569,-0.003942266,0.15215904,-0.10894775400000001,-0.115356445,-0.17416382,0.103187606,0.055816725000000005,0.14414859,-0.12030029,-0.15075684,-0.19351196,0.14142533000000002,0.15492955,0.17236623,-0.04663086,-0.22698975000000002,-0.09942627,0.10167144,0.28691348,0.07720709,-0.09695434600000001,-0.06213379,-0.10916138,0.192789,0.16336789999999998,0.08198273,-0.065826416,-0.14016724,-0.09121704,0.18748997,0.26256567000000003,0.054139614,检查1#变、2变、开闭所有进线、出线地刀在拉开位置。
-0.0012817383,-0.066833496,-0.16488647,0.16332822,0.032379508,-0.009879053,-0.05026245,-0.025543213000000002,-0.21603394,0.17247526,-0.06561789999999999,0.046910644,-0.057403564000000004,-0.020324707,-0.23400879,0.17292742,-0.08123137,0.066150665,-0.044708252000000004,-0.021881104000000002,-0.25836182,0.14638592,-0.10206292,0.092672825,-0.060150146,-0.00024414063000000003,-0.2680359,0.11965041,-0.19878772,0.11337447,-0.19067383000000002,0.09112549,-0.25228882,0.20791273000000002,-0.37724698,0.12017321600000001,-0.21655273,0.06274414,-0.34909058,0.2178279,-0.37626657,0.22916448,-0.10458374000000001,0.0093688965,-0.33868408,0.084258184,-0.34118485,0.2358132,-0.029571533,-0.09143066400000001,-0.26684569999999996,-0.005356714,-0.23489285000000001,0.1774666,-0.076171875,-0.119384766,-0.19720459,0.033004686000000005,-0.18134442,0.121525645,-0.1317749,-0.108062744,-0.19805908,0.08655466,-0.1666928,0.13120854,-0.17791748000000002,-0.078186035,-0.16931152,0.13505615,-0.1465627,0.11368620400000001,-0.16308594,-0.04309082,-0.15274048,0.1290199,-0.12308874,0.10688865,-0.1308899,-0.09887695,-0.18838501,0.11136569,-0.003942266,0.15215904,-0.10894775400000001,-0.115356445,-0.17416382,0.103187606,0.055816725000000005,0.14414859,-0.12030029,-0.15075684,-0.19351196,0.14142533000000002,0.15492955,0.17236623,-0.04663086,-0.22698975000000002,-0.09942627,0.10167144,0.28691348,0.07720709,-0.09695434600000001,-0.06213379,-0.10916138,0.192789,0.16336789999999998,0.08198273,-0.065826416,-0.14016724,-0.09121704,0.18748997,0.26256567000000003,0.054139614,-0.044921875,-0.07943725600000001,-0.051116943000000005,0.21595715000000001,0.22918129,-0.006510377,检查1#变、2变、开闭所有进线、出线地刀在拉开位置。
-0.05026245,-0.025543213000000002,-0.21603394,0.17247526,-0.06561789999999999,0.046910644,-0.057403564000000004,-0.020324707,-0.23400879,0.17292742,-0.08123137,0.066150665,-0.044708252000000004,-0.021881104000000002,-0.25836182,0.14638592,-0.10206292,0.092672825,-0.060150146,-0.00024414063000000003,-0.2680359,0.11965041,-0.19878772,0.11337447,-0.19067383000000002,0.09112549,-0.25228882,0.20791273000000002,-0.37724698,0.12017321600000001,-0.21655273,0.06274414,-0.34909058,0.2178279,-0.37626657,0.22916448,-0.10458374000000001,0.0093688965,-0.33868408,0.084258184,-0.34118485,0.2358132,-0.029571533,-0.09143066400000001,-0.26684569999999996,-0.005356714,-0.23489285000000001,0.1774666,-0.076171875,-0.119384766,-0.19720459,0.033004686000000005,-0.18134442,0.121525645,-0.1317749,-0.108062744,-0.19805908,0.08655466,-0.1666928,0.13120854,-0.17791748000000002,-0.078186035,-0.16931152,0.13505615,-0.1465627,0.11368620400000001,-0.16308594,-0.04309082,-0.15274048,0.1290199,-0.12308874,0.10688865,-0.1308899,-0.09887695,-0.18838501,0.11136569,-0.003942266,0.15215904,-0.10894775400000001,-0.115356445,-0.17416382,0.103187606,0.055816725000000005,0.14414859,-0.12030029,-0.15075684,-0.19351196,0.14142533000000002,0.15492955,0.17236623,-0.04663086,-0.22698975000000002,-0.09942627,0.10167144,0.28691348,0.07720709,-0.09695434600000001,-0.06213379,-0.10916138,0.192789,0.16336789999999998,0.08198273,-0.065826416,-0.14016724,-0.09121704,0.18748997,0.26256567000000003,0.054139614,-0.044921875,-0.07943725600000001,-0.051116943000000005,0.21595715000000001,0.22918129,-0.006510377,-0.014434814,-0.086242676,-0.020629883,0.20772947,0.2438398,-0.04957813,检查1#变、2变、开闭所有进线、出线地刀在拉开位置。
-0.057403564000000004,-0.020324707,-0.23400879,0.17292742,-0.08123137,0.066150665,-0.044708252000000004,-0.021881104000000002,-0.25836182,0.14638592,-0.10206292,0.092672825,-0.060150146,-0.00024414063000000003,-0.2680359,0.11965041,-0.19878772,0.11337447,-0.19067383000000002,0.09112549,-0.25228882,0.20791273000000002,-0.37724698,0.12017321600000001,-0.21655273,0.06274414,-0.34909058,0.2178279,-0.37626657,0.22916448,-0.10458374000000001,0.0093688965,-0.33868408,0.084258184,-0.34118485,0.2358132,-0.029571533,-0.09143066400000001,-0.26684569999999996,-0.005356714,-0.23489285000000001,0.1774666,-0.076171875,-0.119384766,-0.19720459,0.033004686000000005,-0.18134442,0.121525645,-0.1317749,-0.108062744,-0.19805908,0.08655466,-0.1666928,0.13120854,-0.17791748000000002,-0.078186035,-0.16931152,0.13505615,-0.1465627,0.11368620400000001,-0.16308594,-0.04309082,-0.15274048,0.1290199,-0.12308874,0.10688865,-0.1308899,-0.09887695,-0.18838501,0.11136569,-0.003942266,0.15215904,-0.10894775400000001,-0.115356445,-0.17416382,0.103187606,0.055816725000000005,0.14414859,-0.12030029,-0.15075684,-0.19351196,0.14142533000000002,0.15492955,0.17236623,-0.04663086,-0.22698975000000002,-0.09942627,0.10167144,0.28691348,0.07720709,-0.09695434600000001,-0.06213379,-0.10916138,0.192789,0.16336789999999998,0.08198273,-0.065826416,-0.14016724,-0.09121704,0.18748997,0.26256567000000003,0.054139614,-0.044921875,-0.07943725600000001,-0.051116943000000005,0.21595715000000001,0.22918129,-0.006510377,-0.014434814,-0.086242676,-0.020629883,0.20772947,0.2438398,-0.04957813,0.030609130000000002,-0.092681885,-0.01171875,0.19032283,0.25671995000000003,-0.075020075,检查1#变、2变、开闭所有进线、出线地刀在拉开位置。
-0.044708252000000004,-0.021881104000000002,-0.25836182,0.14638592,-0.10206292,0.092672825,-0.060150146,-0.00024414063000000003,-0.2680359,0.11965041,-0.19878772,0.11337447,-0.19067383000000002,0.09112549,-0.25228882,0.20791273000000002,-0.37724698,0.12017321600000001,-0.21655273,0.06274414,-0.34909058,0.2178279,-0.37626657,0.22916448,-0.10458374000000001,0.0093688965,-0.33868408,0.084258184,-0.34118485,0.2358132,-0.029571533,-0.09143066400000001,-0.26684569999999996,-0.005356714,-0.23489285000000001,0.1774666,-0.076171875,-0.119384766,-0.19720459,0.033004686000000005,-0.18134442,0.121525645,-0.1317749,-0.108062744,-0.19805908,0.08655466,-0.1666928,0.13120854,-0.17791748000000002,-0.078186035,-0.16931152,0.13505615,-0.1465627,0.11368620400000001,-0.16308594,-0.04309082,-0.15274048,0.1290199,-0.12308874,0.10688865,-0.1308899,-0.09887695,-0.18838501,0.11136569,-0.003942266,0.15215904,-0.10894775400000001,-0.115356445,-0.17416382,0.103187606,0.055816725000000005,0.14414859,-0.12030029,-0.15075684,-0.19351196,0.14142533000000002,0.15492955,0.17236623,-0.04663086,-0.22698975000000002,-0.09942627,0.10167144,0.28691348,0.07720709,-0.09695434600000001,-0.06213379,-0.10916138,0.192789,0.16336789999999998,0.08198273,-0.065826416,-0.14016724,-0.09121704,0.18748997,0.26256567000000003,0.054139614,-0.044921875,-0.07943725600000001,-0.051116943000000005,0.21595715000000001,0.22918129,-0.006510377,-0.014434814,-0.086242676,-0.020629883,0.20772947,0.2438398,-0.04957813,0.030609130000000002,-0.092681885,-0.01171875,0.19032283,0.25671995000000003,-0.075020075,0.04333496,-0.09674072,-0.029296875000000003,0.18572994,0.2622529,-0.06203431,检查1#变、2变、开闭所有进线、出线地刀在拉开位置。
-0.060150146,-0.00024414063000000003,-0.2680359,0.11965041,-0.19878772,0.11337447,-0.19067383000000002,0.09112549,-0.25228882,0.20791273000000002,-0.37724698,0.12017321600000001,-0.21655273,0.06274414,-0.34909058,0.2178279,-0.37626657,0.22916448,-0.10458374000000001,0.0093688965,-0.33868408,0.084258184,-0.34118485,0.2358132,-0.029571533,-0.09143066400000001,-0.26684569999999996,-0.005356714,-0.23489285000000001,0.1774666,-0.076171875,-0.119384766,-0.19720459,0.033004686000000005,-0.18134442,0.121525645,-0.1317749,-0.108062744,-0.19805908,0.08655466,-0.1666928,0.13120854,-0.17791748000000002,-0.078186035,-0.16931152,0.13505615,-0.1465627,0.11368620400000001,-0.16308594,-0.04309082,-0.15274048,0.1290199,-0.12308874,0.10688865,-0.1308899,-0.09887695,-0.18838501,0.11136569,-0.003942266,0.15215904,-0.10894775400000001,-0.115356445,-0.17416382,0.103187606,0.055816725000000005,0.14414859,-0.12030029,-0.15075684,-0.19351196,0.14142533000000002,0.15492955,0.17236623,-0.04663086,-0.22698975000000002,-0.09942627,0.10167144,0.28691348,0.07720709,-0.09695434600000001,-0.06213379,-0.10916138,0.192789,0.16336789999999998,0.08198273,-0.065826416,-0.14016724,-0.09121704,0.18748997,0.26256567000000003,0.054139614,-0.044921875,-0.07943725600000001,-0.051116943000000005,0.21595715000000001,0.22918129,-0.006510377,-0.014434814,-0.086242676,-0.020629883,0.20772947,0.2438398,-0.04957813,0.030609130000000002,-0.092681885,-0.01171875,0.19032283,0.25671995000000003,-0.075020075,0.04333496,-0.09674072,-0.029296875000000003,0.18572994,0.2622529,-0.06203431,0.074401855,-0.17767334,-0.08319092,0.17863707,0.34758928,-0.022013903,检查1#变、2变、开闭所有进线、出线地刀在拉开位置。
-0.19067383000000002,0.09112549,-0.25228882,0.20791273000000002,-0.37724698,0.12017321600000001,-0.21655273,0.06274414,-0.34909058,0.2178279,-0.37626657,0.22916448,-0.10458374000000001,0.0093688965,-0.33868408,0.084258184,-0.34118485,0.2358132,-0.029571533,-0.09143066400000001,-0.26684569999999996,-0.005356714,-0.23489285000000001,0.1774666,-0.076171875,-0.119384766,-0.19720459,0.033004686000000005,-0.18134442,0.121525645,-0.1317749,-0.108062744,-0.19805908,0.08655466,-0.1666928,0.13120854,-0.17791748000000002,-0.078186035,-0.16931152,0.13505615,-0.1465627,0.11368620400000001,-0.16308594,-0.04309082,-0.15274048,0.1290199,-0.12308874,0.10688865,-0.1308899,-0.09887695,-0.18838501,0.11136569,-0.003942266,0.15215904,-0.10894775400000001,-0.115356445,-0.17416382,0.103187606,0.055816725000000005,0.14414859,-0.12030029,-0.15075684,-0.19351196,0.14142533000000002,0.15492955,0.17236623,-0.04663086,-0.22698975000000002,-0.09942627,0.10167144,0.28691348,0.07720709,-0.09695434600000001,-0.06213379,-0.10916138,0.192789,0.16336789999999998,0.08198273,-0.065826416,-0.14016724,-0.09121704,0.18748997,0.26256567000000003,0.054139614,-0.044921875,-0.07943725600000001,-0.051116943000000005,0.21595715000000001,0.22918129,-0.006510377,-0.014434814,-0.086242676,-0.020629883,0.20772947,0.2438398,-0.04957813,0.030609130000000002,-0.092681885,-0.01171875,0.19032283,0.25671995000000003,-0.075020075,0.04333496,-0.09674072,-0.029296875000000003,0.18572994,0.2622529,-0.06203431,0.074401855,-0.17767334,-0.08319092,0.17863707,0.34758928,-0.022013903,0.025299072000000002,-0.17211914,-0.14181519,0.24347915,0.34479114,0.030204058000000002,检查1#变、2变、开闭所有进线、出线地刀在拉开位置。
-0.21655273,0.06274414,-0.34909058,0.2178279,-0.37626657,0.22916448,-0.10458374000000001,0.0093688965,-0.33868408,0.084258184,-0.34118485,0.2358132,-0.029571533,-0.09143066400000001,-0.26684569999999996,-0.005356714,-0.23489285000000001,0.1774666,-0.076171875,-0.119384766,-0.19720459,0.033004686000000005,-0.18134442,0.121525645,-0.1317749,-0.108062744,-0.19805908,0.08655466,-0.1666928,0.13120854,-0.17791748000000002,-0.078186035,-0.16931152,0.13505615,-0.1465627,0.11368620400000001,-0.16308594,-0.04309082,-0.15274048,0.1290199,-0.12308874,0.10688865,-0.1308899,-0.09887695,-0.18838501,0.11136569,-0.003942266,0.15215904,-0.10894775400000001,-0.115356445,-0.17416382,0.103187606,0.055816725000000005,0.14414859,-0.12030029,-0.15075684,-0.19351196,0.14142533000000002,0.15492955,0.17236623,-0.04663086,-0.22698975000000002,-0.09942627,0.10167144,0.28691348,0.07720709,-0.09695434600000001,-0.06213379,-0.10916138,0.192789,0.16336789999999998,0.08198273,-0.065826416,-0.14016724,-0.09121704,0.18748997,0.26256567000000003,0.054139614,-0.044921875,-0.07943725600000001,-0.051116943000000005,0.21595715000000001,0.22918129,-0.006510377,-0.014434814,-0.086242676,-0.020629883,0.20772947,0.2438398,-0.04957813,0.030609130000000002,-0.092681885,-0.01171875,0.19032283,0.25671995000000003,-0.075020075,0.04333496,-0.09674072,-0.029296875000000003,0.18572994,0.2622529,-0.06203431,0.074401855,-0.17767334,-0.08319092,0.17863707,0.34758928,-0.022013903,0.025299072000000002,-0.17211914,-0.14181519,0.24347915,0.34479114,0.030204058000000002,0.020568848,-0.15994263,-0.14208984,0.24956195,0.33373189999999997,0.030837774000000002,检查1#变、2变、开闭所有进线、出线地刀在拉开位置。
-0.10458374000000001,0.0093688965,-0.33868408,0.084258184,-0.34118485,0.2358132,-0.029571533,-0.09143066400000001,-0.26684569999999996,-0.005356714,-0.23489285000000001,0.1774666,-0.076171875,-0.119384766,-0.19720459,0.033004686000000005,-0.18134442,0.121525645,-0.1317749,-0.108062744,-0.19805908,0.08655466,-0.1666928,0.13120854,-0.17791748000000002,-0.078186035,-0.16931152,0.13505615,-0.1465627,0.11368620400000001,-0.16308594,-0.04309082,-0.15274048,0.1290199,-0.12308874,0.10688865,-0.1308899,-0.09887695,-0.18838501,0.11136569,-0.003942266,0.15215904,-0.10894775400000001,-0.115356445,-0.17416382,0.103187606,0.055816725000000005,0.14414859,-0.12030029,-0.15075684,-0.19351196,0.14142533000000002,0.15492955,0.17236623,-0.04663086,-0.22698975000000002,-0.09942627,0.10167144,0.28691348,0.07720709,-0.09695434600000001,-0.06213379,-0.10916138,0.192789,0.16336789999999998,0.08198273,-0.065826416,-0.14016724,-0.09121704,0.18748997,0.26256567000000003,0.054139614,-0.044921875,-0.07943725600000001,-0.051116943000000005,0.21595715000000001,0.22918129,-0.006510377,-0.014434814,-0.086242676,-0.020629883,0.20772947,0.2438398,-0.04957813,0.030609130000000002,-0.092681885,-0.01171875,0.19032283,0.25671995000000003,-0.075020075,0.04333496,-0.09674072,-0.029296875000000003,0.18572994,0.2622529,-0.06203431,0.074401855,-0.17767334,-0.08319092,0.17863707,0.34758928,-0.022013903,0.025299072000000002,-0.17211914,-0.14181519,0.24347915,0.34479114,0.030204058000000002,0.020568848,-0.15994263,-0.14208984,0.24956195,0.33373189999999997,0.030837774000000002,0.020568848,-0.15994263,-0.14208984,0.24956195,0.33373189999999997,0.030837774000000002,检查1#变、2变、开闭所有进线、出线地刀在拉开位置。
-0.029571533,-0.09143066400000001,-0.26684569999999996,-0.005356714,-0.23489285000000001,0.1774666,-0.076171875,-0.119384766,-0.19720459,0.033004686000000005,-0.18134442,0.121525645,-0.1317749,-0.108062744,-0.19805908,0.08655466,-0.1666928,0.13120854,-0.17791748000000002,-0.078186035,-0.16931152,0.13505615,-0.1465627,0.11368620400000001,-0.16308594,-0.04309082,-0.15274048,0.1290199,-0.12308874,0.10688865,-0.1308899,-0.09887695,-0.18838501,0.11136569,-0.003942266,0.15215904,-0.10894775400000001,-0.115356445,-0.17416382,0.103187606,0.055816725000000005,0.14414859,-0.12030029,-0.15075684,-0.19351196,0.14142533000000002,0.15492955,0.17236623,-0.04663086,-0.22698975000000002,-0.09942627,0.10167144,0.28691348,0.07720709,-0.09695434600000001,-0.06213379,-0.10916138,0.192789,0.16336789999999998,0.08198273,-0.065826416,-0.14016724,-0.09121704,0.18748997,0.26256567000000003,0.054139614,-0.044921875,-0.07943725600000001,-0.051116943000000005,0.21595715000000001,0.22918129,-0.006510377,-0.014434814,-0.086242676,-0.020629883,0.20772947,0.2438398,-0.04957813,0.030609130000000002,-0.092681885,-0.01171875,0.19032283,0.25671995000000003,-0.075020075,0.04333496,-0.09674072,-0.029296875000000003,0.18572994,0.2622529,-0.06203431,0.074401855,-0.17767334,-0.08319092,0.17863707,0.34758928,-0.022013903,0.025299072000000002,-0.17211914,-0.14181519,0.24347915,0.34479114,0.030204058000000002,0.020568848,-0.15994263,-0.14208984,0.24956195,0.33373189999999997,0.030837774000000002,0.020568848,-0.15994263,-0.14208984,0.24956195,0.33373189999999997,0.030837774000000002,0.010375977000000002,-0.1272583,-0.14974976,0.2600881,0.30182606,0.03978932,检查1#变、2变、开闭所有进线、出线地刀在拉开位置。
-0.076171875,-0.119384766,-0.19720459,0.033004686000000005,-0.18134442,0.121525645,-0.1317749,-0.108062744,-0.19805908,0.08655466,-0.1666928,0.13120854,-0.17791748000000002,-0.078186035,-0.16931152,0.13505615,-0.1465627,0.11368620400000001,-0.16308594,-0.04309082,-0.15274048,0.1290199,-0.12308874,0.10688865,-0.1308899,-0.09887695,-0.18838501,0.11136569,-0.003942266,0.15215904,-0.10894775400000001,-0.115356445,-0.17416382,0.103187606,0.055816725000000005,0.14414859,-0.12030029,-0.15075684,-0.19351196,0.14142533000000002,0.15492955,0.17236623,-0.04663086,-0.22698975000000002,-0.09942627,0.10167144,0.28691348,0.07720709,-0.09695434600000001,-0.06213379,-0.10916138,0.192789,0.16336789999999998,0.08198273,-0.065826416,-0.14016724,-0.09121704,0.18748997,0.26256567000000003,0.054139614,-0.044921875,-0.07943725600000001,-0.051116943000000005,0.21595715000000001,0.22918129,-0.006510377,-0.014434814,-0.086242676,-0.020629883,0.20772947,0.2438398,-0.04957813,0.030609130000000002,-0.092681885,-0.01171875,0.19032283,0.25671995000000003,-0.075020075,0.04333496,-0.09674072,-0.029296875000000003,0.18572994,0.2622529,-0.06203431,0.074401855,-0.17767334,-0.08319092,0.17863707,0.34758928,-0.022013903,0.025299072000000002,-0.17211914,-0.14181519,0.24347915,0.34479114,0.030204058000000002,0.020568848,-0.15994263,-0.14208984,0.24956195,0.33373189999999997,0.030837774000000002,0.020568848,-0.15994263,-0.14208984,0.24956195,0.33373189999999997,0.030837774000000002,0.010375977000000002,-0.1272583,-0.14974976,0.2600881,0.30182606,0.03978932,-0.032684326,-0.08578491,-0.21783447,0.2830512,0.25878942,0.12231725500000001,检查1#变、2变、开闭所有进线、出线地刀在拉开位置。
-0.1317749,-0.108062744,-0.19805908,0.08655466,-0.1666928,0.13120854,-0.17791748000000002,-0.078186035,-0.16931152,0.13505615,-0.1465627,0.11368620400000001,-0.16308594,-0.04309082,-0.15274048,0.1290199,-0.12308874,0.10688865,-0.1308899,-0.09887695,-0.18838501,0.11136569,-0.003942266,0.15215904,-0.10894775400000001,-0.115356445,-0.17416382,0.103187606,0.055816725000000005,0.14414859,-0.12030029,-0.15075684,-0.19351196,0.14142533000000002,0.15492955,0.17236623,-0.04663086,-0.22698975000000002,-0.09942627,0.10167144,0.28691348,0.07720709,-0.09695434600000001,-0.06213379,-0.10916138,0.192789,0.16336789999999998,0.08198273,-0.065826416,-0.14016724,-0.09121704,0.18748997,0.26256567000000003,0.054139614,-0.044921875,-0.07943725600000001,-0.051116943000000005,0.21595715000000001,0.22918129,-0.006510377,-0.014434814,-0.086242676,-0.020629883,0.20772947,0.2438398,-0.04957813,0.030609130000000002,-0.092681885,-0.01171875,0.19032283,0.25671995000000003,-0.075020075,0.04333496,-0.09674072,-0.029296875000000003,0.18572994,0.2622529,-0.06203431,0.074401855,-0.17767334,-0.08319092,0.17863707,0.34758928,-0.022013903,0.025299072000000002,-0.17211914,-0.14181519,0.24347915,0.34479114,0.030204058000000002,0.020568848,-0.15994263,-0.14208984,0.24956195,0.33373189999999997,0.030837774000000002,0.020568848,-0.15994263,-0.14208984,0.24956195,0.33373189999999997,0.030837774000000002,0.010375977000000002,-0.1272583,-0.14974976,0.2600881,0.30182606,0.03978932,-0.032684326,-0.08578491,-0.21783447,0.2830512,0.25878942,0.12231725500000001,-0.17178345,-0.036743164,-0.19741821,0.39872664,0.20336983,0.114950776,检查1#变、2变、开闭所有进线、出线地刀在拉开位置。
-0.17791748000000002,-0.078186035,-0.16931152,0.13505615,-0.1465627,0.11368620400000001,-0.16308594,-0.04309082,-0.15274048,0.1290199,-0.12308874,0.10688865,-0.1308899,-0.09887695,-0.18838501,0.11136569,-0.003942266,0.15215904,-0.10894775400000001,-0.115356445,-0.17416382,0.103187606,0.055816725000000005,0.14414859,-0.12030029,-0.15075684,-0.19351196,0.14142533000000002,0.15492955,0.17236623,-0.04663086,-0.22698975000000002,-0.09942627,0.10167144,0.28691348,0.07720709,-0.09695434600000001,-0.06213379,-0.10916138,0.192789,0.16336789999999998,0.08198273,-0.065826416,-0.14016724,-0.09121704,0.18748997,0.26256567000000003,0.054139614,-0.044921875,-0.07943725600000001,-0.051116943000000005,0.21595715000000001,0.22918129,-0.006510377,-0.014434814,-0.086242676,-0.020629883,0.20772947,0.2438398,-0.04957813,0.030609130000000002,-0.092681885,-0.01171875,0.19032283,0.25671995000000003,-0.075020075,0.04333496,-0.09674072,-0.029296875000000003,0.18572994,0.2622529,-0.06203431,0.074401855,-0.17767334,-0.08319092,0.17863707,0.34758928,-0.022013903,0.025299072000000002,-0.17211914,-0.14181519,0.24347915,0.34479114,0.030204058000000002,0.020568848,-0.15994263,-0.14208984,0.24956195,0.33373189999999997,0.030837774000000002,0.020568848,-0.15994263,-0.14208984,0.24956195,0.33373189999999997,0.030837774000000002,0.010375977000000002,-0.1272583,-0.14974976,0.2600881,0.30182606,0.03978932,-0.032684326,-0.08578491,-0.21783447,0.2830512,0.25878942,0.12231725500000001,-0.17178345,-0.036743164,-0.19741821,0.39872664,0.20336983,0.114950776,-0.38552856,0.09664917,-0.16934204,0.56906396,0.04960893,0.107631445,检查1#变、2变、开闭所有进线、出线地刀在拉开位置。
-0.16308594,-0.04309082,-0.15274048,0.1290199,-0.12308874,0.10688865,-0.1308899,-0.09887695,-0.18838501,0.11136569,-0.003942266,0.15215904,-0.10894775400000001,-0.115356445,-0.17416382,0.103187606,0.055816725000000005,0.14414859,-0.12030029,-0.15075684,-0.19351196,0.14142533000000002,0.15492955,0.17236623,-0.04663086,-0.22698975000000002,-0.09942627,0.10167144,0.28691348,0.07720709,-0.09695434600000001,-0.06213379,-0.10916138,0.192789,0.16336789999999998,0.08198273,-0.065826416,-0.14016724,-0.09121704,0.18748997,0.26256567000000003,0.054139614,-0.044921875,-0.07943725600000001,-0.051116943000000005,0.21595715000000001,0.22918129,-0.006510377,-0.014434814,-0.086242676,-0.020629883,0.20772947,0.2438398,-0.04957813,0.030609130000000002,-0.092681885,-0.01171875,0.19032283,0.25671995000000003,-0.075020075,0.04333496,-0.09674072,-0.029296875000000003,0.18572994,0.2622529,-0.06203431,0.074401855,-0.17767334,-0.08319092,0.17863707,0.34758928,-0.022013903,0.025299072000000002,-0.17211914,-0.14181519,0.24347915,0.34479114,0.030204058000000002,0.020568848,-0.15994263,-0.14208984,0.24956195,0.33373189999999997,0.030837774000000002,0.020568848,-0.15994263,-0.14208984,0.24956195,0.33373189999999997,0.030837774000000002,0.010375977000000002,-0.1272583,-0.14974976,0.2600881,0.30182606,0.03978932,-0.032684326,-0.08578491,-0.21783447,0.2830512,0.25878942,0.12231725500000001,-0.17178345,-0.036743164,-0.19741821,0.39872664,0.20336983,0.114950776,-0.38552856,0.09664917,-0.16934204,0.56906396,0.04960893,0.107631445,-0.39312744,0.0748291,-0.24682617,0.5339828,0.041832194,0.19807935000000002,检查1#变、2变、开闭所有进线、出线地刀在拉开位置。
-0.1308899,-0.09887695,-0.18838501,0.11136569,-0.003942266,0.15215904,-0.10894775400000001,-0.115356445,-0.17416382,0.103187606,0.055816725000000005,0.14414859,-0.12030029,-0.15075684,-0.19351196,0.14142533000000002,0.15492955,0.17236623,-0.04663086,-0.22698975000000002,-0.09942627,0.10167144,0.28691348,0.07720709,-0.09695434600000001,-0.06213379,-0.10916138,0.192789,0.16336789999999998,0.08198273,-0.065826416,-0.14016724,-0.09121704,0.18748997,0.26256567000000003,0.054139614,-0.044921875,-0.07943725600000001,-0.051116943000000005,0.21595715000000001,0.22918129,-0.006510377,-0.014434814,-0.086242676,-0.020629883,0.20772947,0.2438398,-0.04957813,0.030609130000000002,-0.092681885,-0.01171875,0.19032283,0.25671995000000003,-0.075020075,0.04333496,-0.09674072,-0.029296875000000003,0.18572994,0.2622529,-0.06203431,0.074401855,-0.17767334,-0.08319092,0.17863707,0.34758928,-0.022013903,0.025299072000000002,-0.17211914,-0.14181519,0.24347915,0.34479114,0.030204058000000002,0.020568848,-0.15994263,-0.14208984,0.24956195,0.33373189999999997,0.030837774000000002,0.020568848,-0.15994263,-0.14208984,0.24956195,0.33373189999999997,0.030837774000000002,0.010375977000000002,-0.1272583,-0.14974976,0.2600881,0.30182606,0.03978932,-0.032684326,-0.08578491,-0.21783447,0.2830512,0.25878942,0.12231725500000001,-0.17178345,-0.036743164,-0.19741821,0.39872664,0.20336983,0.114950776,-0.38552856,0.09664917,-0.16934204,0.56906396,0.04960893,0.107631445,-0.39312744,0.0748291,-0.24682617,0.5339828,0.041832194,0.19807935000000002,-0.07919311500000001,-0.12997437,-0.43319702,0.14916466,0.18447596,0.39817864000000003,检查1#变、2变、开闭所有进线、出线地刀在拉开位置。
-0.10894775400000001,-0.115356445,-0.17416382,0.103187606,0.055816725000000005,0.14414859,-0.12030029,-0.15075684,-0.19351196,0.14142533000000002,0.15492955,0.17236623,-0.04663086,-0.22698975000000002,-0.09942627,0.10167144,0.28691348,0.07720709,-0.09695434600000001,-0.06213379,-0.10916138,0.192789,0.16336789999999998,0.08198273,-0.065826416,-0.14016724,-0.09121704,0.18748997,0.26256567000000003,0.054139614,-0.044921875,-0.07943725600000001,-0.051116943000000005,0.21595715000000001,0.22918129,-0.006510377,-0.014434814,-0.086242676,-0.020629883,0.20772947,0.2438398,-0.04957813,0.030609130000000002,-0.092681885,-0.01171875,0.19032283,0.25671995000000003,-0.075020075,0.04333496,-0.09674072,-0.029296875000000003,0.18572994,0.2622529,-0.06203431,0.074401855,-0.17767334,-0.08319092,0.17863707,0.34758928,-0.022013903,0.025299072000000002,-0.17211914,-0.14181519,0.24347915,0.34479114,0.030204058000000002,0.020568848,-0.15994263,-0.14208984,0.24956195,0.33373189999999997,0.030837774000000002,0.020568848,-0.15994263,-0.14208984,0.24956195,0.33373189999999997,0.030837774000000002,0.010375977000000002,-0.1272583,-0.14974976,0.2600881,0.30182606,0.03978932,-0.032684326,-0.08578491,-0.21783447,0.2830512,0.25878942,0.12231725500000001,-0.17178345,-0.036743164,-0.19741821,0.39872664,0.20336983,0.114950776,-0.38552856,0.09664917,-0.16934204,0.56906396,0.04960893,0.107631445,-0.39312744,0.0748291,-0.24682617,0.5339828,0.041832194,0.19807935000000002,-0.07919311500000001,-0.12997437,-0.43319702,0.14916466,0.18447596,0.39817864000000003,-0.02053833,-0.22927856,-0.36450195,0.061273858,0.25302708,0.33397679999999996,检查1#变、2变、开闭所有进线、出线地刀在拉开位置。
-0.12030029,-0.15075684,-0.19351196,0.14142533000000002,0.15492955,0.17236623,-0.04663086,-0.22698975000000002,-0.09942627,0.10167144,0.28691348,0.07720709,-0.09695434600000001,-0.06213379,-0.10916138,0.192789,0.16336789999999998,0.08198273,-0.065826416,-0.14016724,-0.09121704,0.18748997,0.26256567000000003,0.054139614,-0.044921875,-0.07943725600000001,-0.051116943000000005,0.21595715000000001,0.22918129,-0.006510377,-0.014434814,-0.086242676,-0.020629883,0.20772947,0.2438398,-0.04957813,0.030609130000000002,-0.092681885,-0.01171875,0.19032283,0.25671995000000003,-0.075020075,0.04333496,-0.09674072,-0.029296875000000003,0.18572994,0.2622529,-0.06203431,0.074401855,-0.17767334,-0.08319092,0.17863707,0.34758928,-0.022013903,0.025299072000000002,-0.17211914,-0.14181519,0.24347915,0.34479114,0.030204058000000002,0.020568848,-0.15994263,-0.14208984,0.24956195,0.33373189999999997,0.030837774000000002,0.020568848,-0.15994263,-0.14208984,0.24956195,0.33373189999999997,0.030837774000000002,0.010375977000000002,-0.1272583,-0.14974976,0.2600881,0.30182606,0.03978932,-0.032684326,-0.08578491,-0.21783447,0.2830512,0.25878942,0.12231725500000001,-0.17178345,-0.036743164,-0.19741821,0.39872664,0.20336983,0.114950776,-0.38552856,0.09664917,-0.16934204,0.56906396,0.04960893,0.107631445,-0.39312744,0.0748291,-0.24682617,0.5339828,0.041832194,0.19807935000000002,-0.07919311500000001,-0.12997437,-0.43319702,0.14916466,0.18447596,0.39817864000000003,-0.02053833,-0.22927856,-0.36450195,0.061273858,0.25302708,0.33397679999999996,-0.015716553,-0.16180419999999998,-0.19699097000000002,0.037118240000000004,0.16273734,0.17127317,检查1#变、2变、开闭所有进线、出线地刀在拉开位置。
-0.04663086,-0.22698975000000002,-0.09942627,0.10167144,0.28691348,0.07720709,-0.09695434600000001,-0.06213379,-0.10916138,0.192789,0.16336789999999998,0.08198273,-0.065826416,-0.14016724,-0.09121704,0.18748997,0.26256567000000003,0.054139614,-0.044921875,-0.07943725600000001,-0.051116943000000005,0.21595715000000001,0.22918129,-0.006510377,-0.014434814,-0.086242676,-0.020629883,0.20772947,0.2438398,-0.04957813,0.030609130000000002,-0.092681885,-0.01171875,0.19032283,0.25671995000000003,-0.075020075,0.04333496,-0.09674072,-0.029296875000000003,0.18572994,0.2622529,-0.06203431,0.074401855,-0.17767334,-0.08319092,0.17863707,0.34758928,-0.022013903,0.025299072000000002,-0.17211914,-0.14181519,0.24347915,0.34479114,0.030204058000000002,0.020568848,-0.15994263,-0.14208984,0.24956195,0.33373189999999997,0.030837774000000002,0.020568848,-0.15994263,-0.14208984,0.24956195,0.33373189999999997,0.030837774000000002,0.010375977000000002,-0.1272583,-0.14974976,0.2600881,0.30182606,0.03978932,-0.032684326,-0.08578491,-0.21783447,0.2830512,0.25878942,0.12231725500000001,-0.17178345,-0.036743164,-0.19741821,0.39872664,0.20336983,0.114950776,-0.38552856,0.09664917,-0.16934204,0.56906396,0.04960893,0.107631445,-0.39312744,0.0748291,-0.24682617,0.5339828,0.041832194,0.19807935000000002,-0.07919311500000001,-0.12997437,-0.43319702,0.14916466,0.18447596,0.39817864000000003,-0.02053833,-0.22927856,-0.36450195,0.061273858,0.25302708,0.33397679999999996,-0.015716553,-0.16180419999999998,-0.19699097000000002,0.037118240000000004,0.16273734,0.17127317,-0.018798828,-0.114227295,-0.11468506,0.030788526000000004,0.10460887,0.09273511,检查1#变、2变、开闭所有进线、出线地刀在拉开位置。
-0.09695434600000001,-0.06213379,-0.10916138,0.192789,0.16336789999999998,0.08198273,-0.065826416,-0.14016724,-0.09121704,0.18748997,0.26256567000000003,0.054139614,-0.044921875,-0.07943725600000001,-0.051116943000000005,0.21595715000000001,0.22918129,-0.006510377,-0.014434814,-0.086242676,-0.020629883,0.20772947,0.2438398,-0.04957813,0.030609130000000002,-0.092681885,-0.01171875,0.19032283,0.25671995000000003,-0.075020075,0.04333496,-0.09674072,-0.029296875000000003,0.18572994,0.2622529,-0.06203431,0.074401855,-0.17767334,-0.08319092,0.17863707,0.34758928,-0.022013903,0.025299072000000002,-0.17211914,-0.14181519,0.24347915,0.34479114,0.030204058000000002,0.020568848,-0.15994263,-0.14208984,0.24956195,0.33373189999999997,0.030837774000000002,0.020568848,-0.15994263,-0.14208984,0.24956195,0.33373189999999997,0.030837774000000002,0.010375977000000002,-0.1272583,-0.14974976,0.2600881,0.30182606,0.03978932,-0.032684326,-0.08578491,-0.21783447,0.2830512,0.25878942,0.12231725500000001,-0.17178345,-0.036743164,-0.19741821,0.39872664,0.20336983,0.114950776,-0.38552856,0.09664917,-0.16934204,0.56906396,0.04960893,0.107631445,-0.39312744,0.0748291,-0.24682617,0.5339828,0.041832194,0.19807935000000002,-0.07919311500000001,-0.12997437,-0.43319702,0.14916466,0.18447596,0.39817864000000003,-0.02053833,-0.22927856,-0.36450195,0.061273858,0.25302708,0.33397679999999996,-0.015716553,-0.16180419999999998,-0.19699097000000002,0.037118240000000004,0.16273734,0.17127317,-0.018798828,-0.114227295,-0.11468506,0.030788526000000004,0.10460887,0.09273511,-0.058685303,-0.102996826,-0.0763855,0.064280584,0.08708035,0.05825889,检查1#变、2变、开闭所有进线、出线地刀在拉开位置。
-0.065826416,-0.14016724,-0.09121704,0.18748997,0.26256567000000003,0.054139614,-0.044921875,-0.07943725600000001,-0.051116943000000005,0.21595715000000001,0.22918129,-0.006510377,-0.014434814,-0.086242676,-0.020629883,0.20772947,0.2438398,-0.04957813,0.030609130000000002,-0.092681885,-0.01171875,0.19032283,0.25671995000000003,-0.075020075,0.04333496,-0.09674072,-0.029296875000000003,0.18572994,0.2622529,-0.06203431,0.074401855,-0.17767334,-0.08319092,0.17863707,0.34758928,-0.022013903,0.025299072000000002,-0.17211914,-0.14181519,0.24347915,0.34479114,0.030204058000000002,0.020568848,-0.15994263,-0.14208984,0.24956195,0.33373189999999997,0.030837774000000002,0.020568848,-0.15994263,-0.14208984,0.24956195,0.33373189999999997,0.030837774000000002,0.010375977000000002,-0.1272583,-0.14974976,0.2600881,0.30182606,0.03978932,-0.032684326,-0.08578491,-0.21783447,0.2830512,0.25878942,0.12231725500000001,-0.17178345,-0.036743164,-0.19741821,0.39872664,0.20336983,0.114950776,-0.38552856,0.09664917,-0.16934204,0.56906396,0.04960893,0.107631445,-0.39312744,0.0748291,-0.24682617,0.5339828,0.041832194,0.19807935000000002,-0.07919311500000001,-0.12997437,-0.43319702,0.14916466,0.18447596,0.39817864000000003,-0.02053833,-0.22927856,-0.36450195,0.061273858,0.25302708,0.33397679999999996,-0.015716553,-0.16180419999999998,-0.19699097000000002,0.037118240000000004,0.16273734,0.17127317,-0.018798828,-0.114227295,-0.11468506,0.030788526000000004,0.10460887,0.09273511,-0.058685303,-0.102996826,-0.0763855,0.064280584,0.08708035,0.05825889,-0.078186035,-0.109375,-0.11160278,0.07630993400000001,0.08774475,0.09933251,检查1#变、2变、开闭所有进线、出线地刀在拉开位置。
-0.044921875,-0.07943725600000001,-0.051116943000000005,0.21595715000000001,0.22918129,-0.006510377,-0.014434814,-0.086242676,-0.020629883,0.20772947,0.2438398,-0.04957813,0.030609130000000002,-0.092681885,-0.01171875,0.19032283,0.25671995000000003,-0.075020075,0.04333496,-0.09674072,-0.029296875000000003,0.18572994,0.2622529,-0.06203431,0.074401855,-0.17767334,-0.08319092,0.17863707,0.34758928,-0.022013903,0.025299072000000002,-0.17211914,-0.14181519,0.24347915,0.34479114,0.030204058000000002,0.020568848,-0.15994263,-0.14208984,0.24956195,0.33373189999999997,0.030837774000000002,0.020568848,-0.15994263,-0.14208984,0.24956195,0.33373189999999997,0.030837774000000002,0.010375977000000002,-0.1272583,-0.14974976,0.2600881,0.30182606,0.03978932,-0.032684326,-0.08578491,-0.21783447,0.2830512,0.25878942,0.12231725500000001,-0.17178345,-0.036743164,-0.19741821,0.39872664,0.20336983,0.114950776,-0.38552856,0.09664917,-0.16934204,0.56906396,0.04960893,0.107631445,-0.39312744,0.0748291,-0.24682617,0.5339828,0.041832194,0.19807935000000002,-0.07919311500000001,-0.12997437,-0.43319702,0.14916466,0.18447596,0.39817864000000003,-0.02053833,-0.22927856,-0.36450195,0.061273858,0.25302708,0.33397679999999996,-0.015716553,-0.16180419999999998,-0.19699097000000002,0.037118240000000004,0.16273734,0.17127317,-0.018798828,-0.114227295,-0.11468506,0.030788526000000004,0.10460887,0.09273511,-0.058685303,-0.102996826,-0.0763855,0.064280584,0.08708035,0.05825889,-0.078186035,-0.109375,-0.11160278,0.07630993400000001,0.08774475,0.09933251,-0.011138916,-0.08493042,-0.14538574,0.005079195,0.061023430000000004,0.13644445,检查1#变、2变、开闭所有进线、出线地刀在拉开位置。
-0.014434814,-0.086242676,-0.020629883,0.20772947,0.2438398,-0.04957813,0.030609130000000002,-0.092681885,-0.01171875,0.19032283,0.25671995000000003,-0.075020075,0.04333496,-0.09674072,-0.029296875000000003,0.18572994,0.2622529,-0.06203431,0.074401855,-0.17767334,-0.08319092,0.17863707,0.34758928,-0.022013903,0.025299072000000002,-0.17211914,-0.14181519,0.24347915,0.34479114,0.030204058000000002,0.020568848,-0.15994263,-0.14208984,0.24956195,0.33373189999999997,0.030837774000000002,0.020568848,-0.15994263,-0.14208984,0.24956195,0.33373189999999997,0.030837774000000002,0.010375977000000002,-0.1272583,-0.14974976,0.2600881,0.30182606,0.03978932,-0.032684326,-0.08578491,-0.21783447,0.2830512,0.25878942,0.12231725500000001,-0.17178345,-0.036743164,-0.19741821,0.39872664,0.20336983,0.114950776,-0.38552856,0.09664917,-0.16934204,0.56906396,0.04960893,0.107631445,-0.39312744,0.0748291,-0.24682617,0.5339828,0.041832194,0.19807935000000002,-0.07919311500000001,-0.12997437,-0.43319702,0.14916466,0.18447596,0.39817864000000003,-0.02053833,-0.22927856,-0.36450195,0.061273858,0.25302708,0.33397679999999996,-0.015716553,-0.16180419999999998,-0.19699097000000002,0.037118240000000004,0.16273734,0.17127317,-0.018798828,-0.114227295,-0.11468506,0.030788526000000004,0.10460887,0.09273511,-0.058685303,-0.102996826,-0.0763855,0.064280584,0.08708035,0.05825889,-0.078186035,-0.109375,-0.11160278,0.07630993400000001,0.08774475,0.09933251,-0.011138916,-0.08493042,-0.14538574,0.005079195,0.061023430000000004,0.13644445,0.019134521,-0.039978027,-0.16873169,-0.028421551000000003,0.013416678000000001,0.16272187,检查1#变、2变、开闭所有进线、出线地刀在拉开位置。
0.030609130000000002,-0.092681885,-0.01171875,0.19032283,0.25671995000000003,-0.075020075,0.04333496,-0.09674072,-0.029296875000000003,0.18572994,0.2622529,-0.06203431,0.074401855,-0.17767334,-0.08319092,0.17863707,0.34758928,-0.022013903,0.025299072000000002,-0.17211914,-0.14181519,0.24347915,0.34479114,0.030204058000000002,0.020568848,-0.15994263,-0.14208984,0.24956195,0.33373189999999997,0.030837774000000002,0.020568848,-0.15994263,-0.14208984,0.24956195,0.33373189999999997,0.030837774000000002,0.010375977000000002,-0.1272583,-0.14974976,0.2600881,0.30182606,0.03978932,-0.032684326,-0.08578491,-0.21783447,0.2830512,0.25878942,0.12231725500000001,-0.17178345,-0.036743164,-0.19741821,0.39872664,0.20336983,0.114950776,-0.38552856,0.09664917,-0.16934204,0.56906396,0.04960893,0.107631445,-0.39312744,0.0748291,-0.24682617,0.5339828,0.041832194,0.19807935000000002,-0.07919311500000001,-0.12997437,-0.43319702,0.14916466,0.18447596,0.39817864000000003,-0.02053833,-0.22927856,-0.36450195,0.061273858,0.25302708,0.33397679999999996,-0.015716553,-0.16180419999999998,-0.19699097000000002,0.037118240000000004,0.16273734,0.17127317,-0.018798828,-0.114227295,-0.11468506,0.030788526000000004,0.10460887,0.09273511,-0.058685303,-0.102996826,-0.0763855,0.064280584,0.08708035,0.05825889,-0.078186035,-0.109375,-0.11160278,0.07630993400000001,0.08774475,0.09933251,-0.011138916,-0.08493042,-0.14538574,0.005079195,0.061023430000000004,0.13644445,0.019134521,-0.039978027,-0.16873169,-0.028421551000000003,0.013416678000000001,0.16272187,0.048034668,-0.011474609,-0.15975952000000002,-0.06336354,-0.021319069000000003,0.15716058,检查1#变、2变、开闭所有进线、出线地刀在拉开位置。
0.04333496,-0.09674072,-0.029296875000000003,0.18572994,0.2622529,-0.06203431,0.074401855,-0.17767334,-0.08319092,0.17863707,0.34758928,-0.022013903,0.025299072000000002,-0.17211914,-0.14181519,0.24347915,0.34479114,0.030204058000000002,0.020568848,-0.15994263,-0.14208984,0.24956195,0.33373189999999997,0.030837774000000002,0.020568848,-0.15994263,-0.14208984,0.24956195,0.33373189999999997,0.030837774000000002,0.010375977000000002,-0.1272583,-0.14974976,0.2600881,0.30182606,0.03978932,-0.032684326,-0.08578491,-0.21783447,0.2830512,0.25878942,0.12231725500000001,-0.17178345,-0.036743164,-0.19741821,0.39872664,0.20336983,0.114950776,-0.38552856,0.09664917,-0.16934204,0.56906396,0.04960893,0.107631445,-0.39312744,0.0748291,-0.24682617,0.5339828,0.041832194,0.19807935000000002,-0.07919311500000001,-0.12997437,-0.43319702,0.14916466,0.18447596,0.39817864000000003,-0.02053833,-0.22927856,-0.36450195,0.061273858,0.25302708,0.33397679999999996,-0.015716553,-0.16180419999999998,-0.19699097000000002,0.037118240000000004,0.16273734,0.17127317,-0.018798828,-0.114227295,-0.11468506,0.030788526000000004,0.10460887,0.09273511,-0.058685303,-0.102996826,-0.0763855,0.064280584,0.08708035,0.05825889,-0.078186035,-0.109375,-0.11160278,0.07630993400000001,0.08774475,0.09933251,-0.011138916,-0.08493042,-0.14538574,0.005079195,0.061023430000000004,0.13644445,0.019134521,-0.039978027,-0.16873169,-0.028421551000000003,0.013416678000000001,0.16272187,0.048034668,-0.011474609,-0.15975952000000002,-0.06336354,-0.021319069000000003,0.15716058,0.04055786,0.037078857,-0.15853882,-0.063260496,-0.081746966,0.15874919999999998,检查1#变、2变、开闭所有进线、出线地刀在拉开位置。
0.074401855,-0.17767334,-0.08319092,0.17863707,0.34758928,-0.022013903,0.025299072000000002,-0.17211914,-0.14181519,0.24347915,0.34479114,0.030204058000000002,0.020568848,-0.15994263,-0.14208984,0.24956195,0.33373189999999997,0.030837774000000002,0.020568848,-0.15994263,-0.14208984,0.24956195,0.33373189999999997,0.030837774000000002,0.010375977000000002,-0.1272583,-0.14974976,0.2600881,0.30182606,0.03978932,-0.032684326,-0.08578491,-0.21783447,0.2830512,0.25878942,0.12231725500000001,-0.17178345,-0.036743164,-0.19741821,0.39872664,0.20336983,0.114950776,-0.38552856,0.09664917,-0.16934204,0.56906396,0.04960893,0.107631445,-0.39312744,0.0748291,-0.24682617,0.5339828,0.041832194,0.19807935000000002,-0.07919311500000001,-0.12997437,-0.43319702,0.14916466,0.18447596,0.39817864000000003,-0.02053833,-0.22927856,-0.36450195,0.061273858,0.25302708,0.33397679999999996,-0.015716553,-0.16180419999999998,-0.19699097000000002,0.037118240000000004,0.16273734,0.17127317,-0.018798828,-0.114227295,-0.11468506,0.030788526000000004,0.10460887,0.09273511,-0.058685303,-0.102996826,-0.0763855,0.064280584,0.08708035,0.05825889,-0.078186035,-0.109375,-0.11160278,0.07630993400000001,0.08774475,0.09933251,-0.011138916,-0.08493042,-0.14538574,0.005079195,0.061023430000000004,0.13644445,0.019134521,-0.039978027,-0.16873169,-0.028421551000000003,0.013416678000000001,0.16272187,0.048034668,-0.011474609,-0.15975952000000002,-0.06336354,-0.021319069000000003,0.15716058,0.04055786,0.037078857,-0.15853882,-0.063260496,-0.081746966,0.15874919999999998,0.023712158,0.03475952,-0.19177246,-0.054617673000000005,-0.09657498,0.19238347,检查1#变、2变、开闭所有进线、出线地刀在拉开位置。
0.025299072000000002,-0.17211914,-0.14181519,0.24347915,0.34479114,0.030204058000000002,0.020568848,-0.15994263,-0.14208984,0.24956195,0.33373189999999997,0.030837774000000002,0.020568848,-0.15994263,-0.14208984,0.24956195,0.33373189999999997,0.030837774000000002,0.010375977000000002,-0.1272583,-0.14974976,0.2600881,0.30182606,0.03978932,-0.032684326,-0.08578491,-0.21783447,0.2830512,0.25878942,0.12231725500000001,-0.17178345,-0.036743164,-0.19741821,0.39872664,0.20336983,0.114950776,-0.38552856,0.09664917,-0.16934204,0.56906396,0.04960893,0.107631445,-0.39312744,0.0748291,-0.24682617,0.5339828,0.041832194,0.19807935000000002,-0.07919311500000001,-0.12997437,-0.43319702,0.14916466,0.18447596,0.39817864000000003,-0.02053833,-0.22927856,-0.36450195,0.061273858,0.25302708,0.33397679999999996,-0.015716553,-0.16180419999999998,-0.19699097000000002,0.037118240000000004,0.16273734,0.17127317,-0.018798828,-0.114227295,-0.11468506,0.030788526000000004,0.10460887,0.09273511,-0.058685303,-0.102996826,-0.0763855,0.064280584,0.08708035,0.05825889,-0.078186035,-0.109375,-0.11160278,0.07630993400000001,0.08774475,0.09933251,-0.011138916,-0.08493042,-0.14538574,0.005079195,0.061023430000000004,0.13644445,0.019134521,-0.039978027,-0.16873169,-0.028421551000000003,0.013416678000000001,0.16272187,0.048034668,-0.011474609,-0.15975952000000002,-0.06336354,-0.021319069000000003,0.15716058,0.04055786,0.037078857,-0.15853882,-0.063260496,-0.081746966,0.15874919999999998,0.023712158,0.03475952,-0.19177246,-0.054617673000000005,-0.09657498,0.19238347,0.020477295000000003,0.059387207000000004,-0.20379639,-0.053676233000000004,-0.12845309,0.20368439,检查1#变、2变、开闭所有进线、出线地刀在拉开位置。
0.020568848,-0.15994263,-0.14208984,0.24956195,0.33373189999999997,0.030837774000000002,0.020568848,-0.15994263,-0.14208984,0.24956195,0.33373189999999997,0.030837774000000002,0.010375977000000002,-0.1272583,-0.14974976,0.2600881,0.30182606,0.03978932,-0.032684326,-0.08578491,-0.21783447,0.2830512,0.25878942,0.12231725500000001,-0.17178345,-0.036743164,-0.19741821,0.39872664,0.20336983,0.114950776,-0.38552856,0.09664917,-0.16934204,0.56906396,0.04960893,0.107631445,-0.39312744,0.0748291,-0.24682617,0.5339828,0.041832194,0.19807935000000002,-0.07919311500000001,-0.12997437,-0.43319702,0.14916466,0.18447596,0.39817864000000003,-0.02053833,-0.22927856,-0.36450195,0.061273858,0.25302708,0.33397679999999996,-0.015716553,-0.16180419999999998,-0.19699097000000002,0.037118240000000004,0.16273734,0.17127317,-0.018798828,-0.114227295,-0.11468506,0.030788526000000004,0.10460887,0.09273511,-0.058685303,-0.102996826,-0.0763855,0.064280584,0.08708035,0.05825889,-0.078186035,-0.109375,-0.11160278,0.07630993400000001,0.08774475,0.09933251,-0.011138916,-0.08493042,-0.14538574,0.005079195,0.061023430000000004,0.13644445,0.019134521,-0.039978027,-0.16873169,-0.028421551000000003,0.013416678000000001,0.16272187,0.048034668,-0.011474609,-0.15975952000000002,-0.06336354,-0.021319069000000003,0.15716058,0.04055786,0.037078857,-0.15853882,-0.063260496,-0.081746966,0.15874919999999998,0.023712158,0.03475952,-0.19177246,-0.054617673000000005,-0.09657498,0.19238347,0.020477295000000003,0.059387207000000004,-0.20379639,-0.053676233000000004,-0.12845309,0.20368439,0.05078125,0.042938232,-0.21371459999999998,-0.09050688,-0.13572642000000001,0.20744169,检查1#变、2变、开闭所有进线、出线地刀在拉开位置。
0.020568848,-0.15994263,-0.14208984,0.24956195,0.33373189999999997,0.030837774000000002,0.010375977000000002,-0.1272583,-0.14974976,0.2600881,0.30182606,0.03978932,-0.032684326,-0.08578491,-0.21783447,0.2830512,0.25878942,0.12231725500000001,-0.17178345,-0.036743164,-0.19741821,0.39872664,0.20336983,0.114950776,-0.38552856,0.09664917,-0.16934204,0.56906396,0.04960893,0.107631445,-0.39312744,0.0748291,-0.24682617,0.5339828,0.041832194,0.19807935000000002,-0.07919311500000001,-0.12997437,-0.43319702,0.14916466,0.18447596,0.39817864000000003,-0.02053833,-0.22927856,-0.36450195,0.061273858,0.25302708,0.33397679999999996,-0.015716553,-0.16180419999999998,-0.19699097000000002,0.037118240000000004,0.16273734,0.17127317,-0.018798828,-0.114227295,-0.11468506,0.030788526000000004,0.10460887,0.09273511,-0.058685303,-0.102996826,-0.0763855,0.064280584,0.08708035,0.05825889,-0.078186035,-0.109375,-0.11160278,0.07630993400000001,0.08774475,0.09933251,-0.011138916,-0.08493042,-0.14538574,0.005079195,0.061023430000000004,0.13644445,0.019134521,-0.039978027,-0.16873169,-0.028421551000000003,0.013416678000000001,0.16272187,0.048034668,-0.011474609,-0.15975952000000002,-0.06336354,-0.021319069000000003,0.15716058,0.04055786,0.037078857,-0.15853882,-0.063260496,-0.081746966,0.15874919999999998,0.023712158,0.03475952,-0.19177246,-0.054617673000000005,-0.09657498,0.19238347,0.020477295000000003,0.059387207000000004,-0.20379639,-0.053676233000000004,-0.12845309,0.20368439,0.05078125,0.042938232,-0.21371459999999998,-0.09050688,-0.13572642000000001,0.20744169,0.058898926000000004,0.08175659,-0.24798584,-0.09996393,-0.1840891,0.23918146,检查1#变、2变、开闭所有进线、出线地刀在拉开位置。
0.010375977000000002,-0.1272583,-0.14974976,0.2600881,0.30182606,0.03978932,-0.032684326,-0.08578491,-0.21783447,0.2830512,0.25878942,0.12231725500000001,-0.17178345,-0.036743164,-0.19741821,0.39872664,0.20336983,0.114950776,-0.38552856,0.09664917,-0.16934204,0.56906396,0.04960893,0.107631445,-0.39312744,0.0748291,-0.24682617,0.5339828,0.041832194,0.19807935000000002,-0.07919311500000001,-0.12997437,-0.43319702,0.14916466,0.18447596,0.39817864000000003,-0.02053833,-0.22927856,-0.36450195,0.061273858,0.25302708,0.33397679999999996,-0.015716553,-0.16180419999999998,-0.19699097000000002,0.037118240000000004,0.16273734,0.17127317,-0.018798828,-0.114227295,-0.11468506,0.030788526000000004,0.10460887,0.09273511,-0.058685303,-0.102996826,-0.0763855,0.064280584,0.08708035,0.05825889,-0.078186035,-0.109375,-0.11160278,0.07630993400000001,0.08774475,0.09933251,-0.011138916,-0.08493042,-0.14538574,0.005079195,0.061023430000000004,0.13644445,0.019134521,-0.039978027,-0.16873169,-0.028421551000000003,0.013416678000000001,0.16272187,0.048034668,-0.011474609,-0.15975952000000002,-0.06336354,-0.021319069000000003,0.15716058,0.04055786,0.037078857,-0.15853882,-0.063260496,-0.081746966,0.15874919999999998,0.023712158,0.03475952,-0.19177246,-0.054617673000000005,-0.09657498,0.19238347,0.020477295000000003,0.059387207000000004,-0.20379639,-0.053676233000000004,-0.12845309,0.20368439,0.05078125,0.042938232,-0.21371459999999998,-0.09050688,-0.13572642000000001,0.20744169,0.058898926000000004,0.08175659,-0.24798584,-0.09996393,-0.1840891,0.23918146,0.085357666,0.10485839999999999,-0.316864,-0.12920411,-0.22713107000000002,0.30179828000000003,检查1#变、2变、开闭所有进线、出线地刀在拉开位置。
-0.032684326,-0.08578491,-0.21783447,0.2830512,0.25878942,0.12231725500000001,-0.17178345,-0.036743164,-0.19741821,0.39872664,0.20336983,0.114950776,-0.38552856,0.09664917,-0.16934204,0.56906396,0.04960893,0.107631445,-0.39312744,0.0748291,-0.24682617,0.5339828,0.041832194,0.19807935000000002,-0.07919311500000001,-0.12997437,-0.43319702,0.14916466,0.18447596,0.39817864000000003,-0.02053833,-0.22927856,-0.36450195,0.061273858,0.25302708,0.33397679999999996,-0.015716553,-0.16180419999999998,-0.19699097000000002,0.037118240000000004,0.16273734,0.17127317,-0.018798828,-0.114227295,-0.11468506,0.030788526000000004,0.10460887,0.09273511,-0.058685303,-0.102996826,-0.0763855,0.064280584,0.08708035,0.05825889,-0.078186035,-0.109375,-0.11160278,0.07630993400000001,0.08774475,0.09933251,-0.011138916,-0.08493042,-0.14538574,0.005079195,0.061023430000000004,0.13644445,0.019134521,-0.039978027,-0.16873169,-0.028421551000000003,0.013416678000000001,0.16272187,0.048034668,-0.011474609,-0.15975952000000002,-0.06336354,-0.021319069000000003,0.15716058,0.04055786,0.037078857,-0.15853882,-0.063260496,-0.081746966,0.15874919999999998,0.023712158,0.03475952,-0.19177246,-0.054617673000000005,-0.09657498,0.19238347,0.020477295000000003,0.059387207000000004,-0.20379639,-0.053676233000000004,-0.12845309,0.20368439,0.05078125,0.042938232,-0.21371459999999998,-0.09050688,-0.13572642000000001,0.20744169,0.058898926000000004,0.08175659,-0.24798584,-0.09996393,-0.1840891,0.23918146,0.085357666,0.10485839999999999,-0.316864,-0.12920411,-0.22713107000000002,0.30179828000000003,0.086120605,0.09951782,-0.32772827,-0.13083966,-0.23131824,0.30904353,检查1#变、2变、开闭所有进线、出线地刀在拉开位置。
-0.17178345,-0.036743164,-0.19741821,0.39872664,0.20336983,0.114950776,-0.38552856,0.09664917,-0.16934204,0.56906396,0.04960893,0.107631445,-0.39312744,0.0748291,-0.24682617,0.5339828,0.041832194,0.19807935000000002,-0.07919311500000001,-0.12997437,-0.43319702,0.14916466,0.18447596,0.39817864000000003,-0.02053833,-0.22927856,-0.36450195,0.061273858,0.25302708,0.33397679999999996,-0.015716553,-0.16180419999999998,-0.19699097000000002,0.037118240000000004,0.16273734,0.17127317,-0.018798828,-0.114227295,-0.11468506,0.030788526000000004,0.10460887,0.09273511,-0.058685303,-0.102996826,-0.0763855,0.064280584,0.08708035,0.05825889,-0.078186035,-0.109375,-0.11160278,0.07630993400000001,0.08774475,0.09933251,-0.011138916,-0.08493042,-0.14538574,0.005079195,0.061023430000000004,0.13644445,0.019134521,-0.039978027,-0.16873169,-0.028421551000000003,0.013416678000000001,0.16272187,0.048034668,-0.011474609,-0.15975952000000002,-0.06336354,-0.021319069000000003,0.15716058,0.04055786,0.037078857,-0.15853882,-0.063260496,-0.081746966,0.15874919999999998,0.023712158,0.03475952,-0.19177246,-0.054617673000000005,-0.09657498,0.19238347,0.020477295000000003,0.059387207000000004,-0.20379639,-0.053676233000000004,-0.12845309,0.20368439,0.05078125,0.042938232,-0.21371459999999998,-0.09050688,-0.13572642000000001,0.20744169,0.058898926000000004,0.08175659,-0.24798584,-0.09996393,-0.1840891,0.23918146,0.085357666,0.10485839999999999,-0.316864,-0.12920411,-0.22713107000000002,0.30179828000000003,0.086120605,0.09951782,-0.32772827,-0.13083966,-0.23131824,0.30904353,0.07489014000000001,0.1109314,-0.32833862,-0.11973004,-0.2521293,0.30580333,检查1#变、2变、开闭所有进线、出线地刀在拉开位置。
-0.38552856,0.09664917,-0.16934204,0.56906396,0.04960893,0.107631445,-0.39312744,0.0748291,-0.24682617,0.5339828,0.041832194,0.19807935000000002,-0.07919311500000001,-0.12997437,-0.43319702,0.14916466,0.18447596,0.39817864000000003,-0.02053833,-0.22927856,-0.36450195,0.061273858,0.25302708,0.33397679999999996,-0.015716553,-0.16180419999999998,-0.19699097000000002,0.037118240000000004,0.16273734,0.17127317,-0.018798828,-0.114227295,-0.11468506,0.030788526000000004,0.10460887,0.09273511,-0.058685303,-0.102996826,-0.0763855,0.064280584,0.08708035,0.05825889,-0.078186035,-0.109375,-0.11160278,0.07630993400000001,0.08774475,0.09933251,-0.011138916,-0.08493042,-0.14538574,0.005079195,0.061023430000000004,0.13644445,0.019134521,-0.039978027,-0.16873169,-0.028421551000000003,0.013416678000000001,0.16272187,0.048034668,-0.011474609,-0.15975952000000002,-0.06336354,-0.021319069000000003,0.15716058,0.04055786,0.037078857,-0.15853882,-0.063260496,-0.081746966,0.15874919999999998,0.023712158,0.03475952,-0.19177246,-0.054617673000000005,-0.09657498,0.19238347,0.020477295000000003,0.059387207000000004,-0.20379639,-0.053676233000000004,-0.12845309,0.20368439,0.05078125,0.042938232,-0.21371459999999998,-0.09050688,-0.13572642000000001,0.20744169,0.058898926000000004,0.08175659,-0.24798584,-0.09996393,-0.1840891,0.23918146,0.085357666,0.10485839999999999,-0.316864,-0.12920411,-0.22713107000000002,0.30179828000000003,0.086120605,0.09951782,-0.32772827,-0.13083966,-0.23131824,0.30904353,0.07489014000000001,0.1109314,-0.32833862,-0.11973004,-0.2521293,0.30580333,0.032226563,0.1503601,-0.19238281000000002,-0.07223505,-0.335163,0.14613628,检查1#变、2变、开闭所有进线、出线地刀在拉开位置。
-0.39312744,0.0748291,-0.24682617,0.5339828,0.041832194,0.19807935000000002,-0.07919311500000001,-0.12997437,-0.43319702,0.14916466,0.18447596,0.39817864000000003,-0.02053833,-0.22927856,-0.36450195,0.061273858,0.25302708,0.33397679999999996,-0.015716553,-0.16180419999999998,-0.19699097000000002,0.037118240000000004,0.16273734,0.17127317,-0.018798828,-0.114227295,-0.11468506,0.030788526000000004,0.10460887,0.09273511,-0.058685303,-0.102996826,-0.0763855,0.064280584,0.08708035,0.05825889,-0.078186035,-0.109375,-0.11160278,0.07630993400000001,0.08774475,0.09933251,-0.011138916,-0.08493042,-0.14538574,0.005079195,0.061023430000000004,0.13644445,0.019134521,-0.039978027,-0.16873169,-0.028421551000000003,0.013416678000000001,0.16272187,0.048034668,-0.011474609,-0.15975952000000002,-0.06336354,-0.021319069000000003,0.15716058,0.04055786,0.037078857,-0.15853882,-0.063260496,-0.081746966,0.15874919999999998,0.023712158,0.03475952,-0.19177246,-0.054617673000000005,-0.09657498,0.19238347,0.020477295000000003,0.059387207000000004,-0.20379639,-0.053676233000000004,-0.12845309,0.20368439,0.05078125,0.042938232,-0.21371459999999998,-0.09050688,-0.13572642000000001,0.20744169,0.058898926000000004,0.08175659,-0.24798584,-0.09996393,-0.1840891,0.23918146,0.085357666,0.10485839999999999,-0.316864,-0.12920411,-0.22713107000000002,0.30179828000000003,0.086120605,0.09951782,-0.32772827,-0.13083966,-0.23131824,0.30904353,0.07489014000000001,0.1109314,-0.32833862,-0.11973004,-0.2521293,0.30580333,0.032226563,0.1503601,-0.19238281000000002,-0.07223505,-0.335163,0.14613628,0.032226563,0.1503601,-0.19238281000000002,-0.07223505,-0.335163,0.14613628,检查1#变、2变、开闭所有进线、出线地刀在拉开位置。
-0.07919311500000001,-0.12997437,-0.43319702,0.14916466,0.18447596,0.39817864000000003,-0.02053833,-0.22927856,-0.36450195,0.061273858,0.25302708,0.33397679999999996,-0.015716553,-0.16180419999999998,-0.19699097000000002,0.037118240000000004,0.16273734,0.17127317,-0.018798828,-0.114227295,-0.11468506,0.030788526000000004,0.10460887,0.09273511,-0.058685303,-0.102996826,-0.0763855,0.064280584,0.08708035,0.05825889,-0.078186035,-0.109375,-0.11160278,0.07630993400000001,0.08774475,0.09933251,-0.011138916,-0.08493042,-0.14538574,0.005079195,0.061023430000000004,0.13644445,0.019134521,-0.039978027,-0.16873169,-0.028421551000000003,0.013416678000000001,0.16272187,0.048034668,-0.011474609,-0.15975952000000002,-0.06336354,-0.021319069000000003,0.15716058,0.04055786,0.037078857,-0.15853882,-0.063260496,-0.081746966,0.15874919999999998,0.023712158,0.03475952,-0.19177246,-0.054617673000000005,-0.09657498,0.19238347,0.020477295000000003,0.059387207000000004,-0.20379639,-0.053676233000000004,-0.12845309,0.20368439,0.05078125,0.042938232,-0.21371459999999998,-0.09050688,-0.13572642000000001,0.20744169,0.058898926000000004,0.08175659,-0.24798584,-0.09996393,-0.1840891,0.23918146,0.085357666,0.10485839999999999,-0.316864,-0.12920411,-0.22713107000000002,0.30179828000000003,0.086120605,0.09951782,-0.32772827,-0.13083966,-0.23131824,0.30904353,0.07489014000000001,0.1109314,-0.32833862,-0.11973004,-0.2521293,0.30580333,0.032226563,0.1503601,-0.19238281000000002,-0.07223505,-0.335163,0.14613628,0.032226563,0.1503601,-0.19238281000000002,-0.07223505,-0.335163,0.14613628,0.04119873,0.16015625,-0.18719482,-0.07962388000000001,-0.35250455,0.13620722,检查1#变、2变、开闭所有进线、出线地刀在拉开位置。
-0.02053833,-0.22927856,-0.36450195,0.061273858,0.25302708,0.33397679999999996,-0.015716553,-0.16180419999999998,-0.19699097000000002,0.037118240000000004,0.16273734,0.17127317,-0.018798828,-0.114227295,-0.11468506,0.030788526000000004,0.10460887,0.09273511,-0.058685303,-0.102996826,-0.0763855,0.064280584,0.08708035,0.05825889,-0.078186035,-0.109375,-0.11160278,0.07630993400000001,0.08774475,0.09933251,-0.011138916,-0.08493042,-0.14538574,0.005079195,0.061023430000000004,0.13644445,0.019134521,-0.039978027,-0.16873169,-0.028421551000000003,0.013416678000000001,0.16272187,0.048034668,-0.011474609,-0.15975952000000002,-0.06336354,-0.021319069000000003,0.15716058,0.04055786,0.037078857,-0.15853882,-0.063260496,-0.081746966,0.15874919999999998,0.023712158,0.03475952,-0.19177246,-0.054617673000000005,-0.09657498,0.19238347,0.020477295000000003,0.059387207000000004,-0.20379639,-0.053676233000000004,-0.12845309,0.20368439,0.05078125,0.042938232,-0.21371459999999998,-0.09050688,-0.13572642000000001,0.20744169,0.058898926000000004,0.08175659,-0.24798584,-0.09996393,-0.1840891,0.23918146,0.085357666,0.10485839999999999,-0.316864,-0.12920411,-0.22713107000000002,0.30179828000000003,0.086120605,0.09951782,-0.32772827,-0.13083966,-0.23131824,0.30904353,0.07489014000000001,0.1109314,-0.32833862,-0.11973004,-0.2521293,0.30580333,0.032226563,0.1503601,-0.19238281000000002,-0.07223505,-0.335163,0.14613628,0.032226563,0.1503601,-0.19238281000000002,-0.07223505,-0.335163,0.14613628,0.04119873,0.16015625,-0.18719482,-0.07962388000000001,-0.35250455,0.13620722,0.04119873,0.16015625,-0.18719482,-0.07962388000000001,-0.35250455,0.13620722,检查1#变、2变、开闭所有进线、出线地刀在拉开位置。
-0.015716553,-0.16180419999999998,-0.19699097000000002,0.037118240000000004,0.16273734,0.17127317,-0.018798828,-0.114227295,-0.11468506,0.030788526000000004,0.10460887,0.09273511,-0.058685303,-0.102996826,-0.0763855,0.064280584,0.08708035,0.05825889,-0.078186035,-0.109375,-0.11160278,0.07630993400000001,0.08774475,0.09933251,-0.011138916,-0.08493042,-0.14538574,0.005079195,0.061023430000000004,0.13644445,0.019134521,-0.039978027,-0.16873169,-0.028421551000000003,0.013416678000000001,0.16272187,0.048034668,-0.011474609,-0.15975952000000002,-0.06336354,-0.021319069000000003,0.15716058,0.04055786,0.037078857,-0.15853882,-0.063260496,-0.081746966,0.15874919999999998,0.023712158,0.03475952,-0.19177246,-0.054617673000000005,-0.09657498,0.19238347,0.020477295000000003,0.059387207000000004,-0.20379639,-0.053676233000000004,-0.12845309,0.20368439,0.05078125,0.042938232,-0.21371459999999998,-0.09050688,-0.13572642000000001,0.20744169,0.058898926000000004,0.08175659,-0.24798584,-0.09996393,-0.1840891,0.23918146,0.085357666,0.10485839999999999,-0.316864,-0.12920411,-0.22713107000000002,0.30179828000000003,0.086120605,0.09951782,-0.32772827,-0.13083966,-0.23131824,0.30904353,0.07489014000000001,0.1109314,-0.32833862,-0.11973004,-0.2521293,0.30580333,0.032226563,0.1503601,-0.19238281000000002,-0.07223505,-0.335163,0.14613628,0.032226563,0.1503601,-0.19238281000000002,-0.07223505,-0.335163,0.14613628,0.04119873,0.16015625,-0.18719482,-0.07962388000000001,-0.35250455,0.13620722,0.04119873,0.16015625,-0.18719482,-0.07962388000000001,-0.35250455,0.13620722,0.04119873,0.16015625,-0.18719482,-0.07962388000000001,-0.35250455,0.13620722,检查1#变、2变、开闭所有进线、出线地刀在拉开位置。
-0.018798828,-0.114227295,-0.11468506,0.030788526000000004,0.10460887,0.09273511,-0.058685303,-0.102996826,-0.0763855,0.064280584,0.08708035,0.05825889,-0.078186035,-0.109375,-0.11160278,0.07630993400000001,0.08774475,0.09933251,-0.011138916,-0.08493042,-0.14538574,0.005079195,0.061023430000000004,0.13644445,0.019134521,-0.039978027,-0.16873169,-0.028421551000000003,0.013416678000000001,0.16272187,0.048034668,-0.011474609,-0.15975952000000002,-0.06336354,-0.021319069000000003,0.15716058,0.04055786,0.037078857,-0.15853882,-0.063260496,-0.081746966,0.15874919999999998,0.023712158,0.03475952,-0.19177246,-0.054617673000000005,-0.09657498,0.19238347,0.020477295000000003,0.059387207000000004,-0.20379639,-0.053676233000000004,-0.12845309,0.20368439,0.05078125,0.042938232,-0.21371459999999998,-0.09050688,-0.13572642000000001,0.20744169,0.058898926000000004,0.08175659,-0.24798584,-0.09996393,-0.1840891,0.23918146,0.085357666,0.10485839999999999,-0.316864,-0.12920411,-0.22713107000000002,0.30179828000000003,0.086120605,0.09951782,-0.32772827,-0.13083966,-0.23131824,0.30904353,0.07489014000000001,0.1109314,-0.32833862,-0.11973004,-0.2521293,0.30580333,0.032226563,0.1503601,-0.19238281000000002,-0.07223505,-0.335163,0.14613628,0.032226563,0.1503601,-0.19238281000000002,-0.07223505,-0.335163,0.14613628,0.04119873,0.16015625,-0.18719482,-0.07962388000000001,-0.35250455,0.13620722,0.04119873,0.16015625,-0.18719482,-0.07962388000000001,-0.35250455,0.13620722,0.04119873,0.16015625,-0.18719482,-0.07962388000000001,-0.35250455,0.13620722,-0.09103393600000001,0.08355713000000001,-0.34890747,0.0630319,-0.30291766000000003,0.27929163,检查1#变、2变、开闭所有进线、出线地刀在拉开位置。
-0.058685303,-0.102996826,-0.0763855,0.064280584,0.08708035,0.05825889,-0.078186035,-0.109375,-0.11160278,0.07630993400000001,0.08774475,0.09933251,-0.011138916,-0.08493042,-0.14538574,0.005079195,0.061023430000000004,0.13644445,0.019134521,-0.039978027,-0.16873169,-0.028421551000000003,0.013416678000000001,0.16272187,0.048034668,-0.011474609,-0.15975952000000002,-0.06336354,-0.021319069000000003,0.15716058,0.04055786,0.037078857,-0.15853882,-0.063260496,-0.081746966,0.15874919999999998,0.023712158,0.03475952,-0.19177246,-0.054617673000000005,-0.09657498,0.19238347,0.020477295000000003,0.059387207000000004,-0.20379639,-0.053676233000000004,-0.12845309,0.20368439,0.05078125,0.042938232,-0.21371459999999998,-0.09050688,-0.13572642000000001,0.20744169,0.058898926000000004,0.08175659,-0.24798584,-0.09996393,-0.1840891,0.23918146,0.085357666,0.10485839999999999,-0.316864,-0.12920411,-0.22713107000000002,0.30179828000000003,0.086120605,0.09951782,-0.32772827,-0.13083966,-0.23131824,0.30904353,0.07489014000000001,0.1109314,-0.32833862,-0.11973004,-0.2521293,0.30580333,0.032226563,0.1503601,-0.19238281000000002,-0.07223505,-0.335163,0.14613628,0.032226563,0.1503601,-0.19238281000000002,-0.07223505,-0.335163,0.14613628,0.04119873,0.16015625,-0.18719482,-0.07962388000000001,-0.35250455,0.13620722,0.04119873,0.16015625,-0.18719482,-0.07962388000000001,-0.35250455,0.13620722,0.04119873,0.16015625,-0.18719482,-0.07962388000000001,-0.35250455,0.13620722,-0.09103393600000001,0.08355713000000001,-0.34890747,0.0630319,-0.30291766000000003,0.27929163,-0.09103393600000001,0.08355713000000001,-0.34890747,0.0630319,-0.30291766000000003,0.27929163,检查1#变、2变、开闭所有进线、出线地刀在拉开位置。
-0.078186035,-0.109375,-0.11160278,0.07630993400000001,0.08774475,0.09933251,-0.011138916,-0.08493042,-0.14538574,0.005079195,0.061023430000000004,0.13644445,0.019134521,-0.039978027,-0.16873169,-0.028421551000000003,0.013416678000000001,0.16272187,0.048034668,-0.011474609,-0.15975952000000002,-0.06336354,-0.021319069000000003,0.15716058,0.04055786,0.037078857,-0.15853882,-0.063260496,-0.081746966,0.15874919999999998,0.023712158,0.03475952,-0.19177246,-0.054617673000000005,-0.09657498,0.19238347,0.020477295000000003,0.059387207000000004,-0.20379639,-0.053676233000000004,-0.12845309,0.20368439,0.05078125,0.042938232,-0.21371459999999998,-0.09050688,-0.13572642000000001,0.20744169,0.058898926000000004,0.08175659,-0.24798584,-0.09996393,-0.1840891,0.23918146,0.085357666,0.10485839999999999,-0.316864,-0.12920411,-0.22713107000000002,0.30179828000000003,0.086120605,0.09951782,-0.32772827,-0.13083966,-0.23131824,0.30904353,0.07489014000000001,0.1109314,-0.32833862,-0.11973004,-0.2521293,0.30580333,0.032226563,0.1503601,-0.19238281000000002,-0.07223505,-0.335163,0.14613628,0.032226563,0.1503601,-0.19238281000000002,-0.07223505,-0.335163,0.14613628,0.04119873,0.16015625,-0.18719482,-0.07962388000000001,-0.35250455,0.13620722,0.04119873,0.16015625,-0.18719482,-0.07962388000000001,-0.35250455,0.13620722,0.04119873,0.16015625,-0.18719482,-0.07962388000000001,-0.35250455,0.13620722,-0.09103393600000001,0.08355713000000001,-0.34890747,0.0630319,-0.30291766000000003,0.27929163,-0.09103393600000001,0.08355713000000001,-0.34890747,0.0630319,-0.30291766000000003,0.27929163,-0.09103393600000001,0.08355713000000001,-0.34890747,0.0630319,-0.30291766000000003,0.27929163,检查1#变、2变、开闭所有进线、出线地刀在拉开位置。
-0.011138916,-0.08493042,-0.14538574,0.005079195,0.061023430000000004,0.13644445,0.019134521,-0.039978027,-0.16873169,-0.028421551000000003,0.013416678000000001,0.16272187,0.048034668,-0.011474609,-0.15975952000000002,-0.06336354,-0.021319069000000003,0.15716058,0.04055786,0.037078857,-0.15853882,-0.063260496,-0.081746966,0.15874919999999998,0.023712158,0.03475952,-0.19177246,-0.054617673000000005,-0.09657498,0.19238347,0.020477295000000003,0.059387207000000004,-0.20379639,-0.053676233000000004,-0.12845309,0.20368439,0.05078125,0.042938232,-0.21371459999999998,-0.09050688,-0.13572642000000001,0.20744169,0.058898926000000004,0.08175659,-0.24798584,-0.09996393,-0.1840891,0.23918146,0.085357666,0.10485839999999999,-0.316864,-0.12920411,-0.22713107000000002,0.30179828000000003,0.086120605,0.09951782,-0.32772827,-0.13083966,-0.23131824,0.30904353,0.07489014000000001,0.1109314,-0.32833862,-0.11973004,-0.2521293,0.30580333,0.032226563,0.1503601,-0.19238281000000002,-0.07223505,-0.335163,0.14613628,0.032226563,0.1503601,-0.19238281000000002,-0.07223505,-0.335163,0.14613628,0.04119873,0.16015625,-0.18719482,-0.07962388000000001,-0.35250455,0.13620722,0.04119873,0.16015625,-0.18719482,-0.07962388000000001,-0.35250455,0.13620722,0.04119873,0.16015625,-0.18719482,-0.07962388000000001,-0.35250455,0.13620722,-0.09103393600000001,0.08355713000000001,-0.34890747,0.0630319,-0.30291766000000003,0.27929163,-0.09103393600000001,0.08355713000000001,-0.34890747,0.0630319,-0.30291766000000003,0.27929163,-0.09103393600000001,0.08355713000000001,-0.34890747,0.0630319,-0.30291766000000003,0.27929163,-0.17272949,0.055755615,-0.2869568,0.1455598,-0.27213395,0.21819709999999998,检查1#变、2变、开闭所有进线、出线地刀在拉开位置。
0.019134521,-0.039978027,-0.16873169,-0.028421551000000003,0.013416678000000001,0.16272187,0.048034668,-0.011474609,-0.15975952000000002,-0.06336354,-0.021319069000000003,0.15716058,0.04055786,0.037078857,-0.15853882,-0.063260496,-0.081746966,0.15874919999999998,0.023712158,0.03475952,-0.19177246,-0.054617673000000005,-0.09657498,0.19238347,0.020477295000000003,0.059387207000000004,-0.20379639,-0.053676233000000004,-0.12845309,0.20368439,0.05078125,0.042938232,-0.21371459999999998,-0.09050688,-0.13572642000000001,0.20744169,0.058898926000000004,0.08175659,-0.24798584,-0.09996393,-0.1840891,0.23918146,0.085357666,0.10485839999999999,-0.316864,-0.12920411,-0.22713107000000002,0.30179828000000003,0.086120605,0.09951782,-0.32772827,-0.13083966,-0.23131824,0.30904353,0.07489014000000001,0.1109314,-0.32833862,-0.11973004,-0.2521293,0.30580333,0.032226563,0.1503601,-0.19238281000000002,-0.07223505,-0.335163,0.14613628,0.032226563,0.1503601,-0.19238281000000002,-0.07223505,-0.335163,0.14613628,0.04119873,0.16015625,-0.18719482,-0.07962388000000001,-0.35250455,0.13620722,0.04119873,0.16015625,-0.18719482,-0.07962388000000001,-0.35250455,0.13620722,0.04119873,0.16015625,-0.18719482,-0.07962388000000001,-0.35250455,0.13620722,-0.09103393600000001,0.08355713000000001,-0.34890747,0.0630319,-0.30291766000000003,0.27929163,-0.09103393600000001,0.08355713000000001,-0.34890747,0.0630319,-0.30291766000000003,0.27929163,-0.09103393600000001,0.08355713000000001,-0.34890747,0.0630319,-0.30291766000000003,0.27929163,-0.17272949,0.055755615,-0.2869568,0.1455598,-0.27213395,0.21819709999999998,-0.17272949,0.055755615,-0.2869568,0.1455598,-0.27213395,0.21819709999999998,检查1#变、2变、开闭所有进线、出线地刀在拉开位置。
0.048034668,-0.011474609,-0.15975952000000002,-0.06336354,-0.021319069000000003,0.15716058,0.04055786,0.037078857,-0.15853882,-0.063260496,-0.081746966,0.15874919999999998,0.023712158,0.03475952,-0.19177246,-0.054617673000000005,-0.09657498,0.19238347,0.020477295000000003,0.059387207000000004,-0.20379639,-0.053676233000000004,-0.12845309,0.20368439,0.05078125,0.042938232,-0.21371459999999998,-0.09050688,-0.13572642000000001,0.20744169,0.058898926000000004,0.08175659,-0.24798584,-0.09996393,-0.1840891,0.23918146,0.085357666,0.10485839999999999,-0.316864,-0.12920411,-0.22713107000000002,0.30179828000000003,0.086120605,0.09951782,-0.32772827,-0.13083966,-0.23131824,0.30904353,0.07489014000000001,0.1109314,-0.32833862,-0.11973004,-0.2521293,0.30580333,0.032226563,0.1503601,-0.19238281000000002,-0.07223505,-0.335163,0.14613628,0.032226563,0.1503601,-0.19238281000000002,-0.07223505,-0.335163,0.14613628,0.04119873,0.16015625,-0.18719482,-0.07962388000000001,-0.35250455,0.13620722,0.04119873,0.16015625,-0.18719482,-0.07962388000000001,-0.35250455,0.13620722,0.04119873,0.16015625,-0.18719482,-0.07962388000000001,-0.35250455,0.13620722,-0.09103393600000001,0.08355713000000001,-0.34890747,0.0630319,-0.30291766000000003,0.27929163,-0.09103393600000001,0.08355713000000001,-0.34890747,0.0630319,-0.30291766000000003,0.27929163,-0.09103393600000001,0.08355713000000001,-0.34890747,0.0630319,-0.30291766000000003,0.27929163,-0.17272949,0.055755615,-0.2869568,0.1455598,-0.27213395,0.21819709999999998,-0.17272949,0.055755615,-0.2869568,0.1455598,-0.27213395,0.21819709999999998,-0.062164307,0.023834229000000002,-0.29067993000000003,0.03020002,-0.23505232,0.22623253000000002,检查1#变、2变、开闭所有进线、出线地刀在拉开位置。
0.04055786,0.037078857,-0.15853882,-0.063260496,-0.081746966,0.15874919999999998,0.023712158,0.03475952,-0.19177246,-0.054617673000000005,-0.09657498,0.19238347,0.020477295000000003,0.059387207000000004,-0.20379639,-0.053676233000000004,-0.12845309,0.20368439,0.05078125,0.042938232,-0.21371459999999998,-0.09050688,-0.13572642000000001,0.20744169,0.058898926000000004,0.08175659,-0.24798584,-0.09996393,-0.1840891,0.23918146,0.085357666,0.10485839999999999,-0.316864,-0.12920411,-0.22713107000000002,0.30179828000000003,0.086120605,0.09951782,-0.32772827,-0.13083966,-0.23131824,0.30904353,0.07489014000000001,0.1109314,-0.32833862,-0.11973004,-0.2521293,0.30580333,0.032226563,0.1503601,-0.19238281000000002,-0.07223505,-0.335163,0.14613628,0.032226563,0.1503601,-0.19238281000000002,-0.07223505,-0.335163,0.14613628,0.04119873,0.16015625,-0.18719482,-0.07962388000000001,-0.35250455,0.13620722,0.04119873,0.16015625,-0.18719482,-0.07962388000000001,-0.35250455,0.13620722,0.04119873,0.16015625,-0.18719482,-0.07962388000000001,-0.35250455,0.13620722,-0.09103393600000001,0.08355713000000001,-0.34890747,0.0630319,-0.30291766000000003,0.27929163,-0.09103393600000001,0.08355713000000001,-0.34890747,0.0630319,-0.30291766000000003,0.27929163,-0.09103393600000001,0.08355713000000001,-0.34890747,0.0630319,-0.30291766000000003,0.27929163,-0.17272949,0.055755615,-0.2869568,0.1455598,-0.27213395,0.21819709999999998,-0.17272949,0.055755615,-0.2869568,0.1455598,-0.27213395,0.21819709999999998,-0.062164307,0.023834229000000002,-0.29067993000000003,0.03020002,-0.23505232,0.22623253000000002,-0.062164307,0.023834229000000002,-0.29067993000000003,0.03020002,-0.23505232,0.22623253000000002,检查1#变、2变、开闭所有进线、出线地刀在拉开位置。
0.023712158,0.03475952,-0.19177246,-0.054617673000000005,-0.09657498,0.19238347,0.020477295000000003,0.059387207000000004,-0.20379639,-0.053676233000000004,-0.12845309,0.20368439,0.05078125,0.042938232,-0.21371459999999998,-0.09050688,-0.13572642000000001,0.20744169,0.058898926000000004,0.08175659,-0.24798584,-0.09996393,-0.1840891,0.23918146,0.085357666,0.10485839999999999,-0.316864,-0.12920411,-0.22713107000000002,0.30179828000000003,0.086120605,0.09951782,-0.32772827,-0.13083966,-0.23131824,0.30904353,0.07489014000000001,0.1109314,-0.32833862,-0.11973004,-0.2521293,0.30580333,0.032226563,0.1503601,-0.19238281000000002,-0.07223505,-0.335163,0.14613628,0.032226563,0.1503601,-0.19238281000000002,-0.07223505,-0.335163,0.14613628,0.04119873,0.16015625,-0.18719482,-0.07962388000000001,-0.35250455,0.13620722,0.04119873,0.16015625,-0.18719482,-0.07962388000000001,-0.35250455,0.13620722,0.04119873,0.16015625,-0.18719482,-0.07962388000000001,-0.35250455,0.13620722,-0.09103393600000001,0.08355713000000001,-0.34890747,0.0630319,-0.30291766000000003,0.27929163,-0.09103393600000001,0.08355713000000001,-0.34890747,0.0630319,-0.30291766000000003,0.27929163,-0.09103393600000001,0.08355713000000001,-0.34890747,0.0630319,-0.30291766000000003,0.27929163,-0.17272949,0.055755615,-0.2869568,0.1455598,-0.27213395,0.21819709999999998,-0.17272949,0.055755615,-0.2869568,0.1455598,-0.27213395,0.21819709999999998,-0.062164307,0.023834229000000002,-0.29067993000000003,0.03020002,-0.23505232,0.22623253000000002,-0.062164307,0.023834229000000002,-0.29067993000000003,0.03020002,-0.23505232,0.22623253000000002,-0.062164307,0.023834229000000002,-0.29067993000000003,0.03020002,-0.23505232,0.22623253000000002,检查1#变、2变、开闭所有进线、出线地刀在拉开位置。
0.020477295000000003,0.059387207000000004,-0.20379639,-0.053676233000000004,-0.12845309,0.20368439,0.05078125,0.042938232,-0.21371459999999998,-0.09050688,-0.13572642000000001,0.20744169,0.058898926000000004,0.08175659,-0.24798584,-0.09996393,-0.1840891,0.23918146,0.085357666,0.10485839999999999,-0.316864,-0.12920411,-0.22713107000000002,0.30179828000000003,0.086120605,0.09951782,-0.32772827,-0.13083966,-0.23131824,0.30904353,0.07489014000000001,0.1109314,-0.32833862,-0.11973004,-0.2521293,0.30580333,0.032226563,0.1503601,-0.19238281000000002,-0.07223505,-0.335163,0.14613628,0.032226563,0.1503601,-0.19238281000000002,-0.07223505,-0.335163,0.14613628,0.04119873,0.16015625,-0.18719482,-0.07962388000000001,-0.35250455,0.13620722,0.04119873,0.16015625,-0.18719482,-0.07962388000000001,-0.35250455,0.13620722,0.04119873,0.16015625,-0.18719482,-0.07962388000000001,-0.35250455,0.13620722,-0.09103393600000001,0.08355713000000001,-0.34890747,0.0630319,-0.30291766000000003,0.27929163,-0.09103393600000001,0.08355713000000001,-0.34890747,0.0630319,-0.30291766000000003,0.27929163,-0.09103393600000001,0.08355713000000001,-0.34890747,0.0630319,-0.30291766000000003,0.27929163,-0.17272949,0.055755615,-0.2869568,0.1455598,-0.27213395,0.21819709999999998,-0.17272949,0.055755615,-0.2869568,0.1455598,-0.27213395,0.21819709999999998,-0.062164307,0.023834229000000002,-0.29067993000000003,0.03020002,-0.23505232,0.22623253000000002,-0.062164307,0.023834229000000002,-0.29067993000000003,0.03020002,-0.23505232,0.22623253000000002,-0.062164307,0.023834229000000002,-0.29067993000000003,0.03020002,-0.23505232,0.22623253000000002,-0.062164307,0.023834229000000002,-0.29067993000000003,0.03020002,-0.23505232,0.22623253000000002,检查1#变、2变、开闭所有进线、出线地刀在拉开位置。
0.05078125,0.042938232,-0.21371459999999998,-0.09050688,-0.13572642000000001,0.20744169,0.058898926000000004,0.08175659,-0.24798584,-0.09996393,-0.1840891,0.23918146,0.085357666,0.10485839999999999,-0.316864,-0.12920411,-0.22713107000000002,0.30179828000000003,0.086120605,0.09951782,-0.32772827,-0.13083966,-0.23131824,0.30904353,0.07489014000000001,0.1109314,-0.32833862,-0.11973004,-0.2521293,0.30580333,0.032226563,0.1503601,-0.19238281000000002,-0.07223505,-0.335163,0.14613628,0.032226563,0.1503601,-0.19238281000000002,-0.07223505,-0.335163,0.14613628,0.04119873,0.16015625,-0.18719482,-0.07962388000000001,-0.35250455,0.13620722,0.04119873,0.16015625,-0.18719482,-0.07962388000000001,-0.35250455,0.13620722,0.04119873,0.16015625,-0.18719482,-0.07962388000000001,-0.35250455,0.13620722,-0.09103393600000001,0.08355713000000001,-0.34890747,0.0630319,-0.30291766000000003,0.27929163,-0.09103393600000001,0.08355713000000001,-0.34890747,0.0630319,-0.30291766000000003,0.27929163,-0.09103393600000001,0.08355713000000001,-0.34890747,0.0630319,-0.30291766000000003,0.27929163,-0.17272949,0.055755615,-0.2869568,0.1455598,-0.27213395,0.21819709999999998,-0.17272949,0.055755615,-0.2869568,0.1455598,-0.27213395,0.21819709999999998,-0.062164307,0.023834229000000002,-0.29067993000000003,0.03020002,-0.23505232,0.22623253000000002,-0.062164307,0.023834229000000002,-0.29067993000000003,0.03020002,-0.23505232,0.22623253000000002,-0.062164307,0.023834229000000002,-0.29067993000000003,0.03020002,-0.23505232,0.22623253000000002,-0.062164307,0.023834229000000002,-0.29067993000000003,0.03020002,-0.23505232,0.22623253000000002,-0.062164307,0.023834229000000002,-0.29067993000000003,0.03020002,-0.23505232,0.22623253000000002,检查1#变、2变、开闭所有进线、出线地刀在拉开位置。
0.058898926000000004,0.08175659,-0.24798584,-0.09996393,-0.1840891,0.23918146,0.085357666,0.10485839999999999,-0.316864,-0.12920411,-0.22713107000000002,0.30179828000000003,0.086120605,0.09951782,-0.32772827,-0.13083966,-0.23131824,0.30904353,0.07489014000000001,0.1109314,-0.32833862,-0.11973004,-0.2521293,0.30580333,0.032226563,0.1503601,-0.19238281000000002,-0.07223505,-0.335163,0.14613628,0.032226563,0.1503601,-0.19238281000000002,-0.07223505,-0.335163,0.14613628,0.04119873,0.16015625,-0.18719482,-0.07962388000000001,-0.35250455,0.13620722,0.04119873,0.16015625,-0.18719482,-0.07962388000000001,-0.35250455,0.13620722,0.04119873,0.16015625,-0.18719482,-0.07962388000000001,-0.35250455,0.13620722,-0.09103393600000001,0.08355713000000001,-0.34890747,0.0630319,-0.30291766000000003,0.27929163,-0.09103393600000001,0.08355713000000001,-0.34890747,0.0630319,-0.30291766000000003,0.27929163,-0.09103393600000001,0.08355713000000001,-0.34890747,0.0630319,-0.30291766000000003,0.27929163,-0.17272949,0.055755615,-0.2869568,0.1455598,-0.27213395,0.21819709999999998,-0.17272949,0.055755615,-0.2869568,0.1455598,-0.27213395,0.21819709999999998,-0.062164307,0.023834229000000002,-0.29067993000000003,0.03020002,-0.23505232,0.22623253000000002,-0.062164307,0.023834229000000002,-0.29067993000000003,0.03020002,-0.23505232,0.22623253000000002,-0.062164307,0.023834229000000002,-0.29067993000000003,0.03020002,-0.23505232,0.22623253000000002,-0.062164307,0.023834229000000002,-0.29067993000000003,0.03020002,-0.23505232,0.22623253000000002,-0.062164307,0.023834229000000002,-0.29067993000000003,0.03020002,-0.23505232,0.22623253000000002,0.02609253,-0.002960205,-0.2562256,-0.07573542,-0.13904506,0.23766541,检查1#变、2变、开闭所有进线、出线地刀在拉开位置。
0.085357666,0.10485839999999999,-0.316864,-0.12920411,-0.22713107000000002,0.30179828000000003,0.086120605,0.09951782,-0.32772827,-0.13083966,-0.23131824,0.30904353,0.07489014000000001,0.1109314,-0.32833862,-0.11973004,-0.2521293,0.30580333,0.032226563,0.1503601,-0.19238281000000002,-0.07223505,-0.335163,0.14613628,0.032226563,0.1503601,-0.19238281000000002,-0.07223505,-0.335163,0.14613628,0.04119873,0.16015625,-0.18719482,-0.07962388000000001,-0.35250455,0.13620722,0.04119873,0.16015625,-0.18719482,-0.07962388000000001,-0.35250455,0.13620722,0.04119873,0.16015625,-0.18719482,-0.07962388000000001,-0.35250455,0.13620722,-0.09103393600000001,0.08355713000000001,-0.34890747,0.0630319,-0.30291766000000003,0.27929163,-0.09103393600000001,0.08355713000000001,-0.34890747,0.0630319,-0.30291766000000003,0.27929163,-0.09103393600000001,0.08355713000000001,-0.34890747,0.0630319,-0.30291766000000003,0.27929163,-0.17272949,0.055755615,-0.2869568,0.1455598,-0.27213395,0.21819709999999998,-0.17272949,0.055755615,-0.2869568,0.1455598,-0.27213395,0.21819709999999998,-0.062164307,0.023834229000000002,-0.29067993000000003,0.03020002,-0.23505232,0.22623253000000002,-0.062164307,0.023834229000000002,-0.29067993000000003,0.03020002,-0.23505232,0.22623253000000002,-0.062164307,0.023834229000000002,-0.29067993000000003,0.03020002,-0.23505232,0.22623253000000002,-0.062164307,0.023834229000000002,-0.29067993000000003,0.03020002,-0.23505232,0.22623253000000002,-0.062164307,0.023834229000000002,-0.29067993000000003,0.03020002,-0.23505232,0.22623253000000002,0.02609253,-0.002960205,-0.2562256,-0.07573542,-0.13904506,0.23766541,0.02609253,-0.002960205,-0.2562256,-0.07573542,-0.13904506,0.23766541,检查1#变、2变、开闭所有进线、出线地刀在拉开位置。
0.086120605,0.09951782,-0.32772827,-0.13083966,-0.23131824,0.30904353,0.07489014000000001,0.1109314,-0.32833862,-0.11973004,-0.2521293,0.30580333,0.032226563,0.1503601,-0.19238281000000002,-0.07223505,-0.335163,0.14613628,0.032226563,0.1503601,-0.19238281000000002,-0.07223505,-0.335163,0.14613628,0.04119873,0.16015625,-0.18719482,-0.07962388000000001,-0.35250455,0.13620722,0.04119873,0.16015625,-0.18719482,-0.07962388000000001,-0.35250455,0.13620722,0.04119873,0.16015625,-0.18719482,-0.07962388000000001,-0.35250455,0.13620722,-0.09103393600000001,0.08355713000000001,-0.34890747,0.0630319,-0.30291766000000003,0.27929163,-0.09103393600000001,0.08355713000000001,-0.34890747,0.0630319,-0.30291766000000003,0.27929163,-0.09103393600000001,0.08355713000000001,-0.34890747,0.0630319,-0.30291766000000003,0.27929163,-0.17272949,0.055755615,-0.2869568,0.1455598,-0.27213395,0.21819709999999998,-0.17272949,0.055755615,-0.2869568,0.1455598,-0.27213395,0.21819709999999998,-0.062164307,0.023834229000000002,-0.29067993000000003,0.03020002,-0.23505232,0.22623253000000002,-0.062164307,0.023834229000000002,-0.29067993000000003,0.03020002,-0.23505232,0.22623253000000002,-0.062164307,0.023834229000000002,-0.29067993000000003,0.03020002,-0.23505232,0.22623253000000002,-0.062164307,0.023834229000000002,-0.29067993000000003,0.03020002,-0.23505232,0.22623253000000002,-0.062164307,0.023834229000000002,-0.29067993000000003,0.03020002,-0.23505232,0.22623253000000002,0.02609253,-0.002960205,-0.2562256,-0.07573542,-0.13904506,0.23766541,0.02609253,-0.002960205,-0.2562256,-0.07573542,-0.13904506,0.23766541,-0.23928833,0.057525635000000006,-0.18652344,0.19669561,-0.10897786,0.21513438000000001,检查1#变、2变、开闭所有进线、出线地刀在拉开位置。
0.07489014000000001,0.1109314,-0.32833862,-0.11973004,-0.2521293,0.30580333,0.032226563,0.1503601,-0.19238281000000002,-0.07223505,-0.335163,0.14613628,0.032226563,0.1503601,-0.19238281000000002,-0.07223505,-0.335163,0.14613628,0.04119873,0.16015625,-0.18719482,-0.07962388000000001,-0.35250455,0.13620722,0.04119873,0.16015625,-0.18719482,-0.07962388000000001,-0.35250455,0.13620722,0.04119873,0.16015625,-0.18719482,-0.07962388000000001,-0.35250455,0.13620722,-0.09103393600000001,0.08355713000000001,-0.34890747,0.0630319,-0.30291766000000003,0.27929163,-0.09103393600000001,0.08355713000000001,-0.34890747,0.0630319,-0.30291766000000003,0.27929163,-0.09103393600000001,0.08355713000000001,-0.34890747,0.0630319,-0.30291766000000003,0.27929163,-0.17272949,0.055755615,-0.2869568,0.1455598,-0.27213395,0.21819709999999998,-0.17272949,0.055755615,-0.2869568,0.1455598,-0.27213395,0.21819709999999998,-0.062164307,0.023834229000000002,-0.29067993000000003,0.03020002,-0.23505232,0.22623253000000002,-0.062164307,0.023834229000000002,-0.29067993000000003,0.03020002,-0.23505232,0.22623253000000002,-0.062164307,0.023834229000000002,-0.29067993000000003,0.03020002,-0.23505232,0.22623253000000002,-0.062164307,0.023834229000000002,-0.29067993000000003,0.03020002,-0.23505232,0.22623253000000002,-0.062164307,0.023834229000000002,-0.29067993000000003,0.03020002,-0.23505232,0.22623253000000002,0.02609253,-0.002960205,-0.2562256,-0.07573542,-0.13904506,0.23766541,0.02609253,-0.002960205,-0.2562256,-0.07573542,-0.13904506,0.23766541,-0.23928833,0.057525635000000006,-0.18652344,0.19669561,-0.10897786,0.21513438000000001,-0.2909546,-0.021148682000000002,-0.17227173,0.2685473,0.042992286000000005,0.2259562,检查1#变、2变、开闭所有进线、出线地刀在拉开位置。
0.032226563,0.1503601,-0.19238281000000002,-0.07223505,-0.335163,0.14613628,0.032226563,0.1503601,-0.19238281000000002,-0.07223505,-0.335163,0.14613628,0.04119873,0.16015625,-0.18719482,-0.07962388000000001,-0.35250455,0.13620722,0.04119873,0.16015625,-0.18719482,-0.07962388000000001,-0.35250455,0.13620722,0.04119873,0.16015625,-0.18719482,-0.07962388000000001,-0.35250455,0.13620722,-0.09103393600000001,0.08355713000000001,-0.34890747,0.0630319,-0.30291766000000003,0.27929163,-0.09103393600000001,0.08355713000000001,-0.34890747,0.0630319,-0.30291766000000003,0.27929163,-0.09103393600000001,0.08355713000000001,-0.34890747,0.0630319,-0.30291766000000003,0.27929163,-0.17272949,0.055755615,-0.2869568,0.1455598,-0.27213395,0.21819709999999998,-0.17272949,0.055755615,-0.2869568,0.1455598,-0.27213395,0.21819709999999998,-0.062164307,0.023834229000000002,-0.29067993000000003,0.03020002,-0.23505232,0.22623253000000002,-0.062164307,0.023834229000000002,-0.29067993000000003,0.03020002,-0.23505232,0.22623253000000002,-0.062164307,0.023834229000000002,-0.29067993000000003,0.03020002,-0.23505232,0.22623253000000002,-0.062164307,0.023834229000000002,-0.29067993000000003,0.03020002,-0.23505232,0.22623253000000002,-0.062164307,0.023834229000000002,-0.29067993000000003,0.03020002,-0.23505232,0.22623253000000002,0.02609253,-0.002960205,-0.2562256,-0.07573542,-0.13904506,0.23766541,0.02609253,-0.002960205,-0.2562256,-0.07573542,-0.13904506,0.23766541,-0.23928833,0.057525635000000006,-0.18652344,0.19669561,-0.10897786,0.21513438000000001,-0.2909546,-0.021148682000000002,-0.17227173,0.2685473,0.042992286000000005,0.2259562,-0.17263794,-0.09719849,-0.21588135,0.19597994,0.213952,0.29156719999999997,检查1#变、2变、开闭所有进线、出线地刀在拉开位置。
0.032226563,0.1503601,-0.19238281000000002,-0.07223505,-0.335163,0.14613628,0.04119873,0.16015625,-0.18719482,-0.07962388000000001,-0.35250455,0.13620722,0.04119873,0.16015625,-0.18719482,-0.07962388000000001,-0.35250455,0.13620722,0.04119873,0.16015625,-0.18719482,-0.07962388000000001,-0.35250455,0.13620722,-0.09103393600000001,0.08355713000000001,-0.34890747,0.0630319,-0.30291766000000003,0.27929163,-0.09103393600000001,0.08355713000000001,-0.34890747,0.0630319,-0.30291766000000003,0.27929163,-0.09103393600000001,0.08355713000000001,-0.34890747,0.0630319,-0.30291766000000003,0.27929163,-0.17272949,0.055755615,-0.2869568,0.1455598,-0.27213395,0.21819709999999998,-0.17272949,0.055755615,-0.2869568,0.1455598,-0.27213395,0.21819709999999998,-0.062164307,0.023834229000000002,-0.29067993000000003,0.03020002,-0.23505232,0.22623253000000002,-0.062164307,0.023834229000000002,-0.29067993000000003,0.03020002,-0.23505232,0.22623253000000002,-0.062164307,0.023834229000000002,-0.29067993000000003,0.03020002,-0.23505232,0.22623253000000002,-0.062164307,0.023834229000000002,-0.29067993000000003,0.03020002,-0.23505232,0.22623253000000002,-0.062164307,0.023834229000000002,-0.29067993000000003,0.03020002,-0.23505232,0.22623253000000002,0.02609253,-0.002960205,-0.2562256,-0.07573542,-0.13904506,0.23766541,0.02609253,-0.002960205,-0.2562256,-0.07573542,-0.13904506,0.23766541,-0.23928833,0.057525635000000006,-0.18652344,0.19669561,-0.10897786,0.21513438000000001,-0.2909546,-0.021148682000000002,-0.17227173,0.2685473,0.042992286000000005,0.2259562,-0.17263794,-0.09719849,-0.21588135,0.19597994,0.213952,0.29156719999999997,0.02935791,-0.06472778,-0.14483643000000002,0.1936128,0.38760075,0.24418747000000002,检查1#变、2变、开闭所有进线、出线地刀在拉开位置。
0.04119873,0.16015625,-0.18719482,-0.07962388000000001,-0.35250455,0.13620722,0.04119873,0.16015625,-0.18719482,-0.07962388000000001,-0.35250455,0.13620722,0.04119873,0.16015625,-0.18719482,-0.07962388000000001,-0.35250455,0.13620722,-0.09103393600000001,0.08355713000000001,-0.34890747,0.0630319,-0.30291766000000003,0.27929163,-0.09103393600000001,0.08355713000000001,-0.34890747,0.0630319,-0.30291766000000003,0.27929163,-0.09103393600000001,0.08355713000000001,-0.34890747,0.0630319,-0.30291766000000003,0.27929163,-0.17272949,0.055755615,-0.2869568,0.1455598,-0.27213395,0.21819709999999998,-0.17272949,0.055755615,-0.2869568,0.1455598,-0.27213395,0.21819709999999998,-0.062164307,0.023834229000000002,-0.29067993000000003,0.03020002,-0.23505232,0.22623253000000002,-0.062164307,0.023834229000000002,-0.29067993000000003,0.03020002,-0.23505232,0.22623253000000002,-0.062164307,0.023834229000000002,-0.29067993000000003,0.03020002,-0.23505232,0.22623253000000002,-0.062164307,0.023834229000000002,-0.29067993000000003,0.03020002,-0.23505232,0.22623253000000002,-0.062164307,0.023834229000000002,-0.29067993000000003,0.03020002,-0.23505232,0.22623253000000002,0.02609253,-0.002960205,-0.2562256,-0.07573542,-0.13904506,0.23766541,0.02609253,-0.002960205,-0.2562256,-0.07573542,-0.13904506,0.23766541,-0.23928833,0.057525635000000006,-0.18652344,0.19669561,-0.10897786,0.21513438000000001,-0.2909546,-0.021148682000000002,-0.17227173,0.2685473,0.042992286000000005,0.2259562,-0.17263794,-0.09719849,-0.21588135,0.19597994,0.213952,0.29156719999999997,0.02935791,-0.06472778,-0.14483643000000002,0.1936128,0.38760075,0.24418747000000002,0.14175415,-0.08758545,-0.31604004,0.15242366000000002,0.459839,0.43127424000000003,检查1#变、2变、开闭所有进线、出线地刀在拉开位置。
0.04119873,0.16015625,-0.18719482,-0.07962388000000001,-0.35250455,0.13620722,0.04119873,0.16015625,-0.18719482,-0.07962388000000001,-0.35250455,0.13620722,-0.09103393600000001,0.08355713000000001,-0.34890747,0.0630319,-0.30291766000000003,0.27929163,-0.09103393600000001,0.08355713000000001,-0.34890747,0.0630319,-0.30291766000000003,0.27929163,-0.09103393600000001,0.08355713000000001,-0.34890747,0.0630319,-0.30291766000000003,0.27929163,-0.17272949,0.055755615,-0.2869568,0.1455598,-0.27213395,0.21819709999999998,-0.17272949,0.055755615,-0.2869568,0.1455598,-0.27213395,0.21819709999999998,-0.062164307,0.023834229000000002,-0.29067993000000003,0.03020002,-0.23505232,0.22623253000000002,-0.062164307,0.023834229000000002,-0.29067993000000003,0.03020002,-0.23505232,0.22623253000000002,-0.062164307,0.023834229000000002,-0.29067993000000003,0.03020002,-0.23505232,0.22623253000000002,-0.062164307,0.023834229000000002,-0.29067993000000003,0.03020002,-0.23505232,0.22623253000000002,-0.062164307,0.023834229000000002,-0.29067993000000003,0.03020002,-0.23505232,0.22623253000000002,0.02609253,-0.002960205,-0.2562256,-0.07573542,-0.13904506,0.23766541,0.02609253,-0.002960205,-0.2562256,-0.07573542,-0.13904506,0.23766541,-0.23928833,0.057525635000000006,-0.18652344,0.19669561,-0.10897786,0.21513438000000001,-0.2909546,-0.021148682000000002,-0.17227173,0.2685473,0.042992286000000005,0.2259562,-0.17263794,-0.09719849,-0.21588135,0.19597994,0.213952,0.29156719999999997,0.02935791,-0.06472778,-0.14483643000000002,0.1936128,0.38760075,0.24418747000000002,0.14175415,-0.08758545,-0.31604004,0.15242366000000002,0.459839,0.43127424000000003,0.14175415,-0.08758545,-0.31604004,0.15242366000000002,0.459839,0.43127424000000003,检查1#变、2变、开闭所有进线、出线地刀在拉开位置。
0.04119873,0.16015625,-0.18719482,-0.07962388000000001,-0.35250455,0.13620722,-0.09103393600000001,0.08355713000000001,-0.34890747,0.0630319,-0.30291766000000003,0.27929163,-0.09103393600000001,0.08355713000000001,-0.34890747,0.0630319,-0.30291766000000003,0.27929163,-0.09103393600000001,0.08355713000000001,-0.34890747,0.0630319,-0.30291766000000003,0.27929163,-0.17272949,0.055755615,-0.2869568,0.1455598,-0.27213395,0.21819709999999998,-0.17272949,0.055755615,-0.2869568,0.1455598,-0.27213395,0.21819709999999998,-0.062164307,0.023834229000000002,-0.29067993000000003,0.03020002,-0.23505232,0.22623253000000002,-0.062164307,0.023834229000000002,-0.29067993000000003,0.03020002,-0.23505232,0.22623253000000002,-0.062164307,0.023834229000000002,-0.29067993000000003,0.03020002,-0.23505232,0.22623253000000002,-0.062164307,0.023834229000000002,-0.29067993000000003,0.03020002,-0.23505232,0.22623253000000002,-0.062164307,0.023834229000000002,-0.29067993000000003,0.03020002,-0.23505232,0.22623253000000002,0.02609253,-0.002960205,-0.2562256,-0.07573542,-0.13904506,0.23766541,0.02609253,-0.002960205,-0.2562256,-0.07573542,-0.13904506,0.23766541,-0.23928833,0.057525635000000006,-0.18652344,0.19669561,-0.10897786,0.21513438000000001,-0.2909546,-0.021148682000000002,-0.17227173,0.2685473,0.042992286000000005,0.2259562,-0.17263794,-0.09719849,-0.21588135,0.19597994,0.213952,0.29156719999999997,0.02935791,-0.06472778,-0.14483643000000002,0.1936128,0.38760075,0.24418747000000002,0.14175415,-0.08758545,-0.31604004,0.15242366000000002,0.459839,0.43127424000000003,0.14175415,-0.08758545,-0.31604004,0.15242366000000002,0.459839,0.43127424000000003,0.12762451,-0.043029785,-0.338562,0.16352691,0.41409219999999997,0.45669812,检查1#变、2变、开闭所有进线、出线地刀在拉开位置。
-0.09103393600000001,0.08355713000000001,-0.34890747,0.0630319,-0.30291766000000003,0.27929163,-0.09103393600000001,0.08355713000000001,-0.34890747,0.0630319,-0.30291766000000003,0.27929163,-0.09103393600000001,0.08355713000000001,-0.34890747,0.0630319,-0.30291766000000003,0.27929163,-0.17272949,0.055755615,-0.2869568,0.1455598,-0.27213395,0.21819709999999998,-0.17272949,0.055755615,-0.2869568,0.1455598,-0.27213395,0.21819709999999998,-0.062164307,0.023834229000000002,-0.29067993000000003,0.03020002,-0.23505232,0.22623253000000002,-0.062164307,0.023834229000000002,-0.29067993000000003,0.03020002,-0.23505232,0.22623253000000002,-0.062164307,0.023834229000000002,-0.29067993000000003,0.03020002,-0.23505232,0.22623253000000002,-0.062164307,0.023834229000000002,-0.29067993000000003,0.03020002,-0.23505232,0.22623253000000002,-0.062164307,0.023834229000000002,-0.29067993000000003,0.03020002,-0.23505232,0.22623253000000002,0.02609253,-0.002960205,-0.2562256,-0.07573542,-0.13904506,0.23766541,0.02609253,-0.002960205,-0.2562256,-0.07573542,-0.13904506,0.23766541,-0.23928833,0.057525635000000006,-0.18652344,0.19669561,-0.10897786,0.21513438000000001,-0.2909546,-0.021148682000000002,-0.17227173,0.2685473,0.042992286000000005,0.2259562,-0.17263794,-0.09719849,-0.21588135,0.19597994,0.213952,0.29156719999999997,0.02935791,-0.06472778,-0.14483643000000002,0.1936128,0.38760075,0.24418747000000002,0.14175415,-0.08758545,-0.31604004,0.15242366000000002,0.459839,0.43127424000000003,0.14175415,-0.08758545,-0.31604004,0.15242366000000002,0.459839,0.43127424000000003,0.12762451,-0.043029785,-0.338562,0.16352691,0.41409219999999997,0.45669812,0.08444214,0.0054016113,-0.38027954,0.18815206,0.35376632,0.4983667,检查1#变、2变、开闭所有进线、出线地刀在拉开位置。
-0.09103393600000001,0.08355713000000001,-0.34890747,0.0630319,-0.30291766000000003,0.27929163,-0.09103393600000001,0.08355713000000001,-0.34890747,0.0630319,-0.30291766000000003,0.27929163,-0.17272949,0.055755615,-0.2869568,0.1455598,-0.27213395,0.21819709999999998,-0.17272949,0.055755615,-0.2869568,0.1455598,-0.27213395,0.21819709999999998,-0.062164307,0.023834229000000002,-0.29067993000000003,0.03020002,-0.23505232,0.22623253000000002,-0.062164307,0.023834229000000002,-0.29067993000000003,0.03020002,-0.23505232,0.22623253000000002,-0.062164307,0.023834229000000002,-0.29067993000000003,0.03020002,-0.23505232,0.22623253000000002,-0.062164307,0.023834229000000002,-0.29067993000000003,0.03020002,-0.23505232,0.22623253000000002,-0.062164307,0.023834229000000002,-0.29067993000000003,0.03020002,-0.23505232,0.22623253000000002,0.02609253,-0.002960205,-0.2562256,-0.07573542,-0.13904506,0.23766541,0.02609253,-0.002960205,-0.2562256,-0.07573542,-0.13904506,0.23766541,-0.23928833,0.057525635000000006,-0.18652344,0.19669561,-0.10897786,0.21513438000000001,-0.2909546,-0.021148682000000002,-0.17227173,0.2685473,0.042992286000000005,0.2259562,-0.17263794,-0.09719849,-0.21588135,0.19597994,0.213952,0.29156719999999997,0.02935791,-0.06472778,-0.14483643000000002,0.1936128,0.38760075,0.24418747000000002,0.14175415,-0.08758545,-0.31604004,0.15242366000000002,0.459839,0.43127424000000003,0.14175415,-0.08758545,-0.31604004,0.15242366000000002,0.459839,0.43127424000000003,0.12762451,-0.043029785,-0.338562,0.16352691,0.41409219999999997,0.45669812,0.08444214,0.0054016113,-0.38027954,0.18815206,0.35376632,0.4983667,0.08444214,0.0054016113,-0.38027954,0.18815206,0.35376632,0.4983667,检查1#变、2变、开闭所有进线、出线地刀在拉开位置。
-0.09103393600000001,0.08355713000000001,-0.34890747,0.0630319,-0.30291766000000003,0.27929163,-0.17272949,0.055755615,-0.2869568,0.1455598,-0.27213395,0.21819709999999998,-0.17272949,0.055755615,-0.2869568,0.1455598,-0.27213395,0.21819709999999998,-0.062164307,0.023834229000000002,-0.29067993000000003,0.03020002,-0.23505232,0.22623253000000002,-0.062164307,0.023834229000000002,-0.29067993000000003,0.03020002,-0.23505232,0.22623253000000002,-0.062164307,0.023834229000000002,-0.29067993000000003,0.03020002,-0.23505232,0.22623253000000002,-0.062164307,0.023834229000000002,-0.29067993000000003,0.03020002,-0.23505232,0.22623253000000002,-0.062164307,0.023834229000000002,-0.29067993000000003,0.03020002,-0.23505232,0.22623253000000002,0.02609253,-0.002960205,-0.2562256,-0.07573542,-0.13904506,0.23766541,0.02609253,-0.002960205,-0.2562256,-0.07573542,-0.13904506,0.23766541,-0.23928833,0.057525635000000006,-0.18652344,0.19669561,-0.10897786,0.21513438000000001,-0.2909546,-0.021148682000000002,-0.17227173,0.2685473,0.042992286000000005,0.2259562,-0.17263794,-0.09719849,-0.21588135,0.19597994,0.213952,0.29156719999999997,0.02935791,-0.06472778,-0.14483643000000002,0.1936128,0.38760075,0.24418747000000002,0.14175415,-0.08758545,-0.31604004,0.15242366000000002,0.459839,0.43127424000000003,0.14175415,-0.08758545,-0.31604004,0.15242366000000002,0.459839,0.43127424000000003,0.12762451,-0.043029785,-0.338562,0.16352691,0.41409219999999997,0.45669812,0.08444214,0.0054016113,-0.38027954,0.18815206,0.35376632,0.4983667,0.08444214,0.0054016113,-0.38027954,0.18815206,0.35376632,0.4983667,-0.1428833,0.08166504000000001,-0.30010986,0.36052787000000003,0.23640629999999999,0.40757036,检查1#变、2变、开闭所有进线、出线地刀在拉开位置。
-0.17272949,0.055755615,-0.2869568,0.1455598,-0.27213395,0.21819709999999998,-0.17272949,0.055755615,-0.2869568,0.1455598,-0.27213395,0.21819709999999998,-0.062164307,0.023834229000000002,-0.29067993000000003,0.03020002,-0.23505232,0.22623253000000002,-0.062164307,0.023834229000000002,-0.29067993000000003,0.03020002,-0.23505232,0.22623253000000002,-0.062164307,0.023834229000000002,-0.29067993000000003,0.03020002,-0.23505232,0.22623253000000002,-0.062164307,0.023834229000000002,-0.29067993000000003,0.03020002,-0.23505232,0.22623253000000002,-0.062164307,0.023834229000000002,-0.29067993000000003,0.03020002,-0.23505232,0.22623253000000002,0.02609253,-0.002960205,-0.2562256,-0.07573542,-0.13904506,0.23766541,0.02609253,-0.002960205,-0.2562256,-0.07573542,-0.13904506,0.23766541,-0.23928833,0.057525635000000006,-0.18652344,0.19669561,-0.10897786,0.21513438000000001,-0.2909546,-0.021148682000000002,-0.17227173,0.2685473,0.042992286000000005,0.2259562,-0.17263794,-0.09719849,-0.21588135,0.19597994,0.213952,0.29156719999999997,0.02935791,-0.06472778,-0.14483643000000002,0.1936128,0.38760075,0.24418747000000002,0.14175415,-0.08758545,-0.31604004,0.15242366000000002,0.459839,0.43127424000000003,0.14175415,-0.08758545,-0.31604004,0.15242366000000002,0.459839,0.43127424000000003,0.12762451,-0.043029785,-0.338562,0.16352691,0.41409219999999997,0.45669812,0.08444214,0.0054016113,-0.38027954,0.18815206,0.35376632,0.4983667,0.08444214,0.0054016113,-0.38027954,0.18815206,0.35376632,0.4983667,-0.1428833,0.08166504000000001,-0.30010986,0.36052787000000003,0.23640629999999999,0.40757036,-0.24923706,0.15914917,-0.36679077,0.41997272,0.11221615,0.46067613,检查1#变、2变、开闭所有进线、出线地刀在拉开位置。
-0.17272949,0.055755615,-0.2869568,0.1455598,-0.27213395,0.21819709999999998,-0.062164307,0.023834229000000002,-0.29067993000000003,0.03020002,-0.23505232,0.22623253000000002,-0.062164307,0.023834229000000002,-0.29067993000000003,0.03020002,-0.23505232,0.22623253000000002,-0.062164307,0.023834229000000002,-0.29067993000000003,0.03020002,-0.23505232,0.22623253000000002,-0.062164307,0.023834229000000002,-0.29067993000000003,0.03020002,-0.23505232,0.22623253000000002,-0.062164307,0.023834229000000002,-0.29067993000000003,0.03020002,-0.23505232,0.22623253000000002,0.02609253,-0.002960205,-0.2562256,-0.07573542,-0.13904506,0.23766541,0.02609253,-0.002960205,-0.2562256,-0.07573542,-0.13904506,0.23766541,-0.23928833,0.057525635000000006,-0.18652344,0.19669561,-0.10897786,0.21513438000000001,-0.2909546,-0.021148682000000002,-0.17227173,0.2685473,0.042992286000000005,0.2259562,-0.17263794,-0.09719849,-0.21588135,0.19597994,0.213952,0.29156719999999997,0.02935791,-0.06472778,-0.14483643000000002,0.1936128,0.38760075,0.24418747000000002,0.14175415,-0.08758545,-0.31604004,0.15242366000000002,0.459839,0.43127424000000003,0.14175415,-0.08758545,-0.31604004,0.15242366000000002,0.459839,0.43127424000000003,0.12762451,-0.043029785,-0.338562,0.16352691,0.41409219999999997,0.45669812,0.08444214,0.0054016113,-0.38027954,0.18815206,0.35376632,0.4983667,0.08444214,0.0054016113,-0.38027954,0.18815206,0.35376632,0.4983667,-0.1428833,0.08166504000000001,-0.30010986,0.36052787000000003,0.23640629999999999,0.40757036,-0.24923706,0.15914917,-0.36679077,0.41997272,0.11221615,0.46067613,-0.1503601,-0.09616089,-0.46069336,0.22929542,0.24595085,0.5044255,检查1#变、2变、开闭所有进线、出线地刀在拉开位置。
-0.062164307,0.023834229000000002,-0.29067993000000003,0.03020002,-0.23505232,0.22623253000000002,-0.062164307,0.023834229000000002,-0.29067993000000003,0.03020002,-0.23505232,0.22623253000000002,-0.062164307,0.023834229000000002,-0.29067993000000003,0.03020002,-0.23505232,0.22623253000000002,-0.062164307,0.023834229000000002,-0.29067993000000003,0.03020002,-0.23505232,0.22623253000000002,-0.062164307,0.023834229000000002,-0.29067993000000003,0.03020002,-0.23505232,0.22623253000000002,0.02609253,-0.002960205,-0.2562256,-0.07573542,-0.13904506,0.23766541,0.02609253,-0.002960205,-0.2562256,-0.07573542,-0.13904506,0.23766541,-0.23928833,0.057525635000000006,-0.18652344,0.19669561,-0.10897786,0.21513438000000001,-0.2909546,-0.021148682000000002,-0.17227173,0.2685473,0.042992286000000005,0.2259562,-0.17263794,-0.09719849,-0.21588135,0.19597994,0.213952,0.29156719999999997,0.02935791,-0.06472778,-0.14483643000000002,0.1936128,0.38760075,0.24418747000000002,0.14175415,-0.08758545,-0.31604004,0.15242366000000002,0.459839,0.43127424000000003,0.14175415,-0.08758545,-0.31604004,0.15242366000000002,0.459839,0.43127424000000003,0.12762451,-0.043029785,-0.338562,0.16352691,0.41409219999999997,0.45669812,0.08444214,0.0054016113,-0.38027954,0.18815206,0.35376632,0.4983667,0.08444214,0.0054016113,-0.38027954,0.18815206,0.35376632,0.4983667,-0.1428833,0.08166504000000001,-0.30010986,0.36052787000000003,0.23640629999999999,0.40757036,-0.24923706,0.15914917,-0.36679077,0.41997272,0.11221615,0.46067613,-0.1503601,-0.09616089,-0.46069336,0.22929542,0.24595085,0.5044255,-0.061584473,-0.19494629,-0.15466309,0.10650109,0.25842774,0.14845878,检查1#变、2变、开闭所有进线、出线地刀在拉开位置。
-0.062164307,0.023834229000000002,-0.29067993000000003,0.03020002,-0.23505232,0.22623253000000002,-0.062164307,0.023834229000000002,-0.29067993000000003,0.03020002,-0.23505232,0.22623253000000002,-0.062164307,0.023834229000000002,-0.29067993000000003,0.03020002,-0.23505232,0.22623253000000002,-0.062164307,0.023834229000000002,-0.29067993000000003,0.03020002,-0.23505232,0.22623253000000002,0.02609253,-0.002960205,-0.2562256,-0.07573542,-0.13904506,0.23766541,0.02609253,-0.002960205,-0.2562256,-0.07573542,-0.13904506,0.23766541,-0.23928833,0.057525635000000006,-0.18652344,0.19669561,-0.10897786,0.21513438000000001,-0.2909546,-0.021148682000000002,-0.17227173,0.2685473,0.042992286000000005,0.2259562,-0.17263794,-0.09719849,-0.21588135,0.19597994,0.213952,0.29156719999999997,0.02935791,-0.06472778,-0.14483643000000002,0.1936128,0.38760075,0.24418747000000002,0.14175415,-0.08758545,-0.31604004,0.15242366000000002,0.459839,0.43127424000000003,0.14175415,-0.08758545,-0.31604004,0.15242366000000002,0.459839,0.43127424000000003,0.12762451,-0.043029785,-0.338562,0.16352691,0.41409219999999997,0.45669812,0.08444214,0.0054016113,-0.38027954,0.18815206,0.35376632,0.4983667,0.08444214,0.0054016113,-0.38027954,0.18815206,0.35376632,0.4983667,-0.1428833,0.08166504000000001,-0.30010986,0.36052787000000003,0.23640629999999999,0.40757036,-0.24923706,0.15914917,-0.36679077,0.41997272,0.11221615,0.46067613,-0.1503601,-0.09616089,-0.46069336,0.22929542,0.24595085,0.5044255,-0.061584473,-0.19494629,-0.15466309,0.10650109,0.25842774,0.14845878,-0.12875366,-0.13482666000000001,-0.1446228,0.17618479,0.12243369999999999,0.08337158,检查1#变、2变、开闭所有进线、出线地刀在拉开位置。
-0.062164307,0.023834229000000002,-0.29067993000000003,0.03020002,-0.23505232,0.22623253000000002,-0.062164307,0.023834229000000002,-0.29067993000000003,0.03020002,-0.23505232,0.22623253000000002,-0.062164307,0.023834229000000002,-0.29067993000000003,0.03020002,-0.23505232,0.22623253000000002,0.02609253,-0.002960205,-0.2562256,-0.07573542,-0.13904506,0.23766541,0.02609253,-0.002960205,-0.2562256,-0.07573542,-0.13904506,0.23766541,-0.23928833,0.057525635000000006,-0.18652344,0.19669561,-0.10897786,0.21513438000000001,-0.2909546,-0.021148682000000002,-0.17227173,0.2685473,0.042992286000000005,0.2259562,-0.17263794,-0.09719849,-0.21588135,0.19597994,0.213952,0.29156719999999997,0.02935791,-0.06472778,-0.14483643000000002,0.1936128,0.38760075,0.24418747000000002,0.14175415,-0.08758545,-0.31604004,0.15242366000000002,0.459839,0.43127424000000003,0.14175415,-0.08758545,-0.31604004,0.15242366000000002,0.459839,0.43127424000000003,0.12762451,-0.043029785,-0.338562,0.16352691,0.41409219999999997,0.45669812,0.08444214,0.0054016113,-0.38027954,0.18815206,0.35376632,0.4983667,0.08444214,0.0054016113,-0.38027954,0.18815206,0.35376632,0.4983667,-0.1428833,0.08166504000000001,-0.30010986,0.36052787000000003,0.23640629999999999,0.40757036,-0.24923706,0.15914917,-0.36679077,0.41997272,0.11221615,0.46067613,-0.1503601,-0.09616089,-0.46069336,0.22929542,0.24595085,0.5044255,-0.061584473,-0.19494629,-0.15466309,0.10650109,0.25842774,0.14845878,-0.12875366,-0.13482666000000001,-0.1446228,0.17618479,0.12243369999999999,0.08337158,-0.06970215,-0.10946655,-0.18524169999999998,0.11855481600000001,0.09460004400000001,0.12097615,检查1#变、2变、开闭所有进线、出线地刀在拉开位置。
-0.062164307,0.023834229000000002,-0.29067993000000003,0.03020002,-0.23505232,0.22623253000000002,-0.062164307,0.023834229000000002,-0.29067993000000003,0.03020002,-0.23505232,0.22623253000000002,0.02609253,-0.002960205,-0.2562256,-0.07573542,-0.13904506,0.23766541,0.02609253,-0.002960205,-0.2562256,-0.07573542,-0.13904506,0.23766541,-0.23928833,0.057525635000000006,-0.18652344,0.19669561,-0.10897786,0.21513438000000001,-0.2909546,-0.021148682000000002,-0.17227173,0.2685473,0.042992286000000005,0.2259562,-0.17263794,-0.09719849,-0.21588135,0.19597994,0.213952,0.29156719999999997,0.02935791,-0.06472778,-0.14483643000000002,0.1936128,0.38760075,0.24418747000000002,0.14175415,-0.08758545,-0.31604004,0.15242366000000002,0.459839,0.43127424000000003,0.14175415,-0.08758545,-0.31604004,0.15242366000000002,0.459839,0.43127424000000003,0.12762451,-0.043029785,-0.338562,0.16352691,0.41409219999999997,0.45669812,0.08444214,0.0054016113,-0.38027954,0.18815206,0.35376632,0.4983667,0.08444214,0.0054016113,-0.38027954,0.18815206,0.35376632,0.4983667,-0.1428833,0.08166504000000001,-0.30010986,0.36052787000000003,0.23640629999999999,0.40757036,-0.24923706,0.15914917,-0.36679077,0.41997272,0.11221615,0.46067613,-0.1503601,-0.09616089,-0.46069336,0.22929542,0.24595085,0.5044255,-0.061584473,-0.19494629,-0.15466309,0.10650109,0.25842774,0.14845878,-0.12875366,-0.13482666000000001,-0.1446228,0.17618479,0.12243369999999999,0.08337158,-0.06970215,-0.10946655,-0.18524169999999998,0.11855481600000001,0.09460004400000001,0.12097615,0.042663574,-0.15264893000000002,-0.20629883000000002,0.0033890307,0.13705474,0.14206654,检查1#变、2变、开闭所有进线、出线地刀在拉开位置。
-0.062164307,0.023834229000000002,-0.29067993000000003,0.03020002,-0.23505232,0.22623253000000002,0.02609253,-0.002960205,-0.2562256,-0.07573542,-0.13904506,0.23766541,0.02609253,-0.002960205,-0.2562256,-0.07573542,-0.13904506,0.23766541,-0.23928833,0.057525635000000006,-0.18652344,0.19669561,-0.10897786,0.21513438000000001,-0.2909546,-0.021148682000000002,-0.17227173,0.2685473,0.042992286000000005,0.2259562,-0.17263794,-0.09719849,-0.21588135,0.19597994,0.213952,0.29156719999999997,0.02935791,-0.06472778,-0.14483643000000002,0.1936128,0.38760075,0.24418747000000002,0.14175415,-0.08758545,-0.31604004,0.15242366000000002,0.459839,0.43127424000000003,0.14175415,-0.08758545,-0.31604004,0.15242366000000002,0.459839,0.43127424000000003,0.12762451,-0.043029785,-0.338562,0.16352691,0.41409219999999997,0.45669812,0.08444214,0.0054016113,-0.38027954,0.18815206,0.35376632,0.4983667,0.08444214,0.0054016113,-0.38027954,0.18815206,0.35376632,0.4983667,-0.1428833,0.08166504000000001,-0.30010986,0.36052787000000003,0.23640629999999999,0.40757036,-0.24923706,0.15914917,-0.36679077,0.41997272,0.11221615,0.46067613,-0.1503601,-0.09616089,-0.46069336,0.22929542,0.24595085,0.5044255,-0.061584473,-0.19494629,-0.15466309,0.10650109,0.25842774,0.14845878,-0.12875366,-0.13482666000000001,-0.1446228,0.17618479,0.12243369999999999,0.08337158,-0.06970215,-0.10946655,-0.18524169999999998,0.11855481600000001,0.09460004400000001,0.12097615,0.042663574,-0.15264893000000002,-0.20629883000000002,0.0033890307,0.13705474,0.14206654,0.0920105,-0.16586304000000002,-0.19134521000000002,-0.057491183,0.15141562,0.13881469,检查1#变、2变、开闭所有进线、出线地刀在拉开位置。
0.02609253,-0.002960205,-0.2562256,-0.07573542,-0.13904506,0.23766541,0.02609253,-0.002960205,-0.2562256,-0.07573542,-0.13904506,0.23766541,-0.23928833,0.057525635000000006,-0.18652344,0.19669561,-0.10897786,0.21513438000000001,-0.2909546,-0.021148682000000002,-0.17227173,0.2685473,0.042992286000000005,0.2259562,-0.17263794,-0.09719849,-0.21588135,0.19597994,0.213952,0.29156719999999997,0.02935791,-0.06472778,-0.14483643000000002,0.1936128,0.38760075,0.24418747000000002,0.14175415,-0.08758545,-0.31604004,0.15242366000000002,0.459839,0.43127424000000003,0.14175415,-0.08758545,-0.31604004,0.15242366000000002,0.459839,0.43127424000000003,0.12762451,-0.043029785,-0.338562,0.16352691,0.41409219999999997,0.45669812,0.08444214,0.0054016113,-0.38027954,0.18815206,0.35376632,0.4983667,0.08444214,0.0054016113,-0.38027954,0.18815206,0.35376632,0.4983667,-0.1428833,0.08166504000000001,-0.30010986,0.36052787000000003,0.23640629999999999,0.40757036,-0.24923706,0.15914917,-0.36679077,0.41997272,0.11221615,0.46067613,-0.1503601,-0.09616089,-0.46069336,0.22929542,0.24595085,0.5044255,-0.061584473,-0.19494629,-0.15466309,0.10650109,0.25842774,0.14845878,-0.12875366,-0.13482666000000001,-0.1446228,0.17618479,0.12243369999999999,0.08337158,-0.06970215,-0.10946655,-0.18524169999999998,0.11855481600000001,0.09460004400000001,0.12097615,0.042663574,-0.15264893000000002,-0.20629883000000002,0.0033890307,0.13705474,0.14206654,0.0920105,-0.16586304000000002,-0.19134521000000002,-0.057491183,0.15141562,0.13881469,0.09585571,-0.13525389999999998,-0.17163086,-0.07641853400000001,0.11912864000000001,0.13502681,检查1#变、2变、开闭所有进线、出线地刀在拉开位置。
0.02609253,-0.002960205,-0.2562256,-0.07573542,-0.13904506,0.23766541,-0.23928833,0.057525635000000006,-0.18652344,0.19669561,-0.10897786,0.21513438000000001,-0.2909546,-0.021148682000000002,-0.17227173,0.2685473,0.042992286000000005,0.2259562,-0.17263794,-0.09719849,-0.21588135,0.19597994,0.213952,0.29156719999999997,0.02935791,-0.06472778,-0.14483643000000002,0.1936128,0.38760075,0.24418747000000002,0.14175415,-0.08758545,-0.31604004,0.15242366000000002,0.459839,0.43127424000000003,0.14175415,-0.08758545,-0.31604004,0.15242366000000002,0.459839,0.43127424000000003,0.12762451,-0.043029785,-0.338562,0.16352691,0.41409219999999997,0.45669812,0.08444214,0.0054016113,-0.38027954,0.18815206,0.35376632,0.4983667,0.08444214,0.0054016113,-0.38027954,0.18815206,0.35376632,0.4983667,-0.1428833,0.08166504000000001,-0.30010986,0.36052787000000003,0.23640629999999999,0.40757036,-0.24923706,0.15914917,-0.36679077,0.41997272,0.11221615,0.46067613,-0.1503601,-0.09616089,-0.46069336,0.22929542,0.24595085,0.5044255,-0.061584473,-0.19494629,-0.15466309,0.10650109,0.25842774,0.14845878,-0.12875366,-0.13482666000000001,-0.1446228,0.17618479,0.12243369999999999,0.08337158,-0.06970215,-0.10946655,-0.18524169999999998,0.11855481600000001,0.09460004400000001,0.12097615,0.042663574,-0.15264893000000002,-0.20629883000000002,0.0033890307,0.13705474,0.14206654,0.0920105,-0.16586304000000002,-0.19134521000000002,-0.057491183,0.15141562,0.13881469,0.09585571,-0.13525389999999998,-0.17163086,-0.07641853400000001,0.11912864000000001,0.13502681,0.09075928,-0.054504395000000004,-0.16329956,-0.09043398500000001,0.03178595,0.14639306,检查1#变、2变、开闭所有进线、出线地刀在拉开位置。
-0.23928833,0.057525635000000006,-0.18652344,0.19669561,-0.10897786,0.21513438000000001,-0.2909546,-0.021148682000000002,-0.17227173,0.2685473,0.042992286000000005,0.2259562,-0.17263794,-0.09719849,-0.21588135,0.19597994,0.213952,0.29156719999999997,0.02935791,-0.06472778,-0.14483643000000002,0.1936128,0.38760075,0.24418747000000002,0.14175415,-0.08758545,-0.31604004,0.15242366000000002,0.459839,0.43127424000000003,0.14175415,-0.08758545,-0.31604004,0.15242366000000002,0.459839,0.43127424000000003,0.12762451,-0.043029785,-0.338562,0.16352691,0.41409219999999997,0.45669812,0.08444214,0.0054016113,-0.38027954,0.18815206,0.35376632,0.4983667,0.08444214,0.0054016113,-0.38027954,0.18815206,0.35376632,0.4983667,-0.1428833,0.08166504000000001,-0.30010986,0.36052787000000003,0.23640629999999999,0.40757036,-0.24923706,0.15914917,-0.36679077,0.41997272,0.11221615,0.46067613,-0.1503601,-0.09616089,-0.46069336,0.22929542,0.24595085,0.5044255,-0.061584473,-0.19494629,-0.15466309,0.10650109,0.25842774,0.14845878,-0.12875366,-0.13482666000000001,-0.1446228,0.17618479,0.12243369999999999,0.08337158,-0.06970215,-0.10946655,-0.18524169999999998,0.11855481600000001,0.09460004400000001,0.12097615,0.042663574,-0.15264893000000002,-0.20629883000000002,0.0033890307,0.13705474,0.14206654,0.0920105,-0.16586304000000002,-0.19134521000000002,-0.057491183,0.15141562,0.13881469,0.09585571,-0.13525389999999998,-0.17163086,-0.07641853400000001,0.11912864000000001,0.13502681,0.09075928,-0.054504395000000004,-0.16329956,-0.09043398500000001,0.03178595,0.14639306,0.078308105,-0.040130615,-0.18817139,-0.099576965,0.0048517510000000005,0.1906302,检查1#变、2变、开闭所有进线、出线地刀在拉开位置。
-0.2909546,-0.021148682000000002,-0.17227173,0.2685473,0.042992286000000005,0.2259562,-0.17263794,-0.09719849,-0.21588135,0.19597994,0.213952,0.29156719999999997,0.02935791,-0.06472778,-0.14483643000000002,0.1936128,0.38760075,0.24418747000000002,0.14175415,-0.08758545,-0.31604004,0.15242366000000002,0.459839,0.43127424000000003,0.14175415,-0.08758545,-0.31604004,0.15242366000000002,0.459839,0.43127424000000003,0.12762451,-0.043029785,-0.338562,0.16352691,0.41409219999999997,0.45669812,0.08444214,0.0054016113,-0.38027954,0.18815206,0.35376632,0.4983667,0.08444214,0.0054016113,-0.38027954,0.18815206,0.35376632,0.4983667,-0.1428833,0.08166504000000001,-0.30010986,0.36052787000000003,0.23640629999999999,0.40757036,-0.24923706,0.15914917,-0.36679077,0.41997272,0.11221615,0.46067613,-0.1503601,-0.09616089,-0.46069336,0.22929542,0.24595085,0.5044255,-0.061584473,-0.19494629,-0.15466309,0.10650109,0.25842774,0.14845878,-0.12875366,-0.13482666000000001,-0.1446228,0.17618479,0.12243369999999999,0.08337158,-0.06970215,-0.10946655,-0.18524169999999998,0.11855481600000001,0.09460004400000001,0.12097615,0.042663574,-0.15264893000000002,-0.20629883000000002,0.0033890307,0.13705474,0.14206654,0.0920105,-0.16586304000000002,-0.19134521000000002,-0.057491183,0.15141562,0.13881469,0.09585571,-0.13525389999999998,-0.17163086,-0.07641853400000001,0.11912864000000001,0.13502681,0.09075928,-0.054504395000000004,-0.16329956,-0.09043398500000001,0.03178595,0.14639306,0.078308105,-0.040130615,-0.18817139,-0.099576965,0.0048517510000000005,0.1906302,0.07522583000000001,-0.016082764,-0.22058105,-0.11897157,-0.037800387000000005,0.24152333,检查1#变、2变、开闭所有进线、出线地刀在拉开位置。
-0.17263794,-0.09719849,-0.21588135,0.19597994,0.213952,0.29156719999999997,0.02935791,-0.06472778,-0.14483643000000002,0.1936128,0.38760075,0.24418747000000002,0.14175415,-0.08758545,-0.31604004,0.15242366000000002,0.459839,0.43127424000000003,0.14175415,-0.08758545,-0.31604004,0.15242366000000002,0.459839,0.43127424000000003,0.12762451,-0.043029785,-0.338562,0.16352691,0.41409219999999997,0.45669812,0.08444214,0.0054016113,-0.38027954,0.18815206,0.35376632,0.4983667,0.08444214,0.0054016113,-0.38027954,0.18815206,0.35376632,0.4983667,-0.1428833,0.08166504000000001,-0.30010986,0.36052787000000003,0.23640629999999999,0.40757036,-0.24923706,0.15914917,-0.36679077,0.41997272,0.11221615,0.46067613,-0.1503601,-0.09616089,-0.46069336,0.22929542,0.24595085,0.5044255,-0.061584473,-0.19494629,-0.15466309,0.10650109,0.25842774,0.14845878,-0.12875366,-0.13482666000000001,-0.1446228,0.17618479,0.12243369999999999,0.08337158,-0.06970215,-0.10946655,-0.18524169999999998,0.11855481600000001,0.09460004400000001,0.12097615,0.042663574,-0.15264893000000002,-0.20629883000000002,0.0033890307,0.13705474,0.14206654,0.0920105,-0.16586304000000002,-0.19134521000000002,-0.057491183,0.15141562,0.13881469,0.09585571,-0.13525389999999998,-0.17163086,-0.07641853400000001,0.11912864000000001,0.13502681,0.09075928,-0.054504395000000004,-0.16329956,-0.09043398500000001,0.03178595,0.14639306,0.078308105,-0.040130615,-0.18817139,-0.099576965,0.0048517510000000005,0.1906302,0.07522583000000001,-0.016082764,-0.22058105,-0.11897157,-0.037800387000000005,0.24152333,0.017242432000000002,0.060424805000000005,-0.23147583,-0.08141646,-0.13823426,0.26887056,检查1#变、2变、开闭所有进线、出线地刀在拉开位置。
0.02935791,-0.06472778,-0.14483643000000002,0.1936128,0.38760075,0.24418747000000002,0.14175415,-0.08758545,-0.31604004,0.15242366000000002,0.459839,0.43127424000000003,0.14175415,-0.08758545,-0.31604004,0.15242366000000002,0.459839,0.43127424000000003,0.12762451,-0.043029785,-0.338562,0.16352691,0.41409219999999997,0.45669812,0.08444214,0.0054016113,-0.38027954,0.18815206,0.35376632,0.4983667,0.08444214,0.0054016113,-0.38027954,0.18815206,0.35376632,0.4983667,-0.1428833,0.08166504000000001,-0.30010986,0.36052787000000003,0.23640629999999999,0.40757036,-0.24923706,0.15914917,-0.36679077,0.41997272,0.11221615,0.46067613,-0.1503601,-0.09616089,-0.46069336,0.22929542,0.24595085,0.5044255,-0.061584473,-0.19494629,-0.15466309,0.10650109,0.25842774,0.14845878,-0.12875366,-0.13482666000000001,-0.1446228,0.17618479,0.12243369999999999,0.08337158,-0.06970215,-0.10946655,-0.18524169999999998,0.11855481600000001,0.09460004400000001,0.12097615,0.042663574,-0.15264893000000002,-0.20629883000000002,0.0033890307,0.13705474,0.14206654,0.0920105,-0.16586304000000002,-0.19134521000000002,-0.057491183,0.15141562,0.13881469,0.09585571,-0.13525389999999998,-0.17163086,-0.07641853400000001,0.11912864000000001,0.13502681,0.09075928,-0.054504395000000004,-0.16329956,-0.09043398500000001,0.03178595,0.14639306,0.078308105,-0.040130615,-0.18817139,-0.099576965,0.0048517510000000005,0.1906302,0.07522583000000001,-0.016082764,-0.22058105,-0.11897157,-0.037800387000000005,0.24152333,0.017242432000000002,0.060424805000000005,-0.23147583,-0.08141646,-0.13823426,0.26887056,-0.0049133300000000005,0.068573,-0.26412964,-0.07786406600000001,-0.17401513,0.3131857,检查1#变、2变、开闭所有进线、出线地刀在拉开位置。
0.14175415,-0.08758545,-0.31604004,0.15242366000000002,0.459839,0.43127424000000003,0.14175415,-0.08758545,-0.31604004,0.15242366000000002,0.459839,0.43127424000000003,0.12762451,-0.043029785,-0.338562,0.16352691,0.41409219999999997,0.45669812,0.08444214,0.0054016113,-0.38027954,0.18815206,0.35376632,0.4983667,0.08444214,0.0054016113,-0.38027954,0.18815206,0.35376632,0.4983667,-0.1428833,0.08166504000000001,-0.30010986,0.36052787000000003,0.23640629999999999,0.40757036,-0.24923706,0.15914917,-0.36679077,0.41997272,0.11221615,0.46067613,-0.1503601,-0.09616089,-0.46069336,0.22929542,0.24595085,0.5044255,-0.061584473,-0.19494629,-0.15466309,0.10650109,0.25842774,0.14845878,-0.12875366,-0.13482666000000001,-0.1446228,0.17618479,0.12243369999999999,0.08337158,-0.06970215,-0.10946655,-0.18524169999999998,0.11855481600000001,0.09460004400000001,0.12097615,0.042663574,-0.15264893000000002,-0.20629883000000002,0.0033890307,0.13705474,0.14206654,0.0920105,-0.16586304000000002,-0.19134521000000002,-0.057491183,0.15141562,0.13881469,0.09585571,-0.13525389999999998,-0.17163086,-0.07641853400000001,0.11912864000000001,0.13502681,0.09075928,-0.054504395000000004,-0.16329956,-0.09043398500000001,0.03178595,0.14639306,0.078308105,-0.040130615,-0.18817139,-0.099576965,0.0048517510000000005,0.1906302,0.07522583000000001,-0.016082764,-0.22058105,-0.11897157,-0.037800387000000005,0.24152333,0.017242432000000002,0.060424805000000005,-0.23147583,-0.08141646,-0.13823426,0.26887056,-0.0049133300000000005,0.068573,-0.26412964,-0.07786406600000001,-0.17401513,0.3131857,-0.06365967,0.10293579,-0.3475647,-0.033425525000000005,-0.23661625,0.40546024,检查1#变、2变、开闭所有进线、出线地刀在拉开位置。
0.14175415,-0.08758545,-0.31604004,0.15242366000000002,0.459839,0.43127424000000003,0.12762451,-0.043029785,-0.338562,0.16352691,0.41409219999999997,0.45669812,0.08444214,0.0054016113,-0.38027954,0.18815206,0.35376632,0.4983667,0.08444214,0.0054016113,-0.38027954,0.18815206,0.35376632,0.4983667,-0.1428833,0.08166504000000001,-0.30010986,0.36052787000000003,0.23640629999999999,0.40757036,-0.24923706,0.15914917,-0.36679077,0.41997272,0.11221615,0.46067613,-0.1503601,-0.09616089,-0.46069336,0.22929542,0.24595085,0.5044255,-0.061584473,-0.19494629,-0.15466309,0.10650109,0.25842774,0.14845878,-0.12875366,-0.13482666000000001,-0.1446228,0.17618479,0.12243369999999999,0.08337158,-0.06970215,-0.10946655,-0.18524169999999998,0.11855481600000001,0.09460004400000001,0.12097615,0.042663574,-0.15264893000000002,-0.20629883000000002,0.0033890307,0.13705474,0.14206654,0.0920105,-0.16586304000000002,-0.19134521000000002,-0.057491183,0.15141562,0.13881469,0.09585571,-0.13525389999999998,-0.17163086,-0.07641853400000001,0.11912864000000001,0.13502681,0.09075928,-0.054504395000000004,-0.16329956,-0.09043398500000001,0.03178595,0.14639306,0.078308105,-0.040130615,-0.18817139,-0.099576965,0.0048517510000000005,0.1906302,0.07522583000000001,-0.016082764,-0.22058105,-0.11897157,-0.037800387000000005,0.24152333,0.017242432000000002,0.060424805000000005,-0.23147583,-0.08141646,-0.13823426,0.26887056,-0.0049133300000000005,0.068573,-0.26412964,-0.07786406600000001,-0.17401513,0.3131857,-0.06365967,0.10293579,-0.3475647,-0.033425525000000005,-0.23661625,0.40546024,-0.0932312,0.07437134000000001,-0.34674072,-0.01552327,-0.23266587,0.41021818,检查1#变、2变、开闭所有进线、出线地刀在拉开位置。
0.12762451,-0.043029785,-0.338562,0.16352691,0.41409219999999997,0.45669812,0.08444214,0.0054016113,-0.38027954,0.18815206,0.35376632,0.4983667,0.08444214,0.0054016113,-0.38027954,0.18815206,0.35376632,0.4983667,-0.1428833,0.08166504000000001,-0.30010986,0.36052787000000003,0.23640629999999999,0.40757036,-0.24923706,0.15914917,-0.36679077,0.41997272,0.11221615,0.46067613,-0.1503601,-0.09616089,-0.46069336,0.22929542,0.24595085,0.5044255,-0.061584473,-0.19494629,-0.15466309,0.10650109,0.25842774,0.14845878,-0.12875366,-0.13482666000000001,-0.1446228,0.17618479,0.12243369999999999,0.08337158,-0.06970215,-0.10946655,-0.18524169999999998,0.11855481600000001,0.09460004400000001,0.12097615,0.042663574,-0.15264893000000002,-0.20629883000000002,0.0033890307,0.13705474,0.14206654,0.0920105,-0.16586304000000002,-0.19134521000000002,-0.057491183,0.15141562,0.13881469,0.09585571,-0.13525389999999998,-0.17163086,-0.07641853400000001,0.11912864000000001,0.13502681,0.09075928,-0.054504395000000004,-0.16329956,-0.09043398500000001,0.03178595,0.14639306,0.078308105,-0.040130615,-0.18817139,-0.099576965,0.0048517510000000005,0.1906302,0.07522583000000001,-0.016082764,-0.22058105,-0.11897157,-0.037800387000000005,0.24152333,0.017242432000000002,0.060424805000000005,-0.23147583,-0.08141646,-0.13823426,0.26887056,-0.0049133300000000005,0.068573,-0.26412964,-0.07786406600000001,-0.17401513,0.3131857,-0.06365967,0.10293579,-0.3475647,-0.033425525000000005,-0.23661625,0.40546024,-0.0932312,0.07437134000000001,-0.34674072,-0.01552327,-0.23266587,0.41021818,-0.18981934,0.13134766,-0.3248291,0.073930785,-0.30813205,0.39442495,检查1#变、2变、开闭所有进线、出线地刀在拉开位置。
0.08444214,0.0054016113,-0.38027954,0.18815206,0.35376632,0.4983667,0.08444214,0.0054016113,-0.38027954,0.18815206,0.35376632,0.4983667,-0.1428833,0.08166504000000001,-0.30010986,0.36052787000000003,0.23640629999999999,0.40757036,-0.24923706,0.15914917,-0.36679077,0.41997272,0.11221615,0.46067613,-0.1503601,-0.09616089,-0.46069336,0.22929542,0.24595085,0.5044255,-0.061584473,-0.19494629,-0.15466309,0.10650109,0.25842774,0.14845878,-0.12875366,-0.13482666000000001,-0.1446228,0.17618479,0.12243369999999999,0.08337158,-0.06970215,-0.10946655,-0.18524169999999998,0.11855481600000001,0.09460004400000001,0.12097615,0.042663574,-0.15264893000000002,-0.20629883000000002,0.0033890307,0.13705474,0.14206654,0.0920105,-0.16586304000000002,-0.19134521000000002,-0.057491183,0.15141562,0.13881469,0.09585571,-0.13525389999999998,-0.17163086,-0.07641853400000001,0.11912864000000001,0.13502681,0.09075928,-0.054504395000000004,-0.16329956,-0.09043398500000001,0.03178595,0.14639306,0.078308105,-0.040130615,-0.18817139,-0.099576965,0.0048517510000000005,0.1906302,0.07522583000000001,-0.016082764,-0.22058105,-0.11897157,-0.037800387000000005,0.24152333,0.017242432000000002,0.060424805000000005,-0.23147583,-0.08141646,-0.13823426,0.26887056,-0.0049133300000000005,0.068573,-0.26412964,-0.07786406600000001,-0.17401513,0.3131857,-0.06365967,0.10293579,-0.3475647,-0.033425525000000005,-0.23661625,0.40546024,-0.0932312,0.07437134000000001,-0.34674072,-0.01552327,-0.23266587,0.41021818,-0.18981934,0.13134766,-0.3248291,0.073930785,-0.30813205,0.39442495,-0.20462036,0.14346313,-0.30685425,0.081010625,-0.33737263,0.3819567,检查1#变、2变、开闭所有进线、出线地刀在拉开位置。
0.08444214,0.0054016113,-0.38027954,0.18815206,0.35376632,0.4983667,-0.1428833,0.08166504000000001,-0.30010986,0.36052787000000003,0.23640629999999999,0.40757036,-0.24923706,0.15914917,-0.36679077,0.41997272,0.11221615,0.46067613,-0.1503601,-0.09616089,-0.46069336,0.22929542,0.24595085,0.5044255,-0.061584473,-0.19494629,-0.15466309,0.10650109,0.25842774,0.14845878,-0.12875366,-0.13482666000000001,-0.1446228,0.17618479,0.12243369999999999,0.08337158,-0.06970215,-0.10946655,-0.18524169999999998,0.11855481600000001,0.09460004400000001,0.12097615,0.042663574,-0.15264893000000002,-0.20629883000000002,0.0033890307,0.13705474,0.14206654,0.0920105,-0.16586304000000002,-0.19134521000000002,-0.057491183,0.15141562,0.13881469,0.09585571,-0.13525389999999998,-0.17163086,-0.07641853400000001,0.11912864000000001,0.13502681,0.09075928,-0.054504395000000004,-0.16329956,-0.09043398500000001,0.03178595,0.14639306,0.078308105,-0.040130615,-0.18817139,-0.099576965,0.0048517510000000005,0.1906302,0.07522583000000001,-0.016082764,-0.22058105,-0.11897157,-0.037800387000000005,0.24152333,0.017242432000000002,0.060424805000000005,-0.23147583,-0.08141646,-0.13823426,0.26887056,-0.0049133300000000005,0.068573,-0.26412964,-0.07786406600000001,-0.17401513,0.3131857,-0.06365967,0.10293579,-0.3475647,-0.033425525000000005,-0.23661625,0.40546024,-0.0932312,0.07437134000000001,-0.34674072,-0.01552327,-0.23266587,0.41021818,-0.18981934,0.13134766,-0.3248291,0.073930785,-0.30813205,0.39442495,-0.20462036,0.14346313,-0.30685425,0.081010625,-0.33737263,0.3819567,-0.052734375,0.06768799,-0.29470825,-0.076638624,-0.26667947000000003,0.37147173,检查1#变、2变、开闭所有进线、出线地刀在拉开位置。
-0.1428833,0.08166504000000001,-0.30010986,0.36052787000000003,0.23640629999999999,0.40757036,-0.24923706,0.15914917,-0.36679077,0.41997272,0.11221615,0.46067613,-0.1503601,-0.09616089,-0.46069336,0.22929542,0.24595085,0.5044255,-0.061584473,-0.19494629,-0.15466309,0.10650109,0.25842774,0.14845878,-0.12875366,-0.13482666000000001,-0.1446228,0.17618479,0.12243369999999999,0.08337158,-0.06970215,-0.10946655,-0.18524169999999998,0.11855481600000001,0.09460004400000001,0.12097615,0.042663574,-0.15264893000000002,-0.20629883000000002,0.0033890307,0.13705474,0.14206654,0.0920105,-0.16586304000000002,-0.19134521000000002,-0.057491183,0.15141562,0.13881469,0.09585571,-0.13525389999999998,-0.17163086,-0.07641853400000001,0.11912864000000001,0.13502681,0.09075928,-0.054504395000000004,-0.16329956,-0.09043398500000001,0.03178595,0.14639306,0.078308105,-0.040130615,-0.18817139,-0.099576965,0.0048517510000000005,0.1906302,0.07522583000000001,-0.016082764,-0.22058105,-0.11897157,-0.037800387000000005,0.24152333,0.017242432000000002,0.060424805000000005,-0.23147583,-0.08141646,-0.13823426,0.26887056,-0.0049133300000000005,0.068573,-0.26412964,-0.07786406600000001,-0.17401513,0.3131857,-0.06365967,0.10293579,-0.3475647,-0.033425525000000005,-0.23661625,0.40546024,-0.0932312,0.07437134000000001,-0.34674072,-0.01552327,-0.23266587,0.41021818,-0.18981934,0.13134766,-0.3248291,0.073930785,-0.30813205,0.39442495,-0.20462036,0.14346313,-0.30685425,0.081010625,-0.33737263,0.3819567,-0.052734375,0.06768799,-0.29470825,-0.076638624,-0.26667947000000003,0.37147173,0.13113403,0.008911133,-0.3230896,-0.26311928,-0.20051634000000002,0.40155549999999995,检查1#变、2变、开闭所有进线、出线地刀在拉开位置。
-0.24923706,0.15914917,-0.36679077,0.41997272,0.11221615,0.46067613,-0.1503601,-0.09616089,-0.46069336,0.22929542,0.24595085,0.5044255,-0.061584473,-0.19494629,-0.15466309,0.10650109,0.25842774,0.14845878,-0.12875366,-0.13482666000000001,-0.1446228,0.17618479,0.12243369999999999,0.08337158,-0.06970215,-0.10946655,-0.18524169999999998,0.11855481600000001,0.09460004400000001,0.12097615,0.042663574,-0.15264893000000002,-0.20629883000000002,0.0033890307,0.13705474,0.14206654,0.0920105,-0.16586304000000002,-0.19134521000000002,-0.057491183,0.15141562,0.13881469,0.09585571,-0.13525389999999998,-0.17163086,-0.07641853400000001,0.11912864000000001,0.13502681,0.09075928,-0.054504395000000004,-0.16329956,-0.09043398500000001,0.03178595,0.14639306,0.078308105,-0.040130615,-0.18817139,-0.099576965,0.0048517510000000005,0.1906302,0.07522583000000001,-0.016082764,-0.22058105,-0.11897157,-0.037800387000000005,0.24152333,0.017242432000000002,0.060424805000000005,-0.23147583,-0.08141646,-0.13823426,0.26887056,-0.0049133300000000005,0.068573,-0.26412964,-0.07786406600000001,-0.17401513,0.3131857,-0.06365967,0.10293579,-0.3475647,-0.033425525000000005,-0.23661625,0.40546024,-0.0932312,0.07437134000000001,-0.34674072,-0.01552327,-0.23266587,0.41021818,-0.18981934,0.13134766,-0.3248291,0.073930785,-0.30813205,0.39442495,-0.20462036,0.14346313,-0.30685425,0.081010625,-0.33737263,0.3819567,-0.052734375,0.06768799,-0.29470825,-0.076638624,-0.26667947000000003,0.37147173,0.13113403,0.008911133,-0.3230896,-0.26311928,-0.20051634000000002,0.40155549999999995,-0.052947998,0.023071289000000002,-0.20672607,-0.071387514,-0.16166216,0.3036725,检查1#变、2变、开闭所有进线、出线地刀在拉开位置。
-0.1503601,-0.09616089,-0.46069336,0.22929542,0.24595085,0.5044255,-0.061584473,-0.19494629,-0.15466309,0.10650109,0.25842774,0.14845878,-0.12875366,-0.13482666000000001,-0.1446228,0.17618479,0.12243369999999999,0.08337158,-0.06970215,-0.10946655,-0.18524169999999998,0.11855481600000001,0.09460004400000001,0.12097615,0.042663574,-0.15264893000000002,-0.20629883000000002,0.0033890307,0.13705474,0.14206654,0.0920105,-0.16586304000000002,-0.19134521000000002,-0.057491183,0.15141562,0.13881469,0.09585571,-0.13525389999999998,-0.17163086,-0.07641853400000001,0.11912864000000001,0.13502681,0.09075928,-0.054504395000000004,-0.16329956,-0.09043398500000001,0.03178595,0.14639306,0.078308105,-0.040130615,-0.18817139,-0.099576965,0.0048517510000000005,0.1906302,0.07522583000000001,-0.016082764,-0.22058105,-0.11897157,-0.037800387000000005,0.24152333,0.017242432000000002,0.060424805000000005,-0.23147583,-0.08141646,-0.13823426,0.26887056,-0.0049133300000000005,0.068573,-0.26412964,-0.07786406600000001,-0.17401513,0.3131857,-0.06365967,0.10293579,-0.3475647,-0.033425525000000005,-0.23661625,0.40546024,-0.0932312,0.07437134000000001,-0.34674072,-0.01552327,-0.23266587,0.41021818,-0.18981934,0.13134766,-0.3248291,0.073930785,-0.30813205,0.39442495,-0.20462036,0.14346313,-0.30685425,0.081010625,-0.33737263,0.3819567,-0.052734375,0.06768799,-0.29470825,-0.076638624,-0.26667947000000003,0.37147173,0.13113403,0.008911133,-0.3230896,-0.26311928,-0.20051634000000002,0.40155549999999995,-0.052947998,0.023071289000000002,-0.20672607,-0.071387514,-0.16166216,0.3036725,-0.12661743,0.059143066,-0.17810059,0.010011286000000001,-0.16119322,0.28669089999999997,检查1#变、2变、开闭所有进线、出线地刀在拉开位置。
-0.061584473,-0.19494629,-0.15466309,0.10650109,0.25842774,0.14845878,-0.12875366,-0.13482666000000001,-0.1446228,0.17618479,0.12243369999999999,0.08337158,-0.06970215,-0.10946655,-0.18524169999999998,0.11855481600000001,0.09460004400000001,0.12097615,0.042663574,-0.15264893000000002,-0.20629883000000002,0.0033890307,0.13705474,0.14206654,0.0920105,-0.16586304000000002,-0.19134521000000002,-0.057491183,0.15141562,0.13881469,0.09585571,-0.13525389999999998,-0.17163086,-0.07641853400000001,0.11912864000000001,0.13502681,0.09075928,-0.054504395000000004,-0.16329956,-0.09043398500000001,0.03178595,0.14639306,0.078308105,-0.040130615,-0.18817139,-0.099576965,0.0048517510000000005,0.1906302,0.07522583000000001,-0.016082764,-0.22058105,-0.11897157,-0.037800387000000005,0.24152333,0.017242432000000002,0.060424805000000005,-0.23147583,-0.08141646,-0.13823426,0.26887056,-0.0049133300000000005,0.068573,-0.26412964,-0.07786406600000001,-0.17401513,0.3131857,-0.06365967,0.10293579,-0.3475647,-0.033425525000000005,-0.23661625,0.40546024,-0.0932312,0.07437134000000001,-0.34674072,-0.01552327,-0.23266587,0.41021818,-0.18981934,0.13134766,-0.3248291,0.073930785,-0.30813205,0.39442495,-0.20462036,0.14346313,-0.30685425,0.081010625,-0.33737263,0.3819567,-0.052734375,0.06768799,-0.29470825,-0.076638624,-0.26667947000000003,0.37147173,0.13113403,0.008911133,-0.3230896,-0.26311928,-0.20051634000000002,0.40155549999999995,-0.052947998,0.023071289000000002,-0.20672607,-0.071387514,-0.16166216,0.3036725,-0.12661743,0.059143066,-0.17810059,0.010011286000000001,-0.16119322,0.28669089999999997,-0.12661743,0.059143066,-0.17810059,0.010011286000000001,-0.16119322,0.28669089999999997,检查1#变、2变、开闭所有进线、出线地刀在拉开位置。
-0.12875366,-0.13482666000000001,-0.1446228,0.17618479,0.12243369999999999,0.08337158,-0.06970215,-0.10946655,-0.18524169999999998,0.11855481600000001,0.09460004400000001,0.12097615,0.042663574,-0.15264893000000002,-0.20629883000000002,0.0033890307,0.13705474,0.14206654,0.0920105,-0.16586304000000002,-0.19134521000000002,-0.057491183,0.15141562,0.13881469,0.09585571,-0.13525389999999998,-0.17163086,-0.07641853400000001,0.11912864000000001,0.13502681,0.09075928,-0.054504395000000004,-0.16329956,-0.09043398500000001,0.03178595,0.14639306,0.078308105,-0.040130615,-0.18817139,-0.099576965,0.0048517510000000005,0.1906302,0.07522583000000001,-0.016082764,-0.22058105,-0.11897157,-0.037800387000000005,0.24152333,0.017242432000000002,0.060424805000000005,-0.23147583,-0.08141646,-0.13823426,0.26887056,-0.0049133300000000005,0.068573,-0.26412964,-0.07786406600000001,-0.17401513,0.3131857,-0.06365967,0.10293579,-0.3475647,-0.033425525000000005,-0.23661625,0.40546024,-0.0932312,0.07437134000000001,-0.34674072,-0.01552327,-0.23266587,0.41021818,-0.18981934,0.13134766,-0.3248291,0.073930785,-0.30813205,0.39442495,-0.20462036,0.14346313,-0.30685425,0.081010625,-0.33737263,0.3819567,-0.052734375,0.06768799,-0.29470825,-0.076638624,-0.26667947000000003,0.37147173,0.13113403,0.008911133,-0.3230896,-0.26311928,-0.20051634000000002,0.40155549999999995,-0.052947998,0.023071289000000002,-0.20672607,-0.071387514,-0.16166216,0.3036725,-0.12661743,0.059143066,-0.17810059,0.010011286000000001,-0.16119322,0.28669089999999997,-0.12661743,0.059143066,-0.17810059,0.010011286000000001,-0.16119322,0.28669089999999997,-0.13006592,0.025848389000000003,-0.23779297,0.030618384000000002,-0.05466646,0.371341,检查1#变、2变、开闭所有进线、出线地刀在拉开位置。
-0.06970215,-0.10946655,-0.18524169999999998,0.11855481600000001,0.09460004400000001,0.12097615,0.042663574,-0.15264893000000002,-0.20629883000000002,0.0033890307,0.13705474,0.14206654,0.0920105,-0.16586304000000002,-0.19134521000000002,-0.057491183,0.15141562,0.13881469,0.09585571,-0.13525389999999998,-0.17163086,-0.07641853400000001,0.11912864000000001,0.13502681,0.09075928,-0.054504395000000004,-0.16329956,-0.09043398500000001,0.03178595,0.14639306,0.078308105,-0.040130615,-0.18817139,-0.099576965,0.0048517510000000005,0.1906302,0.07522583000000001,-0.016082764,-0.22058105,-0.11897157,-0.037800387000000005,0.24152333,0.017242432000000002,0.060424805000000005,-0.23147583,-0.08141646,-0.13823426,0.26887056,-0.0049133300000000005,0.068573,-0.26412964,-0.07786406600000001,-0.17401513,0.3131857,-0.06365967,0.10293579,-0.3475647,-0.033425525000000005,-0.23661625,0.40546024,-0.0932312,0.07437134000000001,-0.34674072,-0.01552327,-0.23266587,0.41021818,-0.18981934,0.13134766,-0.3248291,0.073930785,-0.30813205,0.39442495,-0.20462036,0.14346313,-0.30685425,0.081010625,-0.33737263,0.3819567,-0.052734375,0.06768799,-0.29470825,-0.076638624,-0.26667947000000003,0.37147173,0.13113403,0.008911133,-0.3230896,-0.26311928,-0.20051634000000002,0.40155549999999995,-0.052947998,0.023071289000000002,-0.20672607,-0.071387514,-0.16166216,0.3036725,-0.12661743,0.059143066,-0.17810059,0.010011286000000001,-0.16119322,0.28669089999999997,-0.12661743,0.059143066,-0.17810059,0.010011286000000001,-0.16119322,0.28669089999999997,-0.13006592,0.025848389000000003,-0.23779297,0.030618384000000002,-0.05466646,0.371341,-0.07949829,0.005157470700000001,-0.20382689999999998,0.00884366,0.05411133,0.37003738,检查1#变、2变、开闭所有进线、出线地刀在拉开位置。
0.042663574,-0.15264893000000002,-0.20629883000000002,0.0033890307,0.13705474,0.14206654,0.0920105,-0.16586304000000002,-0.19134521000000002,-0.057491183,0.15141562,0.13881469,0.09585571,-0.13525389999999998,-0.17163086,-0.07641853400000001,0.11912864000000001,0.13502681,0.09075928,-0.054504395000000004,-0.16329956,-0.09043398500000001,0.03178595,0.14639306,0.078308105,-0.040130615,-0.18817139,-0.099576965,0.0048517510000000005,0.1906302,0.07522583000000001,-0.016082764,-0.22058105,-0.11897157,-0.037800387000000005,0.24152333,0.017242432000000002,0.060424805000000005,-0.23147583,-0.08141646,-0.13823426,0.26887056,-0.0049133300000000005,0.068573,-0.26412964,-0.07786406600000001,-0.17401513,0.3131857,-0.06365967,0.10293579,-0.3475647,-0.033425525000000005,-0.23661625,0.40546024,-0.0932312,0.07437134000000001,-0.34674072,-0.01552327,-0.23266587,0.41021818,-0.18981934,0.13134766,-0.3248291,0.073930785,-0.30813205,0.39442495,-0.20462036,0.14346313,-0.30685425,0.081010625,-0.33737263,0.3819567,-0.052734375,0.06768799,-0.29470825,-0.076638624,-0.26667947000000003,0.37147173,0.13113403,0.008911133,-0.3230896,-0.26311928,-0.20051634000000002,0.40155549999999995,-0.052947998,0.023071289000000002,-0.20672607,-0.071387514,-0.16166216,0.3036725,-0.12661743,0.059143066,-0.17810059,0.010011286000000001,-0.16119322,0.28669089999999997,-0.12661743,0.059143066,-0.17810059,0.010011286000000001,-0.16119322,0.28669089999999997,-0.13006592,0.025848389000000003,-0.23779297,0.030618384000000002,-0.05466646,0.371341,-0.07949829,0.005157470700000001,-0.20382689999999998,0.00884366,0.05411133,0.37003738,-0.08731079,0.045928955,-0.13186646,0.051972330000000004,0.09012342,0.32951933,检查1#变、2变、开闭所有进线、出线地刀在拉开位置。
0.0920105,-0.16586304000000002,-0.19134521000000002,-0.057491183,0.15141562,0.13881469,0.09585571,-0.13525389999999998,-0.17163086,-0.07641853400000001,0.11912864000000001,0.13502681,0.09075928,-0.054504395000000004,-0.16329956,-0.09043398500000001,0.03178595,0.14639306,0.078308105,-0.040130615,-0.18817139,-0.099576965,0.0048517510000000005,0.1906302,0.07522583000000001,-0.016082764,-0.22058105,-0.11897157,-0.037800387000000005,0.24152333,0.017242432000000002,0.060424805000000005,-0.23147583,-0.08141646,-0.13823426,0.26887056,-0.0049133300000000005,0.068573,-0.26412964,-0.07786406600000001,-0.17401513,0.3131857,-0.06365967,0.10293579,-0.3475647,-0.033425525000000005,-0.23661625,0.40546024,-0.0932312,0.07437134000000001,-0.34674072,-0.01552327,-0.23266587,0.41021818,-0.18981934,0.13134766,-0.3248291,0.073930785,-0.30813205,0.39442495,-0.20462036,0.14346313,-0.30685425,0.081010625,-0.33737263,0.3819567,-0.052734375,0.06768799,-0.29470825,-0.076638624,-0.26667947000000003,0.37147173,0.13113403,0.008911133,-0.3230896,-0.26311928,-0.20051634000000002,0.40155549999999995,-0.052947998,0.023071289000000002,-0.20672607,-0.071387514,-0.16166216,0.3036725,-0.12661743,0.059143066,-0.17810059,0.010011286000000001,-0.16119322,0.28669089999999997,-0.12661743,0.059143066,-0.17810059,0.010011286000000001,-0.16119322,0.28669089999999997,-0.13006592,0.025848389000000003,-0.23779297,0.030618384000000002,-0.05466646,0.371341,-0.07949829,0.005157470700000001,-0.20382689999999998,0.00884366,0.05411133,0.37003738,-0.08731079,0.045928955,-0.13186646,0.051972330000000004,0.09012342,0.32951933,-0.0914917,0.060424805000000005,-0.12805176000000001,0.066499665,0.0943596,0.33373886,检查1#变、2变、开闭所有进线、出线地刀在拉开位置。
0.09585571,-0.13525389999999998,-0.17163086,-0.07641853400000001,0.11912864000000001,0.13502681,0.09075928,-0.054504395000000004,-0.16329956,-0.09043398500000001,0.03178595,0.14639306,0.078308105,-0.040130615,-0.18817139,-0.099576965,0.0048517510000000005,0.1906302,0.07522583000000001,-0.016082764,-0.22058105,-0.11897157,-0.037800387000000005,0.24152333,0.017242432000000002,0.060424805000000005,-0.23147583,-0.08141646,-0.13823426,0.26887056,-0.0049133300000000005,0.068573,-0.26412964,-0.07786406600000001,-0.17401513,0.3131857,-0.06365967,0.10293579,-0.3475647,-0.033425525000000005,-0.23661625,0.40546024,-0.0932312,0.07437134000000001,-0.34674072,-0.01552327,-0.23266587,0.41021818,-0.18981934,0.13134766,-0.3248291,0.073930785,-0.30813205,0.39442495,-0.20462036,0.14346313,-0.30685425,0.081010625,-0.33737263,0.3819567,-0.052734375,0.06768799,-0.29470825,-0.076638624,-0.26667947000000003,0.37147173,0.13113403,0.008911133,-0.3230896,-0.26311928,-0.20051634000000002,0.40155549999999995,-0.052947998,0.023071289000000002,-0.20672607,-0.071387514,-0.16166216,0.3036725,-0.12661743,0.059143066,-0.17810059,0.010011286000000001,-0.16119322,0.28669089999999997,-0.12661743,0.059143066,-0.17810059,0.010011286000000001,-0.16119322,0.28669089999999997,-0.13006592,0.025848389000000003,-0.23779297,0.030618384000000002,-0.05466646,0.371341,-0.07949829,0.005157470700000001,-0.20382689999999998,0.00884366,0.05411133,0.37003738,-0.08731079,0.045928955,-0.13186646,0.051972330000000004,0.09012342,0.32951933,-0.0914917,0.060424805000000005,-0.12805176000000001,0.066499665,0.0943596,0.33373886,-0.09725952,0.07223511,-0.041992188,0.13254194,0.17458364,0.2854575,检查1#变、2变、开闭所有进线、出线地刀在拉开位置。
0.09075928,-0.054504395000000004,-0.16329956,-0.09043398500000001,0.03178595,0.14639306,0.078308105,-0.040130615,-0.18817139,-0.099576965,0.0048517510000000005,0.1906302,0.07522583000000001,-0.016082764,-0.22058105,-0.11897157,-0.037800387000000005,0.24152333,0.017242432000000002,0.060424805000000005,-0.23147583,-0.08141646,-0.13823426,0.26887056,-0.0049133300000000005,0.068573,-0.26412964,-0.07786406600000001,-0.17401513,0.3131857,-0.06365967,0.10293579,-0.3475647,-0.033425525000000005,-0.23661625,0.40546024,-0.0932312,0.07437134000000001,-0.34674072,-0.01552327,-0.23266587,0.41021818,-0.18981934,0.13134766,-0.3248291,0.073930785,-0.30813205,0.39442495,-0.20462036,0.14346313,-0.30685425,0.081010625,-0.33737263,0.3819567,-0.052734375,0.06768799,-0.29470825,-0.076638624,-0.26667947000000003,0.37147173,0.13113403,0.008911133,-0.3230896,-0.26311928,-0.20051634000000002,0.40155549999999995,-0.052947998,0.023071289000000002,-0.20672607,-0.071387514,-0.16166216,0.3036725,-0.12661743,0.059143066,-0.17810059,0.010011286000000001,-0.16119322,0.28669089999999997,-0.12661743,0.059143066,-0.17810059,0.010011286000000001,-0.16119322,0.28669089999999997,-0.13006592,0.025848389000000003,-0.23779297,0.030618384000000002,-0.05466646,0.371341,-0.07949829,0.005157470700000001,-0.20382689999999998,0.00884366,0.05411133,0.37003738,-0.08731079,0.045928955,-0.13186646,0.051972330000000004,0.09012342,0.32951933,-0.0914917,0.060424805000000005,-0.12805176000000001,0.066499665,0.0943596,0.33373886,-0.09725952,0.07223511,-0.041992188,0.13254194,0.17458364,0.2854575,-0.06994629000000001,0.10824585,-0.007537842,0.14557235,0.1875782,0.27309865,检查1#变、2变、开闭所有进线、出线地刀在拉开位置。
0.078308105,-0.040130615,-0.18817139,-0.099576965,0.0048517510000000005,0.1906302,0.07522583000000001,-0.016082764,-0.22058105,-0.11897157,-0.037800387000000005,0.24152333,0.017242432000000002,0.060424805000000005,-0.23147583,-0.08141646,-0.13823426,0.26887056,-0.0049133300000000005,0.068573,-0.26412964,-0.07786406600000001,-0.17401513,0.3131857,-0.06365967,0.10293579,-0.3475647,-0.033425525000000005,-0.23661625,0.40546024,-0.0932312,0.07437134000000001,-0.34674072,-0.01552327,-0.23266587,0.41021818,-0.18981934,0.13134766,-0.3248291,0.073930785,-0.30813205,0.39442495,-0.20462036,0.14346313,-0.30685425,0.081010625,-0.33737263,0.3819567,-0.052734375,0.06768799,-0.29470825,-0.076638624,-0.26667947000000003,0.37147173,0.13113403,0.008911133,-0.3230896,-0.26311928,-0.20051634000000002,0.40155549999999995,-0.052947998,0.023071289000000002,-0.20672607,-0.071387514,-0.16166216,0.3036725,-0.12661743,0.059143066,-0.17810059,0.010011286000000001,-0.16119322,0.28669089999999997,-0.12661743,0.059143066,-0.17810059,0.010011286000000001,-0.16119322,0.28669089999999997,-0.13006592,0.025848389000000003,-0.23779297,0.030618384000000002,-0.05466646,0.371341,-0.07949829,0.005157470700000001,-0.20382689999999998,0.00884366,0.05411133,0.37003738,-0.08731079,0.045928955,-0.13186646,0.051972330000000004,0.09012342,0.32951933,-0.0914917,0.060424805000000005,-0.12805176000000001,0.066499665,0.0943596,0.33373886,-0.09725952,0.07223511,-0.041992188,0.13254194,0.17458364,0.2854575,-0.06994629000000001,0.10824585,-0.007537842,0.14557235,0.1875782,0.27309865,0.016540527,0.17782593,-0.14672852,0.10815889999999999,0.16821796,0.44436812000000003,检查1#变、2变、开闭所有进线、出线地刀在拉开位置。
0.07522583000000001,-0.016082764,-0.22058105,-0.11897157,-0.037800387000000005,0.24152333,0.017242432000000002,0.060424805000000005,-0.23147583,-0.08141646,-0.13823426,0.26887056,-0.0049133300000000005,0.068573,-0.26412964,-0.07786406600000001,-0.17401513,0.3131857,-0.06365967,0.10293579,-0.3475647,-0.033425525000000005,-0.23661625,0.40546024,-0.0932312,0.07437134000000001,-0.34674072,-0.01552327,-0.23266587,0.41021818,-0.18981934,0.13134766,-0.3248291,0.073930785,-0.30813205,0.39442495,-0.20462036,0.14346313,-0.30685425,0.081010625,-0.33737263,0.3819567,-0.052734375,0.06768799,-0.29470825,-0.076638624,-0.26667947000000003,0.37147173,0.13113403,0.008911133,-0.3230896,-0.26311928,-0.20051634000000002,0.40155549999999995,-0.052947998,0.023071289000000002,-0.20672607,-0.071387514,-0.16166216,0.3036725,-0.12661743,0.059143066,-0.17810059,0.010011286000000001,-0.16119322,0.28669089999999997,-0.12661743,0.059143066,-0.17810059,0.010011286000000001,-0.16119322,0.28669089999999997,-0.13006592,0.025848389000000003,-0.23779297,0.030618384000000002,-0.05466646,0.371341,-0.07949829,0.005157470700000001,-0.20382689999999998,0.00884366,0.05411133,0.37003738,-0.08731079,0.045928955,-0.13186646,0.051972330000000004,0.09012342,0.32951933,-0.0914917,0.060424805000000005,-0.12805176000000001,0.066499665,0.0943596,0.33373886,-0.09725952,0.07223511,-0.041992188,0.13254194,0.17458364,0.2854575,-0.06994629000000001,0.10824585,-0.007537842,0.14557235,0.1875782,0.27309865,0.016540527,0.17782593,-0.14672852,0.10815889999999999,0.16821796,0.44436812000000003,0.07601929,0.1592102,-0.1545105,0.07178049,0.20910475,0.46579343,检查1#变、2变、开闭所有进线、出线地刀在拉开位置。
0.017242432000000002,0.060424805000000005,-0.23147583,-0.08141646,-0.13823426,0.26887056,-0.0049133300000000005,0.068573,-0.26412964,-0.07786406600000001,-0.17401513,0.3131857,-0.06365967,0.10293579,-0.3475647,-0.033425525000000005,-0.23661625,0.40546024,-0.0932312,0.07437134000000001,-0.34674072,-0.01552327,-0.23266587,0.41021818,-0.18981934,0.13134766,-0.3248291,0.073930785,-0.30813205,0.39442495,-0.20462036,0.14346313,-0.30685425,0.081010625,-0.33737263,0.3819567,-0.052734375,0.06768799,-0.29470825,-0.076638624,-0.26667947000000003,0.37147173,0.13113403,0.008911133,-0.3230896,-0.26311928,-0.20051634000000002,0.40155549999999995,-0.052947998,0.023071289000000002,-0.20672607,-0.071387514,-0.16166216,0.3036725,-0.12661743,0.059143066,-0.17810059,0.010011286000000001,-0.16119322,0.28669089999999997,-0.12661743,0.059143066,-0.17810059,0.010011286000000001,-0.16119322,0.28669089999999997,-0.13006592,0.025848389000000003,-0.23779297,0.030618384000000002,-0.05466646,0.371341,-0.07949829,0.005157470700000001,-0.20382689999999998,0.00884366,0.05411133,0.37003738,-0.08731079,0.045928955,-0.13186646,0.051972330000000004,0.09012342,0.32951933,-0.0914917,0.060424805000000005,-0.12805176000000001,0.066499665,0.0943596,0.33373886,-0.09725952,0.07223511,-0.041992188,0.13254194,0.17458364,0.2854575,-0.06994629000000001,0.10824585,-0.007537842,0.14557235,0.1875782,0.27309865,0.016540527,0.17782593,-0.14672852,0.10815889999999999,0.16821796,0.44436812000000003,0.07601929,0.1592102,-0.1545105,0.07178049,0.20910475,0.46579343,0.15582275,0.1980896,-0.14285278,0.023842216000000003,0.19792244,0.47476485,检查1#变、2变、开闭所有进线、出线地刀在拉开位置。
-0.0049133300000000005,0.068573,-0.26412964,-0.07786406600000001,-0.17401513,0.3131857,-0.06365967,0.10293579,-0.3475647,-0.033425525000000005,-0.23661625,0.40546024,-0.0932312,0.07437134000000001,-0.34674072,-0.01552327,-0.23266587,0.41021818,-0.18981934,0.13134766,-0.3248291,0.073930785,-0.30813205,0.39442495,-0.20462036,0.14346313,-0.30685425,0.081010625,-0.33737263,0.3819567,-0.052734375,0.06768799,-0.29470825,-0.076638624,-0.26667947000000003,0.37147173,0.13113403,0.008911133,-0.3230896,-0.26311928,-0.20051634000000002,0.40155549999999995,-0.052947998,0.023071289000000002,-0.20672607,-0.071387514,-0.16166216,0.3036725,-0.12661743,0.059143066,-0.17810059,0.010011286000000001,-0.16119322,0.28669089999999997,-0.12661743,0.059143066,-0.17810059,0.010011286000000001,-0.16119322,0.28669089999999997,-0.13006592,0.025848389000000003,-0.23779297,0.030618384000000002,-0.05466646,0.371341,-0.07949829,0.005157470700000001,-0.20382689999999998,0.00884366,0.05411133,0.37003738,-0.08731079,0.045928955,-0.13186646,0.051972330000000004,0.09012342,0.32951933,-0.0914917,0.060424805000000005,-0.12805176000000001,0.066499665,0.0943596,0.33373886,-0.09725952,0.07223511,-0.041992188,0.13254194,0.17458364,0.2854575,-0.06994629000000001,0.10824585,-0.007537842,0.14557235,0.1875782,0.27309865,0.016540527,0.17782593,-0.14672852,0.10815889999999999,0.16821796,0.44436812000000003,0.07601929,0.1592102,-0.1545105,0.07178049,0.20910475,0.46579343,0.15582275,0.1980896,-0.14285278,0.023842216000000003,0.19792244,0.47476485,0.23046875,0.30673218,-0.20864868,-0.015903533,0.11552951500000001,0.5694779999999999,检查1#变、2变、开闭所有进线、出线地刀在拉开位置。
-0.06365967,0.10293579,-0.3475647,-0.033425525000000005,-0.23661625,0.40546024,-0.0932312,0.07437134000000001,-0.34674072,-0.01552327,-0.23266587,0.41021818,-0.18981934,0.13134766,-0.3248291,0.073930785,-0.30813205,0.39442495,-0.20462036,0.14346313,-0.30685425,0.081010625,-0.33737263,0.3819567,-0.052734375,0.06768799,-0.29470825,-0.076638624,-0.26667947000000003,0.37147173,0.13113403,0.008911133,-0.3230896,-0.26311928,-0.20051634000000002,0.40155549999999995,-0.052947998,0.023071289000000002,-0.20672607,-0.071387514,-0.16166216,0.3036725,-0.12661743,0.059143066,-0.17810059,0.010011286000000001,-0.16119322,0.28669089999999997,-0.12661743,0.059143066,-0.17810059,0.010011286000000001,-0.16119322,0.28669089999999997,-0.13006592,0.025848389000000003,-0.23779297,0.030618384000000002,-0.05466646,0.371341,-0.07949829,0.005157470700000001,-0.20382689999999998,0.00884366,0.05411133,0.37003738,-0.08731079,0.045928955,-0.13186646,0.051972330000000004,0.09012342,0.32951933,-0.0914917,0.060424805000000005,-0.12805176000000001,0.066499665,0.0943596,0.33373886,-0.09725952,0.07223511,-0.041992188,0.13254194,0.17458364,0.2854575,-0.06994629000000001,0.10824585,-0.007537842,0.14557235,0.1875782,0.27309865,0.016540527,0.17782593,-0.14672852,0.10815889999999999,0.16821796,0.44436812000000003,0.07601929,0.1592102,-0.1545105,0.07178049,0.20910475,0.46579343,0.15582275,0.1980896,-0.14285278,0.023842216000000003,0.19792244,0.47476485,0.23046875,0.30673218,-0.20864868,-0.015903533,0.11552951500000001,0.5694779999999999,0.26687622,0.34320068,-0.2260437,-0.038569644,0.08930168000000001,0.6009441,检查1#变、2变、开闭所有进线、出线地刀在拉开位置。
-0.0932312,0.07437134000000001,-0.34674072,-0.01552327,-0.23266587,0.41021818,-0.18981934,0.13134766,-0.3248291,0.073930785,-0.30813205,0.39442495,-0.20462036,0.14346313,-0.30685425,0.081010625,-0.33737263,0.3819567,-0.052734375,0.06768799,-0.29470825,-0.076638624,-0.26667947000000003,0.37147173,0.13113403,0.008911133,-0.3230896,-0.26311928,-0.20051634000000002,0.40155549999999995,-0.052947998,0.023071289000000002,-0.20672607,-0.071387514,-0.16166216,0.3036725,-0.12661743,0.059143066,-0.17810059,0.010011286000000001,-0.16119322,0.28669089999999997,-0.12661743,0.059143066,-0.17810059,0.010011286000000001,-0.16119322,0.28669089999999997,-0.13006592,0.025848389000000003,-0.23779297,0.030618384000000002,-0.05466646,0.371341,-0.07949829,0.005157470700000001,-0.20382689999999998,0.00884366,0.05411133,0.37003738,-0.08731079,0.045928955,-0.13186646,0.051972330000000004,0.09012342,0.32951933,-0.0914917,0.060424805000000005,-0.12805176000000001,0.066499665,0.0943596,0.33373886,-0.09725952,0.07223511,-0.041992188,0.13254194,0.17458364,0.2854575,-0.06994629000000001,0.10824585,-0.007537842,0.14557235,0.1875782,0.27309865,0.016540527,0.17782593,-0.14672852,0.10815889999999999,0.16821796,0.44436812000000003,0.07601929,0.1592102,-0.1545105,0.07178049,0.20910475,0.46579343,0.15582275,0.1980896,-0.14285278,0.023842216000000003,0.19792244,0.47476485,0.23046875,0.30673218,-0.20864868,-0.015903533,0.11552951500000001,0.5694779999999999,0.26687622,0.34320068,-0.2260437,-0.038569644,0.08930168000000001,0.6009441,0.3025818,0.3395996,-0.20178223,-0.06333798,0.10184000000000001,0.5880407999999999,检查1#变、2变、开闭所有进线、出线地刀在拉开位置。
-0.18981934,0.13134766,-0.3248291,0.073930785,-0.30813205,0.39442495,-0.20462036,0.14346313,-0.30685425,0.081010625,-0.33737263,0.3819567,-0.052734375,0.06768799,-0.29470825,-0.076638624,-0.26667947000000003,0.37147173,0.13113403,0.008911133,-0.3230896,-0.26311928,-0.20051634000000002,0.40155549999999995,-0.052947998,0.023071289000000002,-0.20672607,-0.071387514,-0.16166216,0.3036725,-0.12661743,0.059143066,-0.17810059,0.010011286000000001,-0.16119322,0.28669089999999997,-0.12661743,0.059143066,-0.17810059,0.010011286000000001,-0.16119322,0.28669089999999997,-0.13006592,0.025848389000000003,-0.23779297,0.030618384000000002,-0.05466646,0.371341,-0.07949829,0.005157470700000001,-0.20382689999999998,0.00884366,0.05411133,0.37003738,-0.08731079,0.045928955,-0.13186646,0.051972330000000004,0.09012342,0.32951933,-0.0914917,0.060424805000000005,-0.12805176000000001,0.066499665,0.0943596,0.33373886,-0.09725952,0.07223511,-0.041992188,0.13254194,0.17458364,0.2854575,-0.06994629000000001,0.10824585,-0.007537842,0.14557235,0.1875782,0.27309865,0.016540527,0.17782593,-0.14672852,0.10815889999999999,0.16821796,0.44436812000000003,0.07601929,0.1592102,-0.1545105,0.07178049,0.20910475,0.46579343,0.15582275,0.1980896,-0.14285278,0.023842216000000003,0.19792244,0.47476485,0.23046875,0.30673218,-0.20864868,-0.015903533,0.11552951500000001,0.5694779999999999,0.26687622,0.34320068,-0.2260437,-0.038569644,0.08930168000000001,0.6009441,0.3025818,0.3395996,-0.20178223,-0.06333798,0.10184000000000001,0.5880407999999999,0.32055664,0.34082029999999996,-0.2083435,-0.07656791,0.10434406,0.60098964,检查1#变、2变、开闭所有进线、出线地刀在拉开位置。
-0.20462036,0.14346313,-0.30685425,0.081010625,-0.33737263,0.3819567,-0.052734375,0.06768799,-0.29470825,-0.076638624,-0.26667947000000003,0.37147173,0.13113403,0.008911133,-0.3230896,-0.26311928,-0.20051634000000002,0.40155549999999995,-0.052947998,0.023071289000000002,-0.20672607,-0.071387514,-0.16166216,0.3036725,-0.12661743,0.059143066,-0.17810059,0.010011286000000001,-0.16119322,0.28669089999999997,-0.12661743,0.059143066,-0.17810059,0.010011286000000001,-0.16119322,0.28669089999999997,-0.13006592,0.025848389000000003,-0.23779297,0.030618384000000002,-0.05466646,0.371341,-0.07949829,0.005157470700000001,-0.20382689999999998,0.00884366,0.05411133,0.37003738,-0.08731079,0.045928955,-0.13186646,0.051972330000000004,0.09012342,0.32951933,-0.0914917,0.060424805000000005,-0.12805176000000001,0.066499665,0.0943596,0.33373886,-0.09725952,0.07223511,-0.041992188,0.13254194,0.17458364,0.2854575,-0.06994629000000001,0.10824585,-0.007537842,0.14557235,0.1875782,0.27309865,0.016540527,0.17782593,-0.14672852,0.10815889999999999,0.16821796,0.44436812000000003,0.07601929,0.1592102,-0.1545105,0.07178049,0.20910475,0.46579343,0.15582275,0.1980896,-0.14285278,0.023842216000000003,0.19792244,0.47476485,0.23046875,0.30673218,-0.20864868,-0.015903533,0.11552951500000001,0.5694779999999999,0.26687622,0.34320068,-0.2260437,-0.038569644,0.08930168000000001,0.6009441,0.3025818,0.3395996,-0.20178223,-0.06333798,0.10184000000000001,0.5880407999999999,0.32055664,0.34082029999999996,-0.2083435,-0.07656791,0.10434406,0.60098964,0.340271,0.3981018,-0.2546997,-0.08761039,0.05227772,0.659924,检查1#变、2变、开闭所有进线、出线地刀在拉开位置。
-0.052734375,0.06768799,-0.29470825,-0.076638624,-0.26667947000000003,0.37147173,0.13113403,0.008911133,-0.3230896,-0.26311928,-0.20051634000000002,0.40155549999999995,-0.052947998,0.023071289000000002,-0.20672607,-0.071387514,-0.16166216,0.3036725,-0.12661743,0.059143066,-0.17810059,0.010011286000000001,-0.16119322,0.28669089999999997,-0.12661743,0.059143066,-0.17810059,0.010011286000000001,-0.16119322,0.28669089999999997,-0.13006592,0.025848389000000003,-0.23779297,0.030618384000000002,-0.05466646,0.371341,-0.07949829,0.005157470700000001,-0.20382689999999998,0.00884366,0.05411133,0.37003738,-0.08731079,0.045928955,-0.13186646,0.051972330000000004,0.09012342,0.32951933,-0.0914917,0.060424805000000005,-0.12805176000000001,0.066499665,0.0943596,0.33373886,-0.09725952,0.07223511,-0.041992188,0.13254194,0.17458364,0.2854575,-0.06994629000000001,0.10824585,-0.007537842,0.14557235,0.1875782,0.27309865,0.016540527,0.17782593,-0.14672852,0.10815889999999999,0.16821796,0.44436812000000003,0.07601929,0.1592102,-0.1545105,0.07178049,0.20910475,0.46579343,0.15582275,0.1980896,-0.14285278,0.023842216000000003,0.19792244,0.47476485,0.23046875,0.30673218,-0.20864868,-0.015903533,0.11552951500000001,0.5694779999999999,0.26687622,0.34320068,-0.2260437,-0.038569644,0.08930168000000001,0.6009441,0.3025818,0.3395996,-0.20178223,-0.06333798,0.10184000000000001,0.5880407999999999,0.32055664,0.34082029999999996,-0.2083435,-0.07656791,0.10434406,0.60098964,0.340271,0.3981018,-0.2546997,-0.08761039,0.05227772,0.659924,0.37002563,0.38101196,-0.25698853,-0.10468245,0.07765607000000001,0.6710052,检查1#变、2变、开闭所有进线、出线地刀在拉开位置。
0.13113403,0.008911133,-0.3230896,-0.26311928,-0.20051634000000002,0.40155549999999995,-0.052947998,0.023071289000000002,-0.20672607,-0.071387514,-0.16166216,0.3036725,-0.12661743,0.059143066,-0.17810059,0.010011286000000001,-0.16119322,0.28669089999999997,-0.12661743,0.059143066,-0.17810059,0.010011286000000001,-0.16119322,0.28669089999999997,-0.13006592,0.025848389000000003,-0.23779297,0.030618384000000002,-0.05466646,0.371341,-0.07949829,0.005157470700000001,-0.20382689999999998,0.00884366,0.05411133,0.37003738,-0.08731079,0.045928955,-0.13186646,0.051972330000000004,0.09012342,0.32951933,-0.0914917,0.060424805000000005,-0.12805176000000001,0.066499665,0.0943596,0.33373886,-0.09725952,0.07223511,-0.041992188,0.13254194,0.17458364,0.2854575,-0.06994629000000001,0.10824585,-0.007537842,0.14557235,0.1875782,0.27309865,0.016540527,0.17782593,-0.14672852,0.10815889999999999,0.16821796,0.44436812000000003,0.07601929,0.1592102,-0.1545105,0.07178049,0.20910475,0.46579343,0.15582275,0.1980896,-0.14285278,0.023842216000000003,0.19792244,0.47476485,0.23046875,0.30673218,-0.20864868,-0.015903533,0.11552951500000001,0.5694779999999999,0.26687622,0.34320068,-0.2260437,-0.038569644,0.08930168000000001,0.6009441,0.3025818,0.3395996,-0.20178223,-0.06333798,0.10184000000000001,0.5880407999999999,0.32055664,0.34082029999999996,-0.2083435,-0.07656791,0.10434406,0.60098964,0.340271,0.3981018,-0.2546997,-0.08761039,0.05227772,0.659924,0.37002563,0.38101196,-0.25698853,-0.10468245,0.07765607000000001,0.6710052,0.39349365000000003,0.47161865000000003,-0.19540405,-0.11462693,-0.0049593076,0.6218735,检查1#变、2变、开闭所有进线、出线地刀在拉开位置。
-0.052947998,0.023071289000000002,-0.20672607,-0.071387514,-0.16166216,0.3036725,-0.12661743,0.059143066,-0.17810059,0.010011286000000001,-0.16119322,0.28669089999999997,-0.12661743,0.059143066,-0.17810059,0.010011286000000001,-0.16119322,0.28669089999999997,-0.13006592,0.025848389000000003,-0.23779297,0.030618384000000002,-0.05466646,0.371341,-0.07949829,0.005157470700000001,-0.20382689999999998,0.00884366,0.05411133,0.37003738,-0.08731079,0.045928955,-0.13186646,0.051972330000000004,0.09012342,0.32951933,-0.0914917,0.060424805000000005,-0.12805176000000001,0.066499665,0.0943596,0.33373886,-0.09725952,0.07223511,-0.041992188,0.13254194,0.17458364,0.2854575,-0.06994629000000001,0.10824585,-0.007537842,0.14557235,0.1875782,0.27309865,0.016540527,0.17782593,-0.14672852,0.10815889999999999,0.16821796,0.44436812000000003,0.07601929,0.1592102,-0.1545105,0.07178049,0.20910475,0.46579343,0.15582275,0.1980896,-0.14285278,0.023842216000000003,0.19792244,0.47476485,0.23046875,0.30673218,-0.20864868,-0.015903533,0.11552951500000001,0.5694779999999999,0.26687622,0.34320068,-0.2260437,-0.038569644,0.08930168000000001,0.6009441,0.3025818,0.3395996,-0.20178223,-0.06333798,0.10184000000000001,0.5880407999999999,0.32055664,0.34082029999999996,-0.2083435,-0.07656791,0.10434406,0.60098964,0.340271,0.3981018,-0.2546997,-0.08761039,0.05227772,0.659924,0.37002563,0.38101196,-0.25698853,-0.10468245,0.07765607000000001,0.6710052,0.39349365000000003,0.47161865000000003,-0.19540405,-0.11462693,-0.0049593076,0.6218735,0.31619263000000003,0.5341491700000001,-0.011505127,-0.0014165342,-0.04686538,0.45136046,检查1#变、2变、开闭所有进线、出线地刀在拉开位置。
-0.12661743,0.059143066,-0.17810059,0.010011286000000001,-0.16119322,0.28669089999999997,-0.12661743,0.059143066,-0.17810059,0.010011286000000001,-0.16119322,0.28669089999999997,-0.13006592,0.025848389000000003,-0.23779297,0.030618384000000002,-0.05466646,0.371341,-0.07949829,0.005157470700000001,-0.20382689999999998,0.00884366,0.05411133,0.37003738,-0.08731079,0.045928955,-0.13186646,0.051972330000000004,0.09012342,0.32951933,-0.0914917,0.060424805000000005,-0.12805176000000001,0.066499665,0.0943596,0.33373886,-0.09725952,0.07223511,-0.041992188,0.13254194,0.17458364,0.2854575,-0.06994629000000001,0.10824585,-0.007537842,0.14557235,0.1875782,0.27309865,0.016540527,0.17782593,-0.14672852,0.10815889999999999,0.16821796,0.44436812000000003,0.07601929,0.1592102,-0.1545105,0.07178049,0.20910475,0.46579343,0.15582275,0.1980896,-0.14285278,0.023842216000000003,0.19792244,0.47476485,0.23046875,0.30673218,-0.20864868,-0.015903533,0.11552951500000001,0.5694779999999999,0.26687622,0.34320068,-0.2260437,-0.038569644,0.08930168000000001,0.6009441,0.3025818,0.3395996,-0.20178223,-0.06333798,0.10184000000000001,0.5880407999999999,0.32055664,0.34082029999999996,-0.2083435,-0.07656791,0.10434406,0.60098964,0.340271,0.3981018,-0.2546997,-0.08761039,0.05227772,0.659924,0.37002563,0.38101196,-0.25698853,-0.10468245,0.07765607000000001,0.6710052,0.39349365000000003,0.47161865000000003,-0.19540405,-0.11462693,-0.0049593076,0.6218735,0.31619263000000003,0.5341491700000001,-0.011505127,-0.0014165342,-0.04686538,0.45136046,0.35656738,0.45861816,-0.1559143,-0.043124630000000004,0.028809212,0.60957456,检查1#变、2变、开闭所有进线、出线地刀在拉开位置。
-0.12661743,0.059143066,-0.17810059,0.010011286000000001,-0.16119322,0.28669089999999997,-0.13006592,0.025848389000000003,-0.23779297,0.030618384000000002,-0.05466646,0.371341,-0.07949829,0.005157470700000001,-0.20382689999999998,0.00884366,0.05411133,0.37003738,-0.08731079,0.045928955,-0.13186646,0.051972330000000004,0.09012342,0.32951933,-0.0914917,0.060424805000000005,-0.12805176000000001,0.066499665,0.0943596,0.33373886,-0.09725952,0.07223511,-0.041992188,0.13254194,0.17458364,0.2854575,-0.06994629000000001,0.10824585,-0.007537842,0.14557235,0.1875782,0.27309865,0.016540527,0.17782593,-0.14672852,0.10815889999999999,0.16821796,0.44436812000000003,0.07601929,0.1592102,-0.1545105,0.07178049,0.20910475,0.46579343,0.15582275,0.1980896,-0.14285278,0.023842216000000003,0.19792244,0.47476485,0.23046875,0.30673218,-0.20864868,-0.015903533,0.11552951500000001,0.5694779999999999,0.26687622,0.34320068,-0.2260437,-0.038569644,0.08930168000000001,0.6009441,0.3025818,0.3395996,-0.20178223,-0.06333798,0.10184000000000001,0.5880407999999999,0.32055664,0.34082029999999996,-0.2083435,-0.07656791,0.10434406,0.60098964,0.340271,0.3981018,-0.2546997,-0.08761039,0.05227772,0.659924,0.37002563,0.38101196,-0.25698853,-0.10468245,0.07765607000000001,0.6710052,0.39349365000000003,0.47161865000000003,-0.19540405,-0.11462693,-0.0049593076,0.6218735,0.31619263000000003,0.5341491700000001,-0.011505127,-0.0014165342,-0.04686538,0.45136046,0.35656738,0.45861816,-0.1559143,-0.043124630000000004,0.028809212,0.60957456,0.50735474,0.2732544,-0.46820068000000004,-0.19664314,0.21207818,0.93363446,检查1#变、2变、开闭所有进线、出线地刀在拉开位置。
-0.13006592,0.025848389000000003,-0.23779297,0.030618384000000002,-0.05466646,0.371341,-0.07949829,0.005157470700000001,-0.20382689999999998,0.00884366,0.05411133,0.37003738,-0.08731079,0.045928955,-0.13186646,0.051972330000000004,0.09012342,0.32951933,-0.0914917,0.060424805000000005,-0.12805176000000001,0.066499665,0.0943596,0.33373886,-0.09725952,0.07223511,-0.041992188,0.13254194,0.17458364,0.2854575,-0.06994629000000001,0.10824585,-0.007537842,0.14557235,0.1875782,0.27309865,0.016540527,0.17782593,-0.14672852,0.10815889999999999,0.16821796,0.44436812000000003,0.07601929,0.1592102,-0.1545105,0.07178049,0.20910475,0.46579343,0.15582275,0.1980896,-0.14285278,0.023842216000000003,0.19792244,0.47476485,0.23046875,0.30673218,-0.20864868,-0.015903533,0.11552951500000001,0.5694779999999999,0.26687622,0.34320068,-0.2260437,-0.038569644,0.08930168000000001,0.6009441,0.3025818,0.3395996,-0.20178223,-0.06333798,0.10184000000000001,0.5880407999999999,0.32055664,0.34082029999999996,-0.2083435,-0.07656791,0.10434406,0.60098964,0.340271,0.3981018,-0.2546997,-0.08761039,0.05227772,0.659924,0.37002563,0.38101196,-0.25698853,-0.10468245,0.07765607000000001,0.6710052,0.39349365000000003,0.47161865000000003,-0.19540405,-0.11462693,-0.0049593076,0.6218735,0.31619263000000003,0.5341491700000001,-0.011505127,-0.0014165342,-0.04686538,0.45136046,0.35656738,0.45861816,-0.1559143,-0.043124630000000004,0.028809212,0.60957456,0.50735474,0.2732544,-0.46820068000000004,-0.19664314,0.21207818,0.93363446,0.35836792,0.37661743000000003,-0.26519775,-0.042095676000000005,0.11439245,0.7420945,检查1#变、2变、开闭所有进线、出线地刀在拉开位置。
-0.07949829,0.005157470700000001,-0.20382689999999998,0.00884366,0.05411133,0.37003738,-0.08731079,0.045928955,-0.13186646,0.051972330000000004,0.09012342,0.32951933,-0.0914917,0.060424805000000005,-0.12805176000000001,0.066499665,0.0943596,0.33373886,-0.09725952,0.07223511,-0.041992188,0.13254194,0.17458364,0.2854575,-0.06994629000000001,0.10824585,-0.007537842,0.14557235,0.1875782,0.27309865,0.016540527,0.17782593,-0.14672852,0.10815889999999999,0.16821796,0.44436812000000003,0.07601929,0.1592102,-0.1545105,0.07178049,0.20910475,0.46579343,0.15582275,0.1980896,-0.14285278,0.023842216000000003,0.19792244,0.47476485,0.23046875,0.30673218,-0.20864868,-0.015903533,0.11552951500000001,0.5694779999999999,0.26687622,0.34320068,-0.2260437,-0.038569644,0.08930168000000001,0.6009441,0.3025818,0.3395996,-0.20178223,-0.06333798,0.10184000000000001,0.5880407999999999,0.32055664,0.34082029999999996,-0.2083435,-0.07656791,0.10434406,0.60098964,0.340271,0.3981018,-0.2546997,-0.08761039,0.05227772,0.659924,0.37002563,0.38101196,-0.25698853,-0.10468245,0.07765607000000001,0.6710052,0.39349365000000003,0.47161865000000003,-0.19540405,-0.11462693,-0.0049593076,0.6218735,0.31619263000000003,0.5341491700000001,-0.011505127,-0.0014165342,-0.04686538,0.45136046,0.35656738,0.45861816,-0.1559143,-0.043124630000000004,0.028809212,0.60957456,0.50735474,0.2732544,-0.46820068000000004,-0.19664314,0.21207818,0.93363446,0.35836792,0.37661743000000003,-0.26519775,-0.042095676000000005,0.11439245,0.7420945,0.29776,0.48498535000000004,0.05432129,0.033731535,0.014577411,0.41076353,检查1#变、2变、开闭所有进线、出线地刀在拉开位置。
-0.08731079,0.045928955,-0.13186646,0.051972330000000004,0.09012342,0.32951933,-0.0914917,0.060424805000000005,-0.12805176000000001,0.066499665,0.0943596,0.33373886,-0.09725952,0.07223511,-0.041992188,0.13254194,0.17458364,0.2854575,-0.06994629000000001,0.10824585,-0.007537842,0.14557235,0.1875782,0.27309865,0.016540527,0.17782593,-0.14672852,0.10815889999999999,0.16821796,0.44436812000000003,0.07601929,0.1592102,-0.1545105,0.07178049,0.20910475,0.46579343,0.15582275,0.1980896,-0.14285278,0.023842216000000003,0.19792244,0.47476485,0.23046875,0.30673218,-0.20864868,-0.015903533,0.11552951500000001,0.5694779999999999,0.26687622,0.34320068,-0.2260437,-0.038569644,0.08930168000000001,0.6009441,0.3025818,0.3395996,-0.20178223,-0.06333798,0.10184000000000001,0.5880407999999999,0.32055664,0.34082029999999996,-0.2083435,-0.07656791,0.10434406,0.60098964,0.340271,0.3981018,-0.2546997,-0.08761039,0.05227772,0.659924,0.37002563,0.38101196,-0.25698853,-0.10468245,0.07765607000000001,0.6710052,0.39349365000000003,0.47161865000000003,-0.19540405,-0.11462693,-0.0049593076,0.6218735,0.31619263000000003,0.5341491700000001,-0.011505127,-0.0014165342,-0.04686538,0.45136046,0.35656738,0.45861816,-0.1559143,-0.043124630000000004,0.028809212,0.60957456,0.50735474,0.2732544,-0.46820068000000004,-0.19664314,0.21207818,0.93363446,0.35836792,0.37661743000000003,-0.26519775,-0.042095676000000005,0.11439245,0.7420945,0.29776,0.48498535000000004,0.05432129,0.033731535,0.014577411,0.41076353,0.3090515,0.6347655999999999,-0.022003174,0.02694723,-0.13645181,0.49386707,检查1#变、2变、开闭所有进线、出线地刀在拉开位置。
-0.0914917,0.060424805000000005,-0.12805176000000001,0.066499665,0.0943596,0.33373886,-0.09725952,0.07223511,-0.041992188,0.13254194,0.17458364,0.2854575,-0.06994629000000001,0.10824585,-0.007537842,0.14557235,0.1875782,0.27309865,0.016540527,0.17782593,-0.14672852,0.10815889999999999,0.16821796,0.44436812000000003,0.07601929,0.1592102,-0.1545105,0.07178049,0.20910475,0.46579343,0.15582275,0.1980896,-0.14285278,0.023842216000000003,0.19792244,0.47476485,0.23046875,0.30673218,-0.20864868,-0.015903533,0.11552951500000001,0.5694779999999999,0.26687622,0.34320068,-0.2260437,-0.038569644,0.08930168000000001,0.6009441,0.3025818,0.3395996,-0.20178223,-0.06333798,0.10184000000000001,0.5880407999999999,0.32055664,0.34082029999999996,-0.2083435,-0.07656791,0.10434406,0.60098964,0.340271,0.3981018,-0.2546997,-0.08761039,0.05227772,0.659924,0.37002563,0.38101196,-0.25698853,-0.10468245,0.07765607000000001,0.6710052,0.39349365000000003,0.47161865000000003,-0.19540405,-0.11462693,-0.0049593076,0.6218735,0.31619263000000003,0.5341491700000001,-0.011505127,-0.0014165342,-0.04686538,0.45136046,0.35656738,0.45861816,-0.1559143,-0.043124630000000004,0.028809212,0.60957456,0.50735474,0.2732544,-0.46820068000000004,-0.19664314,0.21207818,0.93363446,0.35836792,0.37661743000000003,-0.26519775,-0.042095676000000005,0.11439245,0.7420945,0.29776,0.48498535000000004,0.05432129,0.033731535,0.014577411,0.41076353,0.3090515,0.6347655999999999,-0.022003174,0.02694723,-0.13645181,0.49386707,0.25247192,0.5945739999999999,-0.08325195,0.08672087,-0.09357335400000001,0.5689756,检查1#变、2变、开闭所有进线、出线地刀在拉开位置。
-0.09725952,0.07223511,-0.041992188,0.13254194,0.17458364,0.2854575,-0.06994629000000001,0.10824585,-0.007537842,0.14557235,0.1875782,0.27309865,0.016540527,0.17782593,-0.14672852,0.10815889999999999,0.16821796,0.44436812000000003,0.07601929,0.1592102,-0.1545105,0.07178049,0.20910475,0.46579343,0.15582275,0.1980896,-0.14285278,0.023842216000000003,0.19792244,0.47476485,0.23046875,0.30673218,-0.20864868,-0.015903533,0.11552951500000001,0.5694779999999999,0.26687622,0.34320068,-0.2260437,-0.038569644,0.08930168000000001,0.6009441,0.3025818,0.3395996,-0.20178223,-0.06333798,0.10184000000000001,0.5880407999999999,0.32055664,0.34082029999999996,-0.2083435,-0.07656791,0.10434406,0.60098964,0.340271,0.3981018,-0.2546997,-0.08761039,0.05227772,0.659924,0.37002563,0.38101196,-0.25698853,-0.10468245,0.07765607000000001,0.6710052,0.39349365000000003,0.47161865000000003,-0.19540405,-0.11462693,-0.0049593076,0.6218735,0.31619263000000003,0.5341491700000001,-0.011505127,-0.0014165342,-0.04686538,0.45136046,0.35656738,0.45861816,-0.1559143,-0.043124630000000004,0.028809212,0.60957456,0.50735474,0.2732544,-0.46820068000000004,-0.19664314,0.21207818,0.93363446,0.35836792,0.37661743000000003,-0.26519775,-0.042095676000000005,0.11439245,0.7420945,0.29776,0.48498535000000004,0.05432129,0.033731535,0.014577411,0.41076353,0.3090515,0.6347655999999999,-0.022003174,0.02694723,-0.13645181,0.49386707,0.25247192,0.5945739999999999,-0.08325195,0.08672087,-0.09357335400000001,0.5689756,0.19558716,0.77505493,-0.17947388,0.15943192,-0.2732628,0.6530876,检查1#变、2变、开闭所有进线、出线地刀在拉开位置。
-0.06994629000000001,0.10824585,-0.007537842,0.14557235,0.1875782,0.27309865,0.016540527,0.17782593,-0.14672852,0.10815889999999999,0.16821796,0.44436812000000003,0.07601929,0.1592102,-0.1545105,0.07178049,0.20910475,0.46579343,0.15582275,0.1980896,-0.14285278,0.023842216000000003,0.19792244,0.47476485,0.23046875,0.30673218,-0.20864868,-0.015903533,0.11552951500000001,0.5694779999999999,0.26687622,0.34320068,-0.2260437,-0.038569644,0.08930168000000001,0.6009441,0.3025818,0.3395996,-0.20178223,-0.06333798,0.10184000000000001,0.5880407999999999,0.32055664,0.34082029999999996,-0.2083435,-0.07656791,0.10434406,0.60098964,0.340271,0.3981018,-0.2546997,-0.08761039,0.05227772,0.659924,0.37002563,0.38101196,-0.25698853,-0.10468245,0.07765607000000001,0.6710052,0.39349365000000003,0.47161865000000003,-0.19540405,-0.11462693,-0.0049593076,0.6218735,0.31619263000000003,0.5341491700000001,-0.011505127,-0.0014165342,-0.04686538,0.45136046,0.35656738,0.45861816,-0.1559143,-0.043124630000000004,0.028809212,0.60957456,0.50735474,0.2732544,-0.46820068000000004,-0.19664314,0.21207818,0.93363446,0.35836792,0.37661743000000003,-0.26519775,-0.042095676000000005,0.11439245,0.7420945,0.29776,0.48498535000000004,0.05432129,0.033731535,0.014577411,0.41076353,0.3090515,0.6347655999999999,-0.022003174,0.02694723,-0.13645181,0.49386707,0.25247192,0.5945739999999999,-0.08325195,0.08672087,-0.09357335400000001,0.5689756,0.19558716,0.77505493,-0.17947388,0.15943192,-0.2732628,0.6530876,0.4361267,0.2772522,-0.22491455,-0.027465240000000002,0.22755653,0.5685454600000001,检查1#变、2变、开闭所有进线、出线地刀在拉开位置。
0.016540527,0.17782593,-0.14672852,0.10815889999999999,0.16821796,0.44436812000000003,0.07601929,0.1592102,-0.1545105,0.07178049,0.20910475,0.46579343,0.15582275,0.1980896,-0.14285278,0.023842216000000003,0.19792244,0.47476485,0.23046875,0.30673218,-0.20864868,-0.015903533,0.11552951500000001,0.5694779999999999,0.26687622,0.34320068,-0.2260437,-0.038569644,0.08930168000000001,0.6009441,0.3025818,0.3395996,-0.20178223,-0.06333798,0.10184000000000001,0.5880407999999999,0.32055664,0.34082029999999996,-0.2083435,-0.07656791,0.10434406,0.60098964,0.340271,0.3981018,-0.2546997,-0.08761039,0.05227772,0.659924,0.37002563,0.38101196,-0.25698853,-0.10468245,0.07765607000000001,0.6710052,0.39349365000000003,0.47161865000000003,-0.19540405,-0.11462693,-0.0049593076,0.6218735,0.31619263000000003,0.5341491700000001,-0.011505127,-0.0014165342,-0.04686538,0.45136046,0.35656738,0.45861816,-0.1559143,-0.043124630000000004,0.028809212,0.60957456,0.50735474,0.2732544,-0.46820068000000004,-0.19664314,0.21207818,0.93363446,0.35836792,0.37661743000000003,-0.26519775,-0.042095676000000005,0.11439245,0.7420945,0.29776,0.48498535000000004,0.05432129,0.033731535,0.014577411,0.41076353,0.3090515,0.6347655999999999,-0.022003174,0.02694723,-0.13645181,0.49386707,0.25247192,0.5945739999999999,-0.08325195,0.08672087,-0.09357335400000001,0.5689756,0.19558716,0.77505493,-0.17947388,0.15943192,-0.2732628,0.6530876,0.4361267,0.2772522,-0.22491455,-0.027465240000000002,0.22755653,0.5685454600000001,0.48391724,0.27252197,-0.1701355,-0.03973098,0.2262902,0.44992042,检查1#变、2变、开闭所有进线、出线地刀在拉开位置。
0.07601929,0.1592102,-0.1545105,0.07178049,0.20910475,0.46579343,0.15582275,0.1980896,-0.14285278,0.023842216000000003,0.19792244,0.47476485,0.23046875,0.30673218,-0.20864868,-0.015903533,0.11552951500000001,0.5694779999999999,0.26687622,0.34320068,-0.2260437,-0.038569644,0.08930168000000001,0.6009441,0.3025818,0.3395996,-0.20178223,-0.06333798,0.10184000000000001,0.5880407999999999,0.32055664,0.34082029999999996,-0.2083435,-0.07656791,0.10434406,0.60098964,0.340271,0.3981018,-0.2546997,-0.08761039,0.05227772,0.659924,0.37002563,0.38101196,-0.25698853,-0.10468245,0.07765607000000001,0.6710052,0.39349365000000003,0.47161865000000003,-0.19540405,-0.11462693,-0.0049593076,0.6218735,0.31619263000000003,0.5341491700000001,-0.011505127,-0.0014165342,-0.04686538,0.45136046,0.35656738,0.45861816,-0.1559143,-0.043124630000000004,0.028809212,0.60957456,0.50735474,0.2732544,-0.46820068000000004,-0.19664314,0.21207818,0.93363446,0.35836792,0.37661743000000003,-0.26519775,-0.042095676000000005,0.11439245,0.7420945,0.29776,0.48498535000000004,0.05432129,0.033731535,0.014577411,0.41076353,0.3090515,0.6347655999999999,-0.022003174,0.02694723,-0.13645181,0.49386707,0.25247192,0.5945739999999999,-0.08325195,0.08672087,-0.09357335400000001,0.5689756,0.19558716,0.77505493,-0.17947388,0.15943192,-0.2732628,0.6530876,0.4361267,0.2772522,-0.22491455,-0.027465240000000002,0.22755653,0.5685454600000001,0.48391724,0.27252197,-0.1701355,-0.03973098,0.2262902,0.44992042,0.6614074999999999,0.29260254,-0.20831299,-0.20867594,0.20283931,0.47548676,检查1#变、2变、开闭所有进线、出线地刀在拉开位置。
0.15582275,0.1980896,-0.14285278,0.023842216000000003,0.19792244,0.47476485,0.23046875,0.30673218,-0.20864868,-0.015903533,0.11552951500000001,0.5694779999999999,0.26687622,0.34320068,-0.2260437,-0.038569644,0.08930168000000001,0.6009441,0.3025818,0.3395996,-0.20178223,-0.06333798,0.10184000000000001,0.5880407999999999,0.32055664,0.34082029999999996,-0.2083435,-0.07656791,0.10434406,0.60098964,0.340271,0.3981018,-0.2546997,-0.08761039,0.05227772,0.659924,0.37002563,0.38101196,-0.25698853,-0.10468245,0.07765607000000001,0.6710052,0.39349365000000003,0.47161865000000003,-0.19540405,-0.11462693,-0.0049593076,0.6218735,0.31619263000000003,0.5341491700000001,-0.011505127,-0.0014165342,-0.04686538,0.45136046,0.35656738,0.45861816,-0.1559143,-0.043124630000000004,0.028809212,0.60957456,0.50735474,0.2732544,-0.46820068000000004,-0.19664314,0.21207818,0.93363446,0.35836792,0.37661743000000003,-0.26519775,-0.042095676000000005,0.11439245,0.7420945,0.29776,0.48498535000000004,0.05432129,0.033731535,0.014577411,0.41076353,0.3090515,0.6347655999999999,-0.022003174,0.02694723,-0.13645181,0.49386707,0.25247192,0.5945739999999999,-0.08325195,0.08672087,-0.09357335400000001,0.5689756,0.19558716,0.77505493,-0.17947388,0.15943192,-0.2732628,0.6530876,0.4361267,0.2772522,-0.22491455,-0.027465240000000002,0.22755653,0.5685454600000001,0.48391724,0.27252197,-0.1701355,-0.03973098,0.2262902,0.44992042,0.6614074999999999,0.29260254,-0.20831299,-0.20867594,0.20283931,0.47548676,0.6953429999999999,0.5226135,-0.22399902,-0.24716054,-0.028373174,0.5045267999999999,检查1#变、2变、开闭所有进线、出线地刀在拉开位置。
0.23046875,0.30673218,-0.20864868,-0.015903533,0.11552951500000001,0.5694779999999999,0.26687622,0.34320068,-0.2260437,-0.038569644,0.08930168000000001,0.6009441,0.3025818,0.3395996,-0.20178223,-0.06333798,0.10184000000000001,0.5880407999999999,0.32055664,0.34082029999999996,-0.2083435,-0.07656791,0.10434406,0.60098964,0.340271,0.3981018,-0.2546997,-0.08761039,0.05227772,0.659924,0.37002563,0.38101196,-0.25698853,-0.10468245,0.07765607000000001,0.6710052,0.39349365000000003,0.47161865000000003,-0.19540405,-0.11462693,-0.0049593076,0.6218735,0.31619263000000003,0.5341491700000001,-0.011505127,-0.0014165342,-0.04686538,0.45136046,0.35656738,0.45861816,-0.1559143,-0.043124630000000004,0.028809212,0.60957456,0.50735474,0.2732544,-0.46820068000000004,-0.19664314,0.21207818,0.93363446,0.35836792,0.37661743000000003,-0.26519775,-0.042095676000000005,0.11439245,0.7420945,0.29776,0.48498535000000004,0.05432129,0.033731535,0.014577411,0.41076353,0.3090515,0.6347655999999999,-0.022003174,0.02694723,-0.13645181,0.49386707,0.25247192,0.5945739999999999,-0.08325195,0.08672087,-0.09357335400000001,0.5689756,0.19558716,0.77505493,-0.17947388,0.15943192,-0.2732628,0.6530876,0.4361267,0.2772522,-0.22491455,-0.027465240000000002,0.22755653,0.5685454600000001,0.48391724,0.27252197,-0.1701355,-0.03973098,0.2262902,0.44992042,0.6614074999999999,0.29260254,-0.20831299,-0.20867594,0.20283931,0.47548676,0.6953429999999999,0.5226135,-0.22399902,-0.24716054,-0.028373174,0.5045267999999999,0.64749146,0.65005493,-0.22424316,-0.2051888,-0.15545994,0.5176698,检查1#变、2变、开闭所有进线、出线地刀在拉开位置。
0.26687622,0.34320068,-0.2260437,-0.038569644,0.08930168000000001,0.6009441,0.3025818,0.3395996,-0.20178223,-0.06333798,0.10184000000000001,0.5880407999999999,0.32055664,0.34082029999999996,-0.2083435,-0.07656791,0.10434406,0.60098964,0.340271,0.3981018,-0.2546997,-0.08761039,0.05227772,0.659924,0.37002563,0.38101196,-0.25698853,-0.10468245,0.07765607000000001,0.6710052,0.39349365000000003,0.47161865000000003,-0.19540405,-0.11462693,-0.0049593076,0.6218735,0.31619263000000003,0.5341491700000001,-0.011505127,-0.0014165342,-0.04686538,0.45136046,0.35656738,0.45861816,-0.1559143,-0.043124630000000004,0.028809212,0.60957456,0.50735474,0.2732544,-0.46820068000000004,-0.19664314,0.21207818,0.93363446,0.35836792,0.37661743000000003,-0.26519775,-0.042095676000000005,0.11439245,0.7420945,0.29776,0.48498535000000004,0.05432129,0.033731535,0.014577411,0.41076353,0.3090515,0.6347655999999999,-0.022003174,0.02694723,-0.13645181,0.49386707,0.25247192,0.5945739999999999,-0.08325195,0.08672087,-0.09357335400000001,0.5689756,0.19558716,0.77505493,-0.17947388,0.15943192,-0.2732628,0.6530876,0.4361267,0.2772522,-0.22491455,-0.027465240000000002,0.22755653,0.5685454600000001,0.48391724,0.27252197,-0.1701355,-0.03973098,0.2262902,0.44992042,0.6614074999999999,0.29260254,-0.20831299,-0.20867594,0.20283931,0.47548676,0.6953429999999999,0.5226135,-0.22399902,-0.24716054,-0.028373174,0.5045267999999999,0.64749146,0.65005493,-0.22424316,-0.2051888,-0.15545994,0.5176698,0.5635681,0.48449707000000003,-0.18344116,-0.12729353000000002,0.00896997,0.46640563,检查1#变、2变、开闭所有进线、出线地刀在拉开位置。
0.3025818,0.3395996,-0.20178223,-0.06333798,0.10184000000000001,0.5880407999999999,0.32055664,0.34082029999999996,-0.2083435,-0.07656791,0.10434406,0.60098964,0.340271,0.3981018,-0.2546997,-0.08761039,0.05227772,0.659924,0.37002563,0.38101196,-0.25698853,-0.10468245,0.07765607000000001,0.6710052,0.39349365000000003,0.47161865000000003,-0.19540405,-0.11462693,-0.0049593076,0.6218735,0.31619263000000003,0.5341491700000001,-0.011505127,-0.0014165342,-0.04686538,0.45136046,0.35656738,0.45861816,-0.1559143,-0.043124630000000004,0.028809212,0.60957456,0.50735474,0.2732544,-0.46820068000000004,-0.19664314,0.21207818,0.93363446,0.35836792,0.37661743000000003,-0.26519775,-0.042095676000000005,0.11439245,0.7420945,0.29776,0.48498535000000004,0.05432129,0.033731535,0.014577411,0.41076353,0.3090515,0.6347655999999999,-0.022003174,0.02694723,-0.13645181,0.49386707,0.25247192,0.5945739999999999,-0.08325195,0.08672087,-0.09357335400000001,0.5689756,0.19558716,0.77505493,-0.17947388,0.15943192,-0.2732628,0.6530876,0.4361267,0.2772522,-0.22491455,-0.027465240000000002,0.22755653,0.5685454600000001,0.48391724,0.27252197,-0.1701355,-0.03973098,0.2262902,0.44992042,0.6614074999999999,0.29260254,-0.20831299,-0.20867594,0.20283931,0.47548676,0.6953429999999999,0.5226135,-0.22399902,-0.24716054,-0.028373174,0.5045267999999999,0.64749146,0.65005493,-0.22424316,-0.2051888,-0.15545994,0.5176698,0.5635681,0.48449707000000003,-0.18344116,-0.12729353000000002,0.00896997,0.46640563,0.5333251999999999,0.3529663,-0.28625488,-0.10908133,0.13712177,0.56845045,检查1#变、2变、开闭所有进线、出线地刀在拉开位置。
0.32055664,0.34082029999999996,-0.2083435,-0.07656791,0.10434406,0.60098964,0.340271,0.3981018,-0.2546997,-0.08761039,0.05227772,0.659924,0.37002563,0.38101196,-0.25698853,-0.10468245,0.07765607000000001,0.6710052,0.39349365000000003,0.47161865000000003,-0.19540405,-0.11462693,-0.0049593076,0.6218735,0.31619263000000003,0.5341491700000001,-0.011505127,-0.0014165342,-0.04686538,0.45136046,0.35656738,0.45861816,-0.1559143,-0.043124630000000004,0.028809212,0.60957456,0.50735474,0.2732544,-0.46820068000000004,-0.19664314,0.21207818,0.93363446,0.35836792,0.37661743000000003,-0.26519775,-0.042095676000000005,0.11439245,0.7420945,0.29776,0.48498535000000004,0.05432129,0.033731535,0.014577411,0.41076353,0.3090515,0.6347655999999999,-0.022003174,0.02694723,-0.13645181,0.49386707,0.25247192,0.5945739999999999,-0.08325195,0.08672087,-0.09357335400000001,0.5689756,0.19558716,0.77505493,-0.17947388,0.15943192,-0.2732628,0.6530876,0.4361267,0.2772522,-0.22491455,-0.027465240000000002,0.22755653,0.5685454600000001,0.48391724,0.27252197,-0.1701355,-0.03973098,0.2262902,0.44992042,0.6614074999999999,0.29260254,-0.20831299,-0.20867594,0.20283931,0.47548676,0.6953429999999999,0.5226135,-0.22399902,-0.24716054,-0.028373174,0.5045267999999999,0.64749146,0.65005493,-0.22424316,-0.2051888,-0.15545994,0.5176698,0.5635681,0.48449707000000003,-0.18344116,-0.12729353000000002,0.00896997,0.46640563,0.5333251999999999,0.3529663,-0.28625488,-0.10908133,0.13712177,0.56845045,0.47683716000000004,0.38650513000000003,-0.278656,-0.053455487,0.10443015,0.56507826,检查1#变、2变、开闭所有进线、出线地刀在拉开位置。
0.340271,0.3981018,-0.2546997,-0.08761039,0.05227772,0.659924,0.37002563,0.38101196,-0.25698853,-0.10468245,0.07765607000000001,0.6710052,0.39349365000000003,0.47161865000000003,-0.19540405,-0.11462693,-0.0049593076,0.6218735,0.31619263000000003,0.5341491700000001,-0.011505127,-0.0014165342,-0.04686538,0.45136046,0.35656738,0.45861816,-0.1559143,-0.043124630000000004,0.028809212,0.60957456,0.50735474,0.2732544,-0.46820068000000004,-0.19664314,0.21207818,0.93363446,0.35836792,0.37661743000000003,-0.26519775,-0.042095676000000005,0.11439245,0.7420945,0.29776,0.48498535000000004,0.05432129,0.033731535,0.014577411,0.41076353,0.3090515,0.6347655999999999,-0.022003174,0.02694723,-0.13645181,0.49386707,0.25247192,0.5945739999999999,-0.08325195,0.08672087,-0.09357335400000001,0.5689756,0.19558716,0.77505493,-0.17947388,0.15943192,-0.2732628,0.6530876,0.4361267,0.2772522,-0.22491455,-0.027465240000000002,0.22755653,0.5685454600000001,0.48391724,0.27252197,-0.1701355,-0.03973098,0.2262902,0.44992042,0.6614074999999999,0.29260254,-0.20831299,-0.20867594,0.20283931,0.47548676,0.6953429999999999,0.5226135,-0.22399902,-0.24716054,-0.028373174,0.5045267999999999,0.64749146,0.65005493,-0.22424316,-0.2051888,-0.15545994,0.5176698,0.5635681,0.48449707000000003,-0.18344116,-0.12729353000000002,0.00896997,0.46640563,0.5333251999999999,0.3529663,-0.28625488,-0.10908133,0.13712177,0.56845045,0.47683716000000004,0.38650513000000003,-0.278656,-0.053455487,0.10443015,0.56507826,0.6701659999999999,0.50787354,-0.3128357,-0.24371696,-0.023184694000000002,0.5870852,检查1#变、2变、开闭所有进线、出线地刀在拉开位置。
0.37002563,0.38101196,-0.25698853,-0.10468245,0.07765607000000001,0.6710052,0.39349365000000003,0.47161865000000003,-0.19540405,-0.11462693,-0.0049593076,0.6218735,0.31619263000000003,0.5341491700000001,-0.011505127,-0.0014165342,-0.04686538,0.45136046,0.35656738,0.45861816,-0.1559143,-0.043124630000000004,0.028809212,0.60957456,0.50735474,0.2732544,-0.46820068000000004,-0.19664314,0.21207818,0.93363446,0.35836792,0.37661743000000003,-0.26519775,-0.042095676000000005,0.11439245,0.7420945,0.29776,0.48498535000000004,0.05432129,0.033731535,0.014577411,0.41076353,0.3090515,0.6347655999999999,-0.022003174,0.02694723,-0.13645181,0.49386707,0.25247192,0.5945739999999999,-0.08325195,0.08672087,-0.09357335400000001,0.5689756,0.19558716,0.77505493,-0.17947388,0.15943192,-0.2732628,0.6530876,0.4361267,0.2772522,-0.22491455,-0.027465240000000002,0.22755653,0.5685454600000001,0.48391724,0.27252197,-0.1701355,-0.03973098,0.2262902,0.44992042,0.6614074999999999,0.29260254,-0.20831299,-0.20867594,0.20283931,0.47548676,0.6953429999999999,0.5226135,-0.22399902,-0.24716054,-0.028373174,0.5045267999999999,0.64749146,0.65005493,-0.22424316,-0.2051888,-0.15545994,0.5176698,0.5635681,0.48449707000000003,-0.18344116,-0.12729353000000002,0.00896997,0.46640563,0.5333251999999999,0.3529663,-0.28625488,-0.10908133,0.13712177,0.56845045,0.47683716000000004,0.38650513000000003,-0.278656,-0.053455487,0.10443015,0.56507826,0.6701659999999999,0.50787354,-0.3128357,-0.24371696,-0.023184694000000002,0.5870852,0.5950012,0.26187134,-0.37268066,-0.14709385,0.21208706,0.5894054,检查1#变、2变、开闭所有进线、出线地刀在拉开位置。
0.39349365000000003,0.47161865000000003,-0.19540405,-0.11462693,-0.0049593076,0.6218735,0.31619263000000003,0.5341491700000001,-0.011505127,-0.0014165342,-0.04686538,0.45136046,0.35656738,0.45861816,-0.1559143,-0.043124630000000004,0.028809212,0.60957456,0.50735474,0.2732544,-0.46820068000000004,-0.19664314,0.21207818,0.93363446,0.35836792,0.37661743000000003,-0.26519775,-0.042095676000000005,0.11439245,0.7420945,0.29776,0.48498535000000004,0.05432129,0.033731535,0.014577411,0.41076353,0.3090515,0.6347655999999999,-0.022003174,0.02694723,-0.13645181,0.49386707,0.25247192,0.5945739999999999,-0.08325195,0.08672087,-0.09357335400000001,0.5689756,0.19558716,0.77505493,-0.17947388,0.15943192,-0.2732628,0.6530876,0.4361267,0.2772522,-0.22491455,-0.027465240000000002,0.22755653,0.5685454600000001,0.48391724,0.27252197,-0.1701355,-0.03973098,0.2262902,0.44992042,0.6614074999999999,0.29260254,-0.20831299,-0.20867594,0.20283931,0.47548676,0.6953429999999999,0.5226135,-0.22399902,-0.24716054,-0.028373174,0.5045267999999999,0.64749146,0.65005493,-0.22424316,-0.2051888,-0.15545994,0.5176698,0.5635681,0.48449707000000003,-0.18344116,-0.12729353000000002,0.00896997,0.46640563,0.5333251999999999,0.3529663,-0.28625488,-0.10908133,0.13712177,0.56845045,0.47683716000000004,0.38650513000000003,-0.278656,-0.053455487,0.10443015,0.56507826,0.6701659999999999,0.50787354,-0.3128357,-0.24371696,-0.023184694000000002,0.5870852,0.5950012,0.26187134,-0.37268066,-0.14709385,0.21208706,0.5894054,0.48806763000000003,0.5133667,-0.45758057,-0.016672418,-0.061414905000000006,0.6196488,检查1#变、2变、开闭所有进线、出线地刀在拉开位置。
0.31619263000000003,0.5341491700000001,-0.011505127,-0.0014165342,-0.04686538,0.45136046,0.35656738,0.45861816,-0.1559143,-0.043124630000000004,0.028809212,0.60957456,0.50735474,0.2732544,-0.46820068000000004,-0.19664314,0.21207818,0.93363446,0.35836792,0.37661743000000003,-0.26519775,-0.042095676000000005,0.11439245,0.7420945,0.29776,0.48498535000000004,0.05432129,0.033731535,0.014577411,0.41076353,0.3090515,0.6347655999999999,-0.022003174,0.02694723,-0.13645181,0.49386707,0.25247192,0.5945739999999999,-0.08325195,0.08672087,-0.09357335400000001,0.5689756,0.19558716,0.77505493,-0.17947388,0.15943192,-0.2732628,0.6530876,0.4361267,0.2772522,-0.22491455,-0.027465240000000002,0.22755653,0.5685454600000001,0.48391724,0.27252197,-0.1701355,-0.03973098,0.2262902,0.44992042,0.6614074999999999,0.29260254,-0.20831299,-0.20867594,0.20283931,0.47548676,0.6953429999999999,0.5226135,-0.22399902,-0.24716054,-0.028373174,0.5045267999999999,0.64749146,0.65005493,-0.22424316,-0.2051888,-0.15545994,0.5176698,0.5635681,0.48449707000000003,-0.18344116,-0.12729353000000002,0.00896997,0.46640563,0.5333251999999999,0.3529663,-0.28625488,-0.10908133,0.13712177,0.56845045,0.47683716000000004,0.38650513000000003,-0.278656,-0.053455487,0.10443015,0.56507826,0.6701659999999999,0.50787354,-0.3128357,-0.24371696,-0.023184694000000002,0.5870852,0.5950012,0.26187134,-0.37268066,-0.14709385,0.21208706,0.5894054,0.48806763000000003,0.5133667,-0.45758057,-0.016672418,-0.061414905000000006,0.6196488,0.44281006,0.27178955,-0.52386475,0.049349084,0.15386999,0.6181013,检查1#变、2变、开闭所有进线、出线地刀在拉开位置。
0.35656738,0.45861816,-0.1559143,-0.043124630000000004,0.028809212,0.60957456,0.50735474,0.2732544,-0.46820068000000004,-0.19664314,0.21207818,0.93363446,0.35836792,0.37661743000000003,-0.26519775,-0.042095676000000005,0.11439245,0.7420945,0.29776,0.48498535000000004,0.05432129,0.033731535,0.014577411,0.41076353,0.3090515,0.6347655999999999,-0.022003174,0.02694723,-0.13645181,0.49386707,0.25247192,0.5945739999999999,-0.08325195,0.08672087,-0.09357335400000001,0.5689756,0.19558716,0.77505493,-0.17947388,0.15943192,-0.2732628,0.6530876,0.4361267,0.2772522,-0.22491455,-0.027465240000000002,0.22755653,0.5685454600000001,0.48391724,0.27252197,-0.1701355,-0.03973098,0.2262902,0.44992042,0.6614074999999999,0.29260254,-0.20831299,-0.20867594,0.20283931,0.47548676,0.6953429999999999,0.5226135,-0.22399902,-0.24716054,-0.028373174,0.5045267999999999,0.64749146,0.65005493,-0.22424316,-0.2051888,-0.15545994,0.5176698,0.5635681,0.48449707000000003,-0.18344116,-0.12729353000000002,0.00896997,0.46640563,0.5333251999999999,0.3529663,-0.28625488,-0.10908133,0.13712177,0.56845045,0.47683716000000004,0.38650513000000003,-0.278656,-0.053455487,0.10443015,0.56507826,0.6701659999999999,0.50787354,-0.3128357,-0.24371696,-0.023184694000000002,0.5870852,0.5950012,0.26187134,-0.37268066,-0.14709385,0.21208706,0.5894054,0.48806763000000003,0.5133667,-0.45758057,-0.016672418,-0.061414905000000006,0.6196488,0.44281006,0.27178955,-0.52386475,0.049349084,0.15386999,0.6181013,0.52752686,0.13290405,-0.78848267,-0.015435263500000001,0.26690759999999997,0.8362108500000001,检查1#变、2变、开闭所有进线、出线地刀在拉开位置。
0.50735474,0.2732544,-0.46820068000000004,-0.19664314,0.21207818,0.93363446,0.35836792,0.37661743000000003,-0.26519775,-0.042095676000000005,0.11439245,0.7420945,0.29776,0.48498535000000004,0.05432129,0.033731535,0.014577411,0.41076353,0.3090515,0.6347655999999999,-0.022003174,0.02694723,-0.13645181,0.49386707,0.25247192,0.5945739999999999,-0.08325195,0.08672087,-0.09357335400000001,0.5689756,0.19558716,0.77505493,-0.17947388,0.15943192,-0.2732628,0.6530876,0.4361267,0.2772522,-0.22491455,-0.027465240000000002,0.22755653,0.5685454600000001,0.48391724,0.27252197,-0.1701355,-0.03973098,0.2262902,0.44992042,0.6614074999999999,0.29260254,-0.20831299,-0.20867594,0.20283931,0.47548676,0.6953429999999999,0.5226135,-0.22399902,-0.24716054,-0.028373174,0.5045267999999999,0.64749146,0.65005493,-0.22424316,-0.2051888,-0.15545994,0.5176698,0.5635681,0.48449707000000003,-0.18344116,-0.12729353000000002,0.00896997,0.46640563,0.5333251999999999,0.3529663,-0.28625488,-0.10908133,0.13712177,0.56845045,0.47683716000000004,0.38650513000000003,-0.278656,-0.053455487,0.10443015,0.56507826,0.6701659999999999,0.50787354,-0.3128357,-0.24371696,-0.023184694000000002,0.5870852,0.5950012,0.26187134,-0.37268066,-0.14709385,0.21208706,0.5894054,0.48806763000000003,0.5133667,-0.45758057,-0.016672418,-0.061414905000000006,0.6196488,0.44281006,0.27178955,-0.52386475,0.049349084,0.15386999,0.6181013,0.52752686,0.13290405,-0.78848267,-0.015435263500000001,0.26690759999999997,0.8362108500000001,0.4595337,0.59884644,-0.6145324999999999,0.07120569,-0.20829529,0.6473690999999999,检查1#变、2变、开闭所有进线、出线地刀在拉开位置。
0.35836792,0.37661743000000003,-0.26519775,-0.042095676000000005,0.11439245,0.7420945,0.29776,0.48498535000000004,0.05432129,0.033731535,0.014577411,0.41076353,0.3090515,0.6347655999999999,-0.022003174,0.02694723,-0.13645181,0.49386707,0.25247192,0.5945739999999999,-0.08325195,0.08672087,-0.09357335400000001,0.5689756,0.19558716,0.77505493,-0.17947388,0.15943192,-0.2732628,0.6530876,0.4361267,0.2772522,-0.22491455,-0.027465240000000002,0.22755653,0.5685454600000001,0.48391724,0.27252197,-0.1701355,-0.03973098,0.2262902,0.44992042,0.6614074999999999,0.29260254,-0.20831299,-0.20867594,0.20283931,0.47548676,0.6953429999999999,0.5226135,-0.22399902,-0.24716054,-0.028373174,0.5045267999999999,0.64749146,0.65005493,-0.22424316,-0.2051888,-0.15545994,0.5176698,0.5635681,0.48449707000000003,-0.18344116,-0.12729353000000002,0.00896997,0.46640563,0.5333251999999999,0.3529663,-0.28625488,-0.10908133,0.13712177,0.56845045,0.47683716000000004,0.38650513000000003,-0.278656,-0.053455487,0.10443015,0.56507826,0.6701659999999999,0.50787354,-0.3128357,-0.24371696,-0.023184694000000002,0.5870852,0.5950012,0.26187134,-0.37268066,-0.14709385,0.21208706,0.5894054,0.48806763000000003,0.5133667,-0.45758057,-0.016672418,-0.061414905000000006,0.6196488,0.44281006,0.27178955,-0.52386475,0.049349084,0.15386999,0.6181013,0.52752686,0.13290405,-0.78848267,-0.015435263500000001,0.26690759999999997,0.8362108500000001,0.4595337,0.59884644,-0.6145324999999999,0.07120569,-0.20829529,0.6473690999999999,0.5154419,0.17001343,-0.4942627,0.036757827,0.20382091,0.4830644,检查1#变、2变、开闭所有进线、出线地刀在拉开位置。
0.29776,0.48498535000000004,0.05432129,0.033731535,0.014577411,0.41076353,0.3090515,0.6347655999999999,-0.022003174,0.02694723,-0.13645181,0.49386707,0.25247192,0.5945739999999999,-0.08325195,0.08672087,-0.09357335400000001,0.5689756,0.19558716,0.77505493,-0.17947388,0.15943192,-0.2732628,0.6530876,0.4361267,0.2772522,-0.22491455,-0.027465240000000002,0.22755653,0.5685454600000001,0.48391724,0.27252197,-0.1701355,-0.03973098,0.2262902,0.44992042,0.6614074999999999,0.29260254,-0.20831299,-0.20867594,0.20283931,0.47548676,0.6953429999999999,0.5226135,-0.22399902,-0.24716054,-0.028373174,0.5045267999999999,0.64749146,0.65005493,-0.22424316,-0.2051888,-0.15545994,0.5176698,0.5635681,0.48449707000000003,-0.18344116,-0.12729353000000002,0.00896997,0.46640563,0.5333251999999999,0.3529663,-0.28625488,-0.10908133,0.13712177,0.56845045,0.47683716000000004,0.38650513000000003,-0.278656,-0.053455487,0.10443015,0.56507826,0.6701659999999999,0.50787354,-0.3128357,-0.24371696,-0.023184694000000002,0.5870852,0.5950012,0.26187134,-0.37268066,-0.14709385,0.21208706,0.5894054,0.48806763000000003,0.5133667,-0.45758057,-0.016672418,-0.061414905000000006,0.6196488,0.44281006,0.27178955,-0.52386475,0.049349084,0.15386999,0.6181013,0.52752686,0.13290405,-0.78848267,-0.015435263500000001,0.26690759999999997,0.8362108500000001,0.4595337,0.59884644,-0.6145324999999999,0.07120569,-0.20829529,0.6473690999999999,0.5154419,0.17001343,-0.4942627,0.036757827,0.20382091,0.4830644,0.46542358,0.42898559999999997,-0.6496582,0.11716311,-0.08414837,0.60281974,检查1#变、2变、开闭所有进线、出线地刀在拉开位置。
0.3090515,0.6347655999999999,-0.022003174,0.02694723,-0.13645181,0.49386707,0.25247192,0.5945739999999999,-0.08325195,0.08672087,-0.09357335400000001,0.5689756,0.19558716,0.77505493,-0.17947388,0.15943192,-0.2732628,0.6530876,0.4361267,0.2772522,-0.22491455,-0.027465240000000002,0.22755653,0.5685454600000001,0.48391724,0.27252197,-0.1701355,-0.03973098,0.2262902,0.44992042,0.6614074999999999,0.29260254,-0.20831299,-0.20867594,0.20283931,0.47548676,0.6953429999999999,0.5226135,-0.22399902,-0.24716054,-0.028373174,0.5045267999999999,0.64749146,0.65005493,-0.22424316,-0.2051888,-0.15545994,0.5176698,0.5635681,0.48449707000000003,-0.18344116,-0.12729353000000002,0.00896997,0.46640563,0.5333251999999999,0.3529663,-0.28625488,-0.10908133,0.13712177,0.56845045,0.47683716000000004,0.38650513000000003,-0.278656,-0.053455487,0.10443015,0.56507826,0.6701659999999999,0.50787354,-0.3128357,-0.24371696,-0.023184694000000002,0.5870852,0.5950012,0.26187134,-0.37268066,-0.14709385,0.21208706,0.5894054,0.48806763000000003,0.5133667,-0.45758057,-0.016672418,-0.061414905000000006,0.6196488,0.44281006,0.27178955,-0.52386475,0.049349084,0.15386999,0.6181013,0.52752686,0.13290405,-0.78848267,-0.015435263500000001,0.26690759999999997,0.8362108500000001,0.4595337,0.59884644,-0.6145324999999999,0.07120569,-0.20829529,0.6473690999999999,0.5154419,0.17001343,-0.4942627,0.036757827,0.20382091,0.4830644,0.46542358,0.42898559999999997,-0.6496582,0.11716311,-0.08414837,0.60281974,0.45281982,0.20861816,-0.82192993,0.16861503,0.09335931400000001,0.7191382,检查1#变、2变、开闭所有进线、出线地刀在拉开位置。
0.25247192,0.5945739999999999,-0.08325195,0.08672087,-0.09357335400000001,0.5689756,0.19558716,0.77505493,-0.17947388,0.15943192,-0.2732628,0.6530876,0.4361267,0.2772522,-0.22491455,-0.027465240000000002,0.22755653,0.5685454600000001,0.48391724,0.27252197,-0.1701355,-0.03973098,0.2262902,0.44992042,0.6614074999999999,0.29260254,-0.20831299,-0.20867594,0.20283931,0.47548676,0.6953429999999999,0.5226135,-0.22399902,-0.24716054,-0.028373174,0.5045267999999999,0.64749146,0.65005493,-0.22424316,-0.2051888,-0.15545994,0.5176698,0.5635681,0.48449707000000003,-0.18344116,-0.12729353000000002,0.00896997,0.46640563,0.5333251999999999,0.3529663,-0.28625488,-0.10908133,0.13712177,0.56845045,0.47683716000000004,0.38650513000000003,-0.278656,-0.053455487,0.10443015,0.56507826,0.6701659999999999,0.50787354,-0.3128357,-0.24371696,-0.023184694000000002,0.5870852,0.5950012,0.26187134,-0.37268066,-0.14709385,0.21208706,0.5894054,0.48806763000000003,0.5133667,-0.45758057,-0.016672418,-0.061414905000000006,0.6196488,0.44281006,0.27178955,-0.52386475,0.049349084,0.15386999,0.6181013,0.52752686,0.13290405,-0.78848267,-0.015435263500000001,0.26690759999999997,0.8362108500000001,0.4595337,0.59884644,-0.6145324999999999,0.07120569,-0.20829529,0.6473690999999999,0.5154419,0.17001343,-0.4942627,0.036757827,0.20382091,0.4830644,0.46542358,0.42898559999999997,-0.6496582,0.11716311,-0.08414837,0.60281974,0.45281982,0.20861816,-0.82192993,0.16861503,0.09335931400000001,0.7191382,0.4491272,0.30725098,-0.8204651,0.19446255,-0.031137206,0.6897441999999999,检查1#变、2变、开闭所有进线、出线地刀在拉开位置。
0.19558716,0.77505493,-0.17947388,0.15943192,-0.2732628,0.6530876,0.4361267,0.2772522,-0.22491455,-0.027465240000000002,0.22755653,0.5685454600000001,0.48391724,0.27252197,-0.1701355,-0.03973098,0.2262902,0.44992042,0.6614074999999999,0.29260254,-0.20831299,-0.20867594,0.20283931,0.47548676,0.6953429999999999,0.5226135,-0.22399902,-0.24716054,-0.028373174,0.5045267999999999,0.64749146,0.65005493,-0.22424316,-0.2051888,-0.15545994,0.5176698,0.5635681,0.48449707000000003,-0.18344116,-0.12729353000000002,0.00896997,0.46640563,0.5333251999999999,0.3529663,-0.28625488,-0.10908133,0.13712177,0.56845045,0.47683716000000004,0.38650513000000003,-0.278656,-0.053455487,0.10443015,0.56507826,0.6701659999999999,0.50787354,-0.3128357,-0.24371696,-0.023184694000000002,0.5870852,0.5950012,0.26187134,-0.37268066,-0.14709385,0.21208706,0.5894054,0.48806763000000003,0.5133667,-0.45758057,-0.016672418,-0.061414905000000006,0.6196488,0.44281006,0.27178955,-0.52386475,0.049349084,0.15386999,0.6181013,0.52752686,0.13290405,-0.78848267,-0.015435263500000001,0.26690759999999997,0.8362108500000001,0.4595337,0.59884644,-0.6145324999999999,0.07120569,-0.20829529,0.6473690999999999,0.5154419,0.17001343,-0.4942627,0.036757827,0.20382091,0.4830644,0.46542358,0.42898559999999997,-0.6496582,0.11716311,-0.08414837,0.60281974,0.45281982,0.20861816,-0.82192993,0.16861503,0.09335931400000001,0.7191382,0.4491272,0.30725098,-0.8204651,0.19446255,-0.031137206,0.6897441999999999,0.45480347,0.2748413,-0.7409667999999999,0.21188779,-0.027534999,0.5785291,检查1#变、2变、开闭所有进线、出线地刀在拉开位置。
0.4361267,0.2772522,-0.22491455,-0.027465240000000002,0.22755653,0.5685454600000001,0.48391724,0.27252197,-0.1701355,-0.03973098,0.2262902,0.44992042,0.6614074999999999,0.29260254,-0.20831299,-0.20867594,0.20283931,0.47548676,0.6953429999999999,0.5226135,-0.22399902,-0.24716054,-0.028373174,0.5045267999999999,0.64749146,0.65005493,-0.22424316,-0.2051888,-0.15545994,0.5176698,0.5635681,0.48449707000000003,-0.18344116,-0.12729353000000002,0.00896997,0.46640563,0.5333251999999999,0.3529663,-0.28625488,-0.10908133,0.13712177,0.56845045,0.47683716000000004,0.38650513000000003,-0.278656,-0.053455487,0.10443015,0.56507826,0.6701659999999999,0.50787354,-0.3128357,-0.24371696,-0.023184694000000002,0.5870852,0.5950012,0.26187134,-0.37268066,-0.14709385,0.21208706,0.5894054,0.48806763000000003,0.5133667,-0.45758057,-0.016672418,-0.061414905000000006,0.6196488,0.44281006,0.27178955,-0.52386475,0.049349084,0.15386999,0.6181013,0.52752686,0.13290405,-0.78848267,-0.015435263500000001,0.26690759999999997,0.8362108500000001,0.4595337,0.59884644,-0.6145324999999999,0.07120569,-0.20829529,0.6473690999999999,0.5154419,0.17001343,-0.4942627,0.036757827,0.20382091,0.4830644,0.46542358,0.42898559999999997,-0.6496582,0.11716311,-0.08414837,0.60281974,0.45281982,0.20861816,-0.82192993,0.16861503,0.09335931400000001,0.7191382,0.4491272,0.30725098,-0.8204651,0.19446255,-0.031137206,0.6897441999999999,0.45480347,0.2748413,-0.7409667999999999,0.21188779,-0.027534999,0.5785291,0.44223022,0.060272217,-0.9031676999999999,0.27539474,0.12360109999999999,0.68672496,检查1#变、2变、开闭所有进线、出线地刀在拉开位置。
0.48391724,0.27252197,-0.1701355,-0.03973098,0.2262902,0.44992042,0.6614074999999999,0.29260254,-0.20831299,-0.20867594,0.20283931,0.47548676,0.6953429999999999,0.5226135,-0.22399902,-0.24716054,-0.028373174,0.5045267999999999,0.64749146,0.65005493,-0.22424316,-0.2051888,-0.15545994,0.5176698,0.5635681,0.48449707000000003,-0.18344116,-0.12729353000000002,0.00896997,0.46640563,0.5333251999999999,0.3529663,-0.28625488,-0.10908133,0.13712177,0.56845045,0.47683716000000004,0.38650513000000003,-0.278656,-0.053455487,0.10443015,0.56507826,0.6701659999999999,0.50787354,-0.3128357,-0.24371696,-0.023184694000000002,0.5870852,0.5950012,0.26187134,-0.37268066,-0.14709385,0.21208706,0.5894054,0.48806763000000003,0.5133667,-0.45758057,-0.016672418,-0.061414905000000006,0.6196488,0.44281006,0.27178955,-0.52386475,0.049349084,0.15386999,0.6181013,0.52752686,0.13290405,-0.78848267,-0.015435263500000001,0.26690759999999997,0.8362108500000001,0.4595337,0.59884644,-0.6145324999999999,0.07120569,-0.20829529,0.6473690999999999,0.5154419,0.17001343,-0.4942627,0.036757827,0.20382091,0.4830644,0.46542358,0.42898559999999997,-0.6496582,0.11716311,-0.08414837,0.60281974,0.45281982,0.20861816,-0.82192993,0.16861503,0.09335931400000001,0.7191382,0.4491272,0.30725098,-0.8204651,0.19446255,-0.031137206,0.6897441999999999,0.45480347,0.2748413,-0.7409667999999999,0.21188779,-0.027534999,0.5785291,0.44223022,0.060272217,-0.9031676999999999,0.27539474,0.12360109999999999,0.68672496,0.49401855,-0.11218262,-0.9100952,0.24421428,0.27680182000000003,0.6778801999999999,检查1#变、2变、开闭所有进线、出线地刀在拉开位置。
0.6614074999999999,0.29260254,-0.20831299,-0.20867594,0.20283931,0.47548676,0.6953429999999999,0.5226135,-0.22399902,-0.24716054,-0.028373174,0.5045267999999999,0.64749146,0.65005493,-0.22424316,-0.2051888,-0.15545994,0.5176698,0.5635681,0.48449707000000003,-0.18344116,-0.12729353000000002,0.00896997,0.46640563,0.5333251999999999,0.3529663,-0.28625488,-0.10908133,0.13712177,0.56845045,0.47683716000000004,0.38650513000000003,-0.278656,-0.053455487,0.10443015,0.56507826,0.6701659999999999,0.50787354,-0.3128357,-0.24371696,-0.023184694000000002,0.5870852,0.5950012,0.26187134,-0.37268066,-0.14709385,0.21208706,0.5894054,0.48806763000000003,0.5133667,-0.45758057,-0.016672418,-0.061414905000000006,0.6196488,0.44281006,0.27178955,-0.52386475,0.049349084,0.15386999,0.6181013,0.52752686,0.13290405,-0.78848267,-0.015435263500000001,0.26690759999999997,0.8362108500000001,0.4595337,0.59884644,-0.6145324999999999,0.07120569,-0.20829529,0.6473690999999999,0.5154419,0.17001343,-0.4942627,0.036757827,0.20382091,0.4830644,0.46542358,0.42898559999999997,-0.6496582,0.11716311,-0.08414837,0.60281974,0.45281982,0.20861816,-0.82192993,0.16861503,0.09335931400000001,0.7191382,0.4491272,0.30725098,-0.8204651,0.19446255,-0.031137206,0.6897441999999999,0.45480347,0.2748413,-0.7409667999999999,0.21188779,-0.027534999,0.5785291,0.44223022,0.060272217,-0.9031676999999999,0.27539474,0.12360109999999999,0.68672496,0.49401855,-0.11218262,-0.9100952,0.24421428,0.27680182000000003,0.6778801999999999,0.36932373,0.07601929,-0.81832886,0.38684708,0.08004867,0.5812712999999999,检查1#变、2变、开闭所有进线、出线地刀在拉开位置。
0.6953429999999999,0.5226135,-0.22399902,-0.24716054,-0.028373174,0.5045267999999999,0.64749146,0.65005493,-0.22424316,-0.2051888,-0.15545994,0.5176698,0.5635681,0.48449707000000003,-0.18344116,-0.12729353000000002,0.00896997,0.46640563,0.5333251999999999,0.3529663,-0.28625488,-0.10908133,0.13712177,0.56845045,0.47683716000000004,0.38650513000000003,-0.278656,-0.053455487,0.10443015,0.56507826,0.6701659999999999,0.50787354,-0.3128357,-0.24371696,-0.023184694000000002,0.5870852,0.5950012,0.26187134,-0.37268066,-0.14709385,0.21208706,0.5894054,0.48806763000000003,0.5133667,-0.45758057,-0.016672418,-0.061414905000000006,0.6196488,0.44281006,0.27178955,-0.52386475,0.049349084,0.15386999,0.6181013,0.52752686,0.13290405,-0.78848267,-0.015435263500000001,0.26690759999999997,0.8362108500000001,0.4595337,0.59884644,-0.6145324999999999,0.07120569,-0.20829529,0.6473690999999999,0.5154419,0.17001343,-0.4942627,0.036757827,0.20382091,0.4830644,0.46542358,0.42898559999999997,-0.6496582,0.11716311,-0.08414837,0.60281974,0.45281982,0.20861816,-0.82192993,0.16861503,0.09335931400000001,0.7191382,0.4491272,0.30725098,-0.8204651,0.19446255,-0.031137206,0.6897441999999999,0.45480347,0.2748413,-0.7409667999999999,0.21188779,-0.027534999,0.5785291,0.44223022,0.060272217,-0.9031676999999999,0.27539474,0.12360109999999999,0.68672496,0.49401855,-0.11218262,-0.9100952,0.24421428,0.27680182000000003,0.6778801999999999,0.36932373,0.07601929,-0.81832886,0.38684708,0.08004867,0.5812712999999999,0.49407959999999995,0.009185791,-0.8686828600000001,0.26474708,0.1416744,0.6280946,检查1#变、2变、开闭所有进线、出线地刀在拉开位置。
0.64749146,0.65005493,-0.22424316,-0.2051888,-0.15545994,0.5176698,0.5635681,0.48449707000000003,-0.18344116,-0.12729353000000002,0.00896997,0.46640563,0.5333251999999999,0.3529663,-0.28625488,-0.10908133,0.13712177,0.56845045,0.47683716000000004,0.38650513000000003,-0.278656,-0.053455487,0.10443015,0.56507826,0.6701659999999999,0.50787354,-0.3128357,-0.24371696,-0.023184694000000002,0.5870852,0.5950012,0.26187134,-0.37268066,-0.14709385,0.21208706,0.5894054,0.48806763000000003,0.5133667,-0.45758057,-0.016672418,-0.061414905000000006,0.6196488,0.44281006,0.27178955,-0.52386475,0.049349084,0.15386999,0.6181013,0.52752686,0.13290405,-0.78848267,-0.015435263500000001,0.26690759999999997,0.8362108500000001,0.4595337,0.59884644,-0.6145324999999999,0.07120569,-0.20829529,0.6473690999999999,0.5154419,0.17001343,-0.4942627,0.036757827,0.20382091,0.4830644,0.46542358,0.42898559999999997,-0.6496582,0.11716311,-0.08414837,0.60281974,0.45281982,0.20861816,-0.82192993,0.16861503,0.09335931400000001,0.7191382,0.4491272,0.30725098,-0.8204651,0.19446255,-0.031137206,0.6897441999999999,0.45480347,0.2748413,-0.7409667999999999,0.21188779,-0.027534999,0.5785291,0.44223022,0.060272217,-0.9031676999999999,0.27539474,0.12360109999999999,0.68672496,0.49401855,-0.11218262,-0.9100952,0.24421428,0.27680182000000003,0.6778801999999999,0.36932373,0.07601929,-0.81832886,0.38684708,0.08004867,0.5812712999999999,0.49407959999999995,0.009185791,-0.8686828600000001,0.26474708,0.1416744,0.6280946,0.49407959999999995,0.009185791,-0.8686828600000001,0.26474708,0.1416744,0.6280946,检查1#变、2变、开闭所有进线、出线地刀在拉开位置。
0.5635681,0.48449707000000003,-0.18344116,-0.12729353000000002,0.00896997,0.46640563,0.5333251999999999,0.3529663,-0.28625488,-0.10908133,0.13712177,0.56845045,0.47683716000000004,0.38650513000000003,-0.278656,-0.053455487,0.10443015,0.56507826,0.6701659999999999,0.50787354,-0.3128357,-0.24371696,-0.023184694000000002,0.5870852,0.5950012,0.26187134,-0.37268066,-0.14709385,0.21208706,0.5894054,0.48806763000000003,0.5133667,-0.45758057,-0.016672418,-0.061414905000000006,0.6196488,0.44281006,0.27178955,-0.52386475,0.049349084,0.15386999,0.6181013,0.52752686,0.13290405,-0.78848267,-0.015435263500000001,0.26690759999999997,0.8362108500000001,0.4595337,0.59884644,-0.6145324999999999,0.07120569,-0.20829529,0.6473690999999999,0.5154419,0.17001343,-0.4942627,0.036757827,0.20382091,0.4830644,0.46542358,0.42898559999999997,-0.6496582,0.11716311,-0.08414837,0.60281974,0.45281982,0.20861816,-0.82192993,0.16861503,0.09335931400000001,0.7191382,0.4491272,0.30725098,-0.8204651,0.19446255,-0.031137206,0.6897441999999999,0.45480347,0.2748413,-0.7409667999999999,0.21188779,-0.027534999,0.5785291,0.44223022,0.060272217,-0.9031676999999999,0.27539474,0.12360109999999999,0.68672496,0.49401855,-0.11218262,-0.9100952,0.24421428,0.27680182000000003,0.6778801999999999,0.36932373,0.07601929,-0.81832886,0.38684708,0.08004867,0.5812712999999999,0.49407959999999995,0.009185791,-0.8686828600000001,0.26474708,0.1416744,0.6280946,0.49407959999999995,0.009185791,-0.8686828600000001,0.26474708,0.1416744,0.6280946,0.519104,0.04852295,-0.85317993,0.25828612,0.088544734,0.6044159,检查1#变、2变、开闭所有进线、出线地刀在拉开位置。
0.5333251999999999,0.3529663,-0.28625488,-0.10908133,0.13712177,0.56845045,0.47683716000000004,0.38650513000000003,-0.278656,-0.053455487,0.10443015,0.56507826,0.6701659999999999,0.50787354,-0.3128357,-0.24371696,-0.023184694000000002,0.5870852,0.5950012,0.26187134,-0.37268066,-0.14709385,0.21208706,0.5894054,0.48806763000000003,0.5133667,-0.45758057,-0.016672418,-0.061414905000000006,0.6196488,0.44281006,0.27178955,-0.52386475,0.049349084,0.15386999,0.6181013,0.52752686,0.13290405,-0.78848267,-0.015435263500000001,0.26690759999999997,0.8362108500000001,0.4595337,0.59884644,-0.6145324999999999,0.07120569,-0.20829529,0.6473690999999999,0.5154419,0.17001343,-0.4942627,0.036757827,0.20382091,0.4830644,0.46542358,0.42898559999999997,-0.6496582,0.11716311,-0.08414837,0.60281974,0.45281982,0.20861816,-0.82192993,0.16861503,0.09335931400000001,0.7191382,0.4491272,0.30725098,-0.8204651,0.19446255,-0.031137206,0.6897441999999999,0.45480347,0.2748413,-0.7409667999999999,0.21188779,-0.027534999,0.5785291,0.44223022,0.060272217,-0.9031676999999999,0.27539474,0.12360109999999999,0.68672496,0.49401855,-0.11218262,-0.9100952,0.24421428,0.27680182000000003,0.6778801999999999,0.36932373,0.07601929,-0.81832886,0.38684708,0.08004867,0.5812712999999999,0.49407959999999995,0.009185791,-0.8686828600000001,0.26474708,0.1416744,0.6280946,0.49407959999999995,0.009185791,-0.8686828600000001,0.26474708,0.1416744,0.6280946,0.519104,0.04852295,-0.85317993,0.25828612,0.088544734,0.6044159,0.53619385,0.009155273,-0.9224243,0.24951445,0.11832278,0.6687898600000001,检查1#变、2变、开闭所有进线、出线地刀在拉开位置。
0.47683716000000004,0.38650513000000003,-0.278656,-0.053455487,0.10443015,0.56507826,0.6701659999999999,0.50787354,-0.3128357,-0.24371696,-0.023184694000000002,0.5870852,0.5950012,0.26187134,-0.37268066,-0.14709385,0.21208706,0.5894054,0.48806763000000003,0.5133667,-0.45758057,-0.016672418,-0.061414905000000006,0.6196488,0.44281006,0.27178955,-0.52386475,0.049349084,0.15386999,0.6181013,0.52752686,0.13290405,-0.78848267,-0.015435263500000001,0.26690759999999997,0.8362108500000001,0.4595337,0.59884644,-0.6145324999999999,0.07120569,-0.20829529,0.6473690999999999,0.5154419,0.17001343,-0.4942627,0.036757827,0.20382091,0.4830644,0.46542358,0.42898559999999997,-0.6496582,0.11716311,-0.08414837,0.60281974,0.45281982,0.20861816,-0.82192993,0.16861503,0.09335931400000001,0.7191382,0.4491272,0.30725098,-0.8204651,0.19446255,-0.031137206,0.6897441999999999,0.45480347,0.2748413,-0.7409667999999999,0.21188779,-0.027534999,0.5785291,0.44223022,0.060272217,-0.9031676999999999,0.27539474,0.12360109999999999,0.68672496,0.49401855,-0.11218262,-0.9100952,0.24421428,0.27680182000000003,0.6778801999999999,0.36932373,0.07601929,-0.81832886,0.38684708,0.08004867,0.5812712999999999,0.49407959999999995,0.009185791,-0.8686828600000001,0.26474708,0.1416744,0.6280946,0.49407959999999995,0.009185791,-0.8686828600000001,0.26474708,0.1416744,0.6280946,0.519104,0.04852295,-0.85317993,0.25828612,0.088544734,0.6044159,0.53619385,0.009155273,-0.9224243,0.24951445,0.11832278,0.6687898600000001,0.5293884,0.01272583,-0.9573364,0.26224327000000003,0.10575725,0.69898224,检查1#变、2变、开闭所有进线、出线地刀在拉开位置。
0.6701659999999999,0.50787354,-0.3128357,-0.24371696,-0.023184694000000002,0.5870852,0.5950012,0.26187134,-0.37268066,-0.14709385,0.21208706,0.5894054,0.48806763000000003,0.5133667,-0.45758057,-0.016672418,-0.061414905000000006,0.6196488,0.44281006,0.27178955,-0.52386475,0.049349084,0.15386999,0.6181013,0.52752686,0.13290405,-0.78848267,-0.015435263500000001,0.26690759999999997,0.8362108500000001,0.4595337,0.59884644,-0.6145324999999999,0.07120569,-0.20829529,0.6473690999999999,0.5154419,0.17001343,-0.4942627,0.036757827,0.20382091,0.4830644,0.46542358,0.42898559999999997,-0.6496582,0.11716311,-0.08414837,0.60281974,0.45281982,0.20861816,-0.82192993,0.16861503,0.09335931400000001,0.7191382,0.4491272,0.30725098,-0.8204651,0.19446255,-0.031137206,0.6897441999999999,0.45480347,0.2748413,-0.7409667999999999,0.21188779,-0.027534999,0.5785291,0.44223022,0.060272217,-0.9031676999999999,0.27539474,0.12360109999999999,0.68672496,0.49401855,-0.11218262,-0.9100952,0.24421428,0.27680182000000003,0.6778801999999999,0.36932373,0.07601929,-0.81832886,0.38684708,0.08004867,0.5812712999999999,0.49407959999999995,0.009185791,-0.8686828600000001,0.26474708,0.1416744,0.6280946,0.49407959999999995,0.009185791,-0.8686828600000001,0.26474708,0.1416744,0.6280946,0.519104,0.04852295,-0.85317993,0.25828612,0.088544734,0.6044159,0.53619385,0.009155273,-0.9224243,0.24951445,0.11832278,0.6687898600000001,0.5293884,0.01272583,-0.9573364,0.26224327000000003,0.10575725,0.69898224,0.5702209500000001,0.11108398400000001,-0.8595581,0.23183642000000002,-0.018195204,0.58491355,检查1#变、2变、开闭所有进线、出线地刀在拉开位置。
0.5950012,0.26187134,-0.37268066,-0.14709385,0.21208706,0.5894054,0.48806763000000003,0.5133667,-0.45758057,-0.016672418,-0.061414905000000006,0.6196488,0.44281006,0.27178955,-0.52386475,0.049349084,0.15386999,0.6181013,0.52752686,0.13290405,-0.78848267,-0.015435263500000001,0.26690759999999997,0.8362108500000001,0.4595337,0.59884644,-0.6145324999999999,0.07120569,-0.20829529,0.6473690999999999,0.5154419,0.17001343,-0.4942627,0.036757827,0.20382091,0.4830644,0.46542358,0.42898559999999997,-0.6496582,0.11716311,-0.08414837,0.60281974,0.45281982,0.20861816,-0.82192993,0.16861503,0.09335931400000001,0.7191382,0.4491272,0.30725098,-0.8204651,0.19446255,-0.031137206,0.6897441999999999,0.45480347,0.2748413,-0.7409667999999999,0.21188779,-0.027534999,0.5785291,0.44223022,0.060272217,-0.9031676999999999,0.27539474,0.12360109999999999,0.68672496,0.49401855,-0.11218262,-0.9100952,0.24421428,0.27680182000000003,0.6778801999999999,0.36932373,0.07601929,-0.81832886,0.38684708,0.08004867,0.5812712999999999,0.49407959999999995,0.009185791,-0.8686828600000001,0.26474708,0.1416744,0.6280946,0.49407959999999995,0.009185791,-0.8686828600000001,0.26474708,0.1416744,0.6280946,0.519104,0.04852295,-0.85317993,0.25828612,0.088544734,0.6044159,0.53619385,0.009155273,-0.9224243,0.24951445,0.11832278,0.6687898600000001,0.5293884,0.01272583,-0.9573364,0.26224327000000003,0.10575725,0.69898224,0.5702209500000001,0.11108398400000001,-0.8595581,0.23183642000000002,-0.018195204,0.58491355,0.54470825,0.08871459999999999,-0.8955078,0.26624715,-0.023614176,0.605799,检查1#变、2变、开闭所有进线、出线地刀在拉开位置。
0.48806763000000003,0.5133667,-0.45758057,-0.016672418,-0.061414905000000006,0.6196488,0.44281006,0.27178955,-0.52386475,0.049349084,0.15386999,0.6181013,0.52752686,0.13290405,-0.78848267,-0.015435263500000001,0.26690759999999997,0.8362108500000001,0.4595337,0.59884644,-0.6145324999999999,0.07120569,-0.20829529,0.6473690999999999,0.5154419,0.17001343,-0.4942627,0.036757827,0.20382091,0.4830644,0.46542358,0.42898559999999997,-0.6496582,0.11716311,-0.08414837,0.60281974,0.45281982,0.20861816,-0.82192993,0.16861503,0.09335931400000001,0.7191382,0.4491272,0.30725098,-0.8204651,0.19446255,-0.031137206,0.6897441999999999,0.45480347,0.2748413,-0.7409667999999999,0.21188779,-0.027534999,0.5785291,0.44223022,0.060272217,-0.9031676999999999,0.27539474,0.12360109999999999,0.68672496,0.49401855,-0.11218262,-0.9100952,0.24421428,0.27680182000000003,0.6778801999999999,0.36932373,0.07601929,-0.81832886,0.38684708,0.08004867,0.5812712999999999,0.49407959999999995,0.009185791,-0.8686828600000001,0.26474708,0.1416744,0.6280946,0.49407959999999995,0.009185791,-0.8686828600000001,0.26474708,0.1416744,0.6280946,0.519104,0.04852295,-0.85317993,0.25828612,0.088544734,0.6044159,0.53619385,0.009155273,-0.9224243,0.24951445,0.11832278,0.6687898600000001,0.5293884,0.01272583,-0.9573364,0.26224327000000003,0.10575725,0.69898224,0.5702209500000001,0.11108398400000001,-0.8595581,0.23183642000000002,-0.018195204,0.58491355,0.54470825,0.08871459999999999,-0.8955078,0.26624715,-0.023614176,0.605799,0.52194214,-0.21420288,-0.7442626999999999,0.29020196,0.27402428,0.44700676,检查1#变、2变、开闭所有进线、出线地刀在拉开位置。
0.44281006,0.27178955,-0.52386475,0.049349084,0.15386999,0.6181013,0.52752686,0.13290405,-0.78848267,-0.015435263500000001,0.26690759999999997,0.8362108500000001,0.4595337,0.59884644,-0.6145324999999999,0.07120569,-0.20829529,0.6473690999999999,0.5154419,0.17001343,-0.4942627,0.036757827,0.20382091,0.4830644,0.46542358,0.42898559999999997,-0.6496582,0.11716311,-0.08414837,0.60281974,0.45281982,0.20861816,-0.82192993,0.16861503,0.09335931400000001,0.7191382,0.4491272,0.30725098,-0.8204651,0.19446255,-0.031137206,0.6897441999999999,0.45480347,0.2748413,-0.7409667999999999,0.21188779,-0.027534999,0.5785291,0.44223022,0.060272217,-0.9031676999999999,0.27539474,0.12360109999999999,0.68672496,0.49401855,-0.11218262,-0.9100952,0.24421428,0.27680182000000003,0.6778801999999999,0.36932373,0.07601929,-0.81832886,0.38684708,0.08004867,0.5812712999999999,0.49407959999999995,0.009185791,-0.8686828600000001,0.26474708,0.1416744,0.6280946,0.49407959999999995,0.009185791,-0.8686828600000001,0.26474708,0.1416744,0.6280946,0.519104,0.04852295,-0.85317993,0.25828612,0.088544734,0.6044159,0.53619385,0.009155273,-0.9224243,0.24951445,0.11832278,0.6687898600000001,0.5293884,0.01272583,-0.9573364,0.26224327000000003,0.10575725,0.69898224,0.5702209500000001,0.11108398400000001,-0.8595581,0.23183642000000002,-0.018195204,0.58491355,0.54470825,0.08871459999999999,-0.8955078,0.26624715,-0.023614176,0.605799,0.52194214,-0.21420288,-0.7442626999999999,0.29020196,0.27402428,0.44700676,0.5132445999999999,-0.025482178,-0.8391723600000001,0.30241573,0.07516104,0.5396823,检查1#变、2变、开闭所有进线、出线地刀在拉开位置。
0.52752686,0.13290405,-0.78848267,-0.015435263500000001,0.26690759999999997,0.8362108500000001,0.4595337,0.59884644,-0.6145324999999999,0.07120569,-0.20829529,0.6473690999999999,0.5154419,0.17001343,-0.4942627,0.036757827,0.20382091,0.4830644,0.46542358,0.42898559999999997,-0.6496582,0.11716311,-0.08414837,0.60281974,0.45281982,0.20861816,-0.82192993,0.16861503,0.09335931400000001,0.7191382,0.4491272,0.30725098,-0.8204651,0.19446255,-0.031137206,0.6897441999999999,0.45480347,0.2748413,-0.7409667999999999,0.21188779,-0.027534999,0.5785291,0.44223022,0.060272217,-0.9031676999999999,0.27539474,0.12360109999999999,0.68672496,0.49401855,-0.11218262,-0.9100952,0.24421428,0.27680182000000003,0.6778801999999999,0.36932373,0.07601929,-0.81832886,0.38684708,0.08004867,0.5812712999999999,0.49407959999999995,0.009185791,-0.8686828600000001,0.26474708,0.1416744,0.6280946,0.49407959999999995,0.009185791,-0.8686828600000001,0.26474708,0.1416744,0.6280946,0.519104,0.04852295,-0.85317993,0.25828612,0.088544734,0.6044159,0.53619385,0.009155273,-0.9224243,0.24951445,0.11832278,0.6687898600000001,0.5293884,0.01272583,-0.9573364,0.26224327000000003,0.10575725,0.69898224,0.5702209500000001,0.11108398400000001,-0.8595581,0.23183642000000002,-0.018195204,0.58491355,0.54470825,0.08871459999999999,-0.8955078,0.26624715,-0.023614176,0.605799,0.52194214,-0.21420288,-0.7442626999999999,0.29020196,0.27402428,0.44700676,0.5132445999999999,-0.025482178,-0.8391723600000001,0.30241573,0.07516104,0.5396823,0.5872803,-0.018585205,-0.9639892600000001,0.23362539999999998,0.06262097,0.66398525,检查1#变、2变、开闭所有进线、出线地刀在拉开位置。
0.4595337,0.59884644,-0.6145324999999999,0.07120569,-0.20829529,0.6473690999999999,0.5154419,0.17001343,-0.4942627,0.036757827,0.20382091,0.4830644,0.46542358,0.42898559999999997,-0.6496582,0.11716311,-0.08414837,0.60281974,0.45281982,0.20861816,-0.82192993,0.16861503,0.09335931400000001,0.7191382,0.4491272,0.30725098,-0.8204651,0.19446255,-0.031137206,0.6897441999999999,0.45480347,0.2748413,-0.7409667999999999,0.21188779,-0.027534999,0.5785291,0.44223022,0.060272217,-0.9031676999999999,0.27539474,0.12360109999999999,0.68672496,0.49401855,-0.11218262,-0.9100952,0.24421428,0.27680182000000003,0.6778801999999999,0.36932373,0.07601929,-0.81832886,0.38684708,0.08004867,0.5812712999999999,0.49407959999999995,0.009185791,-0.8686828600000001,0.26474708,0.1416744,0.6280946,0.49407959999999995,0.009185791,-0.8686828600000001,0.26474708,0.1416744,0.6280946,0.519104,0.04852295,-0.85317993,0.25828612,0.088544734,0.6044159,0.53619385,0.009155273,-0.9224243,0.24951445,0.11832278,0.6687898600000001,0.5293884,0.01272583,-0.9573364,0.26224327000000003,0.10575725,0.69898224,0.5702209500000001,0.11108398400000001,-0.8595581,0.23183642000000002,-0.018195204,0.58491355,0.54470825,0.08871459999999999,-0.8955078,0.26624715,-0.023614176,0.605799,0.52194214,-0.21420288,-0.7442626999999999,0.29020196,0.27402428,0.44700676,0.5132445999999999,-0.025482178,-0.8391723600000001,0.30241573,0.07516104,0.5396823,0.5872803,-0.018585205,-0.9639892600000001,0.23362539999999998,0.06262097,0.66398525,0.55096436,-0.038146973,-0.96868896,0.27741134,0.07785963,0.6674588300000001,检查1#变、2变、开闭所有进线、出线地刀在拉开位置。
0.5154419,0.17001343,-0.4942627,0.036757827,0.20382091,0.4830644,0.46542358,0.42898559999999997,-0.6496582,0.11716311,-0.08414837,0.60281974,0.45281982,0.20861816,-0.82192993,0.16861503,0.09335931400000001,0.7191382,0.4491272,0.30725098,-0.8204651,0.19446255,-0.031137206,0.6897441999999999,0.45480347,0.2748413,-0.7409667999999999,0.21188779,-0.027534999,0.5785291,0.44223022,0.060272217,-0.9031676999999999,0.27539474,0.12360109999999999,0.68672496,0.49401855,-0.11218262,-0.9100952,0.24421428,0.27680182000000003,0.6778801999999999,0.36932373,0.07601929,-0.81832886,0.38684708,0.08004867,0.5812712999999999,0.49407959999999995,0.009185791,-0.8686828600000001,0.26474708,0.1416744,0.6280946,0.49407959999999995,0.009185791,-0.8686828600000001,0.26474708,0.1416744,0.6280946,0.519104,0.04852295,-0.85317993,0.25828612,0.088544734,0.6044159,0.53619385,0.009155273,-0.9224243,0.24951445,0.11832278,0.6687898600000001,0.5293884,0.01272583,-0.9573364,0.26224327000000003,0.10575725,0.69898224,0.5702209500000001,0.11108398400000001,-0.8595581,0.23183642000000002,-0.018195204,0.58491355,0.54470825,0.08871459999999999,-0.8955078,0.26624715,-0.023614176,0.605799,0.52194214,-0.21420288,-0.7442626999999999,0.29020196,0.27402428,0.44700676,0.5132445999999999,-0.025482178,-0.8391723600000001,0.30241573,0.07516104,0.5396823,0.5872803,-0.018585205,-0.9639892600000001,0.23362539999999998,0.06262097,0.66398525,0.55096436,-0.038146973,-0.96868896,0.27741134,0.07785963,0.6674588300000001,0.44552612,-0.031799316,-1.098114,0.39542000000000005,0.059036,0.7946474,检查1#变、2变、开闭所有进线、出线地刀在拉开位置。
0.46542358,0.42898559999999997,-0.6496582,0.11716311,-0.08414837,0.60281974,0.45281982,0.20861816,-0.82192993,0.16861503,0.09335931400000001,0.7191382,0.4491272,0.30725098,-0.8204651,0.19446255,-0.031137206,0.6897441999999999,0.45480347,0.2748413,-0.7409667999999999,0.21188779,-0.027534999,0.5785291,0.44223022,0.060272217,-0.9031676999999999,0.27539474,0.12360109999999999,0.68672496,0.49401855,-0.11218262,-0.9100952,0.24421428,0.27680182000000003,0.6778801999999999,0.36932373,0.07601929,-0.81832886,0.38684708,0.08004867,0.5812712999999999,0.49407959999999995,0.009185791,-0.8686828600000001,0.26474708,0.1416744,0.6280946,0.49407959999999995,0.009185791,-0.8686828600000001,0.26474708,0.1416744,0.6280946,0.519104,0.04852295,-0.85317993,0.25828612,0.088544734,0.6044159,0.53619385,0.009155273,-0.9224243,0.24951445,0.11832278,0.6687898600000001,0.5293884,0.01272583,-0.9573364,0.26224327000000003,0.10575725,0.69898224,0.5702209500000001,0.11108398400000001,-0.8595581,0.23183642000000002,-0.018195204,0.58491355,0.54470825,0.08871459999999999,-0.8955078,0.26624715,-0.023614176,0.605799,0.52194214,-0.21420288,-0.7442626999999999,0.29020196,0.27402428,0.44700676,0.5132445999999999,-0.025482178,-0.8391723600000001,0.30241573,0.07516104,0.5396823,0.5872803,-0.018585205,-0.9639892600000001,0.23362539999999998,0.06262097,0.66398525,0.55096436,-0.038146973,-0.96868896,0.27741134,0.07785963,0.6674588300000001,0.44552612,-0.031799316,-1.098114,0.39542000000000005,0.059036,0.7946474,0.49331665,-0.08596802,-0.9892578,0.36129886,0.09952557000000001,0.6788006,检查1#变、2变、开闭所有进线、出线地刀在拉开位置。
0.45281982,0.20861816,-0.82192993,0.16861503,0.09335931400000001,0.7191382,0.4491272,0.30725098,-0.8204651,0.19446255,-0.031137206,0.6897441999999999,0.45480347,0.2748413,-0.7409667999999999,0.21188779,-0.027534999,0.5785291,0.44223022,0.060272217,-0.9031676999999999,0.27539474,0.12360109999999999,0.68672496,0.49401855,-0.11218262,-0.9100952,0.24421428,0.27680182000000003,0.6778801999999999,0.36932373,0.07601929,-0.81832886,0.38684708,0.08004867,0.5812712999999999,0.49407959999999995,0.009185791,-0.8686828600000001,0.26474708,0.1416744,0.6280946,0.49407959999999995,0.009185791,-0.8686828600000001,0.26474708,0.1416744,0.6280946,0.519104,0.04852295,-0.85317993,0.25828612,0.088544734,0.6044159,0.53619385,0.009155273,-0.9224243,0.24951445,0.11832278,0.6687898600000001,0.5293884,0.01272583,-0.9573364,0.26224327000000003,0.10575725,0.69898224,0.5702209500000001,0.11108398400000001,-0.8595581,0.23183642000000002,-0.018195204,0.58491355,0.54470825,0.08871459999999999,-0.8955078,0.26624715,-0.023614176,0.605799,0.52194214,-0.21420288,-0.7442626999999999,0.29020196,0.27402428,0.44700676,0.5132445999999999,-0.025482178,-0.8391723600000001,0.30241573,0.07516104,0.5396823,0.5872803,-0.018585205,-0.9639892600000001,0.23362539999999998,0.06262097,0.66398525,0.55096436,-0.038146973,-0.96868896,0.27741134,0.07785963,0.6674588300000001,0.44552612,-0.031799316,-1.098114,0.39542000000000005,0.059036,0.7946474,0.49331665,-0.08596802,-0.9892578,0.36129886,0.09952557000000001,0.6788006,0.49008179999999996,-0.060821533000000004,-0.9816894500000001,0.37337404,0.06418913,0.66778827,检查1#变、2变、开闭所有进线、出线地刀在拉开位置。
0.4491272,0.30725098,-0.8204651,0.19446255,-0.031137206,0.6897441999999999,0.45480347,0.2748413,-0.7409667999999999,0.21188779,-0.027534999,0.5785291,0.44223022,0.060272217,-0.9031676999999999,0.27539474,0.12360109999999999,0.68672496,0.49401855,-0.11218262,-0.9100952,0.24421428,0.27680182000000003,0.6778801999999999,0.36932373,0.07601929,-0.81832886,0.38684708,0.08004867,0.5812712999999999,0.49407959999999995,0.009185791,-0.8686828600000001,0.26474708,0.1416744,0.6280946,0.49407959999999995,0.009185791,-0.8686828600000001,0.26474708,0.1416744,0.6280946,0.519104,0.04852295,-0.85317993,0.25828612,0.088544734,0.6044159,0.53619385,0.009155273,-0.9224243,0.24951445,0.11832278,0.6687898600000001,0.5293884,0.01272583,-0.9573364,0.26224327000000003,0.10575725,0.69898224,0.5702209500000001,0.11108398400000001,-0.8595581,0.23183642000000002,-0.018195204,0.58491355,0.54470825,0.08871459999999999,-0.8955078,0.26624715,-0.023614176,0.605799,0.52194214,-0.21420288,-0.7442626999999999,0.29020196,0.27402428,0.44700676,0.5132445999999999,-0.025482178,-0.8391723600000001,0.30241573,0.07516104,0.5396823,0.5872803,-0.018585205,-0.9639892600000001,0.23362539999999998,0.06262097,0.66398525,0.55096436,-0.038146973,-0.96868896,0.27741134,0.07785963,0.6674588300000001,0.44552612,-0.031799316,-1.098114,0.39542000000000005,0.059036,0.7946474,0.49331665,-0.08596802,-0.9892578,0.36129886,0.09952557000000001,0.6788006,0.49008179999999996,-0.060821533000000004,-0.9816894500000001,0.37337404,0.06418913,0.66778827,0.49380493000000003,-0.16253662,-1.0036621,0.3816561,0.14458716,0.6816671999999999,检查1#变、2变、开闭所有进线、出线地刀在拉开位置。
0.45480347,0.2748413,-0.7409667999999999,0.21188779,-0.027534999,0.5785291,0.44223022,0.060272217,-0.9031676999999999,0.27539474,0.12360109999999999,0.68672496,0.49401855,-0.11218262,-0.9100952,0.24421428,0.27680182000000003,0.6778801999999999,0.36932373,0.07601929,-0.81832886,0.38684708,0.08004867,0.5812712999999999,0.49407959999999995,0.009185791,-0.8686828600000001,0.26474708,0.1416744,0.6280946,0.49407959999999995,0.009185791,-0.8686828600000001,0.26474708,0.1416744,0.6280946,0.519104,0.04852295,-0.85317993,0.25828612,0.088544734,0.6044159,0.53619385,0.009155273,-0.9224243,0.24951445,0.11832278,0.6687898600000001,0.5293884,0.01272583,-0.9573364,0.26224327000000003,0.10575725,0.69898224,0.5702209500000001,0.11108398400000001,-0.8595581,0.23183642000000002,-0.018195204,0.58491355,0.54470825,0.08871459999999999,-0.8955078,0.26624715,-0.023614176,0.605799,0.52194214,-0.21420288,-0.7442626999999999,0.29020196,0.27402428,0.44700676,0.5132445999999999,-0.025482178,-0.8391723600000001,0.30241573,0.07516104,0.5396823,0.5872803,-0.018585205,-0.9639892600000001,0.23362539999999998,0.06262097,0.66398525,0.55096436,-0.038146973,-0.96868896,0.27741134,0.07785963,0.6674588300000001,0.44552612,-0.031799316,-1.098114,0.39542000000000005,0.059036,0.7946474,0.49331665,-0.08596802,-0.9892578,0.36129886,0.09952557000000001,0.6788006,0.49008179999999996,-0.060821533000000004,-0.9816894500000001,0.37337404,0.06418913,0.66778827,0.49380493000000003,-0.16253662,-1.0036621,0.3816561,0.14458716,0.6816671999999999,0.6694030999999999,-0.2514038,-0.9772949,0.21451183000000001,0.21540377,0.6474308999999999,检查1#变、2变、开闭所有进线、出线地刀在拉开位置。
0.44223022,0.060272217,-0.9031676999999999,0.27539474,0.12360109999999999,0.68672496,0.49401855,-0.11218262,-0.9100952,0.24421428,0.27680182000000003,0.6778801999999999,0.36932373,0.07601929,-0.81832886,0.38684708,0.08004867,0.5812712999999999,0.49407959999999995,0.009185791,-0.8686828600000001,0.26474708,0.1416744,0.6280946,0.49407959999999995,0.009185791,-0.8686828600000001,0.26474708,0.1416744,0.6280946,0.519104,0.04852295,-0.85317993,0.25828612,0.088544734,0.6044159,0.53619385,0.009155273,-0.9224243,0.24951445,0.11832278,0.6687898600000001,0.5293884,0.01272583,-0.9573364,0.26224327000000003,0.10575725,0.69898224,0.5702209500000001,0.11108398400000001,-0.8595581,0.23183642000000002,-0.018195204,0.58491355,0.54470825,0.08871459999999999,-0.8955078,0.26624715,-0.023614176,0.605799,0.52194214,-0.21420288,-0.7442626999999999,0.29020196,0.27402428,0.44700676,0.5132445999999999,-0.025482178,-0.8391723600000001,0.30241573,0.07516104,0.5396823,0.5872803,-0.018585205,-0.9639892600000001,0.23362539999999998,0.06262097,0.66398525,0.55096436,-0.038146973,-0.96868896,0.27741134,0.07785963,0.6674588300000001,0.44552612,-0.031799316,-1.098114,0.39542000000000005,0.059036,0.7946474,0.49331665,-0.08596802,-0.9892578,0.36129886,0.09952557000000001,0.6788006,0.49008179999999996,-0.060821533000000004,-0.9816894500000001,0.37337404,0.06418913,0.66778827,0.49380493000000003,-0.16253662,-1.0036621,0.3816561,0.14458716,0.6816671999999999,0.6694030999999999,-0.2514038,-0.9772949,0.21451183000000001,0.21540377,0.6474308999999999,0.535553,-0.06283569,-0.9329223600000001,0.3544293,0.012058556000000002,0.59868574,检查1#变、2变、开闭所有进线、出线地刀在拉开位置。
0.49401855,-0.11218262,-0.9100952,0.24421428,0.27680182000000003,0.6778801999999999,0.36932373,0.07601929,-0.81832886,0.38684708,0.08004867,0.5812712999999999,0.49407959999999995,0.009185791,-0.8686828600000001,0.26474708,0.1416744,0.6280946,0.49407959999999995,0.009185791,-0.8686828600000001,0.26474708,0.1416744,0.6280946,0.519104,0.04852295,-0.85317993,0.25828612,0.088544734,0.6044159,0.53619385,0.009155273,-0.9224243,0.24951445,0.11832278,0.6687898600000001,0.5293884,0.01272583,-0.9573364,0.26224327000000003,0.10575725,0.69898224,0.5702209500000001,0.11108398400000001,-0.8595581,0.23183642000000002,-0.018195204,0.58491355,0.54470825,0.08871459999999999,-0.8955078,0.26624715,-0.023614176,0.605799,0.52194214,-0.21420288,-0.7442626999999999,0.29020196,0.27402428,0.44700676,0.5132445999999999,-0.025482178,-0.8391723600000001,0.30241573,0.07516104,0.5396823,0.5872803,-0.018585205,-0.9639892600000001,0.23362539999999998,0.06262097,0.66398525,0.55096436,-0.038146973,-0.96868896,0.27741134,0.07785963,0.6674588300000001,0.44552612,-0.031799316,-1.098114,0.39542000000000005,0.059036,0.7946474,0.49331665,-0.08596802,-0.9892578,0.36129886,0.09952557000000001,0.6788006,0.49008179999999996,-0.060821533000000004,-0.9816894500000001,0.37337404,0.06418913,0.66778827,0.49380493000000003,-0.16253662,-1.0036621,0.3816561,0.14458716,0.6816671999999999,0.6694030999999999,-0.2514038,-0.9772949,0.21451183000000001,0.21540377,0.6474308999999999,0.535553,-0.06283569,-0.9329223600000001,0.3544293,0.012058556000000002,0.59868574,0.37976074,1.875,-1.6763916,0.5447863,-2.075709,1.3150789999999999,检查1#变、2变、开闭所有进线、出线地刀在拉开位置。
0.36932373,0.07601929,-0.81832886,0.38684708,0.08004867,0.5812712999999999,0.49407959999999995,0.009185791,-0.8686828600000001,0.26474708,0.1416744,0.6280946,0.49407959999999995,0.009185791,-0.8686828600000001,0.26474708,0.1416744,0.6280946,0.519104,0.04852295,-0.85317993,0.25828612,0.088544734,0.6044159,0.53619385,0.009155273,-0.9224243,0.24951445,0.11832278,0.6687898600000001,0.5293884,0.01272583,-0.9573364,0.26224327000000003,0.10575725,0.69898224,0.5702209500000001,0.11108398400000001,-0.8595581,0.23183642000000002,-0.018195204,0.58491355,0.54470825,0.08871459999999999,-0.8955078,0.26624715,-0.023614176,0.605799,0.52194214,-0.21420288,-0.7442626999999999,0.29020196,0.27402428,0.44700676,0.5132445999999999,-0.025482178,-0.8391723600000001,0.30241573,0.07516104,0.5396823,0.5872803,-0.018585205,-0.9639892600000001,0.23362539999999998,0.06262097,0.66398525,0.55096436,-0.038146973,-0.96868896,0.27741134,0.07785963,0.6674588300000001,0.44552612,-0.031799316,-1.098114,0.39542000000000005,0.059036,0.7946474,0.49331665,-0.08596802,-0.9892578,0.36129886,0.09952557000000001,0.6788006,0.49008179999999996,-0.060821533000000004,-0.9816894500000001,0.37337404,0.06418913,0.66778827,0.49380493000000003,-0.16253662,-1.0036621,0.3816561,0.14458716,0.6816671999999999,0.6694030999999999,-0.2514038,-0.9772949,0.21451183000000001,0.21540377,0.6474308999999999,0.535553,-0.06283569,-0.9329223600000001,0.3544293,0.012058556000000002,0.59868574,0.37976074,1.875,-1.6763916,0.5447863,-2.075709,1.3150789999999999,0.41049194,-0.8458862300000001,-0.49536133,0.47659463,0.5661284999999999,0.09125382,检查1#变、2变、开闭所有进线、出线地刀在拉开位置。
0.49407959999999995,0.009185791,-0.8686828600000001,0.26474708,0.1416744,0.6280946,0.49407959999999995,0.009185791,-0.8686828600000001,0.26474708,0.1416744,0.6280946,0.519104,0.04852295,-0.85317993,0.25828612,0.088544734,0.6044159,0.53619385,0.009155273,-0.9224243,0.24951445,0.11832278,0.6687898600000001,0.5293884,0.01272583,-0.9573364,0.26224327000000003,0.10575725,0.69898224,0.5702209500000001,0.11108398400000001,-0.8595581,0.23183642000000002,-0.018195204,0.58491355,0.54470825,0.08871459999999999,-0.8955078,0.26624715,-0.023614176,0.605799,0.52194214,-0.21420288,-0.7442626999999999,0.29020196,0.27402428,0.44700676,0.5132445999999999,-0.025482178,-0.8391723600000001,0.30241573,0.07516104,0.5396823,0.5872803,-0.018585205,-0.9639892600000001,0.23362539999999998,0.06262097,0.66398525,0.55096436,-0.038146973,-0.96868896,0.27741134,0.07785963,0.6674588300000001,0.44552612,-0.031799316,-1.098114,0.39542000000000005,0.059036,0.7946474,0.49331665,-0.08596802,-0.9892578,0.36129886,0.09952557000000001,0.6788006,0.49008179999999996,-0.060821533000000004,-0.9816894500000001,0.37337404,0.06418913,0.66778827,0.49380493000000003,-0.16253662,-1.0036621,0.3816561,0.14458716,0.6816671999999999,0.6694030999999999,-0.2514038,-0.9772949,0.21451183000000001,0.21540377,0.6474308999999999,0.535553,-0.06283569,-0.9329223600000001,0.3544293,0.012058556000000002,0.59868574,0.37976074,1.875,-1.6763916,0.5447863,-2.075709,1.3150789999999999,0.41049194,-0.8458862300000001,-0.49536133,0.47659463,0.5661284999999999,0.09125382,0.31201172,-0.7687073,-1.1239624,0.519803,0.45553469999999996,0.7132495600000001,检查1#变、2变、开闭所有进线、出线地刀在拉开位置。
0.49407959999999995,0.009185791,-0.8686828600000001,0.26474708,0.1416744,0.6280946,0.519104,0.04852295,-0.85317993,0.25828612,0.088544734,0.6044159,0.53619385,0.009155273,-0.9224243,0.24951445,0.11832278,0.6687898600000001,0.5293884,0.01272583,-0.9573364,0.26224327000000003,0.10575725,0.69898224,0.5702209500000001,0.11108398400000001,-0.8595581,0.23183642000000002,-0.018195204,0.58491355,0.54470825,0.08871459999999999,-0.8955078,0.26624715,-0.023614176,0.605799,0.52194214,-0.21420288,-0.7442626999999999,0.29020196,0.27402428,0.44700676,0.5132445999999999,-0.025482178,-0.8391723600000001,0.30241573,0.07516104,0.5396823,0.5872803,-0.018585205,-0.9639892600000001,0.23362539999999998,0.06262097,0.66398525,0.55096436,-0.038146973,-0.96868896,0.27741134,0.07785963,0.6674588300000001,0.44552612,-0.031799316,-1.098114,0.39542000000000005,0.059036,0.7946474,0.49331665,-0.08596802,-0.9892578,0.36129886,0.09952557000000001,0.6788006,0.49008179999999996,-0.060821533000000004,-0.9816894500000001,0.37337404,0.06418913,0.66778827,0.49380493000000003,-0.16253662,-1.0036621,0.3816561,0.14458716,0.6816671999999999,0.6694030999999999,-0.2514038,-0.9772949,0.21451183000000001,0.21540377,0.6474308999999999,0.535553,-0.06283569,-0.9329223600000001,0.3544293,0.012058556000000002,0.59868574,0.37976074,1.875,-1.6763916,0.5447863,-2.075709,1.3150789999999999,0.41049194,-0.8458862300000001,-0.49536133,0.47659463,0.5661284999999999,0.09125382,0.31201172,-0.7687073,-1.1239624,0.519803,0.45553469999999996,0.7132495600000001,0.5155029,-0.5343628,-1.3039551,0.25528365000000003,0.17443466,0.88247454,检查1#变、2变、开闭所有进线、出线地刀在拉开位置。
0.519104,0.04852295,-0.85317993,0.25828612,0.088544734,0.6044159,0.53619385,0.009155273,-0.9224243,0.24951445,0.11832278,0.6687898600000001,0.5293884,0.01272583,-0.9573364,0.26224327000000003,0.10575725,0.69898224,0.5702209500000001,0.11108398400000001,-0.8595581,0.23183642000000002,-0.018195204,0.58491355,0.54470825,0.08871459999999999,-0.8955078,0.26624715,-0.023614176,0.605799,0.52194214,-0.21420288,-0.7442626999999999,0.29020196,0.27402428,0.44700676,0.5132445999999999,-0.025482178,-0.8391723600000001,0.30241573,0.07516104,0.5396823,0.5872803,-0.018585205,-0.9639892600000001,0.23362539999999998,0.06262097,0.66398525,0.55096436,-0.038146973,-0.96868896,0.27741134,0.07785963,0.6674588300000001,0.44552612,-0.031799316,-1.098114,0.39542000000000005,0.059036,0.7946474,0.49331665,-0.08596802,-0.9892578,0.36129886,0.09952557000000001,0.6788006,0.49008179999999996,-0.060821533000000004,-0.9816894500000001,0.37337404,0.06418913,0.66778827,0.49380493000000003,-0.16253662,-1.0036621,0.3816561,0.14458716,0.6816671999999999,0.6694030999999999,-0.2514038,-0.9772949,0.21451183000000001,0.21540377,0.6474308999999999,0.535553,-0.06283569,-0.9329223600000001,0.3544293,0.012058556000000002,0.59868574,0.37976074,1.875,-1.6763916,0.5447863,-2.075709,1.3150789999999999,0.41049194,-0.8458862300000001,-0.49536133,0.47659463,0.5661284999999999,0.09125382,0.31201172,-0.7687073,-1.1239624,0.519803,0.45553469999999996,0.7132495600000001,0.5155029,-0.5343628,-1.3039551,0.25528365000000003,0.17443466,0.88247454,0.37664795,-0.011291504,-0.84213257,0.36091506,-0.36935648,0.41588843000000003,检查1#变、2变、开闭所有进线、出线地刀在拉开位置。
0.53619385,0.009155273,-0.9224243,0.24951445,0.11832278,0.6687898600000001,0.5293884,0.01272583,-0.9573364,0.26224327000000003,0.10575725,0.69898224,0.5702209500000001,0.11108398400000001,-0.8595581,0.23183642000000002,-0.018195204,0.58491355,0.54470825,0.08871459999999999,-0.8955078,0.26624715,-0.023614176,0.605799,0.52194214,-0.21420288,-0.7442626999999999,0.29020196,0.27402428,0.44700676,0.5132445999999999,-0.025482178,-0.8391723600000001,0.30241573,0.07516104,0.5396823,0.5872803,-0.018585205,-0.9639892600000001,0.23362539999999998,0.06262097,0.66398525,0.55096436,-0.038146973,-0.96868896,0.27741134,0.07785963,0.6674588300000001,0.44552612,-0.031799316,-1.098114,0.39542000000000005,0.059036,0.7946474,0.49331665,-0.08596802,-0.9892578,0.36129886,0.09952557000000001,0.6788006,0.49008179999999996,-0.060821533000000004,-0.9816894500000001,0.37337404,0.06418913,0.66778827,0.49380493000000003,-0.16253662,-1.0036621,0.3816561,0.14458716,0.6816671999999999,0.6694030999999999,-0.2514038,-0.9772949,0.21451183000000001,0.21540377,0.6474308999999999,0.535553,-0.06283569,-0.9329223600000001,0.3544293,0.012058556000000002,0.59868574,0.37976074,1.875,-1.6763916,0.5447863,-2.075709,1.3150789999999999,0.41049194,-0.8458862300000001,-0.49536133,0.47659463,0.5661284999999999,0.09125382,0.31201172,-0.7687073,-1.1239624,0.519803,0.45553469999999996,0.7132495600000001,0.5155029,-0.5343628,-1.3039551,0.25528365000000003,0.17443466,0.88247454,0.37664795,-0.011291504,-0.84213257,0.36091506,-0.36935648,0.41588843000000003,0.23303223,-0.25427246,-1.0300598,0.46935815000000003,-0.14342394,0.6050508,检查1#变、2变、开闭所有进线、出线地刀在拉开位置。
0.5293884,0.01272583,-0.9573364,0.26224327000000003,0.10575725,0.69898224,0.5702209500000001,0.11108398400000001,-0.8595581,0.23183642000000002,-0.018195204,0.58491355,0.54470825,0.08871459999999999,-0.8955078,0.26624715,-0.023614176,0.605799,0.52194214,-0.21420288,-0.7442626999999999,0.29020196,0.27402428,0.44700676,0.5132445999999999,-0.025482178,-0.8391723600000001,0.30241573,0.07516104,0.5396823,0.5872803,-0.018585205,-0.9639892600000001,0.23362539999999998,0.06262097,0.66398525,0.55096436,-0.038146973,-0.96868896,0.27741134,0.07785963,0.6674588300000001,0.44552612,-0.031799316,-1.098114,0.39542000000000005,0.059036,0.7946474,0.49331665,-0.08596802,-0.9892578,0.36129886,0.09952557000000001,0.6788006,0.49008179999999996,-0.060821533000000004,-0.9816894500000001,0.37337404,0.06418913,0.66778827,0.49380493000000003,-0.16253662,-1.0036621,0.3816561,0.14458716,0.6816671999999999,0.6694030999999999,-0.2514038,-0.9772949,0.21451183000000001,0.21540377,0.6474308999999999,0.535553,-0.06283569,-0.9329223600000001,0.3544293,0.012058556000000002,0.59868574,0.37976074,1.875,-1.6763916,0.5447863,-2.075709,1.3150789999999999,0.41049194,-0.8458862300000001,-0.49536133,0.47659463,0.5661284999999999,0.09125382,0.31201172,-0.7687073,-1.1239624,0.519803,0.45553469999999996,0.7132495600000001,0.5155029,-0.5343628,-1.3039551,0.25528365000000003,0.17443466,0.88247454,0.37664795,-0.011291504,-0.84213257,0.36091506,-0.36935648,0.41588843000000003,0.23303223,-0.25427246,-1.0300598,0.46935815000000003,-0.14342394,0.6050508,0.20764159999999998,-0.61935425,-0.8109130999999999,0.44270796,0.26489514000000003,0.38716477,检查1#变、2变、开闭所有进线、出线地刀在拉开位置。
0.5702209500000001,0.11108398400000001,-0.8595581,0.23183642000000002,-0.018195204,0.58491355,0.54470825,0.08871459999999999,-0.8955078,0.26624715,-0.023614176,0.605799,0.52194214,-0.21420288,-0.7442626999999999,0.29020196,0.27402428,0.44700676,0.5132445999999999,-0.025482178,-0.8391723600000001,0.30241573,0.07516104,0.5396823,0.5872803,-0.018585205,-0.9639892600000001,0.23362539999999998,0.06262097,0.66398525,0.55096436,-0.038146973,-0.96868896,0.27741134,0.07785963,0.6674588300000001,0.44552612,-0.031799316,-1.098114,0.39542000000000005,0.059036,0.7946474,0.49331665,-0.08596802,-0.9892578,0.36129886,0.09952557000000001,0.6788006,0.49008179999999996,-0.060821533000000004,-0.9816894500000001,0.37337404,0.06418913,0.66778827,0.49380493000000003,-0.16253662,-1.0036621,0.3816561,0.14458716,0.6816671999999999,0.6694030999999999,-0.2514038,-0.9772949,0.21451183000000001,0.21540377,0.6474308999999999,0.535553,-0.06283569,-0.9329223600000001,0.3544293,0.012058556000000002,0.59868574,0.37976074,1.875,-1.6763916,0.5447863,-2.075709,1.3150789999999999,0.41049194,-0.8458862300000001,-0.49536133,0.47659463,0.5661284999999999,0.09125382,0.31201172,-0.7687073,-1.1239624,0.519803,0.45553469999999996,0.7132495600000001,0.5155029,-0.5343628,-1.3039551,0.25528365000000003,0.17443466,0.88247454,0.37664795,-0.011291504,-0.84213257,0.36091506,-0.36935648,0.41588843000000003,0.23303223,-0.25427246,-1.0300598,0.46935815000000003,-0.14342394,0.6050508,0.20764159999999998,-0.61935425,-0.8109130999999999,0.44270796,0.26489514000000003,0.38716477,0.4202881,0.28030396,-0.585083,0.20445262,-0.59777987,0.16474316,检查1#变、2变、开闭所有进线、出线地刀在拉开位置。
0.54470825,0.08871459999999999,-0.8955078,0.26624715,-0.023614176,0.605799,0.52194214,-0.21420288,-0.7442626999999999,0.29020196,0.27402428,0.44700676,0.5132445999999999,-0.025482178,-0.8391723600000001,0.30241573,0.07516104,0.5396823,0.5872803,-0.018585205,-0.9639892600000001,0.23362539999999998,0.06262097,0.66398525,0.55096436,-0.038146973,-0.96868896,0.27741134,0.07785963,0.6674588300000001,0.44552612,-0.031799316,-1.098114,0.39542000000000005,0.059036,0.7946474,0.49331665,-0.08596802,-0.9892578,0.36129886,0.09952557000000001,0.6788006,0.49008179999999996,-0.060821533000000004,-0.9816894500000001,0.37337404,0.06418913,0.66778827,0.49380493000000003,-0.16253662,-1.0036621,0.3816561,0.14458716,0.6816671999999999,0.6694030999999999,-0.2514038,-0.9772949,0.21451183000000001,0.21540377,0.6474308999999999,0.535553,-0.06283569,-0.9329223600000001,0.3544293,0.012058556000000002,0.59868574,0.37976074,1.875,-1.6763916,0.5447863,-2.075709,1.3150789999999999,0.41049194,-0.8458862300000001,-0.49536133,0.47659463,0.5661284999999999,0.09125382,0.31201172,-0.7687073,-1.1239624,0.519803,0.45553469999999996,0.7132495600000001,0.5155029,-0.5343628,-1.3039551,0.25528365000000003,0.17443466,0.88247454,0.37664795,-0.011291504,-0.84213257,0.36091506,-0.36935648,0.41588843000000003,0.23303223,-0.25427246,-1.0300598,0.46935815000000003,-0.14342394,0.6050508,0.20764159999999998,-0.61935425,-0.8109130999999999,0.44270796,0.26489514000000003,0.38716477,0.4202881,0.28030396,-0.585083,0.20445262,-0.59777987,0.16474316,0.35690308,-0.50790405,-0.60150146,0.25721264,0.24386102,0.18723059,检查1#变、2变、开闭所有进线、出线地刀在拉开位置。
0.52194214,-0.21420288,-0.7442626999999999,0.29020196,0.27402428,0.44700676,0.5132445999999999,-0.025482178,-0.8391723600000001,0.30241573,0.07516104,0.5396823,0.5872803,-0.018585205,-0.9639892600000001,0.23362539999999998,0.06262097,0.66398525,0.55096436,-0.038146973,-0.96868896,0.27741134,0.07785963,0.6674588300000001,0.44552612,-0.031799316,-1.098114,0.39542000000000005,0.059036,0.7946474,0.49331665,-0.08596802,-0.9892578,0.36129886,0.09952557000000001,0.6788006,0.49008179999999996,-0.060821533000000004,-0.9816894500000001,0.37337404,0.06418913,0.66778827,0.49380493000000003,-0.16253662,-1.0036621,0.3816561,0.14458716,0.6816671999999999,0.6694030999999999,-0.2514038,-0.9772949,0.21451183000000001,0.21540377,0.6474308999999999,0.535553,-0.06283569,-0.9329223600000001,0.3544293,0.012058556000000002,0.59868574,0.37976074,1.875,-1.6763916,0.5447863,-2.075709,1.3150789999999999,0.41049194,-0.8458862300000001,-0.49536133,0.47659463,0.5661284999999999,0.09125382,0.31201172,-0.7687073,-1.1239624,0.519803,0.45553469999999996,0.7132495600000001,0.5155029,-0.5343628,-1.3039551,0.25528365000000003,0.17443466,0.88247454,0.37664795,-0.011291504,-0.84213257,0.36091506,-0.36935648,0.41588843000000003,0.23303223,-0.25427246,-1.0300598,0.46935815000000003,-0.14342394,0.6050508,0.20764159999999998,-0.61935425,-0.8109130999999999,0.44270796,0.26489514000000003,0.38716477,0.4202881,0.28030396,-0.585083,0.20445262,-0.59777987,0.16474316,0.35690308,-0.50790405,-0.60150146,0.25721264,0.24386102,0.18723059,0.32455444,-0.21844482,-0.8623046999999999,0.30480164,0.055436246,0.47263145,检查1#变、2变、开闭所有进线、出线地刀在拉开位置。
0.5132445999999999,-0.025482178,-0.8391723600000001,0.30241573,0.07516104,0.5396823,0.5872803,-0.018585205,-0.9639892600000001,0.23362539999999998,0.06262097,0.66398525,0.55096436,-0.038146973,-0.96868896,0.27741134,0.07785963,0.6674588300000001,0.44552612,-0.031799316,-1.098114,0.39542000000000005,0.059036,0.7946474,0.49331665,-0.08596802,-0.9892578,0.36129886,0.09952557000000001,0.6788006,0.49008179999999996,-0.060821533000000004,-0.9816894500000001,0.37337404,0.06418913,0.66778827,0.49380493000000003,-0.16253662,-1.0036621,0.3816561,0.14458716,0.6816671999999999,0.6694030999999999,-0.2514038,-0.9772949,0.21451183000000001,0.21540377,0.6474308999999999,0.535553,-0.06283569,-0.9329223600000001,0.3544293,0.012058556000000002,0.59868574,0.37976074,1.875,-1.6763916,0.5447863,-2.075709,1.3150789999999999,0.41049194,-0.8458862300000001,-0.49536133,0.47659463,0.5661284999999999,0.09125382,0.31201172,-0.7687073,-1.1239624,0.519803,0.45553469999999996,0.7132495600000001,0.5155029,-0.5343628,-1.3039551,0.25528365000000003,0.17443466,0.88247454,0.37664795,-0.011291504,-0.84213257,0.36091506,-0.36935648,0.41588843000000003,0.23303223,-0.25427246,-1.0300598,0.46935815000000003,-0.14342394,0.6050508,0.20764159999999998,-0.61935425,-0.8109130999999999,0.44270796,0.26489514000000003,0.38716477,0.4202881,0.28030396,-0.585083,0.20445262,-0.59777987,0.16474316,0.35690308,-0.50790405,-0.60150146,0.25721264,0.24386102,0.18723059,0.32455444,-0.21844482,-0.8623046999999999,0.30480164,0.055436246,0.47263145,0.31079102000000003,-0.18627929999999998,-0.66882324,0.33497185,0.16809192,0.32752147,检查1#变、2变、开闭所有进线、出线地刀在拉开位置。
0.5872803,-0.018585205,-0.9639892600000001,0.23362539999999998,0.06262097,0.66398525,0.55096436,-0.038146973,-0.96868896,0.27741134,0.07785963,0.6674588300000001,0.44552612,-0.031799316,-1.098114,0.39542000000000005,0.059036,0.7946474,0.49331665,-0.08596802,-0.9892578,0.36129886,0.09952557000000001,0.6788006,0.49008179999999996,-0.060821533000000004,-0.9816894500000001,0.37337404,0.06418913,0.66778827,0.49380493000000003,-0.16253662,-1.0036621,0.3816561,0.14458716,0.6816671999999999,0.6694030999999999,-0.2514038,-0.9772949,0.21451183000000001,0.21540377,0.6474308999999999,0.535553,-0.06283569,-0.9329223600000001,0.3544293,0.012058556000000002,0.59868574,0.37976074,1.875,-1.6763916,0.5447863,-2.075709,1.3150789999999999,0.41049194,-0.8458862300000001,-0.49536133,0.47659463,0.5661284999999999,0.09125382,0.31201172,-0.7687073,-1.1239624,0.519803,0.45553469999999996,0.7132495600000001,0.5155029,-0.5343628,-1.3039551,0.25528365000000003,0.17443466,0.88247454,0.37664795,-0.011291504,-0.84213257,0.36091506,-0.36935648,0.41588843000000003,0.23303223,-0.25427246,-1.0300598,0.46935815000000003,-0.14342394,0.6050508,0.20764159999999998,-0.61935425,-0.8109130999999999,0.44270796,0.26489514000000003,0.38716477,0.4202881,0.28030396,-0.585083,0.20445262,-0.59777987,0.16474316,0.35690308,-0.50790405,-0.60150146,0.25721264,0.24386102,0.18723059,0.32455444,-0.21844482,-0.8623046999999999,0.30480164,0.055436246,0.47263145,0.31079102000000003,-0.18627929999999998,-0.66882324,0.33497185,0.16809192,0.32752147,0.7013855,0.25299072,-0.53634644,-0.05038397,-0.1178134,0.28021443,检查1#变、2变、开闭所有进线、出线地刀在拉开位置。
0.55096436,-0.038146973,-0.96868896,0.27741134,0.07785963,0.6674588300000001,0.44552612,-0.031799316,-1.098114,0.39542000000000005,0.059036,0.7946474,0.49331665,-0.08596802,-0.9892578,0.36129886,0.09952557000000001,0.6788006,0.49008179999999996,-0.060821533000000004,-0.9816894500000001,0.37337404,0.06418913,0.66778827,0.49380493000000003,-0.16253662,-1.0036621,0.3816561,0.14458716,0.6816671999999999,0.6694030999999999,-0.2514038,-0.9772949,0.21451183000000001,0.21540377,0.6474308999999999,0.535553,-0.06283569,-0.9329223600000001,0.3544293,0.012058556000000002,0.59868574,0.37976074,1.875,-1.6763916,0.5447863,-2.075709,1.3150789999999999,0.41049194,-0.8458862300000001,-0.49536133,0.47659463,0.5661284999999999,0.09125382,0.31201172,-0.7687073,-1.1239624,0.519803,0.45553469999999996,0.7132495600000001,0.5155029,-0.5343628,-1.3039551,0.25528365000000003,0.17443466,0.88247454,0.37664795,-0.011291504,-0.84213257,0.36091506,-0.36935648,0.41588843000000003,0.23303223,-0.25427246,-1.0300598,0.46935815000000003,-0.14342394,0.6050508,0.20764159999999998,-0.61935425,-0.8109130999999999,0.44270796,0.26489514000000003,0.38716477,0.4202881,0.28030396,-0.585083,0.20445262,-0.59777987,0.16474316,0.35690308,-0.50790405,-0.60150146,0.25721264,0.24386102,0.18723059,0.32455444,-0.21844482,-0.8623046999999999,0.30480164,0.055436246,0.47263145,0.31079102000000003,-0.18627929999999998,-0.66882324,0.33497185,0.16809192,0.32752147,0.7013855,0.25299072,-0.53634644,-0.05038397,-0.1178134,0.28021443,0.61920166,0.5352477999999999,-0.7977905,0.008659184,-0.30344027,0.62877196,检查1#变、2变、开闭所有进线、出线地刀在拉开位置。
0.44552612,-0.031799316,-1.098114,0.39542000000000005,0.059036,0.7946474,0.49331665,-0.08596802,-0.9892578,0.36129886,0.09952557000000001,0.6788006,0.49008179999999996,-0.060821533000000004,-0.9816894500000001,0.37337404,0.06418913,0.66778827,0.49380493000000003,-0.16253662,-1.0036621,0.3816561,0.14458716,0.6816671999999999,0.6694030999999999,-0.2514038,-0.9772949,0.21451183000000001,0.21540377,0.6474308999999999,0.535553,-0.06283569,-0.9329223600000001,0.3544293,0.012058556000000002,0.59868574,0.37976074,1.875,-1.6763916,0.5447863,-2.075709,1.3150789999999999,0.41049194,-0.8458862300000001,-0.49536133,0.47659463,0.5661284999999999,0.09125382,0.31201172,-0.7687073,-1.1239624,0.519803,0.45553469999999996,0.7132495600000001,0.5155029,-0.5343628,-1.3039551,0.25528365000000003,0.17443466,0.88247454,0.37664795,-0.011291504,-0.84213257,0.36091506,-0.36935648,0.41588843000000003,0.23303223,-0.25427246,-1.0300598,0.46935815000000003,-0.14342394,0.6050508,0.20764159999999998,-0.61935425,-0.8109130999999999,0.44270796,0.26489514000000003,0.38716477,0.4202881,0.28030396,-0.585083,0.20445262,-0.59777987,0.16474316,0.35690308,-0.50790405,-0.60150146,0.25721264,0.24386102,0.18723059,0.32455444,-0.21844482,-0.8623046999999999,0.30480164,0.055436246,0.47263145,0.31079102000000003,-0.18627929999999998,-0.66882324,0.33497185,0.16809192,0.32752147,0.7013855,0.25299072,-0.53634644,-0.05038397,-0.1178134,0.28021443,0.61920166,0.5352477999999999,-0.7977905,0.008659184,-0.30344027,0.62877196,0.36932373,0.48992919999999995,-0.98391724,0.2562868,-0.26968533,0.80869955,检查1#变、2变、开闭所有进线、出线地刀在拉开位置。
0.49331665,-0.08596802,-0.9892578,0.36129886,0.09952557000000001,0.6788006,0.49008179999999996,-0.060821533000000004,-0.9816894500000001,0.37337404,0.06418913,0.66778827,0.49380493000000003,-0.16253662,-1.0036621,0.3816561,0.14458716,0.6816671999999999,0.6694030999999999,-0.2514038,-0.9772949,0.21451183000000001,0.21540377,0.6474308999999999,0.535553,-0.06283569,-0.9329223600000001,0.3544293,0.012058556000000002,0.59868574,0.37976074,1.875,-1.6763916,0.5447863,-2.075709,1.3150789999999999,0.41049194,-0.8458862300000001,-0.49536133,0.47659463,0.5661284999999999,0.09125382,0.31201172,-0.7687073,-1.1239624,0.519803,0.45553469999999996,0.7132495600000001,0.5155029,-0.5343628,-1.3039551,0.25528365000000003,0.17443466,0.88247454,0.37664795,-0.011291504,-0.84213257,0.36091506,-0.36935648,0.41588843000000003,0.23303223,-0.25427246,-1.0300598,0.46935815000000003,-0.14342394,0.6050508,0.20764159999999998,-0.61935425,-0.8109130999999999,0.44270796,0.26489514000000003,0.38716477,0.4202881,0.28030396,-0.585083,0.20445262,-0.59777987,0.16474316,0.35690308,-0.50790405,-0.60150146,0.25721264,0.24386102,0.18723059,0.32455444,-0.21844482,-0.8623046999999999,0.30480164,0.055436246,0.47263145,0.31079102000000003,-0.18627929999999998,-0.66882324,0.33497185,0.16809192,0.32752147,0.7013855,0.25299072,-0.53634644,-0.05038397,-0.1178134,0.28021443,0.61920166,0.5352477999999999,-0.7977905,0.008659184,-0.30344027,0.62877196,0.36932373,0.48992919999999995,-0.98391724,0.2562868,-0.26968533,0.80869955,0.5485229500000001,-0.06967163,-0.7185973999999999,0.08439644,0.18983709999999998,0.45408714,检查1#变、2变、开闭所有进线、出线地刀在拉开位置。
0.49008179999999996,-0.060821533000000004,-0.9816894500000001,0.37337404,0.06418913,0.66778827,0.49380493000000003,-0.16253662,-1.0036621,0.3816561,0.14458716,0.6816671999999999,0.6694030999999999,-0.2514038,-0.9772949,0.21451183000000001,0.21540377,0.6474308999999999,0.535553,-0.06283569,-0.9329223600000001,0.3544293,0.012058556000000002,0.59868574,0.37976074,1.875,-1.6763916,0.5447863,-2.075709,1.3150789999999999,0.41049194,-0.8458862300000001,-0.49536133,0.47659463,0.5661284999999999,0.09125382,0.31201172,-0.7687073,-1.1239624,0.519803,0.45553469999999996,0.7132495600000001,0.5155029,-0.5343628,-1.3039551,0.25528365000000003,0.17443466,0.88247454,0.37664795,-0.011291504,-0.84213257,0.36091506,-0.36935648,0.41588843000000003,0.23303223,-0.25427246,-1.0300598,0.46935815000000003,-0.14342394,0.6050508,0.20764159999999998,-0.61935425,-0.8109130999999999,0.44270796,0.26489514000000003,0.38716477,0.4202881,0.28030396,-0.585083,0.20445262,-0.59777987,0.16474316,0.35690308,-0.50790405,-0.60150146,0.25721264,0.24386102,0.18723059,0.32455444,-0.21844482,-0.8623046999999999,0.30480164,0.055436246,0.47263145,0.31079102000000003,-0.18627929999999998,-0.66882324,0.33497185,0.16809192,0.32752147,0.7013855,0.25299072,-0.53634644,-0.05038397,-0.1178134,0.28021443,0.61920166,0.5352477999999999,-0.7977905,0.008659184,-0.30344027,0.62877196,0.36932373,0.48992919999999995,-0.98391724,0.2562868,-0.26968533,0.80869955,0.5485229500000001,-0.06967163,-0.7185973999999999,0.08439644,0.18983709999999998,0.45408714,0.38989258,-0.29336548,-0.6340026999999999,0.24229877,0.3547511,0.33122924,检查1#变、2变、开闭所有进线、出线地刀在拉开位置。
0.49380493000000003,-0.16253662,-1.0036621,0.3816561,0.14458716,0.6816671999999999,0.6694030999999999,-0.2514038,-0.9772949,0.21451183000000001,0.21540377,0.6474308999999999,0.535553,-0.06283569,-0.9329223600000001,0.3544293,0.012058556000000002,0.59868574,0.37976074,1.875,-1.6763916,0.5447863,-2.075709,1.3150789999999999,0.41049194,-0.8458862300000001,-0.49536133,0.47659463,0.5661284999999999,0.09125382,0.31201172,-0.7687073,-1.1239624,0.519803,0.45553469999999996,0.7132495600000001,0.5155029,-0.5343628,-1.3039551,0.25528365000000003,0.17443466,0.88247454,0.37664795,-0.011291504,-0.84213257,0.36091506,-0.36935648,0.41588843000000003,0.23303223,-0.25427246,-1.0300598,0.46935815000000003,-0.14342394,0.6050508,0.20764159999999998,-0.61935425,-0.8109130999999999,0.44270796,0.26489514000000003,0.38716477,0.4202881,0.28030396,-0.585083,0.20445262,-0.59777987,0.16474316,0.35690308,-0.50790405,-0.60150146,0.25721264,0.24386102,0.18723059,0.32455444,-0.21844482,-0.8623046999999999,0.30480164,0.055436246,0.47263145,0.31079102000000003,-0.18627929999999998,-0.66882324,0.33497185,0.16809192,0.32752147,0.7013855,0.25299072,-0.53634644,-0.05038397,-0.1178134,0.28021443,0.61920166,0.5352477999999999,-0.7977905,0.008659184,-0.30344027,0.62877196,0.36932373,0.48992919999999995,-0.98391724,0.2562868,-0.26968533,0.80869955,0.5485229500000001,-0.06967163,-0.7185973999999999,0.08439644,0.18983709999999998,0.45408714,0.38989258,-0.29336548,-0.6340026999999999,0.24229877,0.3547511,0.33122924,-0.06365967,0.10287475600000001,-0.79397583,0.6988137999999999,-0.037484705,0.5019136,检查1#变、2变、开闭所有进线、出线地刀在拉开位置。
0.6694030999999999,-0.2514038,-0.9772949,0.21451183000000001,0.21540377,0.6474308999999999,0.535553,-0.06283569,-0.9329223600000001,0.3544293,0.012058556000000002,0.59868574,0.37976074,1.875,-1.6763916,0.5447863,-2.075709,1.3150789999999999,0.41049194,-0.8458862300000001,-0.49536133,0.47659463,0.5661284999999999,0.09125382,0.31201172,-0.7687073,-1.1239624,0.519803,0.45553469999999996,0.7132495600000001,0.5155029,-0.5343628,-1.3039551,0.25528365000000003,0.17443466,0.88247454,0.37664795,-0.011291504,-0.84213257,0.36091506,-0.36935648,0.41588843000000003,0.23303223,-0.25427246,-1.0300598,0.46935815000000003,-0.14342394,0.6050508,0.20764159999999998,-0.61935425,-0.8109130999999999,0.44270796,0.26489514000000003,0.38716477,0.4202881,0.28030396,-0.585083,0.20445262,-0.59777987,0.16474316,0.35690308,-0.50790405,-0.60150146,0.25721264,0.24386102,0.18723059,0.32455444,-0.21844482,-0.8623046999999999,0.30480164,0.055436246,0.47263145,0.31079102000000003,-0.18627929999999998,-0.66882324,0.33497185,0.16809192,0.32752147,0.7013855,0.25299072,-0.53634644,-0.05038397,-0.1178134,0.28021443,0.61920166,0.5352477999999999,-0.7977905,0.008659184,-0.30344027,0.62877196,0.36932373,0.48992919999999995,-0.98391724,0.2562868,-0.26968533,0.80869955,0.5485229500000001,-0.06967163,-0.7185973999999999,0.08439644,0.18983709999999998,0.45408714,0.38989258,-0.29336548,-0.6340026999999999,0.24229877,0.3547511,0.33122924,-0.06365967,0.10287475600000001,-0.79397583,0.6988137999999999,-0.037484705,0.5019136,0.38198853,-0.2338562,-1.1653137,0.2727791,0.26813105,0.8552318999999999,检查1#变、2变、开闭所有进线、出线地刀在拉开位置。
0.535553,-0.06283569,-0.9329223600000001,0.3544293,0.012058556000000002,0.59868574,0.37976074,1.875,-1.6763916,0.5447863,-2.075709,1.3150789999999999,0.41049194,-0.8458862300000001,-0.49536133,0.47659463,0.5661284999999999,0.09125382,0.31201172,-0.7687073,-1.1239624,0.519803,0.45553469999999996,0.7132495600000001,0.5155029,-0.5343628,-1.3039551,0.25528365000000003,0.17443466,0.88247454,0.37664795,-0.011291504,-0.84213257,0.36091506,-0.36935648,0.41588843000000003,0.23303223,-0.25427246,-1.0300598,0.46935815000000003,-0.14342394,0.6050508,0.20764159999999998,-0.61935425,-0.8109130999999999,0.44270796,0.26489514000000003,0.38716477,0.4202881,0.28030396,-0.585083,0.20445262,-0.59777987,0.16474316,0.35690308,-0.50790405,-0.60150146,0.25721264,0.24386102,0.18723059,0.32455444,-0.21844482,-0.8623046999999999,0.30480164,0.055436246,0.47263145,0.31079102000000003,-0.18627929999999998,-0.66882324,0.33497185,0.16809192,0.32752147,0.7013855,0.25299072,-0.53634644,-0.05038397,-0.1178134,0.28021443,0.61920166,0.5352477999999999,-0.7977905,0.008659184,-0.30344027,0.62877196,0.36932373,0.48992919999999995,-0.98391724,0.2562868,-0.26968533,0.80869955,0.5485229500000001,-0.06967163,-0.7185973999999999,0.08439644,0.18983709999999998,0.45408714,0.38989258,-0.29336548,-0.6340026999999999,0.24229877,0.3547511,0.33122924,-0.06365967,0.10287475600000001,-0.79397583,0.6988137999999999,-0.037484705,0.5019136,0.38198853,-0.2338562,-1.1653137,0.2727791,0.26813105,0.8552318999999999,0.37249756,-0.5749816999999999,-1.0425415,0.2909602,0.6007538,0.7230717999999999,检查1#变、2变、开闭所有进线、出线地刀在拉开位置。
0.37976074,1.875,-1.6763916,0.5447863,-2.075709,1.3150789999999999,0.41049194,-0.8458862300000001,-0.49536133,0.47659463,0.5661284999999999,0.09125382,0.31201172,-0.7687073,-1.1239624,0.519803,0.45553469999999996,0.7132495600000001,0.5155029,-0.5343628,-1.3039551,0.25528365000000003,0.17443466,0.88247454,0.37664795,-0.011291504,-0.84213257,0.36091506,-0.36935648,0.41588843000000003,0.23303223,-0.25427246,-1.0300598,0.46935815000000003,-0.14342394,0.6050508,0.20764159999999998,-0.61935425,-0.8109130999999999,0.44270796,0.26489514000000003,0.38716477,0.4202881,0.28030396,-0.585083,0.20445262,-0.59777987,0.16474316,0.35690308,-0.50790405,-0.60150146,0.25721264,0.24386102,0.18723059,0.32455444,-0.21844482,-0.8623046999999999,0.30480164,0.055436246,0.47263145,0.31079102000000003,-0.18627929999999998,-0.66882324,0.33497185,0.16809192,0.32752147,0.7013855,0.25299072,-0.53634644,-0.05038397,-0.1178134,0.28021443,0.61920166,0.5352477999999999,-0.7977905,0.008659184,-0.30344027,0.62877196,0.36932373,0.48992919999999995,-0.98391724,0.2562868,-0.26968533,0.80869955,0.5485229500000001,-0.06967163,-0.7185973999999999,0.08439644,0.18983709999999998,0.45408714,0.38989258,-0.29336548,-0.6340026999999999,0.24229877,0.3547511,0.33122924,-0.06365967,0.10287475600000001,-0.79397583,0.6988137999999999,-0.037484705,0.5019136,0.38198853,-0.2338562,-1.1653137,0.2727791,0.26813105,0.8552318999999999,0.37249756,-0.5749816999999999,-1.0425415,0.2909602,0.6007538,0.7230717999999999,0.2972412,-0.021514893,-1.0923462,0.37887937,0.050990045000000005,0.7800083,检查1#变、2变、开闭所有进线、出线地刀在拉开位置。
0.41049194,-0.8458862300000001,-0.49536133,0.47659463,0.5661284999999999,0.09125382,0.31201172,-0.7687073,-1.1239624,0.519803,0.45553469999999996,0.7132495600000001,0.5155029,-0.5343628,-1.3039551,0.25528365000000003,0.17443466,0.88247454,0.37664795,-0.011291504,-0.84213257,0.36091506,-0.36935648,0.41588843000000003,0.23303223,-0.25427246,-1.0300598,0.46935815000000003,-0.14342394,0.6050508,0.20764159999999998,-0.61935425,-0.8109130999999999,0.44270796,0.26489514000000003,0.38716477,0.4202881,0.28030396,-0.585083,0.20445262,-0.59777987,0.16474316,0.35690308,-0.50790405,-0.60150146,0.25721264,0.24386102,0.18723059,0.32455444,-0.21844482,-0.8623046999999999,0.30480164,0.055436246,0.47263145,0.31079102000000003,-0.18627929999999998,-0.66882324,0.33497185,0.16809192,0.32752147,0.7013855,0.25299072,-0.53634644,-0.05038397,-0.1178134,0.28021443,0.61920166,0.5352477999999999,-0.7977905,0.008659184,-0.30344027,0.62877196,0.36932373,0.48992919999999995,-0.98391724,0.2562868,-0.26968533,0.80869955,0.5485229500000001,-0.06967163,-0.7185973999999999,0.08439644,0.18983709999999998,0.45408714,0.38989258,-0.29336548,-0.6340026999999999,0.24229877,0.3547511,0.33122924,-0.06365967,0.10287475600000001,-0.79397583,0.6988137999999999,-0.037484705,0.5019136,0.38198853,-0.2338562,-1.1653137,0.2727791,0.26813105,0.8552318999999999,0.37249756,-0.5749816999999999,-1.0425415,0.2909602,0.6007538,0.7230717999999999,0.2972412,-0.021514893,-1.0923462,0.37887937,0.050990045000000005,0.7800083,0.3930359,-0.39398193000000004,-0.56085205,0.250027,0.42307997,0.23827249,检查1#变、2变、开闭所有进线、出线地刀在拉开位置。
0.31201172,-0.7687073,-1.1239624,0.519803,0.45553469999999996,0.7132495600000001,0.5155029,-0.5343628,-1.3039551,0.25528365000000003,0.17443466,0.88247454,0.37664795,-0.011291504,-0.84213257,0.36091506,-0.36935648,0.41588843000000003,0.23303223,-0.25427246,-1.0300598,0.46935815000000003,-0.14342394,0.6050508,0.20764159999999998,-0.61935425,-0.8109130999999999,0.44270796,0.26489514000000003,0.38716477,0.4202881,0.28030396,-0.585083,0.20445262,-0.59777987,0.16474316,0.35690308,-0.50790405,-0.60150146,0.25721264,0.24386102,0.18723059,0.32455444,-0.21844482,-0.8623046999999999,0.30480164,0.055436246,0.47263145,0.31079102000000003,-0.18627929999999998,-0.66882324,0.33497185,0.16809192,0.32752147,0.7013855,0.25299072,-0.53634644,-0.05038397,-0.1178134,0.28021443,0.61920166,0.5352477999999999,-0.7977905,0.008659184,-0.30344027,0.62877196,0.36932373,0.48992919999999995,-0.98391724,0.2562868,-0.26968533,0.80869955,0.5485229500000001,-0.06967163,-0.7185973999999999,0.08439644,0.18983709999999998,0.45408714,0.38989258,-0.29336548,-0.6340026999999999,0.24229877,0.3547511,0.33122924,-0.06365967,0.10287475600000001,-0.79397583,0.6988137999999999,-0.037484705,0.5019136,0.38198853,-0.2338562,-1.1653137,0.2727791,0.26813105,0.8552318999999999,0.37249756,-0.5749816999999999,-1.0425415,0.2909602,0.6007538,0.7230717999999999,0.2972412,-0.021514893,-1.0923462,0.37887937,0.050990045000000005,0.7800083,0.3930359,-0.39398193000000004,-0.56085205,0.250027,0.42307997,0.23827249,0.51971436,0.061798096000000004,-0.78570557,0.12951802,-0.038772643,0.4660339,检查1#变、2变、开闭所有进线、出线地刀在拉开位置。
0.5155029,-0.5343628,-1.3039551,0.25528365000000003,0.17443466,0.88247454,0.37664795,-0.011291504,-0.84213257,0.36091506,-0.36935648,0.41588843000000003,0.23303223,-0.25427246,-1.0300598,0.46935815000000003,-0.14342394,0.6050508,0.20764159999999998,-0.61935425,-0.8109130999999999,0.44270796,0.26489514000000003,0.38716477,0.4202881,0.28030396,-0.585083,0.20445262,-0.59777987,0.16474316,0.35690308,-0.50790405,-0.60150146,0.25721264,0.24386102,0.18723059,0.32455444,-0.21844482,-0.8623046999999999,0.30480164,0.055436246,0.47263145,0.31079102000000003,-0.18627929999999998,-0.66882324,0.33497185,0.16809192,0.32752147,0.7013855,0.25299072,-0.53634644,-0.05038397,-0.1178134,0.28021443,0.61920166,0.5352477999999999,-0.7977905,0.008659184,-0.30344027,0.62877196,0.36932373,0.48992919999999995,-0.98391724,0.2562868,-0.26968533,0.80869955,0.5485229500000001,-0.06967163,-0.7185973999999999,0.08439644,0.18983709999999998,0.45408714,0.38989258,-0.29336548,-0.6340026999999999,0.24229877,0.3547511,0.33122924,-0.06365967,0.10287475600000001,-0.79397583,0.6988137999999999,-0.037484705,0.5019136,0.38198853,-0.2338562,-1.1653137,0.2727791,0.26813105,0.8552318999999999,0.37249756,-0.5749816999999999,-1.0425415,0.2909602,0.6007538,0.7230717999999999,0.2972412,-0.021514893,-1.0923462,0.37887937,0.050990045000000005,0.7800083,0.3930359,-0.39398193000000004,-0.56085205,0.250027,0.42307997,0.23827249,0.51971436,0.061798096000000004,-0.78570557,0.12951802,-0.038772643,0.4660339,0.45184326,-0.15127563,-0.7282715,0.19660692,0.1923925,0.41576594,检查1#变、2变、开闭所有进线、出线地刀在拉开位置。
0.37664795,-0.011291504,-0.84213257,0.36091506,-0.36935648,0.41588843000000003,0.23303223,-0.25427246,-1.0300598,0.46935815000000003,-0.14342394,0.6050508,0.20764159999999998,-0.61935425,-0.8109130999999999,0.44270796,0.26489514000000003,0.38716477,0.4202881,0.28030396,-0.585083,0.20445262,-0.59777987,0.16474316,0.35690308,-0.50790405,-0.60150146,0.25721264,0.24386102,0.18723059,0.32455444,-0.21844482,-0.8623046999999999,0.30480164,0.055436246,0.47263145,0.31079102000000003,-0.18627929999999998,-0.66882324,0.33497185,0.16809192,0.32752147,0.7013855,0.25299072,-0.53634644,-0.05038397,-0.1178134,0.28021443,0.61920166,0.5352477999999999,-0.7977905,0.008659184,-0.30344027,0.62877196,0.36932373,0.48992919999999995,-0.98391724,0.2562868,-0.26968533,0.80869955,0.5485229500000001,-0.06967163,-0.7185973999999999,0.08439644,0.18983709999999998,0.45408714,0.38989258,-0.29336548,-0.6340026999999999,0.24229877,0.3547511,0.33122924,-0.06365967,0.10287475600000001,-0.79397583,0.6988137999999999,-0.037484705,0.5019136,0.38198853,-0.2338562,-1.1653137,0.2727791,0.26813105,0.8552318999999999,0.37249756,-0.5749816999999999,-1.0425415,0.2909602,0.6007538,0.7230717999999999,0.2972412,-0.021514893,-1.0923462,0.37887937,0.050990045000000005,0.7800083,0.3930359,-0.39398193000000004,-0.56085205,0.250027,0.42307997,0.23827249,0.51971436,0.061798096000000004,-0.78570557,0.12951802,-0.038772643,0.4660339,0.45184326,-0.15127563,-0.7282715,0.19660692,0.1923925,0.41576594,0.35217285,-0.47003174000000003,-0.7414856,0.28654009999999996,0.5297706,0.43761763000000004,检查1#变、2变、开闭所有进线、出线地刀在拉开位置。
0.23303223,-0.25427246,-1.0300598,0.46935815000000003,-0.14342394,0.6050508,0.20764159999999998,-0.61935425,-0.8109130999999999,0.44270796,0.26489514000000003,0.38716477,0.4202881,0.28030396,-0.585083,0.20445262,-0.59777987,0.16474316,0.35690308,-0.50790405,-0.60150146,0.25721264,0.24386102,0.18723059,0.32455444,-0.21844482,-0.8623046999999999,0.30480164,0.055436246,0.47263145,0.31079102000000003,-0.18627929999999998,-0.66882324,0.33497185,0.16809192,0.32752147,0.7013855,0.25299072,-0.53634644,-0.05038397,-0.1178134,0.28021443,0.61920166,0.5352477999999999,-0.7977905,0.008659184,-0.30344027,0.62877196,0.36932373,0.48992919999999995,-0.98391724,0.2562868,-0.26968533,0.80869955,0.5485229500000001,-0.06967163,-0.7185973999999999,0.08439644,0.18983709999999998,0.45408714,0.38989258,-0.29336548,-0.6340026999999999,0.24229877,0.3547511,0.33122924,-0.06365967,0.10287475600000001,-0.79397583,0.6988137999999999,-0.037484705,0.5019136,0.38198853,-0.2338562,-1.1653137,0.2727791,0.26813105,0.8552318999999999,0.37249756,-0.5749816999999999,-1.0425415,0.2909602,0.6007538,0.7230717999999999,0.2972412,-0.021514893,-1.0923462,0.37887937,0.050990045000000005,0.7800083,0.3930359,-0.39398193000000004,-0.56085205,0.250027,0.42307997,0.23827249,0.51971436,0.061798096000000004,-0.78570557,0.12951802,-0.038772643,0.4660339,0.45184326,-0.15127563,-0.7282715,0.19660692,0.1923925,0.41576594,0.35217285,-0.47003174000000003,-0.7414856,0.28654009999999996,0.5297706,0.43761763000000004,0.27526855,0.13510132,-0.72546387,0.35367602,0.022513859,0.49072874,检查1#变、2变、开闭所有进线、出线地刀在拉开位置。
0.20764159999999998,-0.61935425,-0.8109130999999999,0.44270796,0.26489514000000003,0.38716477,0.4202881,0.28030396,-0.585083,0.20445262,-0.59777987,0.16474316,0.35690308,-0.50790405,-0.60150146,0.25721264,0.24386102,0.18723059,0.32455444,-0.21844482,-0.8623046999999999,0.30480164,0.055436246,0.47263145,0.31079102000000003,-0.18627929999999998,-0.66882324,0.33497185,0.16809192,0.32752147,0.7013855,0.25299072,-0.53634644,-0.05038397,-0.1178134,0.28021443,0.61920166,0.5352477999999999,-0.7977905,0.008659184,-0.30344027,0.62877196,0.36932373,0.48992919999999995,-0.98391724,0.2562868,-0.26968533,0.80869955,0.5485229500000001,-0.06967163,-0.7185973999999999,0.08439644,0.18983709999999998,0.45408714,0.38989258,-0.29336548,-0.6340026999999999,0.24229877,0.3547511,0.33122924,-0.06365967,0.10287475600000001,-0.79397583,0.6988137999999999,-0.037484705,0.5019136,0.38198853,-0.2338562,-1.1653137,0.2727791,0.26813105,0.8552318999999999,0.37249756,-0.5749816999999999,-1.0425415,0.2909602,0.6007538,0.7230717999999999,0.2972412,-0.021514893,-1.0923462,0.37887937,0.050990045000000005,0.7800083,0.3930359,-0.39398193000000004,-0.56085205,0.250027,0.42307997,0.23827249,0.51971436,0.061798096000000004,-0.78570557,0.12951802,-0.038772643,0.4660339,0.45184326,-0.15127563,-0.7282715,0.19660692,0.1923925,0.41576594,0.35217285,-0.47003174000000003,-0.7414856,0.28654009999999996,0.5297706,0.43761763000000004,0.27526855,0.13510132,-0.72546387,0.35367602,0.022513859,0.49072874,0.37463379999999996,0.30630493000000003,-0.51431274,0.23513351000000002,-0.053190716000000006,0.35826766,检查1#变、2变、开闭所有进线、出线地刀在拉开位置。
0.4202881,0.28030396,-0.585083,0.20445262,-0.59777987,0.16474316,0.35690308,-0.50790405,-0.60150146,0.25721264,0.24386102,0.18723059,0.32455444,-0.21844482,-0.8623046999999999,0.30480164,0.055436246,0.47263145,0.31079102000000003,-0.18627929999999998,-0.66882324,0.33497185,0.16809192,0.32752147,0.7013855,0.25299072,-0.53634644,-0.05038397,-0.1178134,0.28021443,0.61920166,0.5352477999999999,-0.7977905,0.008659184,-0.30344027,0.62877196,0.36932373,0.48992919999999995,-0.98391724,0.2562868,-0.26968533,0.80869955,0.5485229500000001,-0.06967163,-0.7185973999999999,0.08439644,0.18983709999999998,0.45408714,0.38989258,-0.29336548,-0.6340026999999999,0.24229877,0.3547511,0.33122924,-0.06365967,0.10287475600000001,-0.79397583,0.6988137999999999,-0.037484705,0.5019136,0.38198853,-0.2338562,-1.1653137,0.2727791,0.26813105,0.8552318999999999,0.37249756,-0.5749816999999999,-1.0425415,0.2909602,0.6007538,0.7230717999999999,0.2972412,-0.021514893,-1.0923462,0.37887937,0.050990045000000005,0.7800083,0.3930359,-0.39398193000000004,-0.56085205,0.250027,0.42307997,0.23827249,0.51971436,0.061798096000000004,-0.78570557,0.12951802,-0.038772643,0.4660339,0.45184326,-0.15127563,-0.7282715,0.19660692,0.1923925,0.41576594,0.35217285,-0.47003174000000003,-0.7414856,0.28654009999999996,0.5297706,0.43761763000000004,0.27526855,0.13510132,-0.72546387,0.35367602,0.022513859,0.49072874,0.37463379999999996,0.30630493000000003,-0.51431274,0.23513351000000002,-0.053190716000000006,0.35826766,0.46463013000000003,0.80374146,-0.54888916,0.11768632,-0.45031947,0.5179752,检查1#变、2变、开闭所有进线、出线地刀在拉开位置。
0.35690308,-0.50790405,-0.60150146,0.25721264,0.24386102,0.18723059,0.32455444,-0.21844482,-0.8623046999999999,0.30480164,0.055436246,0.47263145,0.31079102000000003,-0.18627929999999998,-0.66882324,0.33497185,0.16809192,0.32752147,0.7013855,0.25299072,-0.53634644,-0.05038397,-0.1178134,0.28021443,0.61920166,0.5352477999999999,-0.7977905,0.008659184,-0.30344027,0.62877196,0.36932373,0.48992919999999995,-0.98391724,0.2562868,-0.26968533,0.80869955,0.5485229500000001,-0.06967163,-0.7185973999999999,0.08439644,0.18983709999999998,0.45408714,0.38989258,-0.29336548,-0.6340026999999999,0.24229877,0.3547511,0.33122924,-0.06365967,0.10287475600000001,-0.79397583,0.6988137999999999,-0.037484705,0.5019136,0.38198853,-0.2338562,-1.1653137,0.2727791,0.26813105,0.8552318999999999,0.37249756,-0.5749816999999999,-1.0425415,0.2909602,0.6007538,0.7230717999999999,0.2972412,-0.021514893,-1.0923462,0.37887937,0.050990045000000005,0.7800083,0.3930359,-0.39398193000000004,-0.56085205,0.250027,0.42307997,0.23827249,0.51971436,0.061798096000000004,-0.78570557,0.12951802,-0.038772643,0.4660339,0.45184326,-0.15127563,-0.7282715,0.19660692,0.1923925,0.41576594,0.35217285,-0.47003174000000003,-0.7414856,0.28654009999999996,0.5297706,0.43761763000000004,0.27526855,0.13510132,-0.72546387,0.35367602,0.022513859,0.49072874,0.37463379999999996,0.30630493000000003,-0.51431274,0.23513351000000002,-0.053190716000000006,0.35826766,0.46463013000000003,0.80374146,-0.54888916,0.11768632,-0.45031947,0.5179752,0.6274413999999999,0.5368347,-0.38851929999999996,-0.06123854200000001,-0.16618434,0.3745231,检查1#变、2变、开闭所有进线、出线地刀在拉开位置。
0.32455444,-0.21844482,-0.8623046999999999,0.30480164,0.055436246,0.47263145,0.31079102000000003,-0.18627929999999998,-0.66882324,0.33497185,0.16809192,0.32752147,0.7013855,0.25299072,-0.53634644,-0.05038397,-0.1178134,0.28021443,0.61920166,0.5352477999999999,-0.7977905,0.008659184,-0.30344027,0.62877196,0.36932373,0.48992919999999995,-0.98391724,0.2562868,-0.26968533,0.80869955,0.5485229500000001,-0.06967163,-0.7185973999999999,0.08439644,0.18983709999999998,0.45408714,0.38989258,-0.29336548,-0.6340026999999999,0.24229877,0.3547511,0.33122924,-0.06365967,0.10287475600000001,-0.79397583,0.6988137999999999,-0.037484705,0.5019136,0.38198853,-0.2338562,-1.1653137,0.2727791,0.26813105,0.8552318999999999,0.37249756,-0.5749816999999999,-1.0425415,0.2909602,0.6007538,0.7230717999999999,0.2972412,-0.021514893,-1.0923462,0.37887937,0.050990045000000005,0.7800083,0.3930359,-0.39398193000000004,-0.56085205,0.250027,0.42307997,0.23827249,0.51971436,0.061798096000000004,-0.78570557,0.12951802,-0.038772643,0.4660339,0.45184326,-0.15127563,-0.7282715,0.19660692,0.1923925,0.41576594,0.35217285,-0.47003174000000003,-0.7414856,0.28654009999999996,0.5297706,0.43761763000000004,0.27526855,0.13510132,-0.72546387,0.35367602,0.022513859,0.49072874,0.37463379999999996,0.30630493000000003,-0.51431274,0.23513351000000002,-0.053190716000000006,0.35826766,0.46463013000000003,0.80374146,-0.54888916,0.11768632,-0.45031947,0.5179752,0.6274413999999999,0.5368347,-0.38851929999999996,-0.06123854200000001,-0.16618434,0.3745231,0.38504028,-0.0541687,-0.28936768,0.18894075,0.38664344,0.21077931,检查1#变、2变、开闭所有进线、出线地刀在拉开位置。
0.31079102000000003,-0.18627929999999998,-0.66882324,0.33497185,0.16809192,0.32752147,0.7013855,0.25299072,-0.53634644,-0.05038397,-0.1178134,0.28021443,0.61920166,0.5352477999999999,-0.7977905,0.008659184,-0.30344027,0.62877196,0.36932373,0.48992919999999995,-0.98391724,0.2562868,-0.26968533,0.80869955,0.5485229500000001,-0.06967163,-0.7185973999999999,0.08439644,0.18983709999999998,0.45408714,0.38989258,-0.29336548,-0.6340026999999999,0.24229877,0.3547511,0.33122924,-0.06365967,0.10287475600000001,-0.79397583,0.6988137999999999,-0.037484705,0.5019136,0.38198853,-0.2338562,-1.1653137,0.2727791,0.26813105,0.8552318999999999,0.37249756,-0.5749816999999999,-1.0425415,0.2909602,0.6007538,0.7230717999999999,0.2972412,-0.021514893,-1.0923462,0.37887937,0.050990045000000005,0.7800083,0.3930359,-0.39398193000000004,-0.56085205,0.250027,0.42307997,0.23827249,0.51971436,0.061798096000000004,-0.78570557,0.12951802,-0.038772643,0.4660339,0.45184326,-0.15127563,-0.7282715,0.19660692,0.1923925,0.41576594,0.35217285,-0.47003174000000003,-0.7414856,0.28654009999999996,0.5297706,0.43761763000000004,0.27526855,0.13510132,-0.72546387,0.35367602,0.022513859,0.49072874,0.37463379999999996,0.30630493000000003,-0.51431274,0.23513351000000002,-0.053190716000000006,0.35826766,0.46463013000000003,0.80374146,-0.54888916,0.11768632,-0.45031947,0.5179752,0.6274413999999999,0.5368347,-0.38851929999999996,-0.06123854200000001,-0.16618434,0.3745231,0.38504028,-0.0541687,-0.28936768,0.18894075,0.38664344,0.21077931,0.39822388000000003,0.42391968,-0.755188,0.1759126,-0.12558442,0.6580714999999999,检查1#变、2变、开闭所有进线、出线地刀在拉开位置。
0.7013855,0.25299072,-0.53634644,-0.05038397,-0.1178134,0.28021443,0.61920166,0.5352477999999999,-0.7977905,0.008659184,-0.30344027,0.62877196,0.36932373,0.48992919999999995,-0.98391724,0.2562868,-0.26968533,0.80869955,0.5485229500000001,-0.06967163,-0.7185973999999999,0.08439644,0.18983709999999998,0.45408714,0.38989258,-0.29336548,-0.6340026999999999,0.24229877,0.3547511,0.33122924,-0.06365967,0.10287475600000001,-0.79397583,0.6988137999999999,-0.037484705,0.5019136,0.38198853,-0.2338562,-1.1653137,0.2727791,0.26813105,0.8552318999999999,0.37249756,-0.5749816999999999,-1.0425415,0.2909602,0.6007538,0.7230717999999999,0.2972412,-0.021514893,-1.0923462,0.37887937,0.050990045000000005,0.7800083,0.3930359,-0.39398193000000004,-0.56085205,0.250027,0.42307997,0.23827249,0.51971436,0.061798096000000004,-0.78570557,0.12951802,-0.038772643,0.4660339,0.45184326,-0.15127563,-0.7282715,0.19660692,0.1923925,0.41576594,0.35217285,-0.47003174000000003,-0.7414856,0.28654009999999996,0.5297706,0.43761763000000004,0.27526855,0.13510132,-0.72546387,0.35367602,0.022513859,0.49072874,0.37463379999999996,0.30630493000000003,-0.51431274,0.23513351000000002,-0.053190716000000006,0.35826766,0.46463013000000003,0.80374146,-0.54888916,0.11768632,-0.45031947,0.5179752,0.6274413999999999,0.5368347,-0.38851929999999996,-0.06123854200000001,-0.16618434,0.3745231,0.38504028,-0.0541687,-0.28936768,0.18894075,0.38664344,0.21077931,0.39822388000000003,0.42391968,-0.755188,0.1759126,-0.12558442,0.6580714999999999,0.24932861,0.22912598,-0.6628723,0.33964348,0.005539976,0.4953435,检查1#变、2变、开闭所有进线、出线地刀在拉开位置。
0.61920166,0.5352477999999999,-0.7977905,0.008659184,-0.30344027,0.62877196,0.36932373,0.48992919999999995,-0.98391724,0.2562868,-0.26968533,0.80869955,0.5485229500000001,-0.06967163,-0.7185973999999999,0.08439644,0.18983709999999998,0.45408714,0.38989258,-0.29336548,-0.6340026999999999,0.24229877,0.3547511,0.33122924,-0.06365967,0.10287475600000001,-0.79397583,0.6988137999999999,-0.037484705,0.5019136,0.38198853,-0.2338562,-1.1653137,0.2727791,0.26813105,0.8552318999999999,0.37249756,-0.5749816999999999,-1.0425415,0.2909602,0.6007538,0.7230717999999999,0.2972412,-0.021514893,-1.0923462,0.37887937,0.050990045000000005,0.7800083,0.3930359,-0.39398193000000004,-0.56085205,0.250027,0.42307997,0.23827249,0.51971436,0.061798096000000004,-0.78570557,0.12951802,-0.038772643,0.4660339,0.45184326,-0.15127563,-0.7282715,0.19660692,0.1923925,0.41576594,0.35217285,-0.47003174000000003,-0.7414856,0.28654009999999996,0.5297706,0.43761763000000004,0.27526855,0.13510132,-0.72546387,0.35367602,0.022513859,0.49072874,0.37463379999999996,0.30630493000000003,-0.51431274,0.23513351000000002,-0.053190716000000006,0.35826766,0.46463013000000003,0.80374146,-0.54888916,0.11768632,-0.45031947,0.5179752,0.6274413999999999,0.5368347,-0.38851929999999996,-0.06123854200000001,-0.16618434,0.3745231,0.38504028,-0.0541687,-0.28936768,0.18894075,0.38664344,0.21077931,0.39822388000000003,0.42391968,-0.755188,0.1759126,-0.12558442,0.6580714999999999,0.24932861,0.22912598,-0.6628723,0.33964348,0.005539976,0.4953435,0.41400146,-0.054626465000000006,-0.821228,0.22715859,0.16748765000000002,0.55391836,检查1#变、2变、开闭所有进线、出线地刀在拉开位置。
0.36932373,0.48992919999999995,-0.98391724,0.2562868,-0.26968533,0.80869955,0.5485229500000001,-0.06967163,-0.7185973999999999,0.08439644,0.18983709999999998,0.45408714,0.38989258,-0.29336548,-0.6340026999999999,0.24229877,0.3547511,0.33122924,-0.06365967,0.10287475600000001,-0.79397583,0.6988137999999999,-0.037484705,0.5019136,0.38198853,-0.2338562,-1.1653137,0.2727791,0.26813105,0.8552318999999999,0.37249756,-0.5749816999999999,-1.0425415,0.2909602,0.6007538,0.7230717999999999,0.2972412,-0.021514893,-1.0923462,0.37887937,0.050990045000000005,0.7800083,0.3930359,-0.39398193000000004,-0.56085205,0.250027,0.42307997,0.23827249,0.51971436,0.061798096000000004,-0.78570557,0.12951802,-0.038772643,0.4660339,0.45184326,-0.15127563,-0.7282715,0.19660692,0.1923925,0.41576594,0.35217285,-0.47003174000000003,-0.7414856,0.28654009999999996,0.5297706,0.43761763000000004,0.27526855,0.13510132,-0.72546387,0.35367602,0.022513859,0.49072874,0.37463379999999996,0.30630493000000003,-0.51431274,0.23513351000000002,-0.053190716000000006,0.35826766,0.46463013000000003,0.80374146,-0.54888916,0.11768632,-0.45031947,0.5179752,0.6274413999999999,0.5368347,-0.38851929999999996,-0.06123854200000001,-0.16618434,0.3745231,0.38504028,-0.0541687,-0.28936768,0.18894075,0.38664344,0.21077931,0.39822388000000003,0.42391968,-0.755188,0.1759126,-0.12558442,0.6580714999999999,0.24932861,0.22912598,-0.6628723,0.33964348,0.005539976,0.4953435,0.41400146,-0.054626465000000006,-0.821228,0.22715859,0.16748765000000002,0.55391836,0.35992432,-0.36206055,-0.83477783,0.31857562,0.37309295000000003,0.50627965,检查1#变、2变、开闭所有进线、出线地刀在拉开位置。
0.5485229500000001,-0.06967163,-0.7185973999999999,0.08439644,0.18983709999999998,0.45408714,0.38989258,-0.29336548,-0.6340026999999999,0.24229877,0.3547511,0.33122924,-0.06365967,0.10287475600000001,-0.79397583,0.6988137999999999,-0.037484705,0.5019136,0.38198853,-0.2338562,-1.1653137,0.2727791,0.26813105,0.8552318999999999,0.37249756,-0.5749816999999999,-1.0425415,0.2909602,0.6007538,0.7230717999999999,0.2972412,-0.021514893,-1.0923462,0.37887937,0.050990045000000005,0.7800083,0.3930359,-0.39398193000000004,-0.56085205,0.250027,0.42307997,0.23827249,0.51971436,0.061798096000000004,-0.78570557,0.12951802,-0.038772643,0.4660339,0.45184326,-0.15127563,-0.7282715,0.19660692,0.1923925,0.41576594,0.35217285,-0.47003174000000003,-0.7414856,0.28654009999999996,0.5297706,0.43761763000000004,0.27526855,0.13510132,-0.72546387,0.35367602,0.022513859,0.49072874,0.37463379999999996,0.30630493000000003,-0.51431274,0.23513351000000002,-0.053190716000000006,0.35826766,0.46463013000000003,0.80374146,-0.54888916,0.11768632,-0.45031947,0.5179752,0.6274413999999999,0.5368347,-0.38851929999999996,-0.06123854200000001,-0.16618434,0.3745231,0.38504028,-0.0541687,-0.28936768,0.18894075,0.38664344,0.21077931,0.39822388000000003,0.42391968,-0.755188,0.1759126,-0.12558442,0.6580714999999999,0.24932861,0.22912598,-0.6628723,0.33964348,0.005539976,0.4953435,0.41400146,-0.054626465000000006,-0.821228,0.22715859,0.16748765000000002,0.55391836,0.35992432,-0.36206055,-0.83477783,0.31857562,0.37309295000000003,0.50627965,0.2442627,-0.22772217,-1.0942993,0.46118772,0.12402832,0.7234473,检查1#变、2变、开闭所有进线、出线地刀在拉开位置。
0.38989258,-0.29336548,-0.6340026999999999,0.24229877,0.3547511,0.33122924,-0.06365967,0.10287475600000001,-0.79397583,0.6988137999999999,-0.037484705,0.5019136,0.38198853,-0.2338562,-1.1653137,0.2727791,0.26813105,0.8552318999999999,0.37249756,-0.5749816999999999,-1.0425415,0.2909602,0.6007538,0.7230717999999999,0.2972412,-0.021514893,-1.0923462,0.37887937,0.050990045000000005,0.7800083,0.3930359,-0.39398193000000004,-0.56085205,0.250027,0.42307997,0.23827249,0.51971436,0.061798096000000004,-0.78570557,0.12951802,-0.038772643,0.4660339,0.45184326,-0.15127563,-0.7282715,0.19660692,0.1923925,0.41576594,0.35217285,-0.47003174000000003,-0.7414856,0.28654009999999996,0.5297706,0.43761763000000004,0.27526855,0.13510132,-0.72546387,0.35367602,0.022513859,0.49072874,0.37463379999999996,0.30630493000000003,-0.51431274,0.23513351000000002,-0.053190716000000006,0.35826766,0.46463013000000003,0.80374146,-0.54888916,0.11768632,-0.45031947,0.5179752,0.6274413999999999,0.5368347,-0.38851929999999996,-0.06123854200000001,-0.16618434,0.3745231,0.38504028,-0.0541687,-0.28936768,0.18894075,0.38664344,0.21077931,0.39822388000000003,0.42391968,-0.755188,0.1759126,-0.12558442,0.6580714999999999,0.24932861,0.22912598,-0.6628723,0.33964348,0.005539976,0.4953435,0.41400146,-0.054626465000000006,-0.821228,0.22715859,0.16748765000000002,0.55391836,0.35992432,-0.36206055,-0.83477783,0.31857562,0.37309295000000003,0.50627965,0.2442627,-0.22772217,-1.0942993,0.46118772,0.12402832,0.7234473,0.30673218,-0.09890747,-0.8839721700000001,0.38893694,-0.05583632,0.49485564,检查1#变、2变、开闭所有进线、出线地刀在拉开位置。
-0.06365967,0.10287475600000001,-0.79397583,0.6988137999999999,-0.037484705,0.5019136,0.38198853,-0.2338562,-1.1653137,0.2727791,0.26813105,0.8552318999999999,0.37249756,-0.5749816999999999,-1.0425415,0.2909602,0.6007538,0.7230717999999999,0.2972412,-0.021514893,-1.0923462,0.37887937,0.050990045000000005,0.7800083,0.3930359,-0.39398193000000004,-0.56085205,0.250027,0.42307997,0.23827249,0.51971436,0.061798096000000004,-0.78570557,0.12951802,-0.038772643,0.4660339,0.45184326,-0.15127563,-0.7282715,0.19660692,0.1923925,0.41576594,0.35217285,-0.47003174000000003,-0.7414856,0.28654009999999996,0.5297706,0.43761763000000004,0.27526855,0.13510132,-0.72546387,0.35367602,0.022513859,0.49072874,0.37463379999999996,0.30630493000000003,-0.51431274,0.23513351000000002,-0.053190716000000006,0.35826766,0.46463013000000003,0.80374146,-0.54888916,0.11768632,-0.45031947,0.5179752,0.6274413999999999,0.5368347,-0.38851929999999996,-0.06123854200000001,-0.16618434,0.3745231,0.38504028,-0.0541687,-0.28936768,0.18894075,0.38664344,0.21077931,0.39822388000000003,0.42391968,-0.755188,0.1759126,-0.12558442,0.6580714999999999,0.24932861,0.22912598,-0.6628723,0.33964348,0.005539976,0.4953435,0.41400146,-0.054626465000000006,-0.821228,0.22715859,0.16748765000000002,0.55391836,0.35992432,-0.36206055,-0.83477783,0.31857562,0.37309295000000003,0.50627965,0.2442627,-0.22772217,-1.0942993,0.46118772,0.12402832,0.7234473,0.30673218,-0.09890747,-0.8839721700000001,0.38893694,-0.05583632,0.49485564,0.20382689999999998,-0.58206177,-0.9796752999999999,0.44714755,0.30420354,0.5654705999999999,检查1#变、2变、开闭所有进线、出线地刀在拉开位置。
0.38198853,-0.2338562,-1.1653137,0.2727791,0.26813105,0.8552318999999999,0.37249756,-0.5749816999999999,-1.0425415,0.2909602,0.6007538,0.7230717999999999,0.2972412,-0.021514893,-1.0923462,0.37887937,0.050990045000000005,0.7800083,0.3930359,-0.39398193000000004,-0.56085205,0.250027,0.42307997,0.23827249,0.51971436,0.061798096000000004,-0.78570557,0.12951802,-0.038772643,0.4660339,0.45184326,-0.15127563,-0.7282715,0.19660692,0.1923925,0.41576594,0.35217285,-0.47003174000000003,-0.7414856,0.28654009999999996,0.5297706,0.43761763000000004,0.27526855,0.13510132,-0.72546387,0.35367602,0.022513859,0.49072874,0.37463379999999996,0.30630493000000003,-0.51431274,0.23513351000000002,-0.053190716000000006,0.35826766,0.46463013000000003,0.80374146,-0.54888916,0.11768632,-0.45031947,0.5179752,0.6274413999999999,0.5368347,-0.38851929999999996,-0.06123854200000001,-0.16618434,0.3745231,0.38504028,-0.0541687,-0.28936768,0.18894075,0.38664344,0.21077931,0.39822388000000003,0.42391968,-0.755188,0.1759126,-0.12558442,0.6580714999999999,0.24932861,0.22912598,-0.6628723,0.33964348,0.005539976,0.4953435,0.41400146,-0.054626465000000006,-0.821228,0.22715859,0.16748765000000002,0.55391836,0.35992432,-0.36206055,-0.83477783,0.31857562,0.37309295000000003,0.50627965,0.2442627,-0.22772217,-1.0942993,0.46118772,0.12402832,0.7234473,0.30673218,-0.09890747,-0.8839721700000001,0.38893694,-0.05583632,0.49485564,0.20382689999999998,-0.58206177,-0.9796752999999999,0.44714755,0.30420354,0.5654705999999999,-0.08135986,-1.1268616,-0.77615356,0.6991873,0.7186079999999999,0.35485083,检查1#变、2变、开闭所有进线、出线地刀在拉开位置。
0.37249756,-0.5749816999999999,-1.0425415,0.2909602,0.6007538,0.7230717999999999,0.2972412,-0.021514893,-1.0923462,0.37887937,0.050990045000000005,0.7800083,0.3930359,-0.39398193000000004,-0.56085205,0.250027,0.42307997,0.23827249,0.51971436,0.061798096000000004,-0.78570557,0.12951802,-0.038772643,0.4660339,0.45184326,-0.15127563,-0.7282715,0.19660692,0.1923925,0.41576594,0.35217285,-0.47003174000000003,-0.7414856,0.28654009999999996,0.5297706,0.43761763000000004,0.27526855,0.13510132,-0.72546387,0.35367602,0.022513859,0.49072874,0.37463379999999996,0.30630493000000003,-0.51431274,0.23513351000000002,-0.053190716000000006,0.35826766,0.46463013000000003,0.80374146,-0.54888916,0.11768632,-0.45031947,0.5179752,0.6274413999999999,0.5368347,-0.38851929999999996,-0.06123854200000001,-0.16618434,0.3745231,0.38504028,-0.0541687,-0.28936768,0.18894075,0.38664344,0.21077931,0.39822388000000003,0.42391968,-0.755188,0.1759126,-0.12558442,0.6580714999999999,0.24932861,0.22912598,-0.6628723,0.33964348,0.005539976,0.4953435,0.41400146,-0.054626465000000006,-0.821228,0.22715859,0.16748765000000002,0.55391836,0.35992432,-0.36206055,-0.83477783,0.31857562,0.37309295000000003,0.50627965,0.2442627,-0.22772217,-1.0942993,0.46118772,0.12402832,0.7234473,0.30673218,-0.09890747,-0.8839721700000001,0.38893694,-0.05583632,0.49485564,0.20382689999999998,-0.58206177,-0.9796752999999999,0.44714755,0.30420354,0.5654705999999999,-0.08135986,-1.1268616,-0.77615356,0.6991873,0.7186079999999999,0.35485083,0.30181885,0.027557373000000003,-0.6872864,0.2937973,-0.5252374,0.26771182,检查1#变、2变、开闭所有进线、出线地刀在拉开位置。
0.2972412,-0.021514893,-1.0923462,0.37887937,0.050990045000000005,0.7800083,0.3930359,-0.39398193000000004,-0.56085205,0.250027,0.42307997,0.23827249,0.51971436,0.061798096000000004,-0.78570557,0.12951802,-0.038772643,0.4660339,0.45184326,-0.15127563,-0.7282715,0.19660692,0.1923925,0.41576594,0.35217285,-0.47003174000000003,-0.7414856,0.28654009999999996,0.5297706,0.43761763000000004,0.27526855,0.13510132,-0.72546387,0.35367602,0.022513859,0.49072874,0.37463379999999996,0.30630493000000003,-0.51431274,0.23513351000000002,-0.053190716000000006,0.35826766,0.46463013000000003,0.80374146,-0.54888916,0.11768632,-0.45031947,0.5179752,0.6274413999999999,0.5368347,-0.38851929999999996,-0.06123854200000001,-0.16618434,0.3745231,0.38504028,-0.0541687,-0.28936768,0.18894075,0.38664344,0.21077931,0.39822388000000003,0.42391968,-0.755188,0.1759126,-0.12558442,0.6580714999999999,0.24932861,0.22912598,-0.6628723,0.33964348,0.005539976,0.4953435,0.41400146,-0.054626465000000006,-0.821228,0.22715859,0.16748765000000002,0.55391836,0.35992432,-0.36206055,-0.83477783,0.31857562,0.37309295000000003,0.50627965,0.2442627,-0.22772217,-1.0942993,0.46118772,0.12402832,0.7234473,0.30673218,-0.09890747,-0.8839721700000001,0.38893694,-0.05583632,0.49485564,0.20382689999999998,-0.58206177,-0.9796752999999999,0.44714755,0.30420354,0.5654705999999999,-0.08135986,-1.1268616,-0.77615356,0.6991873,0.7186079999999999,0.35485083,0.30181885,0.027557373000000003,-0.6872864,0.2937973,-0.5252374,0.26771182,0.5370178,-0.9088744999999999,-0.4944458,0.022576943000000002,0.29918927,0.09032178,检查1#变、2变、开闭所有进线、出线地刀在拉开位置。
0.3930359,-0.39398193000000004,-0.56085205,0.250027,0.42307997,0.23827249,0.51971436,0.061798096000000004,-0.78570557,0.12951802,-0.038772643,0.4660339,0.45184326,-0.15127563,-0.7282715,0.19660692,0.1923925,0.41576594,0.35217285,-0.47003174000000003,-0.7414856,0.28654009999999996,0.5297706,0.43761763000000004,0.27526855,0.13510132,-0.72546387,0.35367602,0.022513859,0.49072874,0.37463379999999996,0.30630493000000003,-0.51431274,0.23513351000000002,-0.053190716000000006,0.35826766,0.46463013000000003,0.80374146,-0.54888916,0.11768632,-0.45031947,0.5179752,0.6274413999999999,0.5368347,-0.38851929999999996,-0.06123854200000001,-0.16618434,0.3745231,0.38504028,-0.0541687,-0.28936768,0.18894075,0.38664344,0.21077931,0.39822388000000003,0.42391968,-0.755188,0.1759126,-0.12558442,0.6580714999999999,0.24932861,0.22912598,-0.6628723,0.33964348,0.005539976,0.4953435,0.41400146,-0.054626465000000006,-0.821228,0.22715859,0.16748765000000002,0.55391836,0.35992432,-0.36206055,-0.83477783,0.31857562,0.37309295000000003,0.50627965,0.2442627,-0.22772217,-1.0942993,0.46118772,0.12402832,0.7234473,0.30673218,-0.09890747,-0.8839721700000001,0.38893694,-0.05583632,0.49485564,0.20382689999999998,-0.58206177,-0.9796752999999999,0.44714755,0.30420354,0.5654705999999999,-0.08135986,-1.1268616,-0.77615356,0.6991873,0.7186079999999999,0.35485083,0.30181885,0.027557373000000003,-0.6872864,0.2937973,-0.5252374,0.26771182,0.5370178,-0.9088744999999999,-0.4944458,0.022576943000000002,0.29918927,0.09032178,0.23858643000000002,-0.7928772,-0.93777466,0.2985459,0.13812011,0.55259603,检查1#变、2变、开闭所有进线、出线地刀在拉开位置。
0.51971436,0.061798096000000004,-0.78570557,0.12951802,-0.038772643,0.4660339,0.45184326,-0.15127563,-0.7282715,0.19660692,0.1923925,0.41576594,0.35217285,-0.47003174000000003,-0.7414856,0.28654009999999996,0.5297706,0.43761763000000004,0.27526855,0.13510132,-0.72546387,0.35367602,0.022513859,0.49072874,0.37463379999999996,0.30630493000000003,-0.51431274,0.23513351000000002,-0.053190716000000006,0.35826766,0.46463013000000003,0.80374146,-0.54888916,0.11768632,-0.45031947,0.5179752,0.6274413999999999,0.5368347,-0.38851929999999996,-0.06123854200000001,-0.16618434,0.3745231,0.38504028,-0.0541687,-0.28936768,0.18894075,0.38664344,0.21077931,0.39822388000000003,0.42391968,-0.755188,0.1759126,-0.12558442,0.6580714999999999,0.24932861,0.22912598,-0.6628723,0.33964348,0.005539976,0.4953435,0.41400146,-0.054626465000000006,-0.821228,0.22715859,0.16748765000000002,0.55391836,0.35992432,-0.36206055,-0.83477783,0.31857562,0.37309295000000003,0.50627965,0.2442627,-0.22772217,-1.0942993,0.46118772,0.12402832,0.7234473,0.30673218,-0.09890747,-0.8839721700000001,0.38893694,-0.05583632,0.49485564,0.20382689999999998,-0.58206177,-0.9796752999999999,0.44714755,0.30420354,0.5654705999999999,-0.08135986,-1.1268616,-0.77615356,0.6991873,0.7186079999999999,0.35485083,0.30181885,0.027557373000000003,-0.6872864,0.2937973,-0.5252374,0.26771182,0.5370178,-0.9088744999999999,-0.4944458,0.022576943000000002,0.29918927,0.09032178,0.23858643000000002,-0.7928772,-0.93777466,0.2985459,0.13812011,0.55259603,0.24465942000000002,-0.7385254,-0.67800903,0.274288,0.08048866,0.29633272,检查1#变、2变、开闭所有进线、出线地刀在拉开位置。
0.45184326,-0.15127563,-0.7282715,0.19660692,0.1923925,0.41576594,0.35217285,-0.47003174000000003,-0.7414856,0.28654009999999996,0.5297706,0.43761763000000004,0.27526855,0.13510132,-0.72546387,0.35367602,0.022513859,0.49072874,0.37463379999999996,0.30630493000000003,-0.51431274,0.23513351000000002,-0.053190716000000006,0.35826766,0.46463013000000003,0.80374146,-0.54888916,0.11768632,-0.45031947,0.5179752,0.6274413999999999,0.5368347,-0.38851929999999996,-0.06123854200000001,-0.16618434,0.3745231,0.38504028,-0.0541687,-0.28936768,0.18894075,0.38664344,0.21077931,0.39822388000000003,0.42391968,-0.755188,0.1759126,-0.12558442,0.6580714999999999,0.24932861,0.22912598,-0.6628723,0.33964348,0.005539976,0.4953435,0.41400146,-0.054626465000000006,-0.821228,0.22715859,0.16748765000000002,0.55391836,0.35992432,-0.36206055,-0.83477783,0.31857562,0.37309295000000003,0.50627965,0.2442627,-0.22772217,-1.0942993,0.46118772,0.12402832,0.7234473,0.30673218,-0.09890747,-0.8839721700000001,0.38893694,-0.05583632,0.49485564,0.20382689999999998,-0.58206177,-0.9796752999999999,0.44714755,0.30420354,0.5654705999999999,-0.08135986,-1.1268616,-0.77615356,0.6991873,0.7186079999999999,0.35485083,0.30181885,0.027557373000000003,-0.6872864,0.2937973,-0.5252374,0.26771182,0.5370178,-0.9088744999999999,-0.4944458,0.022576943000000002,0.29918927,0.09032178,0.23858643000000002,-0.7928772,-0.93777466,0.2985459,0.13812011,0.55259603,0.24465942000000002,-0.7385254,-0.67800903,0.274288,0.08048866,0.29633272,0.19058228,-0.8649292,-0.60476685,0.33293444,0.23096296,0.21718282,检查1#变、2变、开闭所有进线、出线地刀在拉开位置。
0.35217285,-0.47003174000000003,-0.7414856,0.28654009999999996,0.5297706,0.43761763000000004,0.27526855,0.13510132,-0.72546387,0.35367602,0.022513859,0.49072874,0.37463379999999996,0.30630493000000003,-0.51431274,0.23513351000000002,-0.053190716000000006,0.35826766,0.46463013000000003,0.80374146,-0.54888916,0.11768632,-0.45031947,0.5179752,0.6274413999999999,0.5368347,-0.38851929999999996,-0.06123854200000001,-0.16618434,0.3745231,0.38504028,-0.0541687,-0.28936768,0.18894075,0.38664344,0.21077931,0.39822388000000003,0.42391968,-0.755188,0.1759126,-0.12558442,0.6580714999999999,0.24932861,0.22912598,-0.6628723,0.33964348,0.005539976,0.4953435,0.41400146,-0.054626465000000006,-0.821228,0.22715859,0.16748765000000002,0.55391836,0.35992432,-0.36206055,-0.83477783,0.31857562,0.37309295000000003,0.50627965,0.2442627,-0.22772217,-1.0942993,0.46118772,0.12402832,0.7234473,0.30673218,-0.09890747,-0.8839721700000001,0.38893694,-0.05583632,0.49485564,0.20382689999999998,-0.58206177,-0.9796752999999999,0.44714755,0.30420354,0.5654705999999999,-0.08135986,-1.1268616,-0.77615356,0.6991873,0.7186079999999999,0.35485083,0.30181885,0.027557373000000003,-0.6872864,0.2937973,-0.5252374,0.26771182,0.5370178,-0.9088744999999999,-0.4944458,0.022576943000000002,0.29918927,0.09032178,0.23858643000000002,-0.7928772,-0.93777466,0.2985459,0.13812011,0.55259603,0.24465942000000002,-0.7385254,-0.67800903,0.274288,0.08048866,0.29633272,0.19058228,-0.8649292,-0.60476685,0.33293444,0.23096296,0.21718282,0.13143921,-0.7315978999999999,-0.7659606999999999,0.40398568,0.19024381,0.36104223,检查1#变、2变、开闭所有进线、出线地刀在拉开位置。
0.27526855,0.13510132,-0.72546387,0.35367602,0.022513859,0.49072874,0.37463379999999996,0.30630493000000003,-0.51431274,0.23513351000000002,-0.053190716000000006,0.35826766,0.46463013000000003,0.80374146,-0.54888916,0.11768632,-0.45031947,0.5179752,0.6274413999999999,0.5368347,-0.38851929999999996,-0.06123854200000001,-0.16618434,0.3745231,0.38504028,-0.0541687,-0.28936768,0.18894075,0.38664344,0.21077931,0.39822388000000003,0.42391968,-0.755188,0.1759126,-0.12558442,0.6580714999999999,0.24932861,0.22912598,-0.6628723,0.33964348,0.005539976,0.4953435,0.41400146,-0.054626465000000006,-0.821228,0.22715859,0.16748765000000002,0.55391836,0.35992432,-0.36206055,-0.83477783,0.31857562,0.37309295000000003,0.50627965,0.2442627,-0.22772217,-1.0942993,0.46118772,0.12402832,0.7234473,0.30673218,-0.09890747,-0.8839721700000001,0.38893694,-0.05583632,0.49485564,0.20382689999999998,-0.58206177,-0.9796752999999999,0.44714755,0.30420354,0.5654705999999999,-0.08135986,-1.1268616,-0.77615356,0.6991873,0.7186079999999999,0.35485083,0.30181885,0.027557373000000003,-0.6872864,0.2937973,-0.5252374,0.26771182,0.5370178,-0.9088744999999999,-0.4944458,0.022576943000000002,0.29918927,0.09032178,0.23858643000000002,-0.7928772,-0.93777466,0.2985459,0.13812011,0.55259603,0.24465942000000002,-0.7385254,-0.67800903,0.274288,0.08048866,0.29633272,0.19058228,-0.8649292,-0.60476685,0.33293444,0.23096296,0.21718282,0.13143921,-0.7315978999999999,-0.7659606999999999,0.40398568,0.19024381,0.36104223,0.2468872,-0.26531982,-0.6807251,0.31557614,-0.12321956,0.2632789,检查1#变、2变、开闭所有进线、出线地刀在拉开位置。
0.37463379999999996,0.30630493000000003,-0.51431274,0.23513351000000002,-0.053190716000000006,0.35826766,0.46463013000000003,0.80374146,-0.54888916,0.11768632,-0.45031947,0.5179752,0.6274413999999999,0.5368347,-0.38851929999999996,-0.06123854200000001,-0.16618434,0.3745231,0.38504028,-0.0541687,-0.28936768,0.18894075,0.38664344,0.21077931,0.39822388000000003,0.42391968,-0.755188,0.1759126,-0.12558442,0.6580714999999999,0.24932861,0.22912598,-0.6628723,0.33964348,0.005539976,0.4953435,0.41400146,-0.054626465000000006,-0.821228,0.22715859,0.16748765000000002,0.55391836,0.35992432,-0.36206055,-0.83477783,0.31857562,0.37309295000000003,0.50627965,0.2442627,-0.22772217,-1.0942993,0.46118772,0.12402832,0.7234473,0.30673218,-0.09890747,-0.8839721700000001,0.38893694,-0.05583632,0.49485564,0.20382689999999998,-0.58206177,-0.9796752999999999,0.44714755,0.30420354,0.5654705999999999,-0.08135986,-1.1268616,-0.77615356,0.6991873,0.7186079999999999,0.35485083,0.30181885,0.027557373000000003,-0.6872864,0.2937973,-0.5252374,0.26771182,0.5370178,-0.9088744999999999,-0.4944458,0.022576943000000002,0.29918927,0.09032178,0.23858643000000002,-0.7928772,-0.93777466,0.2985459,0.13812011,0.55259603,0.24465942000000002,-0.7385254,-0.67800903,0.274288,0.08048866,0.29633272,0.19058228,-0.8649292,-0.60476685,0.33293444,0.23096296,0.21718282,0.13143921,-0.7315978999999999,-0.7659606999999999,0.40398568,0.19024381,0.36104223,0.2468872,-0.26531982,-0.6807251,0.31557614,-0.12321956,0.2632789,0.4144287,-0.16104126,-0.55944824,0.17877965,-0.11041024,0.14654037,检查1#变、2变、开闭所有进线、出线地刀在拉开位置。
0.46463013000000003,0.80374146,-0.54888916,0.11768632,-0.45031947,0.5179752,0.6274413999999999,0.5368347,-0.38851929999999996,-0.06123854200000001,-0.16618434,0.3745231,0.38504028,-0.0541687,-0.28936768,0.18894075,0.38664344,0.21077931,0.39822388000000003,0.42391968,-0.755188,0.1759126,-0.12558442,0.6580714999999999,0.24932861,0.22912598,-0.6628723,0.33964348,0.005539976,0.4953435,0.41400146,-0.054626465000000006,-0.821228,0.22715859,0.16748765000000002,0.55391836,0.35992432,-0.36206055,-0.83477783,0.31857562,0.37309295000000003,0.50627965,0.2442627,-0.22772217,-1.0942993,0.46118772,0.12402832,0.7234473,0.30673218,-0.09890747,-0.8839721700000001,0.38893694,-0.05583632,0.49485564,0.20382689999999998,-0.58206177,-0.9796752999999999,0.44714755,0.30420354,0.5654705999999999,-0.08135986,-1.1268616,-0.77615356,0.6991873,0.7186079999999999,0.35485083,0.30181885,0.027557373000000003,-0.6872864,0.2937973,-0.5252374,0.26771182,0.5370178,-0.9088744999999999,-0.4944458,0.022576943000000002,0.29918927,0.09032178,0.23858643000000002,-0.7928772,-0.93777466,0.2985459,0.13812011,0.55259603,0.24465942000000002,-0.7385254,-0.67800903,0.274288,0.08048866,0.29633272,0.19058228,-0.8649292,-0.60476685,0.33293444,0.23096296,0.21718282,0.13143921,-0.7315978999999999,-0.7659606999999999,0.40398568,0.19024381,0.36104223,0.2468872,-0.26531982,-0.6807251,0.31557614,-0.12321956,0.2632789,0.4144287,-0.16104126,-0.55944824,0.17877965,-0.11041024,0.14654037,0.5567932,0.25180054,-0.83343506,0.07659264,-0.41443628,0.44373363,检查1#变、2变、开闭所有进线、出线地刀在拉开位置。
0.6274413999999999,0.5368347,-0.38851929999999996,-0.06123854200000001,-0.16618434,0.3745231,0.38504028,-0.0541687,-0.28936768,0.18894075,0.38664344,0.21077931,0.39822388000000003,0.42391968,-0.755188,0.1759126,-0.12558442,0.6580714999999999,0.24932861,0.22912598,-0.6628723,0.33964348,0.005539976,0.4953435,0.41400146,-0.054626465000000006,-0.821228,0.22715859,0.16748765000000002,0.55391836,0.35992432,-0.36206055,-0.83477783,0.31857562,0.37309295000000003,0.50627965,0.2442627,-0.22772217,-1.0942993,0.46118772,0.12402832,0.7234473,0.30673218,-0.09890747,-0.8839721700000001,0.38893694,-0.05583632,0.49485564,0.20382689999999998,-0.58206177,-0.9796752999999999,0.44714755,0.30420354,0.5654705999999999,-0.08135986,-1.1268616,-0.77615356,0.6991873,0.7186079999999999,0.35485083,0.30181885,0.027557373000000003,-0.6872864,0.2937973,-0.5252374,0.26771182,0.5370178,-0.9088744999999999,-0.4944458,0.022576943000000002,0.29918927,0.09032178,0.23858643000000002,-0.7928772,-0.93777466,0.2985459,0.13812011,0.55259603,0.24465942000000002,-0.7385254,-0.67800903,0.274288,0.08048866,0.29633272,0.19058228,-0.8649292,-0.60476685,0.33293444,0.23096296,0.21718282,0.13143921,-0.7315978999999999,-0.7659606999999999,0.40398568,0.19024381,0.36104223,0.2468872,-0.26531982,-0.6807251,0.31557614,-0.12321956,0.2632789,0.4144287,-0.16104126,-0.55944824,0.17877965,-0.11041024,0.14654037,0.5567932,0.25180054,-0.83343506,0.07659264,-0.41443628,0.44373363,0.38180542,-0.10021973,-0.9984740999999999,0.2639082,-0.05858902,0.6104733999999999,检查1#变、2变、开闭所有进线、出线地刀在拉开位置。
0.38504028,-0.0541687,-0.28936768,0.18894075,0.38664344,0.21077931,0.39822388000000003,0.42391968,-0.755188,0.1759126,-0.12558442,0.6580714999999999,0.24932861,0.22912598,-0.6628723,0.33964348,0.005539976,0.4953435,0.41400146,-0.054626465000000006,-0.821228,0.22715859,0.16748765000000002,0.55391836,0.35992432,-0.36206055,-0.83477783,0.31857562,0.37309295000000003,0.50627965,0.2442627,-0.22772217,-1.0942993,0.46118772,0.12402832,0.7234473,0.30673218,-0.09890747,-0.8839721700000001,0.38893694,-0.05583632,0.49485564,0.20382689999999998,-0.58206177,-0.9796752999999999,0.44714755,0.30420354,0.5654705999999999,-0.08135986,-1.1268616,-0.77615356,0.6991873,0.7186079999999999,0.35485083,0.30181885,0.027557373000000003,-0.6872864,0.2937973,-0.5252374,0.26771182,0.5370178,-0.9088744999999999,-0.4944458,0.022576943000000002,0.29918927,0.09032178,0.23858643000000002,-0.7928772,-0.93777466,0.2985459,0.13812011,0.55259603,0.24465942000000002,-0.7385254,-0.67800903,0.274288,0.08048866,0.29633272,0.19058228,-0.8649292,-0.60476685,0.33293444,0.23096296,0.21718282,0.13143921,-0.7315978999999999,-0.7659606999999999,0.40398568,0.19024381,0.36104223,0.2468872,-0.26531982,-0.6807251,0.31557614,-0.12321956,0.2632789,0.4144287,-0.16104126,-0.55944824,0.17877965,-0.11041024,0.14654037,0.5567932,0.25180054,-0.83343506,0.07659264,-0.41443628,0.44373363,0.38180542,-0.10021973,-0.9984740999999999,0.2639082,-0.05858902,0.6104733999999999,0.46875000000000006,-0.4225769,-0.66482544,0.20130767,0.25448525,0.26722723,检查1#变、2变、开闭所有进线、出线地刀在拉开位置。
0.39822388000000003,0.42391968,-0.755188,0.1759126,-0.12558442,0.6580714999999999,0.24932861,0.22912598,-0.6628723,0.33964348,0.005539976,0.4953435,0.41400146,-0.054626465000000006,-0.821228,0.22715859,0.16748765000000002,0.55391836,0.35992432,-0.36206055,-0.83477783,0.31857562,0.37309295000000003,0.50627965,0.2442627,-0.22772217,-1.0942993,0.46118772,0.12402832,0.7234473,0.30673218,-0.09890747,-0.8839721700000001,0.38893694,-0.05583632,0.49485564,0.20382689999999998,-0.58206177,-0.9796752999999999,0.44714755,0.30420354,0.5654705999999999,-0.08135986,-1.1268616,-0.77615356,0.6991873,0.7186079999999999,0.35485083,0.30181885,0.027557373000000003,-0.6872864,0.2937973,-0.5252374,0.26771182,0.5370178,-0.9088744999999999,-0.4944458,0.022576943000000002,0.29918927,0.09032178,0.23858643000000002,-0.7928772,-0.93777466,0.2985459,0.13812011,0.55259603,0.24465942000000002,-0.7385254,-0.67800903,0.274288,0.08048866,0.29633272,0.19058228,-0.8649292,-0.60476685,0.33293444,0.23096296,0.21718282,0.13143921,-0.7315978999999999,-0.7659606999999999,0.40398568,0.19024381,0.36104223,0.2468872,-0.26531982,-0.6807251,0.31557614,-0.12321956,0.2632789,0.4144287,-0.16104126,-0.55944824,0.17877965,-0.11041024,0.14654037,0.5567932,0.25180054,-0.83343506,0.07659264,-0.41443628,0.44373363,0.38180542,-0.10021973,-0.9984740999999999,0.2639082,-0.05858902,0.6104733999999999,0.46875000000000006,-0.4225769,-0.66482544,0.20130767,0.25448525,0.26722723,0.028839111,-0.09338379000000001,-1.214447,0.6551939,-0.019570306000000003,0.84441453,检查1#变、2变、开闭所有进线、出线地刀在拉开位置。
0.24932861,0.22912598,-0.6628723,0.33964348,0.005539976,0.4953435,0.41400146,-0.054626465000000006,-0.821228,0.22715859,0.16748765000000002,0.55391836,0.35992432,-0.36206055,-0.83477783,0.31857562,0.37309295000000003,0.50627965,0.2442627,-0.22772217,-1.0942993,0.46118772,0.12402832,0.7234473,0.30673218,-0.09890747,-0.8839721700000001,0.38893694,-0.05583632,0.49485564,0.20382689999999998,-0.58206177,-0.9796752999999999,0.44714755,0.30420354,0.5654705999999999,-0.08135986,-1.1268616,-0.77615356,0.6991873,0.7186079999999999,0.35485083,0.30181885,0.027557373000000003,-0.6872864,0.2937973,-0.5252374,0.26771182,0.5370178,-0.9088744999999999,-0.4944458,0.022576943000000002,0.29918927,0.09032178,0.23858643000000002,-0.7928772,-0.93777466,0.2985459,0.13812011,0.55259603,0.24465942000000002,-0.7385254,-0.67800903,0.274288,0.08048866,0.29633272,0.19058228,-0.8649292,-0.60476685,0.33293444,0.23096296,0.21718282,0.13143921,-0.7315978999999999,-0.7659606999999999,0.40398568,0.19024381,0.36104223,0.2468872,-0.26531982,-0.6807251,0.31557614,-0.12321956,0.2632789,0.4144287,-0.16104126,-0.55944824,0.17877965,-0.11041024,0.14654037,0.5567932,0.25180054,-0.83343506,0.07659264,-0.41443628,0.44373363,0.38180542,-0.10021973,-0.9984740999999999,0.2639082,-0.05858902,0.6104733999999999,0.46875000000000006,-0.4225769,-0.66482544,0.20130767,0.25448525,0.26722723,0.028839111,-0.09338379000000001,-1.214447,0.6551939,-0.019570306000000003,0.84441453,0.31399536,-0.3324585,-1.276886,0.38460845,0.22985235,0.9075815700000001,检查1#变、2变、开闭所有进线、出线地刀在拉开位置。
0.41400146,-0.054626465000000006,-0.821228,0.22715859,0.16748765000000002,0.55391836,0.35992432,-0.36206055,-0.83477783,0.31857562,0.37309295000000003,0.50627965,0.2442627,-0.22772217,-1.0942993,0.46118772,0.12402832,0.7234473,0.30673218,-0.09890747,-0.8839721700000001,0.38893694,-0.05583632,0.49485564,0.20382689999999998,-0.58206177,-0.9796752999999999,0.44714755,0.30420354,0.5654705999999999,-0.08135986,-1.1268616,-0.77615356,0.6991873,0.7186079999999999,0.35485083,0.30181885,0.027557373000000003,-0.6872864,0.2937973,-0.5252374,0.26771182,0.5370178,-0.9088744999999999,-0.4944458,0.022576943000000002,0.29918927,0.09032178,0.23858643000000002,-0.7928772,-0.93777466,0.2985459,0.13812011,0.55259603,0.24465942000000002,-0.7385254,-0.67800903,0.274288,0.08048866,0.29633272,0.19058228,-0.8649292,-0.60476685,0.33293444,0.23096296,0.21718282,0.13143921,-0.7315978999999999,-0.7659606999999999,0.40398568,0.19024381,0.36104223,0.2468872,-0.26531982,-0.6807251,0.31557614,-0.12321956,0.2632789,0.4144287,-0.16104126,-0.55944824,0.17877965,-0.11041024,0.14654037,0.5567932,0.25180054,-0.83343506,0.07659264,-0.41443628,0.44373363,0.38180542,-0.10021973,-0.9984740999999999,0.2639082,-0.05858902,0.6104733999999999,0.46875000000000006,-0.4225769,-0.66482544,0.20130767,0.25448525,0.26722723,0.028839111,-0.09338379000000001,-1.214447,0.6551939,-0.019570306000000003,0.84441453,0.31399536,-0.3324585,-1.276886,0.38460845,0.22985235,0.9075815700000001,0.31732178,-0.6052246,-1.014801,0.3826775,0.5282380999999999,0.6497695,检查1#变、2变、开闭所有进线、出线地刀在拉开位置。
0.35992432,-0.36206055,-0.83477783,0.31857562,0.37309295000000003,0.50627965,0.2442627,-0.22772217,-1.0942993,0.46118772,0.12402832,0.7234473,0.30673218,-0.09890747,-0.8839721700000001,0.38893694,-0.05583632,0.49485564,0.20382689999999998,-0.58206177,-0.9796752999999999,0.44714755,0.30420354,0.5654705999999999,-0.08135986,-1.1268616,-0.77615356,0.6991873,0.7186079999999999,0.35485083,0.30181885,0.027557373000000003,-0.6872864,0.2937973,-0.5252374,0.26771182,0.5370178,-0.9088744999999999,-0.4944458,0.022576943000000002,0.29918927,0.09032178,0.23858643000000002,-0.7928772,-0.93777466,0.2985459,0.13812011,0.55259603,0.24465942000000002,-0.7385254,-0.67800903,0.274288,0.08048866,0.29633272,0.19058228,-0.8649292,-0.60476685,0.33293444,0.23096296,0.21718282,0.13143921,-0.7315978999999999,-0.7659606999999999,0.40398568,0.19024381,0.36104223,0.2468872,-0.26531982,-0.6807251,0.31557614,-0.12321956,0.2632789,0.4144287,-0.16104126,-0.55944824,0.17877965,-0.11041024,0.14654037,0.5567932,0.25180054,-0.83343506,0.07659264,-0.41443628,0.44373363,0.38180542,-0.10021973,-0.9984740999999999,0.2639082,-0.05858902,0.6104733999999999,0.46875000000000006,-0.4225769,-0.66482544,0.20130767,0.25448525,0.26722723,0.028839111,-0.09338379000000001,-1.214447,0.6551939,-0.019570306000000003,0.84441453,0.31399536,-0.3324585,-1.276886,0.38460845,0.22985235,0.9075815700000001,0.31732178,-0.6052246,-1.014801,0.3826775,0.5282380999999999,0.6497695,0.27481079999999997,0.17599487,-0.9701538,0.42496473,-0.23556903,0.616308,检查1#变、2变、开闭所有进线、出线地刀在拉开位置。
0.2442627,-0.22772217,-1.0942993,0.46118772,0.12402832,0.7234473,0.30673218,-0.09890747,-0.8839721700000001,0.38893694,-0.05583632,0.49485564,0.20382689999999998,-0.58206177,-0.9796752999999999,0.44714755,0.30420354,0.5654705999999999,-0.08135986,-1.1268616,-0.77615356,0.6991873,0.7186079999999999,0.35485083,0.30181885,0.027557373000000003,-0.6872864,0.2937973,-0.5252374,0.26771182,0.5370178,-0.9088744999999999,-0.4944458,0.022576943000000002,0.29918927,0.09032178,0.23858643000000002,-0.7928772,-0.93777466,0.2985459,0.13812011,0.55259603,0.24465942000000002,-0.7385254,-0.67800903,0.274288,0.08048866,0.29633272,0.19058228,-0.8649292,-0.60476685,0.33293444,0.23096296,0.21718282,0.13143921,-0.7315978999999999,-0.7659606999999999,0.40398568,0.19024381,0.36104223,0.2468872,-0.26531982,-0.6807251,0.31557614,-0.12321956,0.2632789,0.4144287,-0.16104126,-0.55944824,0.17877965,-0.11041024,0.14654037,0.5567932,0.25180054,-0.83343506,0.07659264,-0.41443628,0.44373363,0.38180542,-0.10021973,-0.9984740999999999,0.2639082,-0.05858902,0.6104733999999999,0.46875000000000006,-0.4225769,-0.66482544,0.20130767,0.25448525,0.26722723,0.028839111,-0.09338379000000001,-1.214447,0.6551939,-0.019570306000000003,0.84441453,0.31399536,-0.3324585,-1.276886,0.38460845,0.22985235,0.9075815700000001,0.31732178,-0.6052246,-1.014801,0.3826775,0.5282380999999999,0.6497695,0.27481079999999997,0.17599487,-0.9701538,0.42496473,-0.23556903,0.616308,0.17767334,0.10446167,-0.7593078600000001,0.5114518,-0.18019482,0.39678165,检查1#变、2变、开闭所有进线、出线地刀在拉开位置。
0.30673218,-0.09890747,-0.8839721700000001,0.38893694,-0.05583632,0.49485564,0.20382689999999998,-0.58206177,-0.9796752999999999,0.44714755,0.30420354,0.5654705999999999,-0.08135986,-1.1268616,-0.77615356,0.6991873,0.7186079999999999,0.35485083,0.30181885,0.027557373000000003,-0.6872864,0.2937973,-0.5252374,0.26771182,0.5370178,-0.9088744999999999,-0.4944458,0.022576943000000002,0.29918927,0.09032178,0.23858643000000002,-0.7928772,-0.93777466,0.2985459,0.13812011,0.55259603,0.24465942000000002,-0.7385254,-0.67800903,0.274288,0.08048866,0.29633272,0.19058228,-0.8649292,-0.60476685,0.33293444,0.23096296,0.21718282,0.13143921,-0.7315978999999999,-0.7659606999999999,0.40398568,0.19024381,0.36104223,0.2468872,-0.26531982,-0.6807251,0.31557614,-0.12321956,0.2632789,0.4144287,-0.16104126,-0.55944824,0.17877965,-0.11041024,0.14654037,0.5567932,0.25180054,-0.83343506,0.07659264,-0.41443628,0.44373363,0.38180542,-0.10021973,-0.9984740999999999,0.2639082,-0.05858902,0.6104733999999999,0.46875000000000006,-0.4225769,-0.66482544,0.20130767,0.25448525,0.26722723,0.028839111,-0.09338379000000001,-1.214447,0.6551939,-0.019570306000000003,0.84441453,0.31399536,-0.3324585,-1.276886,0.38460845,0.22985235,0.9075815700000001,0.31732178,-0.6052246,-1.014801,0.3826775,0.5282380999999999,0.6497695,0.27481079999999997,0.17599487,-0.9701538,0.42496473,-0.23556903,0.616308,0.17767334,0.10446167,-0.7593078600000001,0.5114518,-0.18019482,0.39678165,0.044219970000000004,-0.31332397,-0.6476135,0.5809129,0.06323935,0.23912909999999998,检查1#变、2变、开闭所有进线、出线地刀在拉开位置。
0.20382689999999998,-0.58206177,-0.9796752999999999,0.44714755,0.30420354,0.5654705999999999,-0.08135986,-1.1268616,-0.77615356,0.6991873,0.7186079999999999,0.35485083,0.30181885,0.027557373000000003,-0.6872864,0.2937973,-0.5252374,0.26771182,0.5370178,-0.9088744999999999,-0.4944458,0.022576943000000002,0.29918927,0.09032178,0.23858643000000002,-0.7928772,-0.93777466,0.2985459,0.13812011,0.55259603,0.24465942000000002,-0.7385254,-0.67800903,0.274288,0.08048866,0.29633272,0.19058228,-0.8649292,-0.60476685,0.33293444,0.23096296,0.21718282,0.13143921,-0.7315978999999999,-0.7659606999999999,0.40398568,0.19024381,0.36104223,0.2468872,-0.26531982,-0.6807251,0.31557614,-0.12321956,0.2632789,0.4144287,-0.16104126,-0.55944824,0.17877965,-0.11041024,0.14654037,0.5567932,0.25180054,-0.83343506,0.07659264,-0.41443628,0.44373363,0.38180542,-0.10021973,-0.9984740999999999,0.2639082,-0.05858902,0.6104733999999999,0.46875000000000006,-0.4225769,-0.66482544,0.20130767,0.25448525,0.26722723,0.028839111,-0.09338379000000001,-1.214447,0.6551939,-0.019570306000000003,0.84441453,0.31399536,-0.3324585,-1.276886,0.38460845,0.22985235,0.9075815700000001,0.31732178,-0.6052246,-1.014801,0.3826775,0.5282380999999999,0.6497695,0.27481079999999997,0.17599487,-0.9701538,0.42496473,-0.23556903,0.616308,0.17767334,0.10446167,-0.7593078600000001,0.5114518,-0.18019482,0.39678165,0.044219970000000004,-0.31332397,-0.6476135,0.5809129,0.06323935,0.23912909999999998,0.44522095,-0.64797974,-0.5101929,0.13654555000000002,0.15795079,0.088166595,检查1#变、2变、开闭所有进线、出线地刀在拉开位置。
-0.08135986,-1.1268616,-0.77615356,0.6991873,0.7186079999999999,0.35485083,0.30181885,0.027557373000000003,-0.6872864,0.2937973,-0.5252374,0.26771182,0.5370178,-0.9088744999999999,-0.4944458,0.022576943000000002,0.29918927,0.09032178,0.23858643000000002,-0.7928772,-0.93777466,0.2985459,0.13812011,0.55259603,0.24465942000000002,-0.7385254,-0.67800903,0.274288,0.08048866,0.29633272,0.19058228,-0.8649292,-0.60476685,0.33293444,0.23096296,0.21718282,0.13143921,-0.7315978999999999,-0.7659606999999999,0.40398568,0.19024381,0.36104223,0.2468872,-0.26531982,-0.6807251,0.31557614,-0.12321956,0.2632789,0.4144287,-0.16104126,-0.55944824,0.17877965,-0.11041024,0.14654037,0.5567932,0.25180054,-0.83343506,0.07659264,-0.41443628,0.44373363,0.38180542,-0.10021973,-0.9984740999999999,0.2639082,-0.05858902,0.6104733999999999,0.46875000000000006,-0.4225769,-0.66482544,0.20130767,0.25448525,0.26722723,0.028839111,-0.09338379000000001,-1.214447,0.6551939,-0.019570306000000003,0.84441453,0.31399536,-0.3324585,-1.276886,0.38460845,0.22985235,0.9075815700000001,0.31732178,-0.6052246,-1.014801,0.3826775,0.5282380999999999,0.6497695,0.27481079999999997,0.17599487,-0.9701538,0.42496473,-0.23556903,0.616308,0.17767334,0.10446167,-0.7593078600000001,0.5114518,-0.18019482,0.39678165,0.044219970000000004,-0.31332397,-0.6476135,0.5809129,0.06323935,0.23912909999999998,0.44522095,-0.64797974,-0.5101929,0.13654555000000002,0.15795079,0.088166595,0.15655518000000002,-0.6852417,-0.76330566,0.37807053,0.05697812,0.37328234,检查1#变、2变、开闭所有进线、出线地刀在拉开位置。
0.30181885,0.027557373000000003,-0.6872864,0.2937973,-0.5252374,0.26771182,0.5370178,-0.9088744999999999,-0.4944458,0.022576943000000002,0.29918927,0.09032178,0.23858643000000002,-0.7928772,-0.93777466,0.2985459,0.13812011,0.55259603,0.24465942000000002,-0.7385254,-0.67800903,0.274288,0.08048866,0.29633272,0.19058228,-0.8649292,-0.60476685,0.33293444,0.23096296,0.21718282,0.13143921,-0.7315978999999999,-0.7659606999999999,0.40398568,0.19024381,0.36104223,0.2468872,-0.26531982,-0.6807251,0.31557614,-0.12321956,0.2632789,0.4144287,-0.16104126,-0.55944824,0.17877965,-0.11041024,0.14654037,0.5567932,0.25180054,-0.83343506,0.07659264,-0.41443628,0.44373363,0.38180542,-0.10021973,-0.9984740999999999,0.2639082,-0.05858902,0.6104733999999999,0.46875000000000006,-0.4225769,-0.66482544,0.20130767,0.25448525,0.26722723,0.028839111,-0.09338379000000001,-1.214447,0.6551939,-0.019570306000000003,0.84441453,0.31399536,-0.3324585,-1.276886,0.38460845,0.22985235,0.9075815700000001,0.31732178,-0.6052246,-1.014801,0.3826775,0.5282380999999999,0.6497695,0.27481079999999997,0.17599487,-0.9701538,0.42496473,-0.23556903,0.616308,0.17767334,0.10446167,-0.7593078600000001,0.5114518,-0.18019482,0.39678165,0.044219970000000004,-0.31332397,-0.6476135,0.5809129,0.06323935,0.23912909999999998,0.44522095,-0.64797974,-0.5101929,0.13654555000000002,0.15795079,0.088166595,0.15655518000000002,-0.6852417,-0.76330566,0.37807053,0.05697812,0.37328234,0.24981689999999998,-0.80096436,-0.83203125,0.26048118,0.11732297400000001,0.45905155000000003,检查1#变、2变、开闭所有进线、出线地刀在拉开位置。
0.5370178,-0.9088744999999999,-0.4944458,0.022576943000000002,0.29918927,0.09032178,0.23858643000000002,-0.7928772,-0.93777466,0.2985459,0.13812011,0.55259603,0.24465942000000002,-0.7385254,-0.67800903,0.274288,0.08048866,0.29633272,0.19058228,-0.8649292,-0.60476685,0.33293444,0.23096296,0.21718282,0.13143921,-0.7315978999999999,-0.7659606999999999,0.40398568,0.19024381,0.36104223,0.2468872,-0.26531982,-0.6807251,0.31557614,-0.12321956,0.2632789,0.4144287,-0.16104126,-0.55944824,0.17877965,-0.11041024,0.14654037,0.5567932,0.25180054,-0.83343506,0.07659264,-0.41443628,0.44373363,0.38180542,-0.10021973,-0.9984740999999999,0.2639082,-0.05858902,0.6104733999999999,0.46875000000000006,-0.4225769,-0.66482544,0.20130767,0.25448525,0.26722723,0.028839111,-0.09338379000000001,-1.214447,0.6551939,-0.019570306000000003,0.84441453,0.31399536,-0.3324585,-1.276886,0.38460845,0.22985235,0.9075815700000001,0.31732178,-0.6052246,-1.014801,0.3826775,0.5282380999999999,0.6497695,0.27481079999999997,0.17599487,-0.9701538,0.42496473,-0.23556903,0.616308,0.17767334,0.10446167,-0.7593078600000001,0.5114518,-0.18019482,0.39678165,0.044219970000000004,-0.31332397,-0.6476135,0.5809129,0.06323935,0.23912909999999998,0.44522095,-0.64797974,-0.5101929,0.13654555000000002,0.15795079,0.088166595,0.15655518000000002,-0.6852417,-0.76330566,0.37807053,0.05697812,0.37328234,0.24981689999999998,-0.80096436,-0.83203125,0.26048118,0.11732297400000001,0.45905155000000003,0.18954468,-0.6661376999999999,-0.7314147999999999,0.30654573,-0.033960417,0.36700326,检查1#变、2变、开闭所有进线、出线地刀在拉开位置。
0.23858643000000002,-0.7928772,-0.93777466,0.2985459,0.13812011,0.55259603,0.24465942000000002,-0.7385254,-0.67800903,0.274288,0.08048866,0.29633272,0.19058228,-0.8649292,-0.60476685,0.33293444,0.23096296,0.21718282,0.13143921,-0.7315978999999999,-0.7659606999999999,0.40398568,0.19024381,0.36104223,0.2468872,-0.26531982,-0.6807251,0.31557614,-0.12321956,0.2632789,0.4144287,-0.16104126,-0.55944824,0.17877965,-0.11041024,0.14654037,0.5567932,0.25180054,-0.83343506,0.07659264,-0.41443628,0.44373363,0.38180542,-0.10021973,-0.9984740999999999,0.2639082,-0.05858902,0.6104733999999999,0.46875000000000006,-0.4225769,-0.66482544,0.20130767,0.25448525,0.26722723,0.028839111,-0.09338379000000001,-1.214447,0.6551939,-0.019570306000000003,0.84441453,0.31399536,-0.3324585,-1.276886,0.38460845,0.22985235,0.9075815700000001,0.31732178,-0.6052246,-1.014801,0.3826775,0.5282380999999999,0.6497695,0.27481079999999997,0.17599487,-0.9701538,0.42496473,-0.23556903,0.616308,0.17767334,0.10446167,-0.7593078600000001,0.5114518,-0.18019482,0.39678165,0.044219970000000004,-0.31332397,-0.6476135,0.5809129,0.06323935,0.23912909999999998,0.44522095,-0.64797974,-0.5101929,0.13654555000000002,0.15795079,0.088166595,0.15655518000000002,-0.6852417,-0.76330566,0.37807053,0.05697812,0.37328234,0.24981689999999998,-0.80096436,-0.83203125,0.26048118,0.11732297400000001,0.45905155000000003,0.18954468,-0.6661376999999999,-0.7314147999999999,0.30654573,-0.033960417,0.36700326,0.15853882,-0.9282532,-0.6824951,0.3309284,0.2545245,0.31254768,检查1#变、2变、开闭所有进线、出线地刀在拉开位置。
0.24465942000000002,-0.7385254,-0.67800903,0.274288,0.08048866,0.29633272,0.19058228,-0.8649292,-0.60476685,0.33293444,0.23096296,0.21718282,0.13143921,-0.7315978999999999,-0.7659606999999999,0.40398568,0.19024381,0.36104223,0.2468872,-0.26531982,-0.6807251,0.31557614,-0.12321956,0.2632789,0.4144287,-0.16104126,-0.55944824,0.17877965,-0.11041024,0.14654037,0.5567932,0.25180054,-0.83343506,0.07659264,-0.41443628,0.44373363,0.38180542,-0.10021973,-0.9984740999999999,0.2639082,-0.05858902,0.6104733999999999,0.46875000000000006,-0.4225769,-0.66482544,0.20130767,0.25448525,0.26722723,0.028839111,-0.09338379000000001,-1.214447,0.6551939,-0.019570306000000003,0.84441453,0.31399536,-0.3324585,-1.276886,0.38460845,0.22985235,0.9075815700000001,0.31732178,-0.6052246,-1.014801,0.3826775,0.5282380999999999,0.6497695,0.27481079999999997,0.17599487,-0.9701538,0.42496473,-0.23556903,0.616308,0.17767334,0.10446167,-0.7593078600000001,0.5114518,-0.18019482,0.39678165,0.044219970000000004,-0.31332397,-0.6476135,0.5809129,0.06323935,0.23912909999999998,0.44522095,-0.64797974,-0.5101929,0.13654555000000002,0.15795079,0.088166595,0.15655518000000002,-0.6852417,-0.76330566,0.37807053,0.05697812,0.37328234,0.24981689999999998,-0.80096436,-0.83203125,0.26048118,0.11732297400000001,0.45905155000000003,0.18954468,-0.6661376999999999,-0.7314147999999999,0.30654573,-0.033960417,0.36700326,0.15853882,-0.9282532,-0.6824951,0.3309284,0.2545245,0.31254768,0.18212889999999998,-0.51275635,-0.68045044,0.3159241,-0.08885214,0.2913728,检查1#变、2变、开闭所有进线、出线地刀在拉开位置。
0.19058228,-0.8649292,-0.60476685,0.33293444,0.23096296,0.21718282,0.13143921,-0.7315978999999999,-0.7659606999999999,0.40398568,0.19024381,0.36104223,0.2468872,-0.26531982,-0.6807251,0.31557614,-0.12321956,0.2632789,0.4144287,-0.16104126,-0.55944824,0.17877965,-0.11041024,0.14654037,0.5567932,0.25180054,-0.83343506,0.07659264,-0.41443628,0.44373363,0.38180542,-0.10021973,-0.9984740999999999,0.2639082,-0.05858902,0.6104733999999999,0.46875000000000006,-0.4225769,-0.66482544,0.20130767,0.25448525,0.26722723,0.028839111,-0.09338379000000001,-1.214447,0.6551939,-0.019570306000000003,0.84441453,0.31399536,-0.3324585,-1.276886,0.38460845,0.22985235,0.9075815700000001,0.31732178,-0.6052246,-1.014801,0.3826775,0.5282380999999999,0.6497695,0.27481079999999997,0.17599487,-0.9701538,0.42496473,-0.23556903,0.616308,0.17767334,0.10446167,-0.7593078600000001,0.5114518,-0.18019482,0.39678165,0.044219970000000004,-0.31332397,-0.6476135,0.5809129,0.06323935,0.23912909999999998,0.44522095,-0.64797974,-0.5101929,0.13654555000000002,0.15795079,0.088166595,0.15655518000000002,-0.6852417,-0.76330566,0.37807053,0.05697812,0.37328234,0.24981689999999998,-0.80096436,-0.83203125,0.26048118,0.11732297400000001,0.45905155000000003,0.18954468,-0.6661376999999999,-0.7314147999999999,0.30654573,-0.033960417,0.36700326,0.15853882,-0.9282532,-0.6824951,0.3309284,0.2545245,0.31254768,0.18212889999999998,-0.51275635,-0.68045044,0.3159241,-0.08885214,0.2913728,0.12081909,-0.35736084,-0.6784363,0.38809699999999997,-0.09237933,0.27143577,检查1#变、2变、开闭所有进线、出线地刀在拉开位置。
0.13143921,-0.7315978999999999,-0.7659606999999999,0.40398568,0.19024381,0.36104223,0.2468872,-0.26531982,-0.6807251,0.31557614,-0.12321956,0.2632789,0.4144287,-0.16104126,-0.55944824,0.17877965,-0.11041024,0.14654037,0.5567932,0.25180054,-0.83343506,0.07659264,-0.41443628,0.44373363,0.38180542,-0.10021973,-0.9984740999999999,0.2639082,-0.05858902,0.6104733999999999,0.46875000000000006,-0.4225769,-0.66482544,0.20130767,0.25448525,0.26722723,0.028839111,-0.09338379000000001,-1.214447,0.6551939,-0.019570306000000003,0.84441453,0.31399536,-0.3324585,-1.276886,0.38460845,0.22985235,0.9075815700000001,0.31732178,-0.6052246,-1.014801,0.3826775,0.5282380999999999,0.6497695,0.27481079999999997,0.17599487,-0.9701538,0.42496473,-0.23556903,0.616308,0.17767334,0.10446167,-0.7593078600000001,0.5114518,-0.18019482,0.39678165,0.044219970000000004,-0.31332397,-0.6476135,0.5809129,0.06323935,0.23912909999999998,0.44522095,-0.64797974,-0.5101929,0.13654555000000002,0.15795079,0.088166595,0.15655518000000002,-0.6852417,-0.76330566,0.37807053,0.05697812,0.37328234,0.24981689999999998,-0.80096436,-0.83203125,0.26048118,0.11732297400000001,0.45905155000000003,0.18954468,-0.6661376999999999,-0.7314147999999999,0.30654573,-0.033960417,0.36700326,0.15853882,-0.9282532,-0.6824951,0.3309284,0.2545245,0.31254768,0.18212889999999998,-0.51275635,-0.68045044,0.3159241,-0.08885214,0.2913728,0.12081909,-0.35736084,-0.6784363,0.38809699999999997,-0.09237933,0.27143577,0.25265503,-0.150177,-0.6068115,0.28308618,-0.13737375000000002,0.20191541000000002,检查1#变、2变、开闭所有进线、出线地刀在拉开位置。
0.2468872,-0.26531982,-0.6807251,0.31557614,-0.12321956,0.2632789,0.4144287,-0.16104126,-0.55944824,0.17877965,-0.11041024,0.14654037,0.5567932,0.25180054,-0.83343506,0.07659264,-0.41443628,0.44373363,0.38180542,-0.10021973,-0.9984740999999999,0.2639082,-0.05858902,0.6104733999999999,0.46875000000000006,-0.4225769,-0.66482544,0.20130767,0.25448525,0.26722723,0.028839111,-0.09338379000000001,-1.214447,0.6551939,-0.019570306000000003,0.84441453,0.31399536,-0.3324585,-1.276886,0.38460845,0.22985235,0.9075815700000001,0.31732178,-0.6052246,-1.014801,0.3826775,0.5282380999999999,0.6497695,0.27481079999999997,0.17599487,-0.9701538,0.42496473,-0.23556903,0.616308,0.17767334,0.10446167,-0.7593078600000001,0.5114518,-0.18019482,0.39678165,0.044219970000000004,-0.31332397,-0.6476135,0.5809129,0.06323935,0.23912909999999998,0.44522095,-0.64797974,-0.5101929,0.13654555000000002,0.15795079,0.088166595,0.15655518000000002,-0.6852417,-0.76330566,0.37807053,0.05697812,0.37328234,0.24981689999999998,-0.80096436,-0.83203125,0.26048118,0.11732297400000001,0.45905155000000003,0.18954468,-0.6661376999999999,-0.7314147999999999,0.30654573,-0.033960417,0.36700326,0.15853882,-0.9282532,-0.6824951,0.3309284,0.2545245,0.31254768,0.18212889999999998,-0.51275635,-0.68045044,0.3159241,-0.08885214,0.2913728,0.12081909,-0.35736084,-0.6784363,0.38809699999999997,-0.09237933,0.27143577,0.25265503,-0.150177,-0.6068115,0.28308618,-0.13737375000000002,0.20191541000000002,0.37384033,-0.08361816400000001,-0.60858154,0.19229577,-0.084452964,0.22200298000000002,检查1#变、2变、开闭所有进线、出线地刀在拉开位置。
0.4144287,-0.16104126,-0.55944824,0.17877965,-0.11041024,0.14654037,0.5567932,0.25180054,-0.83343506,0.07659264,-0.41443628,0.44373363,0.38180542,-0.10021973,-0.9984740999999999,0.2639082,-0.05858902,0.6104733999999999,0.46875000000000006,-0.4225769,-0.66482544,0.20130767,0.25448525,0.26722723,0.028839111,-0.09338379000000001,-1.214447,0.6551939,-0.019570306000000003,0.84441453,0.31399536,-0.3324585,-1.276886,0.38460845,0.22985235,0.9075815700000001,0.31732178,-0.6052246,-1.014801,0.3826775,0.5282380999999999,0.6497695,0.27481079999999997,0.17599487,-0.9701538,0.42496473,-0.23556903,0.616308,0.17767334,0.10446167,-0.7593078600000001,0.5114518,-0.18019482,0.39678165,0.044219970000000004,-0.31332397,-0.6476135,0.5809129,0.06323935,0.23912909999999998,0.44522095,-0.64797974,-0.5101929,0.13654555000000002,0.15795079,0.088166595,0.15655518000000002,-0.6852417,-0.76330566,0.37807053,0.05697812,0.37328234,0.24981689999999998,-0.80096436,-0.83203125,0.26048118,0.11732297400000001,0.45905155000000003,0.18954468,-0.6661376999999999,-0.7314147999999999,0.30654573,-0.033960417,0.36700326,0.15853882,-0.9282532,-0.6824951,0.3309284,0.2545245,0.31254768,0.18212889999999998,-0.51275635,-0.68045044,0.3159241,-0.08885214,0.2913728,0.12081909,-0.35736084,-0.6784363,0.38809699999999997,-0.09237933,0.27143577,0.25265503,-0.150177,-0.6068115,0.28308618,-0.13737375000000002,0.20191541000000002,0.37384033,-0.08361816400000001,-0.60858154,0.19229577,-0.084452964,0.22200298000000002,0.46035767,-0.11267089999999999,-0.9802246,0.12627195,-0.016061328,0.60553586,检查1#变、2变、开闭所有进线、出线地刀在拉开位置。
0.5567932,0.25180054,-0.83343506,0.07659264,-0.41443628,0.44373363,0.38180542,-0.10021973,-0.9984740999999999,0.2639082,-0.05858902,0.6104733999999999,0.46875000000000006,-0.4225769,-0.66482544,0.20130767,0.25448525,0.26722723,0.028839111,-0.09338379000000001,-1.214447,0.6551939,-0.019570306000000003,0.84441453,0.31399536,-0.3324585,-1.276886,0.38460845,0.22985235,0.9075815700000001,0.31732178,-0.6052246,-1.014801,0.3826775,0.5282380999999999,0.6497695,0.27481079999999997,0.17599487,-0.9701538,0.42496473,-0.23556903,0.616308,0.17767334,0.10446167,-0.7593078600000001,0.5114518,-0.18019482,0.39678165,0.044219970000000004,-0.31332397,-0.6476135,0.5809129,0.06323935,0.23912909999999998,0.44522095,-0.64797974,-0.5101929,0.13654555000000002,0.15795079,0.088166595,0.15655518000000002,-0.6852417,-0.76330566,0.37807053,0.05697812,0.37328234,0.24981689999999998,-0.80096436,-0.83203125,0.26048118,0.11732297400000001,0.45905155000000003,0.18954468,-0.6661376999999999,-0.7314147999999999,0.30654573,-0.033960417,0.36700326,0.15853882,-0.9282532,-0.6824951,0.3309284,0.2545245,0.31254768,0.18212889999999998,-0.51275635,-0.68045044,0.3159241,-0.08885214,0.2913728,0.12081909,-0.35736084,-0.6784363,0.38809699999999997,-0.09237933,0.27143577,0.25265503,-0.150177,-0.6068115,0.28308618,-0.13737375000000002,0.20191541000000002,0.37384033,-0.08361816400000001,-0.60858154,0.19229577,-0.084452964,0.22200298000000002,0.46035767,-0.11267089999999999,-0.9802246,0.12627195,-0.016061328,0.60553586,0.47219849999999997,-0.036376953000000004,-0.65753174,0.128781,-0.059399366,0.28887123,检查1#变、2变、开闭所有进线、出线地刀在拉开位置。
0.38180542,-0.10021973,-0.9984740999999999,0.2639082,-0.05858902,0.6104733999999999,0.46875000000000006,-0.4225769,-0.66482544,0.20130767,0.25448525,0.26722723,0.028839111,-0.09338379000000001,-1.214447,0.6551939,-0.019570306000000003,0.84441453,0.31399536,-0.3324585,-1.276886,0.38460845,0.22985235,0.9075815700000001,0.31732178,-0.6052246,-1.014801,0.3826775,0.5282380999999999,0.6497695,0.27481079999999997,0.17599487,-0.9701538,0.42496473,-0.23556903,0.616308,0.17767334,0.10446167,-0.7593078600000001,0.5114518,-0.18019482,0.39678165,0.044219970000000004,-0.31332397,-0.6476135,0.5809129,0.06323935,0.23912909999999998,0.44522095,-0.64797974,-0.5101929,0.13654555000000002,0.15795079,0.088166595,0.15655518000000002,-0.6852417,-0.76330566,0.37807053,0.05697812,0.37328234,0.24981689999999998,-0.80096436,-0.83203125,0.26048118,0.11732297400000001,0.45905155000000003,0.18954468,-0.6661376999999999,-0.7314147999999999,0.30654573,-0.033960417,0.36700326,0.15853882,-0.9282532,-0.6824951,0.3309284,0.2545245,0.31254768,0.18212889999999998,-0.51275635,-0.68045044,0.3159241,-0.08885214,0.2913728,0.12081909,-0.35736084,-0.6784363,0.38809699999999997,-0.09237933,0.27143577,0.25265503,-0.150177,-0.6068115,0.28308618,-0.13737375000000002,0.20191541000000002,0.37384033,-0.08361816400000001,-0.60858154,0.19229577,-0.084452964,0.22200298000000002,0.46035767,-0.11267089999999999,-0.9802246,0.12627195,-0.016061328,0.60553586,0.47219849999999997,-0.036376953000000004,-0.65753174,0.128781,-0.059399366,0.28887123,0.17340088,0.14099121,-0.88690186,0.45950729999999995,-0.2449807,0.5187794,检查1#变、2变、开闭所有进线、出线地刀在拉开位置。
0.46875000000000006,-0.4225769,-0.66482544,0.20130767,0.25448525,0.26722723,0.028839111,-0.09338379000000001,-1.214447,0.6551939,-0.019570306000000003,0.84441453,0.31399536,-0.3324585,-1.276886,0.38460845,0.22985235,0.9075815700000001,0.31732178,-0.6052246,-1.014801,0.3826775,0.5282380999999999,0.6497695,0.27481079999999997,0.17599487,-0.9701538,0.42496473,-0.23556903,0.616308,0.17767334,0.10446167,-0.7593078600000001,0.5114518,-0.18019482,0.39678165,0.044219970000000004,-0.31332397,-0.6476135,0.5809129,0.06323935,0.23912909999999998,0.44522095,-0.64797974,-0.5101929,0.13654555000000002,0.15795079,0.088166595,0.15655518000000002,-0.6852417,-0.76330566,0.37807053,0.05697812,0.37328234,0.24981689999999998,-0.80096436,-0.83203125,0.26048118,0.11732297400000001,0.45905155000000003,0.18954468,-0.6661376999999999,-0.7314147999999999,0.30654573,-0.033960417,0.36700326,0.15853882,-0.9282532,-0.6824951,0.3309284,0.2545245,0.31254768,0.18212889999999998,-0.51275635,-0.68045044,0.3159241,-0.08885214,0.2913728,0.12081909,-0.35736084,-0.6784363,0.38809699999999997,-0.09237933,0.27143577,0.25265503,-0.150177,-0.6068115,0.28308618,-0.13737375000000002,0.20191541000000002,0.37384033,-0.08361816400000001,-0.60858154,0.19229577,-0.084452964,0.22200298000000002,0.46035767,-0.11267089999999999,-0.9802246,0.12627195,-0.016061328,0.60553586,0.47219849999999997,-0.036376953000000004,-0.65753174,0.128781,-0.059399366,0.28887123,0.17340088,0.14099121,-0.88690186,0.45950729999999995,-0.2449807,0.5187794,0.40551758,-0.33233643,-1.3359985,0.27065444,0.19774672000000001,0.9564321,检查1#变、2变、开闭所有进线、出线地刀在拉开位置。
0.028839111,-0.09338379000000001,-1.214447,0.6551939,-0.019570306000000003,0.84441453,0.31399536,-0.3324585,-1.276886,0.38460845,0.22985235,0.9075815700000001,0.31732178,-0.6052246,-1.014801,0.3826775,0.5282380999999999,0.6497695,0.27481079999999997,0.17599487,-0.9701538,0.42496473,-0.23556903,0.616308,0.17767334,0.10446167,-0.7593078600000001,0.5114518,-0.18019482,0.39678165,0.044219970000000004,-0.31332397,-0.6476135,0.5809129,0.06323935,0.23912909999999998,0.44522095,-0.64797974,-0.5101929,0.13654555000000002,0.15795079,0.088166595,0.15655518000000002,-0.6852417,-0.76330566,0.37807053,0.05697812,0.37328234,0.24981689999999998,-0.80096436,-0.83203125,0.26048118,0.11732297400000001,0.45905155000000003,0.18954468,-0.6661376999999999,-0.7314147999999999,0.30654573,-0.033960417,0.36700326,0.15853882,-0.9282532,-0.6824951,0.3309284,0.2545245,0.31254768,0.18212889999999998,-0.51275635,-0.68045044,0.3159241,-0.08885214,0.2913728,0.12081909,-0.35736084,-0.6784363,0.38809699999999997,-0.09237933,0.27143577,0.25265503,-0.150177,-0.6068115,0.28308618,-0.13737375000000002,0.20191541000000002,0.37384033,-0.08361816400000001,-0.60858154,0.19229577,-0.084452964,0.22200298000000002,0.46035767,-0.11267089999999999,-0.9802246,0.12627195,-0.016061328,0.60553586,0.47219849999999997,-0.036376953000000004,-0.65753174,0.128781,-0.059399366,0.28887123,0.17340088,0.14099121,-0.88690186,0.45950729999999995,-0.2449807,0.5187794,0.40551758,-0.33233643,-1.3359985,0.27065444,0.19774672000000001,0.9564321,0.32339478,-0.49447632,-1.3226929,0.39072769999999996,0.33413592000000003,0.9351001,检查1#变、2变、开闭所有进线、出线地刀在拉开位置。
0.31399536,-0.3324585,-1.276886,0.38460845,0.22985235,0.9075815700000001,0.31732178,-0.6052246,-1.014801,0.3826775,0.5282380999999999,0.6497695,0.27481079999999997,0.17599487,-0.9701538,0.42496473,-0.23556903,0.616308,0.17767334,0.10446167,-0.7593078600000001,0.5114518,-0.18019482,0.39678165,0.044219970000000004,-0.31332397,-0.6476135,0.5809129,0.06323935,0.23912909999999998,0.44522095,-0.64797974,-0.5101929,0.13654555000000002,0.15795079,0.088166595,0.15655518000000002,-0.6852417,-0.76330566,0.37807053,0.05697812,0.37328234,0.24981689999999998,-0.80096436,-0.83203125,0.26048118,0.11732297400000001,0.45905155000000003,0.18954468,-0.6661376999999999,-0.7314147999999999,0.30654573,-0.033960417,0.36700326,0.15853882,-0.9282532,-0.6824951,0.3309284,0.2545245,0.31254768,0.18212889999999998,-0.51275635,-0.68045044,0.3159241,-0.08885214,0.2913728,0.12081909,-0.35736084,-0.6784363,0.38809699999999997,-0.09237933,0.27143577,0.25265503,-0.150177,-0.6068115,0.28308618,-0.13737375000000002,0.20191541000000002,0.37384033,-0.08361816400000001,-0.60858154,0.19229577,-0.084452964,0.22200298000000002,0.46035767,-0.11267089999999999,-0.9802246,0.12627195,-0.016061328,0.60553586,0.47219849999999997,-0.036376953000000004,-0.65753174,0.128781,-0.059399366,0.28887123,0.17340088,0.14099121,-0.88690186,0.45950729999999995,-0.2449807,0.5187794,0.40551758,-0.33233643,-1.3359985,0.27065444,0.19774672000000001,0.9564321,0.32339478,-0.49447632,-1.3226929,0.39072769999999996,0.33413592000000003,0.9351001,0.35375977000000003,-0.32983398,-1.160553,0.36015052000000003,0.13103962,0.7616946,检查1#变、2变、开闭所有进线、出线地刀在拉开位置。
0.31732178,-0.6052246,-1.014801,0.3826775,0.5282380999999999,0.6497695,0.27481079999999997,0.17599487,-0.9701538,0.42496473,-0.23556903,0.616308,0.17767334,0.10446167,-0.7593078600000001,0.5114518,-0.18019482,0.39678165,0.044219970000000004,-0.31332397,-0.6476135,0.5809129,0.06323935,0.23912909999999998,0.44522095,-0.64797974,-0.5101929,0.13654555000000002,0.15795079,0.088166595,0.15655518000000002,-0.6852417,-0.76330566,0.37807053,0.05697812,0.37328234,0.24981689999999998,-0.80096436,-0.83203125,0.26048118,0.11732297400000001,0.45905155000000003,0.18954468,-0.6661376999999999,-0.7314147999999999,0.30654573,-0.033960417,0.36700326,0.15853882,-0.9282532,-0.6824951,0.3309284,0.2545245,0.31254768,0.18212889999999998,-0.51275635,-0.68045044,0.3159241,-0.08885214,0.2913728,0.12081909,-0.35736084,-0.6784363,0.38809699999999997,-0.09237933,0.27143577,0.25265503,-0.150177,-0.6068115,0.28308618,-0.13737375000000002,0.20191541000000002,0.37384033,-0.08361816400000001,-0.60858154,0.19229577,-0.084452964,0.22200298000000002,0.46035767,-0.11267089999999999,-0.9802246,0.12627195,-0.016061328,0.60553586,0.47219849999999997,-0.036376953000000004,-0.65753174,0.128781,-0.059399366,0.28887123,0.17340088,0.14099121,-0.88690186,0.45950729999999995,-0.2449807,0.5187794,0.40551758,-0.33233643,-1.3359985,0.27065444,0.19774672000000001,0.9564321,0.32339478,-0.49447632,-1.3226929,0.39072769999999996,0.33413592000000003,0.9351001,0.35375977000000003,-0.32983398,-1.160553,0.36015052000000003,0.13103962,0.7616946,0.48217773,-0.58114624,-1.0686951,0.18509106,0.34491965,0.65905225,检查1#变、2变、开闭所有进线、出线地刀在拉开位置。
0.27481079999999997,0.17599487,-0.9701538,0.42496473,-0.23556903,0.616308,0.17767334,0.10446167,-0.7593078600000001,0.5114518,-0.18019482,0.39678165,0.044219970000000004,-0.31332397,-0.6476135,0.5809129,0.06323935,0.23912909999999998,0.44522095,-0.64797974,-0.5101929,0.13654555000000002,0.15795079,0.088166595,0.15655518000000002,-0.6852417,-0.76330566,0.37807053,0.05697812,0.37328234,0.24981689999999998,-0.80096436,-0.83203125,0.26048118,0.11732297400000001,0.45905155000000003,0.18954468,-0.6661376999999999,-0.7314147999999999,0.30654573,-0.033960417,0.36700326,0.15853882,-0.9282532,-0.6824951,0.3309284,0.2545245,0.31254768,0.18212889999999998,-0.51275635,-0.68045044,0.3159241,-0.08885214,0.2913728,0.12081909,-0.35736084,-0.6784363,0.38809699999999997,-0.09237933,0.27143577,0.25265503,-0.150177,-0.6068115,0.28308618,-0.13737375000000002,0.20191541000000002,0.37384033,-0.08361816400000001,-0.60858154,0.19229577,-0.084452964,0.22200298000000002,0.46035767,-0.11267089999999999,-0.9802246,0.12627195,-0.016061328,0.60553586,0.47219849999999997,-0.036376953000000004,-0.65753174,0.128781,-0.059399366,0.28887123,0.17340088,0.14099121,-0.88690186,0.45950729999999995,-0.2449807,0.5187794,0.40551758,-0.33233643,-1.3359985,0.27065444,0.19774672000000001,0.9564321,0.32339478,-0.49447632,-1.3226929,0.39072769999999996,0.33413592000000003,0.9351001,0.35375977000000003,-0.32983398,-1.160553,0.36015052000000003,0.13103962,0.7616946,0.48217773,-0.58114624,-1.0686951,0.18509106,0.34491965,0.65905225,-0.025177002,-0.17578125,-0.98513794,0.6654118,-0.10086944,0.5754454999999999,检查1#变、2变、开闭所有进线、出线地刀在拉开位置。
0.17767334,0.10446167,-0.7593078600000001,0.5114518,-0.18019482,0.39678165,0.044219970000000004,-0.31332397,-0.6476135,0.5809129,0.06323935,0.23912909999999998,0.44522095,-0.64797974,-0.5101929,0.13654555000000002,0.15795079,0.088166595,0.15655518000000002,-0.6852417,-0.76330566,0.37807053,0.05697812,0.37328234,0.24981689999999998,-0.80096436,-0.83203125,0.26048118,0.11732297400000001,0.45905155000000003,0.18954468,-0.6661376999999999,-0.7314147999999999,0.30654573,-0.033960417,0.36700326,0.15853882,-0.9282532,-0.6824951,0.3309284,0.2545245,0.31254768,0.18212889999999998,-0.51275635,-0.68045044,0.3159241,-0.08885214,0.2913728,0.12081909,-0.35736084,-0.6784363,0.38809699999999997,-0.09237933,0.27143577,0.25265503,-0.150177,-0.6068115,0.28308618,-0.13737375000000002,0.20191541000000002,0.37384033,-0.08361816400000001,-0.60858154,0.19229577,-0.084452964,0.22200298000000002,0.46035767,-0.11267089999999999,-0.9802246,0.12627195,-0.016061328,0.60553586,0.47219849999999997,-0.036376953000000004,-0.65753174,0.128781,-0.059399366,0.28887123,0.17340088,0.14099121,-0.88690186,0.45950729999999995,-0.2449807,0.5187794,0.40551758,-0.33233643,-1.3359985,0.27065444,0.19774672000000001,0.9564321,0.32339478,-0.49447632,-1.3226929,0.39072769999999996,0.33413592000000003,0.9351001,0.35375977000000003,-0.32983398,-1.160553,0.36015052000000003,0.13103962,0.7616946,0.48217773,-0.58114624,-1.0686951,0.18509106,0.34491965,0.65905225,-0.025177002,-0.17578125,-0.98513794,0.6654118,-0.10086944,0.5754454999999999,0.36801147,-0.1583252,-0.8194885,0.24649592,-0.25269753,0.39524729999999997,检查1#变、2变、开闭所有进线、出线地刀在拉开位置。
0.044219970000000004,-0.31332397,-0.6476135,0.5809129,0.06323935,0.23912909999999998,0.44522095,-0.64797974,-0.5101929,0.13654555000000002,0.15795079,0.088166595,0.15655518000000002,-0.6852417,-0.76330566,0.37807053,0.05697812,0.37328234,0.24981689999999998,-0.80096436,-0.83203125,0.26048118,0.11732297400000001,0.45905155000000003,0.18954468,-0.6661376999999999,-0.7314147999999999,0.30654573,-0.033960417,0.36700326,0.15853882,-0.9282532,-0.6824951,0.3309284,0.2545245,0.31254768,0.18212889999999998,-0.51275635,-0.68045044,0.3159241,-0.08885214,0.2913728,0.12081909,-0.35736084,-0.6784363,0.38809699999999997,-0.09237933,0.27143577,0.25265503,-0.150177,-0.6068115,0.28308618,-0.13737375000000002,0.20191541000000002,0.37384033,-0.08361816400000001,-0.60858154,0.19229577,-0.084452964,0.22200298000000002,0.46035767,-0.11267089999999999,-0.9802246,0.12627195,-0.016061328,0.60553586,0.47219849999999997,-0.036376953000000004,-0.65753174,0.128781,-0.059399366,0.28887123,0.17340088,0.14099121,-0.88690186,0.45950729999999995,-0.2449807,0.5187794,0.40551758,-0.33233643,-1.3359985,0.27065444,0.19774672000000001,0.9564321,0.32339478,-0.49447632,-1.3226929,0.39072769999999996,0.33413592000000003,0.9351001,0.35375977000000003,-0.32983398,-1.160553,0.36015052000000003,0.13103962,0.7616946,0.48217773,-0.58114624,-1.0686951,0.18509106,0.34491965,0.65905225,-0.025177002,-0.17578125,-0.98513794,0.6654118,-0.10086944,0.5754454999999999,0.36801147,-0.1583252,-0.8194885,0.24649592,-0.25269753,0.39524729999999997,0.31466675,-0.35119629999999996,-0.7736206,0.26383722,-0.20424545,0.36198217,检查1#变、2变、开闭所有进线、出线地刀在拉开位置。
0.44522095,-0.64797974,-0.5101929,0.13654555000000002,0.15795079,0.088166595,0.15655518000000002,-0.6852417,-0.76330566,0.37807053,0.05697812,0.37328234,0.24981689999999998,-0.80096436,-0.83203125,0.26048118,0.11732297400000001,0.45905155000000003,0.18954468,-0.6661376999999999,-0.7314147999999999,0.30654573,-0.033960417,0.36700326,0.15853882,-0.9282532,-0.6824951,0.3309284,0.2545245,0.31254768,0.18212889999999998,-0.51275635,-0.68045044,0.3159241,-0.08885214,0.2913728,0.12081909,-0.35736084,-0.6784363,0.38809699999999997,-0.09237933,0.27143577,0.25265503,-0.150177,-0.6068115,0.28308618,-0.13737375000000002,0.20191541000000002,0.37384033,-0.08361816400000001,-0.60858154,0.19229577,-0.084452964,0.22200298000000002,0.46035767,-0.11267089999999999,-0.9802246,0.12627195,-0.016061328,0.60553586,0.47219849999999997,-0.036376953000000004,-0.65753174,0.128781,-0.059399366,0.28887123,0.17340088,0.14099121,-0.88690186,0.45950729999999995,-0.2449807,0.5187794,0.40551758,-0.33233643,-1.3359985,0.27065444,0.19774672000000001,0.9564321,0.32339478,-0.49447632,-1.3226929,0.39072769999999996,0.33413592000000003,0.9351001,0.35375977000000003,-0.32983398,-1.160553,0.36015052000000003,0.13103962,0.7616946,0.48217773,-0.58114624,-1.0686951,0.18509106,0.34491965,0.65905225,-0.025177002,-0.17578125,-0.98513794,0.6654118,-0.10086944,0.5754454999999999,0.36801147,-0.1583252,-0.8194885,0.24649592,-0.25269753,0.39524729999999997,0.31466675,-0.35119629999999996,-0.7736206,0.26383722,-0.20424545,0.36198217,0.1928711,-0.9208373999999999,-0.7313843,0.33890915,0.26177198,0.34869462,检查1#变、2变、开闭所有进线、出线地刀在拉开位置。
0.15655518000000002,-0.6852417,-0.76330566,0.37807053,0.05697812,0.37328234,0.24981689999999998,-0.80096436,-0.83203125,0.26048118,0.11732297400000001,0.45905155000000003,0.18954468,-0.6661376999999999,-0.7314147999999999,0.30654573,-0.033960417,0.36700326,0.15853882,-0.9282532,-0.6824951,0.3309284,0.2545245,0.31254768,0.18212889999999998,-0.51275635,-0.68045044,0.3159241,-0.08885214,0.2913728,0.12081909,-0.35736084,-0.6784363,0.38809699999999997,-0.09237933,0.27143577,0.25265503,-0.150177,-0.6068115,0.28308618,-0.13737375000000002,0.20191541000000002,0.37384033,-0.08361816400000001,-0.60858154,0.19229577,-0.084452964,0.22200298000000002,0.46035767,-0.11267089999999999,-0.9802246,0.12627195,-0.016061328,0.60553586,0.47219849999999997,-0.036376953000000004,-0.65753174,0.128781,-0.059399366,0.28887123,0.17340088,0.14099121,-0.88690186,0.45950729999999995,-0.2449807,0.5187794,0.40551758,-0.33233643,-1.3359985,0.27065444,0.19774672000000001,0.9564321,0.32339478,-0.49447632,-1.3226929,0.39072769999999996,0.33413592000000003,0.9351001,0.35375977000000003,-0.32983398,-1.160553,0.36015052000000003,0.13103962,0.7616946,0.48217773,-0.58114624,-1.0686951,0.18509106,0.34491965,0.65905225,-0.025177002,-0.17578125,-0.98513794,0.6654118,-0.10086944,0.5754454999999999,0.36801147,-0.1583252,-0.8194885,0.24649592,-0.25269753,0.39524729999999997,0.31466675,-0.35119629999999996,-0.7736206,0.26383722,-0.20424545,0.36198217,0.1928711,-0.9208373999999999,-0.7313843,0.33890915,0.26177198,0.34869462,0.17666626,-0.7049560500000001,-0.5528259,0.33255476,0.014835484000000001,0.18282652,检查1#变、2变、开闭所有进线、出线地刀在拉开位置。
0.24981689999999998,-0.80096436,-0.83203125,0.26048118,0.11732297400000001,0.45905155000000003,0.18954468,-0.6661376999999999,-0.7314147999999999,0.30654573,-0.033960417,0.36700326,0.15853882,-0.9282532,-0.6824951,0.3309284,0.2545245,0.31254768,0.18212889999999998,-0.51275635,-0.68045044,0.3159241,-0.08885214,0.2913728,0.12081909,-0.35736084,-0.6784363,0.38809699999999997,-0.09237933,0.27143577,0.25265503,-0.150177,-0.6068115,0.28308618,-0.13737375000000002,0.20191541000000002,0.37384033,-0.08361816400000001,-0.60858154,0.19229577,-0.084452964,0.22200298000000002,0.46035767,-0.11267089999999999,-0.9802246,0.12627195,-0.016061328,0.60553586,0.47219849999999997,-0.036376953000000004,-0.65753174,0.128781,-0.059399366,0.28887123,0.17340088,0.14099121,-0.88690186,0.45950729999999995,-0.2449807,0.5187794,0.40551758,-0.33233643,-1.3359985,0.27065444,0.19774672000000001,0.9564321,0.32339478,-0.49447632,-1.3226929,0.39072769999999996,0.33413592000000003,0.9351001,0.35375977000000003,-0.32983398,-1.160553,0.36015052000000003,0.13103962,0.7616946,0.48217773,-0.58114624,-1.0686951,0.18509106,0.34491965,0.65905225,-0.025177002,-0.17578125,-0.98513794,0.6654118,-0.10086944,0.5754454999999999,0.36801147,-0.1583252,-0.8194885,0.24649592,-0.25269753,0.39524729999999997,0.31466675,-0.35119629999999996,-0.7736206,0.26383722,-0.20424545,0.36198217,0.1928711,-0.9208373999999999,-0.7313843,0.33890915,0.26177198,0.34869462,0.17666626,-0.7049560500000001,-0.5528259,0.33255476,0.014835484000000001,0.18282652,0.21136475000000002,-0.8263855,-0.58761597,0.29736555,0.12427231,0.22090079999999998,检查1#变、2变、开闭所有进线、出线地刀在拉开位置。
0.18954468,-0.6661376999999999,-0.7314147999999999,0.30654573,-0.033960417,0.36700326,0.15853882,-0.9282532,-0.6824951,0.3309284,0.2545245,0.31254768,0.18212889999999998,-0.51275635,-0.68045044,0.3159241,-0.08885214,0.2913728,0.12081909,-0.35736084,-0.6784363,0.38809699999999997,-0.09237933,0.27143577,0.25265503,-0.150177,-0.6068115,0.28308618,-0.13737375000000002,0.20191541000000002,0.37384033,-0.08361816400000001,-0.60858154,0.19229577,-0.084452964,0.22200298000000002,0.46035767,-0.11267089999999999,-0.9802246,0.12627195,-0.016061328,0.60553586,0.47219849999999997,-0.036376953000000004,-0.65753174,0.128781,-0.059399366,0.28887123,0.17340088,0.14099121,-0.88690186,0.45950729999999995,-0.2449807,0.5187794,0.40551758,-0.33233643,-1.3359985,0.27065444,0.19774672000000001,0.9564321,0.32339478,-0.49447632,-1.3226929,0.39072769999999996,0.33413592000000003,0.9351001,0.35375977000000003,-0.32983398,-1.160553,0.36015052000000003,0.13103962,0.7616946,0.48217773,-0.58114624,-1.0686951,0.18509106,0.34491965,0.65905225,-0.025177002,-0.17578125,-0.98513794,0.6654118,-0.10086944,0.5754454999999999,0.36801147,-0.1583252,-0.8194885,0.24649592,-0.25269753,0.39524729999999997,0.31466675,-0.35119629999999996,-0.7736206,0.26383722,-0.20424545,0.36198217,0.1928711,-0.9208373999999999,-0.7313843,0.33890915,0.26177198,0.34869462,0.17666626,-0.7049560500000001,-0.5528259,0.33255476,0.014835484000000001,0.18282652,0.21136475000000002,-0.8263855,-0.58761597,0.29736555,0.12427231,0.22090079999999998,0.29837036,-0.71813965,-0.44082642,0.23620497000000001,0.045719266,0.058965325000000006,检查1#变、2变、开闭所有进线、出线地刀在拉开位置。
0.15853882,-0.9282532,-0.6824951,0.3309284,0.2545245,0.31254768,0.18212889999999998,-0.51275635,-0.68045044,0.3159241,-0.08885214,0.2913728,0.12081909,-0.35736084,-0.6784363,0.38809699999999997,-0.09237933,0.27143577,0.25265503,-0.150177,-0.6068115,0.28308618,-0.13737375000000002,0.20191541000000002,0.37384033,-0.08361816400000001,-0.60858154,0.19229577,-0.084452964,0.22200298000000002,0.46035767,-0.11267089999999999,-0.9802246,0.12627195,-0.016061328,0.60553586,0.47219849999999997,-0.036376953000000004,-0.65753174,0.128781,-0.059399366,0.28887123,0.17340088,0.14099121,-0.88690186,0.45950729999999995,-0.2449807,0.5187794,0.40551758,-0.33233643,-1.3359985,0.27065444,0.19774672000000001,0.9564321,0.32339478,-0.49447632,-1.3226929,0.39072769999999996,0.33413592000000003,0.9351001,0.35375977000000003,-0.32983398,-1.160553,0.36015052000000003,0.13103962,0.7616946,0.48217773,-0.58114624,-1.0686951,0.18509106,0.34491965,0.65905225,-0.025177002,-0.17578125,-0.98513794,0.6654118,-0.10086944,0.5754454999999999,0.36801147,-0.1583252,-0.8194885,0.24649592,-0.25269753,0.39524729999999997,0.31466675,-0.35119629999999996,-0.7736206,0.26383722,-0.20424545,0.36198217,0.1928711,-0.9208373999999999,-0.7313843,0.33890915,0.26177198,0.34869462,0.17666626,-0.7049560500000001,-0.5528259,0.33255476,0.014835484000000001,0.18282652,0.21136475000000002,-0.8263855,-0.58761597,0.29736555,0.12427231,0.22090079999999998,0.29837036,-0.71813965,-0.44082642,0.23620497000000001,0.045719266,0.058965325000000006,0.3808899,-0.5078125,-0.28866577,0.21194698,-0.07549103,-0.12298077,检查1#变、2变、开闭所有进线、出线地刀在拉开位置。
0.18212889999999998,-0.51275635,-0.68045044,0.3159241,-0.08885214,0.2913728,0.12081909,-0.35736084,-0.6784363,0.38809699999999997,-0.09237933,0.27143577,0.25265503,-0.150177,-0.6068115,0.28308618,-0.13737375000000002,0.20191541000000002,0.37384033,-0.08361816400000001,-0.60858154,0.19229577,-0.084452964,0.22200298000000002,0.46035767,-0.11267089999999999,-0.9802246,0.12627195,-0.016061328,0.60553586,0.47219849999999997,-0.036376953000000004,-0.65753174,0.128781,-0.059399366,0.28887123,0.17340088,0.14099121,-0.88690186,0.45950729999999995,-0.2449807,0.5187794,0.40551758,-0.33233643,-1.3359985,0.27065444,0.19774672000000001,0.9564321,0.32339478,-0.49447632,-1.3226929,0.39072769999999996,0.33413592000000003,0.9351001,0.35375977000000003,-0.32983398,-1.160553,0.36015052000000003,0.13103962,0.7616946,0.48217773,-0.58114624,-1.0686951,0.18509106,0.34491965,0.65905225,-0.025177002,-0.17578125,-0.98513794,0.6654118,-0.10086944,0.5754454999999999,0.36801147,-0.1583252,-0.8194885,0.24649592,-0.25269753,0.39524729999999997,0.31466675,-0.35119629999999996,-0.7736206,0.26383722,-0.20424545,0.36198217,0.1928711,-0.9208373999999999,-0.7313843,0.33890915,0.26177198,0.34869462,0.17666626,-0.7049560500000001,-0.5528259,0.33255476,0.014835484000000001,0.18282652,0.21136475000000002,-0.8263855,-0.58761597,0.29736555,0.12427231,0.22090079999999998,0.29837036,-0.71813965,-0.44082642,0.23620497000000001,0.045719266,0.058965325000000006,0.3808899,-0.5078125,-0.28866577,0.21194698,-0.07549103,-0.12298077,0.40673828,-0.30545044,-0.30081177000000003,0.24059431,-0.18301943,-0.12721169000000002,检查1#变、2变、开闭所有进线、出线地刀在拉开位置。
0.12081909,-0.35736084,-0.6784363,0.38809699999999997,-0.09237933,0.27143577,0.25265503,-0.150177,-0.6068115,0.28308618,-0.13737375000000002,0.20191541000000002,0.37384033,-0.08361816400000001,-0.60858154,0.19229577,-0.084452964,0.22200298000000002,0.46035767,-0.11267089999999999,-0.9802246,0.12627195,-0.016061328,0.60553586,0.47219849999999997,-0.036376953000000004,-0.65753174,0.128781,-0.059399366,0.28887123,0.17340088,0.14099121,-0.88690186,0.45950729999999995,-0.2449807,0.5187794,0.40551758,-0.33233643,-1.3359985,0.27065444,0.19774672000000001,0.9564321,0.32339478,-0.49447632,-1.3226929,0.39072769999999996,0.33413592000000003,0.9351001,0.35375977000000003,-0.32983398,-1.160553,0.36015052000000003,0.13103962,0.7616946,0.48217773,-0.58114624,-1.0686951,0.18509106,0.34491965,0.65905225,-0.025177002,-0.17578125,-0.98513794,0.6654118,-0.10086944,0.5754454999999999,0.36801147,-0.1583252,-0.8194885,0.24649592,-0.25269753,0.39524729999999997,0.31466675,-0.35119629999999996,-0.7736206,0.26383722,-0.20424545,0.36198217,0.1928711,-0.9208373999999999,-0.7313843,0.33890915,0.26177198,0.34869462,0.17666626,-0.7049560500000001,-0.5528259,0.33255476,0.014835484000000001,0.18282652,0.21136475000000002,-0.8263855,-0.58761597,0.29736555,0.12427231,0.22090079999999998,0.29837036,-0.71813965,-0.44082642,0.23620497000000001,0.045719266,0.058965325000000006,0.3808899,-0.5078125,-0.28866577,0.21194698,-0.07549103,-0.12298077,0.40673828,-0.30545044,-0.30081177000000003,0.24059431,-0.18301943,-0.12721169000000002,0.37020874,-0.1642456,-0.36950684,0.34384352,-0.1629233,-0.05738485,检查1#变、2变、开闭所有进线、出线地刀在拉开位置。
0.25265503,-0.150177,-0.6068115,0.28308618,-0.13737375000000002,0.20191541000000002,0.37384033,-0.08361816400000001,-0.60858154,0.19229577,-0.084452964,0.22200298000000002,0.46035767,-0.11267089999999999,-0.9802246,0.12627195,-0.016061328,0.60553586,0.47219849999999997,-0.036376953000000004,-0.65753174,0.128781,-0.059399366,0.28887123,0.17340088,0.14099121,-0.88690186,0.45950729999999995,-0.2449807,0.5187794,0.40551758,-0.33233643,-1.3359985,0.27065444,0.19774672000000001,0.9564321,0.32339478,-0.49447632,-1.3226929,0.39072769999999996,0.33413592000000003,0.9351001,0.35375977000000003,-0.32983398,-1.160553,0.36015052000000003,0.13103962,0.7616946,0.48217773,-0.58114624,-1.0686951,0.18509106,0.34491965,0.65905225,-0.025177002,-0.17578125,-0.98513794,0.6654118,-0.10086944,0.5754454999999999,0.36801147,-0.1583252,-0.8194885,0.24649592,-0.25269753,0.39524729999999997,0.31466675,-0.35119629999999996,-0.7736206,0.26383722,-0.20424545,0.36198217,0.1928711,-0.9208373999999999,-0.7313843,0.33890915,0.26177198,0.34869462,0.17666626,-0.7049560500000001,-0.5528259,0.33255476,0.014835484000000001,0.18282652,0.21136475000000002,-0.8263855,-0.58761597,0.29736555,0.12427231,0.22090079999999998,0.29837036,-0.71813965,-0.44082642,0.23620497000000001,0.045719266,0.058965325000000006,0.3808899,-0.5078125,-0.28866577,0.21194698,-0.07549103,-0.12298077,0.40673828,-0.30545044,-0.30081177000000003,0.24059431,-0.18301943,-0.12721169000000002,0.37020874,-0.1642456,-0.36950684,0.34384352,-0.1629233,-0.05738485,0.3789673,-0.23278809,-0.40246582000000003,0.36834604,0.06920124,0.0054939985000000005,检查1#变、2变、开闭所有进线、出线地刀在拉开位置。
0.37384033,-0.08361816400000001,-0.60858154,0.19229577,-0.084452964,0.22200298000000002,0.46035767,-0.11267089999999999,-0.9802246,0.12627195,-0.016061328,0.60553586,0.47219849999999997,-0.036376953000000004,-0.65753174,0.128781,-0.059399366,0.28887123,0.17340088,0.14099121,-0.88690186,0.45950729999999995,-0.2449807,0.5187794,0.40551758,-0.33233643,-1.3359985,0.27065444,0.19774672000000001,0.9564321,0.32339478,-0.49447632,-1.3226929,0.39072769999999996,0.33413592000000003,0.9351001,0.35375977000000003,-0.32983398,-1.160553,0.36015052000000003,0.13103962,0.7616946,0.48217773,-0.58114624,-1.0686951,0.18509106,0.34491965,0.65905225,-0.025177002,-0.17578125,-0.98513794,0.6654118,-0.10086944,0.5754454999999999,0.36801147,-0.1583252,-0.8194885,0.24649592,-0.25269753,0.39524729999999997,0.31466675,-0.35119629999999996,-0.7736206,0.26383722,-0.20424545,0.36198217,0.1928711,-0.9208373999999999,-0.7313843,0.33890915,0.26177198,0.34869462,0.17666626,-0.7049560500000001,-0.5528259,0.33255476,0.014835484000000001,0.18282652,0.21136475000000002,-0.8263855,-0.58761597,0.29736555,0.12427231,0.22090079999999998,0.29837036,-0.71813965,-0.44082642,0.23620497000000001,0.045719266,0.058965325000000006,0.3808899,-0.5078125,-0.28866577,0.21194698,-0.07549103,-0.12298077,0.40673828,-0.30545044,-0.30081177000000003,0.24059431,-0.18301943,-0.12721169000000002,0.37020874,-0.1642456,-0.36950684,0.34384352,-0.1629233,-0.05738485,0.3789673,-0.23278809,-0.40246582000000003,0.36834604,0.06920124,0.0054939985000000005,0.3383484,0.48577879999999996,-0.3812561,0.3964619,-0.34266853,0.13014084,检查1#变、2变、开闭所有进线、出线地刀在拉开位置。
0.46035767,-0.11267089999999999,-0.9802246,0.12627195,-0.016061328,0.60553586,0.47219849999999997,-0.036376953000000004,-0.65753174,0.128781,-0.059399366,0.28887123,0.17340088,0.14099121,-0.88690186,0.45950729999999995,-0.2449807,0.5187794,0.40551758,-0.33233643,-1.3359985,0.27065444,0.19774672000000001,0.9564321,0.32339478,-0.49447632,-1.3226929,0.39072769999999996,0.33413592000000003,0.9351001,0.35375977000000003,-0.32983398,-1.160553,0.36015052000000003,0.13103962,0.7616946,0.48217773,-0.58114624,-1.0686951,0.18509106,0.34491965,0.65905225,-0.025177002,-0.17578125,-0.98513794,0.6654118,-0.10086944,0.5754454999999999,0.36801147,-0.1583252,-0.8194885,0.24649592,-0.25269753,0.39524729999999997,0.31466675,-0.35119629999999996,-0.7736206,0.26383722,-0.20424545,0.36198217,0.1928711,-0.9208373999999999,-0.7313843,0.33890915,0.26177198,0.34869462,0.17666626,-0.7049560500000001,-0.5528259,0.33255476,0.014835484000000001,0.18282652,0.21136475000000002,-0.8263855,-0.58761597,0.29736555,0.12427231,0.22090079999999998,0.29837036,-0.71813965,-0.44082642,0.23620497000000001,0.045719266,0.058965325000000006,0.3808899,-0.5078125,-0.28866577,0.21194698,-0.07549103,-0.12298077,0.40673828,-0.30545044,-0.30081177000000003,0.24059431,-0.18301943,-0.12721169000000002,0.37020874,-0.1642456,-0.36950684,0.34384352,-0.1629233,-0.05738485,0.3789673,-0.23278809,-0.40246582000000003,0.36834604,0.06920124,0.0054939985000000005,0.3383484,0.48577879999999996,-0.3812561,0.3964619,-0.34266853,0.13014084,0.44476318000000004,0.41418457000000003,-0.4756775,0.23656921,-0.14605415,0.3284891,检查1#变、2变、开闭所有进线、出线地刀在拉开位置。
0.47219849999999997,-0.036376953000000004,-0.65753174,0.128781,-0.059399366,0.28887123,0.17340088,0.14099121,-0.88690186,0.45950729999999995,-0.2449807,0.5187794,0.40551758,-0.33233643,-1.3359985,0.27065444,0.19774672000000001,0.9564321,0.32339478,-0.49447632,-1.3226929,0.39072769999999996,0.33413592000000003,0.9351001,0.35375977000000003,-0.32983398,-1.160553,0.36015052000000003,0.13103962,0.7616946,0.48217773,-0.58114624,-1.0686951,0.18509106,0.34491965,0.65905225,-0.025177002,-0.17578125,-0.98513794,0.6654118,-0.10086944,0.5754454999999999,0.36801147,-0.1583252,-0.8194885,0.24649592,-0.25269753,0.39524729999999997,0.31466675,-0.35119629999999996,-0.7736206,0.26383722,-0.20424545,0.36198217,0.1928711,-0.9208373999999999,-0.7313843,0.33890915,0.26177198,0.34869462,0.17666626,-0.7049560500000001,-0.5528259,0.33255476,0.014835484000000001,0.18282652,0.21136475000000002,-0.8263855,-0.58761597,0.29736555,0.12427231,0.22090079999999998,0.29837036,-0.71813965,-0.44082642,0.23620497000000001,0.045719266,0.058965325000000006,0.3808899,-0.5078125,-0.28866577,0.21194698,-0.07549103,-0.12298077,0.40673828,-0.30545044,-0.30081177000000003,0.24059431,-0.18301943,-0.12721169000000002,0.37020874,-0.1642456,-0.36950684,0.34384352,-0.1629233,-0.05738485,0.3789673,-0.23278809,-0.40246582000000003,0.36834604,0.06920124,0.0054939985000000005,0.3383484,0.48577879999999996,-0.3812561,0.3964619,-0.34266853,0.13014084,0.44476318000000004,0.41418457000000003,-0.4756775,0.23656921,-0.14605415,0.3284891,0.42425537,0.434021,-0.39657593,0.14788677,-0.04963512,0.39824313,检查1#变、2变、开闭所有进线、出线地刀在拉开位置。
0.17340088,0.14099121,-0.88690186,0.45950729999999995,-0.2449807,0.5187794,0.40551758,-0.33233643,-1.3359985,0.27065444,0.19774672000000001,0.9564321,0.32339478,-0.49447632,-1.3226929,0.39072769999999996,0.33413592000000003,0.9351001,0.35375977000000003,-0.32983398,-1.160553,0.36015052000000003,0.13103962,0.7616946,0.48217773,-0.58114624,-1.0686951,0.18509106,0.34491965,0.65905225,-0.025177002,-0.17578125,-0.98513794,0.6654118,-0.10086944,0.5754454999999999,0.36801147,-0.1583252,-0.8194885,0.24649592,-0.25269753,0.39524729999999997,0.31466675,-0.35119629999999996,-0.7736206,0.26383722,-0.20424545,0.36198217,0.1928711,-0.9208373999999999,-0.7313843,0.33890915,0.26177198,0.34869462,0.17666626,-0.7049560500000001,-0.5528259,0.33255476,0.014835484000000001,0.18282652,0.21136475000000002,-0.8263855,-0.58761597,0.29736555,0.12427231,0.22090079999999998,0.29837036,-0.71813965,-0.44082642,0.23620497000000001,0.045719266,0.058965325000000006,0.3808899,-0.5078125,-0.28866577,0.21194698,-0.07549103,-0.12298077,0.40673828,-0.30545044,-0.30081177000000003,0.24059431,-0.18301943,-0.12721169000000002,0.37020874,-0.1642456,-0.36950684,0.34384352,-0.1629233,-0.05738485,0.3789673,-0.23278809,-0.40246582000000003,0.36834604,0.06920124,0.0054939985000000005,0.3383484,0.48577879999999996,-0.3812561,0.3964619,-0.34266853,0.13014084,0.44476318000000004,0.41418457000000003,-0.4756775,0.23656921,-0.14605415,0.3284891,0.42425537,0.434021,-0.39657593,0.14788677,-0.04963512,0.39824313,0.44345093,0.7026367,-0.3206787,-0.025974676000000002,-0.2633638,0.49210339999999997,检查1#变、2变、开闭所有进线、出线地刀在拉开位置。
0.40551758,-0.33233643,-1.3359985,0.27065444,0.19774672000000001,0.9564321,0.32339478,-0.49447632,-1.3226929,0.39072769999999996,0.33413592000000003,0.9351001,0.35375977000000003,-0.32983398,-1.160553,0.36015052000000003,0.13103962,0.7616946,0.48217773,-0.58114624,-1.0686951,0.18509106,0.34491965,0.65905225,-0.025177002,-0.17578125,-0.98513794,0.6654118,-0.10086944,0.5754454999999999,0.36801147,-0.1583252,-0.8194885,0.24649592,-0.25269753,0.39524729999999997,0.31466675,-0.35119629999999996,-0.7736206,0.26383722,-0.20424545,0.36198217,0.1928711,-0.9208373999999999,-0.7313843,0.33890915,0.26177198,0.34869462,0.17666626,-0.7049560500000001,-0.5528259,0.33255476,0.014835484000000001,0.18282652,0.21136475000000002,-0.8263855,-0.58761597,0.29736555,0.12427231,0.22090079999999998,0.29837036,-0.71813965,-0.44082642,0.23620497000000001,0.045719266,0.058965325000000006,0.3808899,-0.5078125,-0.28866577,0.21194698,-0.07549103,-0.12298077,0.40673828,-0.30545044,-0.30081177000000003,0.24059431,-0.18301943,-0.12721169000000002,0.37020874,-0.1642456,-0.36950684,0.34384352,-0.1629233,-0.05738485,0.3789673,-0.23278809,-0.40246582000000003,0.36834604,0.06920124,0.0054939985000000005,0.3383484,0.48577879999999996,-0.3812561,0.3964619,-0.34266853,0.13014084,0.44476318000000004,0.41418457000000003,-0.4756775,0.23656921,-0.14605415,0.3284891,0.42425537,0.434021,-0.39657593,0.14788677,-0.04963512,0.39824313,0.44345093,0.7026367,-0.3206787,-0.025974676000000002,-0.2633638,0.49210339999999997,0.43887329999999997,0.7355346700000001,-0.2218628,-0.14682218,-0.3032671,0.5036815,检查1#变、2变、开闭所有进线、出线地刀在拉开位置。
0.32339478,-0.49447632,-1.3226929,0.39072769999999996,0.33413592000000003,0.9351001,0.35375977000000003,-0.32983398,-1.160553,0.36015052000000003,0.13103962,0.7616946,0.48217773,-0.58114624,-1.0686951,0.18509106,0.34491965,0.65905225,-0.025177002,-0.17578125,-0.98513794,0.6654118,-0.10086944,0.5754454999999999,0.36801147,-0.1583252,-0.8194885,0.24649592,-0.25269753,0.39524729999999997,0.31466675,-0.35119629999999996,-0.7736206,0.26383722,-0.20424545,0.36198217,0.1928711,-0.9208373999999999,-0.7313843,0.33890915,0.26177198,0.34869462,0.17666626,-0.7049560500000001,-0.5528259,0.33255476,0.014835484000000001,0.18282652,0.21136475000000002,-0.8263855,-0.58761597,0.29736555,0.12427231,0.22090079999999998,0.29837036,-0.71813965,-0.44082642,0.23620497000000001,0.045719266,0.058965325000000006,0.3808899,-0.5078125,-0.28866577,0.21194698,-0.07549103,-0.12298077,0.40673828,-0.30545044,-0.30081177000000003,0.24059431,-0.18301943,-0.12721169000000002,0.37020874,-0.1642456,-0.36950684,0.34384352,-0.1629233,-0.05738485,0.3789673,-0.23278809,-0.40246582000000003,0.36834604,0.06920124,0.0054939985000000005,0.3383484,0.48577879999999996,-0.3812561,0.3964619,-0.34266853,0.13014084,0.44476318000000004,0.41418457000000003,-0.4756775,0.23656921,-0.14605415,0.3284891,0.42425537,0.434021,-0.39657593,0.14788677,-0.04963512,0.39824313,0.44345093,0.7026367,-0.3206787,-0.025974676000000002,-0.2633638,0.49210339999999997,0.43887329999999997,0.7355346700000001,-0.2218628,-0.14682218,-0.3032671,0.5036815,0.40292358,0.7025756999999999,-0.26226807,-0.15487719,-0.28118914,0.5820259999999999,检查1#变、2变、开闭所有进线、出线地刀在拉开位置。
0.35375977000000003,-0.32983398,-1.160553,0.36015052000000003,0.13103962,0.7616946,0.48217773,-0.58114624,-1.0686951,0.18509106,0.34491965,0.65905225,-0.025177002,-0.17578125,-0.98513794,0.6654118,-0.10086944,0.5754454999999999,0.36801147,-0.1583252,-0.8194885,0.24649592,-0.25269753,0.39524729999999997,0.31466675,-0.35119629999999996,-0.7736206,0.26383722,-0.20424545,0.36198217,0.1928711,-0.9208373999999999,-0.7313843,0.33890915,0.26177198,0.34869462,0.17666626,-0.7049560500000001,-0.5528259,0.33255476,0.014835484000000001,0.18282652,0.21136475000000002,-0.8263855,-0.58761597,0.29736555,0.12427231,0.22090079999999998,0.29837036,-0.71813965,-0.44082642,0.23620497000000001,0.045719266,0.058965325000000006,0.3808899,-0.5078125,-0.28866577,0.21194698,-0.07549103,-0.12298077,0.40673828,-0.30545044,-0.30081177000000003,0.24059431,-0.18301943,-0.12721169000000002,0.37020874,-0.1642456,-0.36950684,0.34384352,-0.1629233,-0.05738485,0.3789673,-0.23278809,-0.40246582000000003,0.36834604,0.06920124,0.0054939985000000005,0.3383484,0.48577879999999996,-0.3812561,0.3964619,-0.34266853,0.13014084,0.44476318000000004,0.41418457000000003,-0.4756775,0.23656921,-0.14605415,0.3284891,0.42425537,0.434021,-0.39657593,0.14788677,-0.04963512,0.39824313,0.44345093,0.7026367,-0.3206787,-0.025974676000000002,-0.2633638,0.49210339999999997,0.43887329999999997,0.7355346700000001,-0.2218628,-0.14682218,-0.3032671,0.5036815,0.40292358,0.7025756999999999,-0.26226807,-0.15487719,-0.28118914,0.5820259999999999,0.35403442,0.6156005999999999,-0.20965576,-0.27739802,-0.27760777000000003,0.6675829999999999,检查1#变、2变、开闭所有进线、出线地刀在拉开位置。
0.48217773,-0.58114624,-1.0686951,0.18509106,0.34491965,0.65905225,-0.025177002,-0.17578125,-0.98513794,0.6654118,-0.10086944,0.5754454999999999,0.36801147,-0.1583252,-0.8194885,0.24649592,-0.25269753,0.39524729999999997,0.31466675,-0.35119629999999996,-0.7736206,0.26383722,-0.20424545,0.36198217,0.1928711,-0.9208373999999999,-0.7313843,0.33890915,0.26177198,0.34869462,0.17666626,-0.7049560500000001,-0.5528259,0.33255476,0.014835484000000001,0.18282652,0.21136475000000002,-0.8263855,-0.58761597,0.29736555,0.12427231,0.22090079999999998,0.29837036,-0.71813965,-0.44082642,0.23620497000000001,0.045719266,0.058965325000000006,0.3808899,-0.5078125,-0.28866577,0.21194698,-0.07549103,-0.12298077,0.40673828,-0.30545044,-0.30081177000000003,0.24059431,-0.18301943,-0.12721169000000002,0.37020874,-0.1642456,-0.36950684,0.34384352,-0.1629233,-0.05738485,0.3789673,-0.23278809,-0.40246582000000003,0.36834604,0.06920124,0.0054939985000000005,0.3383484,0.48577879999999996,-0.3812561,0.3964619,-0.34266853,0.13014084,0.44476318000000004,0.41418457000000003,-0.4756775,0.23656921,-0.14605415,0.3284891,0.42425537,0.434021,-0.39657593,0.14788677,-0.04963512,0.39824313,0.44345093,0.7026367,-0.3206787,-0.025974676000000002,-0.2633638,0.49210339999999997,0.43887329999999997,0.7355346700000001,-0.2218628,-0.14682218,-0.3032671,0.5036815,0.40292358,0.7025756999999999,-0.26226807,-0.15487719,-0.28118914,0.5820259999999999,0.35403442,0.6156005999999999,-0.20965576,-0.27739802,-0.27760777000000003,0.6675829999999999,0.22421265,0.50302124,0.14117432,-0.29151225000000003,-0.29830045,0.37673685,检查1#变、2变、开闭所有进线、出线地刀在拉开位置。
-0.025177002,-0.17578125,-0.98513794,0.6654118,-0.10086944,0.5754454999999999,0.36801147,-0.1583252,-0.8194885,0.24649592,-0.25269753,0.39524729999999997,0.31466675,-0.35119629999999996,-0.7736206,0.26383722,-0.20424545,0.36198217,0.1928711,-0.9208373999999999,-0.7313843,0.33890915,0.26177198,0.34869462,0.17666626,-0.7049560500000001,-0.5528259,0.33255476,0.014835484000000001,0.18282652,0.21136475000000002,-0.8263855,-0.58761597,0.29736555,0.12427231,0.22090079999999998,0.29837036,-0.71813965,-0.44082642,0.23620497000000001,0.045719266,0.058965325000000006,0.3808899,-0.5078125,-0.28866577,0.21194698,-0.07549103,-0.12298077,0.40673828,-0.30545044,-0.30081177000000003,0.24059431,-0.18301943,-0.12721169000000002,0.37020874,-0.1642456,-0.36950684,0.34384352,-0.1629233,-0.05738485,0.3789673,-0.23278809,-0.40246582000000003,0.36834604,0.06920124,0.0054939985000000005,0.3383484,0.48577879999999996,-0.3812561,0.3964619,-0.34266853,0.13014084,0.44476318000000004,0.41418457000000003,-0.4756775,0.23656921,-0.14605415,0.3284891,0.42425537,0.434021,-0.39657593,0.14788677,-0.04963512,0.39824313,0.44345093,0.7026367,-0.3206787,-0.025974676000000002,-0.2633638,0.49210339999999997,0.43887329999999997,0.7355346700000001,-0.2218628,-0.14682218,-0.3032671,0.5036815,0.40292358,0.7025756999999999,-0.26226807,-0.15487719,-0.28118914,0.5820259999999999,0.35403442,0.6156005999999999,-0.20965576,-0.27739802,-0.27760777000000003,0.6675829999999999,0.22421265,0.50302124,0.14117432,-0.29151225000000003,-0.29830045,0.37673685,0.18856812,0.5211792,0.12057495,-0.27392963,-0.34174538,0.38669032000000003,检查1#变、2变、开闭所有进线、出线地刀在拉开位置。
0.36801147,-0.1583252,-0.8194885,0.24649592,-0.25269753,0.39524729999999997,0.31466675,-0.35119629999999996,-0.7736206,0.26383722,-0.20424545,0.36198217,0.1928711,-0.9208373999999999,-0.7313843,0.33890915,0.26177198,0.34869462,0.17666626,-0.7049560500000001,-0.5528259,0.33255476,0.014835484000000001,0.18282652,0.21136475000000002,-0.8263855,-0.58761597,0.29736555,0.12427231,0.22090079999999998,0.29837036,-0.71813965,-0.44082642,0.23620497000000001,0.045719266,0.058965325000000006,0.3808899,-0.5078125,-0.28866577,0.21194698,-0.07549103,-0.12298077,0.40673828,-0.30545044,-0.30081177000000003,0.24059431,-0.18301943,-0.12721169000000002,0.37020874,-0.1642456,-0.36950684,0.34384352,-0.1629233,-0.05738485,0.3789673,-0.23278809,-0.40246582000000003,0.36834604,0.06920124,0.0054939985000000005,0.3383484,0.48577879999999996,-0.3812561,0.3964619,-0.34266853,0.13014084,0.44476318000000004,0.41418457000000003,-0.4756775,0.23656921,-0.14605415,0.3284891,0.42425537,0.434021,-0.39657593,0.14788677,-0.04963512,0.39824313,0.44345093,0.7026367,-0.3206787,-0.025974676000000002,-0.2633638,0.49210339999999997,0.43887329999999997,0.7355346700000001,-0.2218628,-0.14682218,-0.3032671,0.5036815,0.40292358,0.7025756999999999,-0.26226807,-0.15487719,-0.28118914,0.5820259999999999,0.35403442,0.6156005999999999,-0.20965576,-0.27739802,-0.27760777000000003,0.6675829999999999,0.22421265,0.50302124,0.14117432,-0.29151225000000003,-0.29830045,0.37673685,0.18856812,0.5211792,0.12057495,-0.27392963,-0.34174538,0.38669032000000003,0.17520142,0.7156372,0.13293457,-0.2723248,-0.5597546999999999,0.3557104,检查1#变、2变、开闭所有进线、出线地刀在拉开位置。
0.31466675,-0.35119629999999996,-0.7736206,0.26383722,-0.20424545,0.36198217,0.1928711,-0.9208373999999999,-0.7313843,0.33890915,0.26177198,0.34869462,0.17666626,-0.7049560500000001,-0.5528259,0.33255476,0.014835484000000001,0.18282652,0.21136475000000002,-0.8263855,-0.58761597,0.29736555,0.12427231,0.22090079999999998,0.29837036,-0.71813965,-0.44082642,0.23620497000000001,0.045719266,0.058965325000000006,0.3808899,-0.5078125,-0.28866577,0.21194698,-0.07549103,-0.12298077,0.40673828,-0.30545044,-0.30081177000000003,0.24059431,-0.18301943,-0.12721169000000002,0.37020874,-0.1642456,-0.36950684,0.34384352,-0.1629233,-0.05738485,0.3789673,-0.23278809,-0.40246582000000003,0.36834604,0.06920124,0.0054939985000000005,0.3383484,0.48577879999999996,-0.3812561,0.3964619,-0.34266853,0.13014084,0.44476318000000004,0.41418457000000003,-0.4756775,0.23656921,-0.14605415,0.3284891,0.42425537,0.434021,-0.39657593,0.14788677,-0.04963512,0.39824313,0.44345093,0.7026367,-0.3206787,-0.025974676000000002,-0.2633638,0.49210339999999997,0.43887329999999997,0.7355346700000001,-0.2218628,-0.14682218,-0.3032671,0.5036815,0.40292358,0.7025756999999999,-0.26226807,-0.15487719,-0.28118914,0.5820259999999999,0.35403442,0.6156005999999999,-0.20965576,-0.27739802,-0.27760777000000003,0.6675829999999999,0.22421265,0.50302124,0.14117432,-0.29151225000000003,-0.29830045,0.37673685,0.18856812,0.5211792,0.12057495,-0.27392963,-0.34174538,0.38669032000000003,0.17520142,0.7156372,0.13293457,-0.2723248,-0.5597546999999999,0.3557104,0.15475464,0.48776245,0.11224365,-0.22373971,-0.30681753,0.28743434,检查1#变、2变、开闭所有进线、出线地刀在拉开位置。
0.1928711,-0.9208373999999999,-0.7313843,0.33890915,0.26177198,0.34869462,0.17666626,-0.7049560500000001,-0.5528259,0.33255476,0.014835484000000001,0.18282652,0.21136475000000002,-0.8263855,-0.58761597,0.29736555,0.12427231,0.22090079999999998,0.29837036,-0.71813965,-0.44082642,0.23620497000000001,0.045719266,0.058965325000000006,0.3808899,-0.5078125,-0.28866577,0.21194698,-0.07549103,-0.12298077,0.40673828,-0.30545044,-0.30081177000000003,0.24059431,-0.18301943,-0.12721169000000002,0.37020874,-0.1642456,-0.36950684,0.34384352,-0.1629233,-0.05738485,0.3789673,-0.23278809,-0.40246582000000003,0.36834604,0.06920124,0.0054939985000000005,0.3383484,0.48577879999999996,-0.3812561,0.3964619,-0.34266853,0.13014084,0.44476318000000004,0.41418457000000003,-0.4756775,0.23656921,-0.14605415,0.3284891,0.42425537,0.434021,-0.39657593,0.14788677,-0.04963512,0.39824313,0.44345093,0.7026367,-0.3206787,-0.025974676000000002,-0.2633638,0.49210339999999997,0.43887329999999997,0.7355346700000001,-0.2218628,-0.14682218,-0.3032671,0.5036815,0.40292358,0.7025756999999999,-0.26226807,-0.15487719,-0.28118914,0.5820259999999999,0.35403442,0.6156005999999999,-0.20965576,-0.27739802,-0.27760777000000003,0.6675829999999999,0.22421265,0.50302124,0.14117432,-0.29151225000000003,-0.29830045,0.37673685,0.18856812,0.5211792,0.12057495,-0.27392963,-0.34174538,0.38669032000000003,0.17520142,0.7156372,0.13293457,-0.2723248,-0.5597546999999999,0.3557104,0.15475464,0.48776245,0.11224365,-0.22373971,-0.30681753,0.28743434,0.14865112,0.4423523,0.012908936000000001,-0.16156569,-0.22293448000000002,0.29991972,检查1#变、2变、开闭所有进线、出线地刀在拉开位置。
0.17666626,-0.7049560500000001,-0.5528259,0.33255476,0.014835484000000001,0.18282652,0.21136475000000002,-0.8263855,-0.58761597,0.29736555,0.12427231,0.22090079999999998,0.29837036,-0.71813965,-0.44082642,0.23620497000000001,0.045719266,0.058965325000000006,0.3808899,-0.5078125,-0.28866577,0.21194698,-0.07549103,-0.12298077,0.40673828,-0.30545044,-0.30081177000000003,0.24059431,-0.18301943,-0.12721169000000002,0.37020874,-0.1642456,-0.36950684,0.34384352,-0.1629233,-0.05738485,0.3789673,-0.23278809,-0.40246582000000003,0.36834604,0.06920124,0.0054939985000000005,0.3383484,0.48577879999999996,-0.3812561,0.3964619,-0.34266853,0.13014084,0.44476318000000004,0.41418457000000003,-0.4756775,0.23656921,-0.14605415,0.3284891,0.42425537,0.434021,-0.39657593,0.14788677,-0.04963512,0.39824313,0.44345093,0.7026367,-0.3206787,-0.025974676000000002,-0.2633638,0.49210339999999997,0.43887329999999997,0.7355346700000001,-0.2218628,-0.14682218,-0.3032671,0.5036815,0.40292358,0.7025756999999999,-0.26226807,-0.15487719,-0.28118914,0.5820259999999999,0.35403442,0.6156005999999999,-0.20965576,-0.27739802,-0.27760777000000003,0.6675829999999999,0.22421265,0.50302124,0.14117432,-0.29151225000000003,-0.29830045,0.37673685,0.18856812,0.5211792,0.12057495,-0.27392963,-0.34174538,0.38669032000000003,0.17520142,0.7156372,0.13293457,-0.2723248,-0.5597546999999999,0.3557104,0.15475464,0.48776245,0.11224365,-0.22373971,-0.30681753,0.28743434,0.14865112,0.4423523,0.012908936000000001,-0.16156569,-0.22293448000000002,0.29991972,0.19305419999999998,0.44030762,-0.09979248,-0.13902496,-0.19183743,0.32438105,检查1#变、2变、开闭所有进线、出线地刀在拉开位置。
0.21136475000000002,-0.8263855,-0.58761597,0.29736555,0.12427231,0.22090079999999998,0.29837036,-0.71813965,-0.44082642,0.23620497000000001,0.045719266,0.058965325000000006,0.3808899,-0.5078125,-0.28866577,0.21194698,-0.07549103,-0.12298077,0.40673828,-0.30545044,-0.30081177000000003,0.24059431,-0.18301943,-0.12721169000000002,0.37020874,-0.1642456,-0.36950684,0.34384352,-0.1629233,-0.05738485,0.3789673,-0.23278809,-0.40246582000000003,0.36834604,0.06920124,0.0054939985000000005,0.3383484,0.48577879999999996,-0.3812561,0.3964619,-0.34266853,0.13014084,0.44476318000000004,0.41418457000000003,-0.4756775,0.23656921,-0.14605415,0.3284891,0.42425537,0.434021,-0.39657593,0.14788677,-0.04963512,0.39824313,0.44345093,0.7026367,-0.3206787,-0.025974676000000002,-0.2633638,0.49210339999999997,0.43887329999999997,0.7355346700000001,-0.2218628,-0.14682218,-0.3032671,0.5036815,0.40292358,0.7025756999999999,-0.26226807,-0.15487719,-0.28118914,0.5820259999999999,0.35403442,0.6156005999999999,-0.20965576,-0.27739802,-0.27760777000000003,0.6675829999999999,0.22421265,0.50302124,0.14117432,-0.29151225000000003,-0.29830045,0.37673685,0.18856812,0.5211792,0.12057495,-0.27392963,-0.34174538,0.38669032000000003,0.17520142,0.7156372,0.13293457,-0.2723248,-0.5597546999999999,0.3557104,0.15475464,0.48776245,0.11224365,-0.22373971,-0.30681753,0.28743434,0.14865112,0.4423523,0.012908936000000001,-0.16156569,-0.22293448000000002,0.29991972,0.19305419999999998,0.44030762,-0.09979248,-0.13902496,-0.19183743,0.32438105,0.16339111,0.10137939500000001,-0.06329346,-0.040637672,0.16297472,0.19217092,检查1#变、2变、开闭所有进线、出线地刀在拉开位置。
0.29837036,-0.71813965,-0.44082642,0.23620497000000001,0.045719266,0.058965325000000006,0.3808899,-0.5078125,-0.28866577,0.21194698,-0.07549103,-0.12298077,0.40673828,-0.30545044,-0.30081177000000003,0.24059431,-0.18301943,-0.12721169000000002,0.37020874,-0.1642456,-0.36950684,0.34384352,-0.1629233,-0.05738485,0.3789673,-0.23278809,-0.40246582000000003,0.36834604,0.06920124,0.0054939985000000005,0.3383484,0.48577879999999996,-0.3812561,0.3964619,-0.34266853,0.13014084,0.44476318000000004,0.41418457000000003,-0.4756775,0.23656921,-0.14605415,0.3284891,0.42425537,0.434021,-0.39657593,0.14788677,-0.04963512,0.39824313,0.44345093,0.7026367,-0.3206787,-0.025974676000000002,-0.2633638,0.49210339999999997,0.43887329999999997,0.7355346700000001,-0.2218628,-0.14682218,-0.3032671,0.5036815,0.40292358,0.7025756999999999,-0.26226807,-0.15487719,-0.28118914,0.5820259999999999,0.35403442,0.6156005999999999,-0.20965576,-0.27739802,-0.27760777000000003,0.6675829999999999,0.22421265,0.50302124,0.14117432,-0.29151225000000003,-0.29830045,0.37673685,0.18856812,0.5211792,0.12057495,-0.27392963,-0.34174538,0.38669032000000003,0.17520142,0.7156372,0.13293457,-0.2723248,-0.5597546999999999,0.3557104,0.15475464,0.48776245,0.11224365,-0.22373971,-0.30681753,0.28743434,0.14865112,0.4423523,0.012908936000000001,-0.16156569,-0.22293448000000002,0.29991972,0.19305419999999998,0.44030762,-0.09979248,-0.13902496,-0.19183743,0.32438105,0.16339111,0.10137939500000001,-0.06329346,-0.040637672,0.16297472,0.19217092,0.08563232400000001,0.16281128,-0.15740967,0.093994066,0.104966424,0.22855332,检查1#变、2变、开闭所有进线、出线地刀在拉开位置。
0.3808899,-0.5078125,-0.28866577,0.21194698,-0.07549103,-0.12298077,0.40673828,-0.30545044,-0.30081177000000003,0.24059431,-0.18301943,-0.12721169000000002,0.37020874,-0.1642456,-0.36950684,0.34384352,-0.1629233,-0.05738485,0.3789673,-0.23278809,-0.40246582000000003,0.36834604,0.06920124,0.0054939985000000005,0.3383484,0.48577879999999996,-0.3812561,0.3964619,-0.34266853,0.13014084,0.44476318000000004,0.41418457000000003,-0.4756775,0.23656921,-0.14605415,0.3284891,0.42425537,0.434021,-0.39657593,0.14788677,-0.04963512,0.39824313,0.44345093,0.7026367,-0.3206787,-0.025974676000000002,-0.2633638,0.49210339999999997,0.43887329999999997,0.7355346700000001,-0.2218628,-0.14682218,-0.3032671,0.5036815,0.40292358,0.7025756999999999,-0.26226807,-0.15487719,-0.28118914,0.5820259999999999,0.35403442,0.6156005999999999,-0.20965576,-0.27739802,-0.27760777000000003,0.6675829999999999,0.22421265,0.50302124,0.14117432,-0.29151225000000003,-0.29830045,0.37673685,0.18856812,0.5211792,0.12057495,-0.27392963,-0.34174538,0.38669032000000003,0.17520142,0.7156372,0.13293457,-0.2723248,-0.5597546999999999,0.3557104,0.15475464,0.48776245,0.11224365,-0.22373971,-0.30681753,0.28743434,0.14865112,0.4423523,0.012908936000000001,-0.16156569,-0.22293448000000002,0.29991972,0.19305419999999998,0.44030762,-0.09979248,-0.13902496,-0.19183743,0.32438105,0.16339111,0.10137939500000001,-0.06329346,-0.040637672,0.16297472,0.19217092,0.08563232400000001,0.16281128,-0.15740967,0.093994066,0.104966424,0.22855332,0.052581787000000005,0.10614014000000001,-0.11065674,0.15584545,0.17087701,0.16251045,检查1#变、2变、开闭所有进线、出线地刀在拉开位置。
0.40673828,-0.30545044,-0.30081177000000003,0.24059431,-0.18301943,-0.12721169000000002,0.37020874,-0.1642456,-0.36950684,0.34384352,-0.1629233,-0.05738485,0.3789673,-0.23278809,-0.40246582000000003,0.36834604,0.06920124,0.0054939985000000005,0.3383484,0.48577879999999996,-0.3812561,0.3964619,-0.34266853,0.13014084,0.44476318000000004,0.41418457000000003,-0.4756775,0.23656921,-0.14605415,0.3284891,0.42425537,0.434021,-0.39657593,0.14788677,-0.04963512,0.39824313,0.44345093,0.7026367,-0.3206787,-0.025974676000000002,-0.2633638,0.49210339999999997,0.43887329999999997,0.7355346700000001,-0.2218628,-0.14682218,-0.3032671,0.5036815,0.40292358,0.7025756999999999,-0.26226807,-0.15487719,-0.28118914,0.5820259999999999,0.35403442,0.6156005999999999,-0.20965576,-0.27739802,-0.27760777000000003,0.6675829999999999,0.22421265,0.50302124,0.14117432,-0.29151225000000003,-0.29830045,0.37673685,0.18856812,0.5211792,0.12057495,-0.27392963,-0.34174538,0.38669032000000003,0.17520142,0.7156372,0.13293457,-0.2723248,-0.5597546999999999,0.3557104,0.15475464,0.48776245,0.11224365,-0.22373971,-0.30681753,0.28743434,0.14865112,0.4423523,0.012908936000000001,-0.16156569,-0.22293448000000002,0.29991972,0.19305419999999998,0.44030762,-0.09979248,-0.13902496,-0.19183743,0.32438105,0.16339111,0.10137939500000001,-0.06329346,-0.040637672,0.16297472,0.19217092,0.08563232400000001,0.16281128,-0.15740967,0.093994066,0.104966424,0.22855332,0.052581787000000005,0.10614014000000001,-0.11065674,0.15584545,0.17087701,0.16251045,0.021728516,0.09939575,-0.09933472,0.20045735,0.18883973,0.15285537,检查1#变、2变、开闭所有进线、出线地刀在拉开位置。
0.37020874,-0.1642456,-0.36950684,0.34384352,-0.1629233,-0.05738485,0.3789673,-0.23278809,-0.40246582000000003,0.36834604,0.06920124,0.0054939985000000005,0.3383484,0.48577879999999996,-0.3812561,0.3964619,-0.34266853,0.13014084,0.44476318000000004,0.41418457000000003,-0.4756775,0.23656921,-0.14605415,0.3284891,0.42425537,0.434021,-0.39657593,0.14788677,-0.04963512,0.39824313,0.44345093,0.7026367,-0.3206787,-0.025974676000000002,-0.2633638,0.49210339999999997,0.43887329999999997,0.7355346700000001,-0.2218628,-0.14682218,-0.3032671,0.5036815,0.40292358,0.7025756999999999,-0.26226807,-0.15487719,-0.28118914,0.5820259999999999,0.35403442,0.6156005999999999,-0.20965576,-0.27739802,-0.27760777000000003,0.6675829999999999,0.22421265,0.50302124,0.14117432,-0.29151225000000003,-0.29830045,0.37673685,0.18856812,0.5211792,0.12057495,-0.27392963,-0.34174538,0.38669032000000003,0.17520142,0.7156372,0.13293457,-0.2723248,-0.5597546999999999,0.3557104,0.15475464,0.48776245,0.11224365,-0.22373971,-0.30681753,0.28743434,0.14865112,0.4423523,0.012908936000000001,-0.16156569,-0.22293448000000002,0.29991972,0.19305419999999998,0.44030762,-0.09979248,-0.13902496,-0.19183743,0.32438105,0.16339111,0.10137939500000001,-0.06329346,-0.040637672,0.16297472,0.19217092,0.08563232400000001,0.16281128,-0.15740967,0.093994066,0.104966424,0.22855332,0.052581787000000005,0.10614014000000001,-0.11065674,0.15584545,0.17087701,0.16251045,0.021728516,0.09939575,-0.09933472,0.20045735,0.18883973,0.15285537,0.07922363,0.22775269,-0.33691406,0.15482859999999998,0.0690204,0.40035695,检查1#变、2变、开闭所有进线、出线地刀在拉开位置。
0.3789673,-0.23278809,-0.40246582000000003,0.36834604,0.06920124,0.0054939985000000005,0.3383484,0.48577879999999996,-0.3812561,0.3964619,-0.34266853,0.13014084,0.44476318000000004,0.41418457000000003,-0.4756775,0.23656921,-0.14605415,0.3284891,0.42425537,0.434021,-0.39657593,0.14788677,-0.04963512,0.39824313,0.44345093,0.7026367,-0.3206787,-0.025974676000000002,-0.2633638,0.49210339999999997,0.43887329999999997,0.7355346700000001,-0.2218628,-0.14682218,-0.3032671,0.5036815,0.40292358,0.7025756999999999,-0.26226807,-0.15487719,-0.28118914,0.5820259999999999,0.35403442,0.6156005999999999,-0.20965576,-0.27739802,-0.27760777000000003,0.6675829999999999,0.22421265,0.50302124,0.14117432,-0.29151225000000003,-0.29830045,0.37673685,0.18856812,0.5211792,0.12057495,-0.27392963,-0.34174538,0.38669032000000003,0.17520142,0.7156372,0.13293457,-0.2723248,-0.5597546999999999,0.3557104,0.15475464,0.48776245,0.11224365,-0.22373971,-0.30681753,0.28743434,0.14865112,0.4423523,0.012908936000000001,-0.16156569,-0.22293448000000002,0.29991972,0.19305419999999998,0.44030762,-0.09979248,-0.13902496,-0.19183743,0.32438105,0.16339111,0.10137939500000001,-0.06329346,-0.040637672,0.16297472,0.19217092,0.08563232400000001,0.16281128,-0.15740967,0.093994066,0.104966424,0.22855332,0.052581787000000005,0.10614014000000001,-0.11065674,0.15584545,0.17087701,0.16251045,0.021728516,0.09939575,-0.09933472,0.20045735,0.18883973,0.15285537,0.07922363,0.22775269,-0.33691406,0.15482859999999998,0.0690204,0.40035695,0.10592651,0.09310913,-0.34707642,0.12581901,0.20970389,0.41749945,检查1#变、2变、开闭所有进线、出线地刀在拉开位置。
0.3383484,0.48577879999999996,-0.3812561,0.3964619,-0.34266853,0.13014084,0.44476318000000004,0.41418457000000003,-0.4756775,0.23656921,-0.14605415,0.3284891,0.42425537,0.434021,-0.39657593,0.14788677,-0.04963512,0.39824313,0.44345093,0.7026367,-0.3206787,-0.025974676000000002,-0.2633638,0.49210339999999997,0.43887329999999997,0.7355346700000001,-0.2218628,-0.14682218,-0.3032671,0.5036815,0.40292358,0.7025756999999999,-0.26226807,-0.15487719,-0.28118914,0.5820259999999999,0.35403442,0.6156005999999999,-0.20965576,-0.27739802,-0.27760777000000003,0.6675829999999999,0.22421265,0.50302124,0.14117432,-0.29151225000000003,-0.29830045,0.37673685,0.18856812,0.5211792,0.12057495,-0.27392963,-0.34174538,0.38669032000000003,0.17520142,0.7156372,0.13293457,-0.2723248,-0.5597546999999999,0.3557104,0.15475464,0.48776245,0.11224365,-0.22373971,-0.30681753,0.28743434,0.14865112,0.4423523,0.012908936000000001,-0.16156569,-0.22293448000000002,0.29991972,0.19305419999999998,0.44030762,-0.09979248,-0.13902496,-0.19183743,0.32438105,0.16339111,0.10137939500000001,-0.06329346,-0.040637672,0.16297472,0.19217092,0.08563232400000001,0.16281128,-0.15740967,0.093994066,0.104966424,0.22855332,0.052581787000000005,0.10614014000000001,-0.11065674,0.15584545,0.17087701,0.16251045,0.021728516,0.09939575,-0.09933472,0.20045735,0.18883973,0.15285537,0.07922363,0.22775269,-0.33691406,0.15482859999999998,0.0690204,0.40035695,0.10592651,0.09310913,-0.34707642,0.12581901,0.20970389,0.41749945,0.17126465,0.20114136,-0.30569458,0.04188545,0.11418646,0.4156936,检查1#变、2变、开闭所有进线、出线地刀在拉开位置。
0.44476318000000004,0.41418457000000003,-0.4756775,0.23656921,-0.14605415,0.3284891,0.42425537,0.434021,-0.39657593,0.14788677,-0.04963512,0.39824313,0.44345093,0.7026367,-0.3206787,-0.025974676000000002,-0.2633638,0.49210339999999997,0.43887329999999997,0.7355346700000001,-0.2218628,-0.14682218,-0.3032671,0.5036815,0.40292358,0.7025756999999999,-0.26226807,-0.15487719,-0.28118914,0.5820259999999999,0.35403442,0.6156005999999999,-0.20965576,-0.27739802,-0.27760777000000003,0.6675829999999999,0.22421265,0.50302124,0.14117432,-0.29151225000000003,-0.29830045,0.37673685,0.18856812,0.5211792,0.12057495,-0.27392963,-0.34174538,0.38669032000000003,0.17520142,0.7156372,0.13293457,-0.2723248,-0.5597546999999999,0.3557104,0.15475464,0.48776245,0.11224365,-0.22373971,-0.30681753,0.28743434,0.14865112,0.4423523,0.012908936000000001,-0.16156569,-0.22293448000000002,0.29991972,0.19305419999999998,0.44030762,-0.09979248,-0.13902496,-0.19183743,0.32438105,0.16339111,0.10137939500000001,-0.06329346,-0.040637672,0.16297472,0.19217092,0.08563232400000001,0.16281128,-0.15740967,0.093994066,0.104966424,0.22855332,0.052581787000000005,0.10614014000000001,-0.11065674,0.15584545,0.17087701,0.16251045,0.021728516,0.09939575,-0.09933472,0.20045735,0.18883973,0.15285537,0.07922363,0.22775269,-0.33691406,0.15482859999999998,0.0690204,0.40035695,0.10592651,0.09310913,-0.34707642,0.12581901,0.20970389,0.41749945,0.17126465,0.20114136,-0.30569458,0.04188545,0.11418646,0.4156936,0.20932007,0.32553099999999996,-0.30722046000000003,-0.020162731,-0.003730826,0.46000874,检查1#变、2变、开闭所有进线、出线地刀在拉开位置。
0.42425537,0.434021,-0.39657593,0.14788677,-0.04963512,0.39824313,0.44345093,0.7026367,-0.3206787,-0.025974676000000002,-0.2633638,0.49210339999999997,0.43887329999999997,0.7355346700000001,-0.2218628,-0.14682218,-0.3032671,0.5036815,0.40292358,0.7025756999999999,-0.26226807,-0.15487719,-0.28118914,0.5820259999999999,0.35403442,0.6156005999999999,-0.20965576,-0.27739802,-0.27760777000000003,0.6675829999999999,0.22421265,0.50302124,0.14117432,-0.29151225000000003,-0.29830045,0.37673685,0.18856812,0.5211792,0.12057495,-0.27392963,-0.34174538,0.38669032000000003,0.17520142,0.7156372,0.13293457,-0.2723248,-0.5597546999999999,0.3557104,0.15475464,0.48776245,0.11224365,-0.22373971,-0.30681753,0.28743434,0.14865112,0.4423523,0.012908936000000001,-0.16156569,-0.22293448000000002,0.29991972,0.19305419999999998,0.44030762,-0.09979248,-0.13902496,-0.19183743,0.32438105,0.16339111,0.10137939500000001,-0.06329346,-0.040637672,0.16297472,0.19217092,0.08563232400000001,0.16281128,-0.15740967,0.093994066,0.104966424,0.22855332,0.052581787000000005,0.10614014000000001,-0.11065674,0.15584545,0.17087701,0.16251045,0.021728516,0.09939575,-0.09933472,0.20045735,0.18883973,0.15285537,0.07922363,0.22775269,-0.33691406,0.15482859999999998,0.0690204,0.40035695,0.10592651,0.09310913,-0.34707642,0.12581901,0.20970389,0.41749945,0.17126465,0.20114136,-0.30569458,0.04188545,0.11418646,0.4156936,0.20932007,0.32553099999999996,-0.30722046000000003,-0.020162731,-0.003730826,0.46000874,0.26574707000000003,0.33740234,-0.31372069999999996,-0.09454290600000001,-0.015514962,0.4904302,检查1#变、2变、开闭所有进线、出线地刀在拉开位置。
0.44345093,0.7026367,-0.3206787,-0.025974676000000002,-0.2633638,0.49210339999999997,0.43887329999999997,0.7355346700000001,-0.2218628,-0.14682218,-0.3032671,0.5036815,0.40292358,0.7025756999999999,-0.26226807,-0.15487719,-0.28118914,0.5820259999999999,0.35403442,0.6156005999999999,-0.20965576,-0.27739802,-0.27760777000000003,0.6675829999999999,0.22421265,0.50302124,0.14117432,-0.29151225000000003,-0.29830045,0.37673685,0.18856812,0.5211792,0.12057495,-0.27392963,-0.34174538,0.38669032000000003,0.17520142,0.7156372,0.13293457,-0.2723248,-0.5597546999999999,0.3557104,0.15475464,0.48776245,0.11224365,-0.22373971,-0.30681753,0.28743434,0.14865112,0.4423523,0.012908936000000001,-0.16156569,-0.22293448000000002,0.29991972,0.19305419999999998,0.44030762,-0.09979248,-0.13902496,-0.19183743,0.32438105,0.16339111,0.10137939500000001,-0.06329346,-0.040637672,0.16297472,0.19217092,0.08563232400000001,0.16281128,-0.15740967,0.093994066,0.104966424,0.22855332,0.052581787000000005,0.10614014000000001,-0.11065674,0.15584545,0.17087701,0.16251045,0.021728516,0.09939575,-0.09933472,0.20045735,0.18883973,0.15285537,0.07922363,0.22775269,-0.33691406,0.15482859999999998,0.0690204,0.40035695,0.10592651,0.09310913,-0.34707642,0.12581901,0.20970389,0.41749945,0.17126465,0.20114136,-0.30569458,0.04188545,0.11418646,0.4156936,0.20932007,0.32553099999999996,-0.30722046000000003,-0.020162731,-0.003730826,0.46000874,0.26574707000000003,0.33740234,-0.31372069999999996,-0.09454290600000001,-0.015514962,0.4904302,0.21844482,0.31289673,-0.25234985,-0.055890903000000006,0.008810349,0.43814993,检查1#变、2变、开闭所有进线、出线地刀在拉开位置。
0.43887329999999997,0.7355346700000001,-0.2218628,-0.14682218,-0.3032671,0.5036815,0.40292358,0.7025756999999999,-0.26226807,-0.15487719,-0.28118914,0.5820259999999999,0.35403442,0.6156005999999999,-0.20965576,-0.27739802,-0.27760777000000003,0.6675829999999999,0.22421265,0.50302124,0.14117432,-0.29151225000000003,-0.29830045,0.37673685,0.18856812,0.5211792,0.12057495,-0.27392963,-0.34174538,0.38669032000000003,0.17520142,0.7156372,0.13293457,-0.2723248,-0.5597546999999999,0.3557104,0.15475464,0.48776245,0.11224365,-0.22373971,-0.30681753,0.28743434,0.14865112,0.4423523,0.012908936000000001,-0.16156569,-0.22293448000000002,0.29991972,0.19305419999999998,0.44030762,-0.09979248,-0.13902496,-0.19183743,0.32438105,0.16339111,0.10137939500000001,-0.06329346,-0.040637672,0.16297472,0.19217092,0.08563232400000001,0.16281128,-0.15740967,0.093994066,0.104966424,0.22855332,0.052581787000000005,0.10614014000000001,-0.11065674,0.15584545,0.17087701,0.16251045,0.021728516,0.09939575,-0.09933472,0.20045735,0.18883973,0.15285537,0.07922363,0.22775269,-0.33691406,0.15482859999999998,0.0690204,0.40035695,0.10592651,0.09310913,-0.34707642,0.12581901,0.20970389,0.41749945,0.17126465,0.20114136,-0.30569458,0.04188545,0.11418646,0.4156936,0.20932007,0.32553099999999996,-0.30722046000000003,-0.020162731,-0.003730826,0.46000874,0.26574707000000003,0.33740234,-0.31372069999999996,-0.09454290600000001,-0.015514962,0.4904302,0.21844482,0.31289673,-0.25234985,-0.055890903000000006,0.008810349,0.43814993,0.21368408,0.3420105,-0.25317383,-0.061422646000000004,-0.022519983,0.45092994000000003,检查1#变、2变、开闭所有进线、出线地刀在拉开位置。
0.40292358,0.7025756999999999,-0.26226807,-0.15487719,-0.28118914,0.5820259999999999,0.35403442,0.6156005999999999,-0.20965576,-0.27739802,-0.27760777000000003,0.6675829999999999,0.22421265,0.50302124,0.14117432,-0.29151225000000003,-0.29830045,0.37673685,0.18856812,0.5211792,0.12057495,-0.27392963,-0.34174538,0.38669032000000003,0.17520142,0.7156372,0.13293457,-0.2723248,-0.5597546999999999,0.3557104,0.15475464,0.48776245,0.11224365,-0.22373971,-0.30681753,0.28743434,0.14865112,0.4423523,0.012908936000000001,-0.16156569,-0.22293448000000002,0.29991972,0.19305419999999998,0.44030762,-0.09979248,-0.13902496,-0.19183743,0.32438105,0.16339111,0.10137939500000001,-0.06329346,-0.040637672,0.16297472,0.19217092,0.08563232400000001,0.16281128,-0.15740967,0.093994066,0.104966424,0.22855332,0.052581787000000005,0.10614014000000001,-0.11065674,0.15584545,0.17087701,0.16251045,0.021728516,0.09939575,-0.09933472,0.20045735,0.18883973,0.15285537,0.07922363,0.22775269,-0.33691406,0.15482859999999998,0.0690204,0.40035695,0.10592651,0.09310913,-0.34707642,0.12581901,0.20970389,0.41749945,0.17126465,0.20114136,-0.30569458,0.04188545,0.11418646,0.4156936,0.20932007,0.32553099999999996,-0.30722046000000003,-0.020162731,-0.003730826,0.46000874,0.26574707000000003,0.33740234,-0.31372069999999996,-0.09454290600000001,-0.015514962,0.4904302,0.21844482,0.31289673,-0.25234985,-0.055890903000000006,0.008810349,0.43814993,0.21368408,0.3420105,-0.25317383,-0.061422646000000004,-0.022519983,0.45092994000000003,0.20452881,0.41644287,-0.25088499999999997,-0.054732293,-0.09873026,0.4519242,检查1#变、2变、开闭所有进线、出线地刀在拉开位置。
0.35403442,0.6156005999999999,-0.20965576,-0.27739802,-0.27760777000000003,0.6675829999999999,0.22421265,0.50302124,0.14117432,-0.29151225000000003,-0.29830045,0.37673685,0.18856812,0.5211792,0.12057495,-0.27392963,-0.34174538,0.38669032000000003,0.17520142,0.7156372,0.13293457,-0.2723248,-0.5597546999999999,0.3557104,0.15475464,0.48776245,0.11224365,-0.22373971,-0.30681753,0.28743434,0.14865112,0.4423523,0.012908936000000001,-0.16156569,-0.22293448000000002,0.29991972,0.19305419999999998,0.44030762,-0.09979248,-0.13902496,-0.19183743,0.32438105,0.16339111,0.10137939500000001,-0.06329346,-0.040637672,0.16297472,0.19217092,0.08563232400000001,0.16281128,-0.15740967,0.093994066,0.104966424,0.22855332,0.052581787000000005,0.10614014000000001,-0.11065674,0.15584545,0.17087701,0.16251045,0.021728516,0.09939575,-0.09933472,0.20045735,0.18883973,0.15285537,0.07922363,0.22775269,-0.33691406,0.15482859999999998,0.0690204,0.40035695,0.10592651,0.09310913,-0.34707642,0.12581901,0.20970389,0.41749945,0.17126465,0.20114136,-0.30569458,0.04188545,0.11418646,0.4156936,0.20932007,0.32553099999999996,-0.30722046000000003,-0.020162731,-0.003730826,0.46000874,0.26574707000000003,0.33740234,-0.31372069999999996,-0.09454290600000001,-0.015514962,0.4904302,0.21844482,0.31289673,-0.25234985,-0.055890903000000006,0.008810349,0.43814993,0.21368408,0.3420105,-0.25317383,-0.061422646000000004,-0.022519983,0.45092994000000003,0.20452881,0.41644287,-0.25088499999999997,-0.054732293,-0.09873026,0.4519242,0.19503784000000002,0.28131104,-0.16516113000000002,-0.037933470000000004,0.040428303000000006,0.35491908,检查1#变、2变、开闭所有进线、出线地刀在拉开位置。
0.22421265,0.50302124,0.14117432,-0.29151225000000003,-0.29830045,0.37673685,0.18856812,0.5211792,0.12057495,-0.27392963,-0.34174538,0.38669032000000003,0.17520142,0.7156372,0.13293457,-0.2723248,-0.5597546999999999,0.3557104,0.15475464,0.48776245,0.11224365,-0.22373971,-0.30681753,0.28743434,0.14865112,0.4423523,0.012908936000000001,-0.16156569,-0.22293448000000002,0.29991972,0.19305419999999998,0.44030762,-0.09979248,-0.13902496,-0.19183743,0.32438105,0.16339111,0.10137939500000001,-0.06329346,-0.040637672,0.16297472,0.19217092,0.08563232400000001,0.16281128,-0.15740967,0.093994066,0.104966424,0.22855332,0.052581787000000005,0.10614014000000001,-0.11065674,0.15584545,0.17087701,0.16251045,0.021728516,0.09939575,-0.09933472,0.20045735,0.18883973,0.15285537,0.07922363,0.22775269,-0.33691406,0.15482859999999998,0.0690204,0.40035695,0.10592651,0.09310913,-0.34707642,0.12581901,0.20970389,0.41749945,0.17126465,0.20114136,-0.30569458,0.04188545,0.11418646,0.4156936,0.20932007,0.32553099999999996,-0.30722046000000003,-0.020162731,-0.003730826,0.46000874,0.26574707000000003,0.33740234,-0.31372069999999996,-0.09454290600000001,-0.015514962,0.4904302,0.21844482,0.31289673,-0.25234985,-0.055890903000000006,0.008810349,0.43814993,0.21368408,0.3420105,-0.25317383,-0.061422646000000004,-0.022519983,0.45092994000000003,0.20452881,0.41644287,-0.25088499999999997,-0.054732293,-0.09873026,0.4519242,0.19503784000000002,0.28131104,-0.16516113000000002,-0.037933470000000004,0.040428303000000006,0.35491908,0.19897461,0.27832029999999996,-0.18902588,-0.040086612,0.043609343,0.37719235,检查1#变、2变、开闭所有进线、出线地刀在拉开位置。
0.18856812,0.5211792,0.12057495,-0.27392963,-0.34174538,0.38669032000000003,0.17520142,0.7156372,0.13293457,-0.2723248,-0.5597546999999999,0.3557104,0.15475464,0.48776245,0.11224365,-0.22373971,-0.30681753,0.28743434,0.14865112,0.4423523,0.012908936000000001,-0.16156569,-0.22293448000000002,0.29991972,0.19305419999999998,0.44030762,-0.09979248,-0.13902496,-0.19183743,0.32438105,0.16339111,0.10137939500000001,-0.06329346,-0.040637672,0.16297472,0.19217092,0.08563232400000001,0.16281128,-0.15740967,0.093994066,0.104966424,0.22855332,0.052581787000000005,0.10614014000000001,-0.11065674,0.15584545,0.17087701,0.16251045,0.021728516,0.09939575,-0.09933472,0.20045735,0.18883973,0.15285537,0.07922363,0.22775269,-0.33691406,0.15482859999999998,0.0690204,0.40035695,0.10592651,0.09310913,-0.34707642,0.12581901,0.20970389,0.41749945,0.17126465,0.20114136,-0.30569458,0.04188545,0.11418646,0.4156936,0.20932007,0.32553099999999996,-0.30722046000000003,-0.020162731,-0.003730826,0.46000874,0.26574707000000003,0.33740234,-0.31372069999999996,-0.09454290600000001,-0.015514962,0.4904302,0.21844482,0.31289673,-0.25234985,-0.055890903000000006,0.008810349,0.43814993,0.21368408,0.3420105,-0.25317383,-0.061422646000000004,-0.022519983,0.45092994000000003,0.20452881,0.41644287,-0.25088499999999997,-0.054732293,-0.09873026,0.4519242,0.19503784000000002,0.28131104,-0.16516113000000002,-0.037933470000000004,0.040428303000000006,0.35491908,0.19897461,0.27832029999999996,-0.18902588,-0.040086612,0.043609343,0.37719235,0.21380615,0.26141357,-0.22955322,-0.053016499999999994,0.060460202000000005,0.41540864,检查1#变、2变、开闭所有进线、出线地刀在拉开位置。
0.17520142,0.7156372,0.13293457,-0.2723248,-0.5597546999999999,0.3557104,0.15475464,0.48776245,0.11224365,-0.22373971,-0.30681753,0.28743434,0.14865112,0.4423523,0.012908936000000001,-0.16156569,-0.22293448000000002,0.29991972,0.19305419999999998,0.44030762,-0.09979248,-0.13902496,-0.19183743,0.32438105,0.16339111,0.10137939500000001,-0.06329346,-0.040637672,0.16297472,0.19217092,0.08563232400000001,0.16281128,-0.15740967,0.093994066,0.104966424,0.22855332,0.052581787000000005,0.10614014000000001,-0.11065674,0.15584545,0.17087701,0.16251045,0.021728516,0.09939575,-0.09933472,0.20045735,0.18883973,0.15285537,0.07922363,0.22775269,-0.33691406,0.15482859999999998,0.0690204,0.40035695,0.10592651,0.09310913,-0.34707642,0.12581901,0.20970389,0.41749945,0.17126465,0.20114136,-0.30569458,0.04188545,0.11418646,0.4156936,0.20932007,0.32553099999999996,-0.30722046000000003,-0.020162731,-0.003730826,0.46000874,0.26574707000000003,0.33740234,-0.31372069999999996,-0.09454290600000001,-0.015514962,0.4904302,0.21844482,0.31289673,-0.25234985,-0.055890903000000006,0.008810349,0.43814993,0.21368408,0.3420105,-0.25317383,-0.061422646000000004,-0.022519983,0.45092994000000003,0.20452881,0.41644287,-0.25088499999999997,-0.054732293,-0.09873026,0.4519242,0.19503784000000002,0.28131104,-0.16516113000000002,-0.037933470000000004,0.040428303000000006,0.35491908,0.19897461,0.27832029999999996,-0.18902588,-0.040086612,0.043609343,0.37719235,0.21380615,0.26141357,-0.22955322,-0.053016499999999994,0.060460202000000005,0.41540864,0.20223999,0.26791382,-0.2208252,-0.04156354,0.055287667000000006,0.40947425,检查1#变、2变、开闭所有进线、出线地刀在拉开位置。
0.15475464,0.48776245,0.11224365,-0.22373971,-0.30681753,0.28743434,0.14865112,0.4423523,0.012908936000000001,-0.16156569,-0.22293448000000002,0.29991972,0.19305419999999998,0.44030762,-0.09979248,-0.13902496,-0.19183743,0.32438105,0.16339111,0.10137939500000001,-0.06329346,-0.040637672,0.16297472,0.19217092,0.08563232400000001,0.16281128,-0.15740967,0.093994066,0.104966424,0.22855332,0.052581787000000005,0.10614014000000001,-0.11065674,0.15584545,0.17087701,0.16251045,0.021728516,0.09939575,-0.09933472,0.20045735,0.18883973,0.15285537,0.07922363,0.22775269,-0.33691406,0.15482859999999998,0.0690204,0.40035695,0.10592651,0.09310913,-0.34707642,0.12581901,0.20970389,0.41749945,0.17126465,0.20114136,-0.30569458,0.04188545,0.11418646,0.4156936,0.20932007,0.32553099999999996,-0.30722046000000003,-0.020162731,-0.003730826,0.46000874,0.26574707000000003,0.33740234,-0.31372069999999996,-0.09454290600000001,-0.015514962,0.4904302,0.21844482,0.31289673,-0.25234985,-0.055890903000000006,0.008810349,0.43814993,0.21368408,0.3420105,-0.25317383,-0.061422646000000004,-0.022519983,0.45092994000000003,0.20452881,0.41644287,-0.25088499999999997,-0.054732293,-0.09873026,0.4519242,0.19503784000000002,0.28131104,-0.16516113000000002,-0.037933470000000004,0.040428303000000006,0.35491908,0.19897461,0.27832029999999996,-0.18902588,-0.040086612,0.043609343,0.37719235,0.21380615,0.26141357,-0.22955322,-0.053016499999999994,0.060460202000000005,0.41540864,0.20223999,0.26791382,-0.2208252,-0.04156354,0.055287667000000006,0.40947425,0.19244385,0.27975464,-0.20388794000000002,-0.033691168,0.044030093,0.39646608,检查1#变、2变、开闭所有进线、出线地刀在拉开位置。
0.14865112,0.4423523,0.012908936000000001,-0.16156569,-0.22293448000000002,0.29991972,0.19305419999999998,0.44030762,-0.09979248,-0.13902496,-0.19183743,0.32438105,0.16339111,0.10137939500000001,-0.06329346,-0.040637672,0.16297472,0.19217092,0.08563232400000001,0.16281128,-0.15740967,0.093994066,0.104966424,0.22855332,0.052581787000000005,0.10614014000000001,-0.11065674,0.15584545,0.17087701,0.16251045,0.021728516,0.09939575,-0.09933472,0.20045735,0.18883973,0.15285537,0.07922363,0.22775269,-0.33691406,0.15482859999999998,0.0690204,0.40035695,0.10592651,0.09310913,-0.34707642,0.12581901,0.20970389,0.41749945,0.17126465,0.20114136,-0.30569458,0.04188545,0.11418646,0.4156936,0.20932007,0.32553099999999996,-0.30722046000000003,-0.020162731,-0.003730826,0.46000874,0.26574707000000003,0.33740234,-0.31372069999999996,-0.09454290600000001,-0.015514962,0.4904302,0.21844482,0.31289673,-0.25234985,-0.055890903000000006,0.008810349,0.43814993,0.21368408,0.3420105,-0.25317383,-0.061422646000000004,-0.022519983,0.45092994000000003,0.20452881,0.41644287,-0.25088499999999997,-0.054732293,-0.09873026,0.4519242,0.19503784000000002,0.28131104,-0.16516113000000002,-0.037933470000000004,0.040428303000000006,0.35491908,0.19897461,0.27832029999999996,-0.18902588,-0.040086612,0.043609343,0.37719235,0.21380615,0.26141357,-0.22955322,-0.053016499999999994,0.060460202000000005,0.41540864,0.20223999,0.26791382,-0.2208252,-0.04156354,0.055287667000000006,0.40947425,0.19244385,0.27975464,-0.20388794000000002,-0.033691168,0.044030093,0.39646608,0.08151245,0.28961182,-0.21154785,0.07892506,0.032384418000000005,0.39957625,检查1#变、2变、开闭所有进线、出线地刀在拉开位置。
0.19305419999999998,0.44030762,-0.09979248,-0.13902496,-0.19183743,0.32438105,0.16339111,0.10137939500000001,-0.06329346,-0.040637672,0.16297472,0.19217092,0.08563232400000001,0.16281128,-0.15740967,0.093994066,0.104966424,0.22855332,0.052581787000000005,0.10614014000000001,-0.11065674,0.15584545,0.17087701,0.16251045,0.021728516,0.09939575,-0.09933472,0.20045735,0.18883973,0.15285537,0.07922363,0.22775269,-0.33691406,0.15482859999999998,0.0690204,0.40035695,0.10592651,0.09310913,-0.34707642,0.12581901,0.20970389,0.41749945,0.17126465,0.20114136,-0.30569458,0.04188545,0.11418646,0.4156936,0.20932007,0.32553099999999996,-0.30722046000000003,-0.020162731,-0.003730826,0.46000874,0.26574707000000003,0.33740234,-0.31372069999999996,-0.09454290600000001,-0.015514962,0.4904302,0.21844482,0.31289673,-0.25234985,-0.055890903000000006,0.008810349,0.43814993,0.21368408,0.3420105,-0.25317383,-0.061422646000000004,-0.022519983,0.45092994000000003,0.20452881,0.41644287,-0.25088499999999997,-0.054732293,-0.09873026,0.4519242,0.19503784000000002,0.28131104,-0.16516113000000002,-0.037933470000000004,0.040428303000000006,0.35491908,0.19897461,0.27832029999999996,-0.18902588,-0.040086612,0.043609343,0.37719235,0.21380615,0.26141357,-0.22955322,-0.053016499999999994,0.060460202000000005,0.41540864,0.20223999,0.26791382,-0.2208252,-0.04156354,0.055287667000000006,0.40947425,0.19244385,0.27975464,-0.20388794000000002,-0.033691168,0.044030093,0.39646608,0.08151245,0.28961182,-0.21154785,0.07892506,0.032384418000000005,0.39957625,0.13391113,0.23846436000000001,-0.29223633,0.033608377,0.07901037500000001,0.4620623,检查1#变、2变、开闭所有进线、出线地刀在拉开位置。
0.16339111,0.10137939500000001,-0.06329346,-0.040637672,0.16297472,0.19217092,0.08563232400000001,0.16281128,-0.15740967,0.093994066,0.104966424,0.22855332,0.052581787000000005,0.10614014000000001,-0.11065674,0.15584545,0.17087701,0.16251045,0.021728516,0.09939575,-0.09933472,0.20045735,0.18883973,0.15285537,0.07922363,0.22775269,-0.33691406,0.15482859999999998,0.0690204,0.40035695,0.10592651,0.09310913,-0.34707642,0.12581901,0.20970389,0.41749945,0.17126465,0.20114136,-0.30569458,0.04188545,0.11418646,0.4156936,0.20932007,0.32553099999999996,-0.30722046000000003,-0.020162731,-0.003730826,0.46000874,0.26574707000000003,0.33740234,-0.31372069999999996,-0.09454290600000001,-0.015514962,0.4904302,0.21844482,0.31289673,-0.25234985,-0.055890903000000006,0.008810349,0.43814993,0.21368408,0.3420105,-0.25317383,-0.061422646000000004,-0.022519983,0.45092994000000003,0.20452881,0.41644287,-0.25088499999999997,-0.054732293,-0.09873026,0.4519242,0.19503784000000002,0.28131104,-0.16516113000000002,-0.037933470000000004,0.040428303000000006,0.35491908,0.19897461,0.27832029999999996,-0.18902588,-0.040086612,0.043609343,0.37719235,0.21380615,0.26141357,-0.22955322,-0.053016499999999994,0.060460202000000005,0.41540864,0.20223999,0.26791382,-0.2208252,-0.04156354,0.055287667000000006,0.40947425,0.19244385,0.27975464,-0.20388794000000002,-0.033691168,0.044030093,0.39646608,0.08151245,0.28961182,-0.21154785,0.07892506,0.032384418000000005,0.39957625,0.13391113,0.23846436000000001,-0.29223633,0.033608377,0.07901037500000001,0.4620623,0.20455933,0.26715088,-0.27230835000000003,-0.039037347,0.041738234000000006,0.42932823000000003,检查1#变、2变、开闭所有进线、出线地刀在拉开位置。
0.08563232400000001,0.16281128,-0.15740967,0.093994066,0.104966424,0.22855332,0.052581787000000005,0.10614014000000001,-0.11065674,0.15584545,0.17087701,0.16251045,0.021728516,0.09939575,-0.09933472,0.20045735,0.18883973,0.15285537,0.07922363,0.22775269,-0.33691406,0.15482859999999998,0.0690204,0.40035695,0.10592651,0.09310913,-0.34707642,0.12581901,0.20970389,0.41749945,0.17126465,0.20114136,-0.30569458,0.04188545,0.11418646,0.4156936,0.20932007,0.32553099999999996,-0.30722046000000003,-0.020162731,-0.003730826,0.46000874,0.26574707000000003,0.33740234,-0.31372069999999996,-0.09454290600000001,-0.015514962,0.4904302,0.21844482,0.31289673,-0.25234985,-0.055890903000000006,0.008810349,0.43814993,0.21368408,0.3420105,-0.25317383,-0.061422646000000004,-0.022519983,0.45092994000000003,0.20452881,0.41644287,-0.25088499999999997,-0.054732293,-0.09873026,0.4519242,0.19503784000000002,0.28131104,-0.16516113000000002,-0.037933470000000004,0.040428303000000006,0.35491908,0.19897461,0.27832029999999996,-0.18902588,-0.040086612,0.043609343,0.37719235,0.21380615,0.26141357,-0.22955322,-0.053016499999999994,0.060460202000000005,0.41540864,0.20223999,0.26791382,-0.2208252,-0.04156354,0.055287667000000006,0.40947425,0.19244385,0.27975464,-0.20388794000000002,-0.033691168,0.044030093,0.39646608,0.08151245,0.28961182,-0.21154785,0.07892506,0.032384418000000005,0.39957625,0.13391113,0.23846436000000001,-0.29223633,0.033608377,0.07901037500000001,0.4620623,0.20455933,0.26715088,-0.27230835000000003,-0.039037347,0.041738234000000006,0.42932823000000003,0.22799683,0.30477905,-0.23464966,-0.06654291,-0.0019152388000000002,0.38657949999999996,检查1#变、2变、开闭所有进线、出线地刀在拉开位置。
0.052581787000000005,0.10614014000000001,-0.11065674,0.15584545,0.17087701,0.16251045,0.021728516,0.09939575,-0.09933472,0.20045735,0.18883973,0.15285537,0.07922363,0.22775269,-0.33691406,0.15482859999999998,0.0690204,0.40035695,0.10592651,0.09310913,-0.34707642,0.12581901,0.20970389,0.41749945,0.17126465,0.20114136,-0.30569458,0.04188545,0.11418646,0.4156936,0.20932007,0.32553099999999996,-0.30722046000000003,-0.020162731,-0.003730826,0.46000874,0.26574707000000003,0.33740234,-0.31372069999999996,-0.09454290600000001,-0.015514962,0.4904302,0.21844482,0.31289673,-0.25234985,-0.055890903000000006,0.008810349,0.43814993,0.21368408,0.3420105,-0.25317383,-0.061422646000000004,-0.022519983,0.45092994000000003,0.20452881,0.41644287,-0.25088499999999997,-0.054732293,-0.09873026,0.4519242,0.19503784000000002,0.28131104,-0.16516113000000002,-0.037933470000000004,0.040428303000000006,0.35491908,0.19897461,0.27832029999999996,-0.18902588,-0.040086612,0.043609343,0.37719235,0.21380615,0.26141357,-0.22955322,-0.053016499999999994,0.060460202000000005,0.41540864,0.20223999,0.26791382,-0.2208252,-0.04156354,0.055287667000000006,0.40947425,0.19244385,0.27975464,-0.20388794000000002,-0.033691168,0.044030093,0.39646608,0.08151245,0.28961182,-0.21154785,0.07892506,0.032384418000000005,0.39957625,0.13391113,0.23846436000000001,-0.29223633,0.033608377,0.07901037500000001,0.4620623,0.20455933,0.26715088,-0.27230835000000003,-0.039037347,0.041738234000000006,0.42932823000000003,0.22799683,0.30477905,-0.23464966,-0.06654291,-0.0019152388000000002,0.38657949999999996,0.18670654,0.31396484,-0.1800232,-0.030976236,-0.012835257000000001,0.33557034,检查1#变、2变、开闭所有进线、出线地刀在拉开位置。
0.021728516,0.09939575,-0.09933472,0.20045735,0.18883973,0.15285537,0.07922363,0.22775269,-0.33691406,0.15482859999999998,0.0690204,0.40035695,0.10592651,0.09310913,-0.34707642,0.12581901,0.20970389,0.41749945,0.17126465,0.20114136,-0.30569458,0.04188545,0.11418646,0.4156936,0.20932007,0.32553099999999996,-0.30722046000000003,-0.020162731,-0.003730826,0.46000874,0.26574707000000003,0.33740234,-0.31372069999999996,-0.09454290600000001,-0.015514962,0.4904302,0.21844482,0.31289673,-0.25234985,-0.055890903000000006,0.008810349,0.43814993,0.21368408,0.3420105,-0.25317383,-0.061422646000000004,-0.022519983,0.45092994000000003,0.20452881,0.41644287,-0.25088499999999997,-0.054732293,-0.09873026,0.4519242,0.19503784000000002,0.28131104,-0.16516113000000002,-0.037933470000000004,0.040428303000000006,0.35491908,0.19897461,0.27832029999999996,-0.18902588,-0.040086612,0.043609343,0.37719235,0.21380615,0.26141357,-0.22955322,-0.053016499999999994,0.060460202000000005,0.41540864,0.20223999,0.26791382,-0.2208252,-0.04156354,0.055287667000000006,0.40947425,0.19244385,0.27975464,-0.20388794000000002,-0.033691168,0.044030093,0.39646608,0.08151245,0.28961182,-0.21154785,0.07892506,0.032384418000000005,0.39957625,0.13391113,0.23846436000000001,-0.29223633,0.033608377,0.07901037500000001,0.4620623,0.20455933,0.26715088,-0.27230835000000003,-0.039037347,0.041738234000000006,0.42932823000000003,0.22799683,0.30477905,-0.23464966,-0.06654291,-0.0019152388000000002,0.38657949999999996,0.18670654,0.31396484,-0.1800232,-0.030976236,-0.012835257000000001,0.33557034,0.18267822,0.27401733,-0.18057251,-0.031383574000000004,0.025572814000000003,0.33798897,检查1#变、2变、开闭所有进线、出线地刀在拉开位置。
0.07922363,0.22775269,-0.33691406,0.15482859999999998,0.0690204,0.40035695,0.10592651,0.09310913,-0.34707642,0.12581901,0.20970389,0.41749945,0.17126465,0.20114136,-0.30569458,0.04188545,0.11418646,0.4156936,0.20932007,0.32553099999999996,-0.30722046000000003,-0.020162731,-0.003730826,0.46000874,0.26574707000000003,0.33740234,-0.31372069999999996,-0.09454290600000001,-0.015514962,0.4904302,0.21844482,0.31289673,-0.25234985,-0.055890903000000006,0.008810349,0.43814993,0.21368408,0.3420105,-0.25317383,-0.061422646000000004,-0.022519983,0.45092994000000003,0.20452881,0.41644287,-0.25088499999999997,-0.054732293,-0.09873026,0.4519242,0.19503784000000002,0.28131104,-0.16516113000000002,-0.037933470000000004,0.040428303000000006,0.35491908,0.19897461,0.27832029999999996,-0.18902588,-0.040086612,0.043609343,0.37719235,0.21380615,0.26141357,-0.22955322,-0.053016499999999994,0.060460202000000005,0.41540864,0.20223999,0.26791382,-0.2208252,-0.04156354,0.055287667000000006,0.40947425,0.19244385,0.27975464,-0.20388794000000002,-0.033691168,0.044030093,0.39646608,0.08151245,0.28961182,-0.21154785,0.07892506,0.032384418000000005,0.39957625,0.13391113,0.23846436000000001,-0.29223633,0.033608377,0.07901037500000001,0.4620623,0.20455933,0.26715088,-0.27230835000000003,-0.039037347,0.041738234000000006,0.42932823000000003,0.22799683,0.30477905,-0.23464966,-0.06654291,-0.0019152388000000002,0.38657949999999996,0.18670654,0.31396484,-0.1800232,-0.030976236,-0.012835257000000001,0.33557034,0.18267822,0.27401733,-0.18057251,-0.031383574000000004,0.025572814000000003,0.33798897,0.18222046,0.2401123,-0.20596313,-0.033230156000000004,0.0585502,0.36439252,检查1#变、2变、开闭所有进线、出线地刀在拉开位置。
0.10592651,0.09310913,-0.34707642,0.12581901,0.20970389,0.41749945,0.17126465,0.20114136,-0.30569458,0.04188545,0.11418646,0.4156936,0.20932007,0.32553099999999996,-0.30722046000000003,-0.020162731,-0.003730826,0.46000874,0.26574707000000003,0.33740234,-0.31372069999999996,-0.09454290600000001,-0.015514962,0.4904302,0.21844482,0.31289673,-0.25234985,-0.055890903000000006,0.008810349,0.43814993,0.21368408,0.3420105,-0.25317383,-0.061422646000000004,-0.022519983,0.45092994000000003,0.20452881,0.41644287,-0.25088499999999997,-0.054732293,-0.09873026,0.4519242,0.19503784000000002,0.28131104,-0.16516113000000002,-0.037933470000000004,0.040428303000000006,0.35491908,0.19897461,0.27832029999999996,-0.18902588,-0.040086612,0.043609343,0.37719235,0.21380615,0.26141357,-0.22955322,-0.053016499999999994,0.060460202000000005,0.41540864,0.20223999,0.26791382,-0.2208252,-0.04156354,0.055287667000000006,0.40947425,0.19244385,0.27975464,-0.20388794000000002,-0.033691168,0.044030093,0.39646608,0.08151245,0.28961182,-0.21154785,0.07892506,0.032384418000000005,0.39957625,0.13391113,0.23846436000000001,-0.29223633,0.033608377,0.07901037500000001,0.4620623,0.20455933,0.26715088,-0.27230835000000003,-0.039037347,0.041738234000000006,0.42932823000000003,0.22799683,0.30477905,-0.23464966,-0.06654291,-0.0019152388000000002,0.38657949999999996,0.18670654,0.31396484,-0.1800232,-0.030976236,-0.012835257000000001,0.33557034,0.18267822,0.27401733,-0.18057251,-0.031383574000000004,0.025572814000000003,0.33798897,0.18222046,0.2401123,-0.20596313,-0.033230156000000004,0.0585502,0.36439252,0.19458008000000002,0.25720215,-0.21932983,-0.049855290000000003,0.03865335,0.37964725,检查1#变、2变、开闭所有进线、出线地刀在拉开位置。
0.17126465,0.20114136,-0.30569458,0.04188545,0.11418646,0.4156936,0.20932007,0.32553099999999996,-0.30722046000000003,-0.020162731,-0.003730826,0.46000874,0.26574707000000003,0.33740234,-0.31372069999999996,-0.09454290600000001,-0.015514962,0.4904302,0.21844482,0.31289673,-0.25234985,-0.055890903000000006,0.008810349,0.43814993,0.21368408,0.3420105,-0.25317383,-0.061422646000000004,-0.022519983,0.45092994000000003,0.20452881,0.41644287,-0.25088499999999997,-0.054732293,-0.09873026,0.4519242,0.19503784000000002,0.28131104,-0.16516113000000002,-0.037933470000000004,0.040428303000000006,0.35491908,0.19897461,0.27832029999999996,-0.18902588,-0.040086612,0.043609343,0.37719235,0.21380615,0.26141357,-0.22955322,-0.053016499999999994,0.060460202000000005,0.41540864,0.20223999,0.26791382,-0.2208252,-0.04156354,0.055287667000000006,0.40947425,0.19244385,0.27975464,-0.20388794000000002,-0.033691168,0.044030093,0.39646608,0.08151245,0.28961182,-0.21154785,0.07892506,0.032384418000000005,0.39957625,0.13391113,0.23846436000000001,-0.29223633,0.033608377,0.07901037500000001,0.4620623,0.20455933,0.26715088,-0.27230835000000003,-0.039037347,0.041738234000000006,0.42932823000000003,0.22799683,0.30477905,-0.23464966,-0.06654291,-0.0019152388000000002,0.38657949999999996,0.18670654,0.31396484,-0.1800232,-0.030976236,-0.012835257000000001,0.33557034,0.18267822,0.27401733,-0.18057251,-0.031383574000000004,0.025572814000000003,0.33798897,0.18222046,0.2401123,-0.20596313,-0.033230156000000004,0.0585502,0.36439252,0.19458008000000002,0.25720215,-0.21932983,-0.049855290000000003,0.03865335,0.37964725,0.18020629999999999,0.26745605,-0.20736694,-0.041335598,0.026887588,0.37336063,检查1#变、2变、开闭所有进线、出线地刀在拉开位置。
0.20932007,0.32553099999999996,-0.30722046000000003,-0.020162731,-0.003730826,0.46000874,0.26574707000000003,0.33740234,-0.31372069999999996,-0.09454290600000001,-0.015514962,0.4904302,0.21844482,0.31289673,-0.25234985,-0.055890903000000006,0.008810349,0.43814993,0.21368408,0.3420105,-0.25317383,-0.061422646000000004,-0.022519983,0.45092994000000003,0.20452881,0.41644287,-0.25088499999999997,-0.054732293,-0.09873026,0.4519242,0.19503784000000002,0.28131104,-0.16516113000000002,-0.037933470000000004,0.040428303000000006,0.35491908,0.19897461,0.27832029999999996,-0.18902588,-0.040086612,0.043609343,0.37719235,0.21380615,0.26141357,-0.22955322,-0.053016499999999994,0.060460202000000005,0.41540864,0.20223999,0.26791382,-0.2208252,-0.04156354,0.055287667000000006,0.40947425,0.19244385,0.27975464,-0.20388794000000002,-0.033691168,0.044030093,0.39646608,0.08151245,0.28961182,-0.21154785,0.07892506,0.032384418000000005,0.39957625,0.13391113,0.23846436000000001,-0.29223633,0.033608377,0.07901037500000001,0.4620623,0.20455933,0.26715088,-0.27230835000000003,-0.039037347,0.041738234000000006,0.42932823000000003,0.22799683,0.30477905,-0.23464966,-0.06654291,-0.0019152388000000002,0.38657949999999996,0.18670654,0.31396484,-0.1800232,-0.030976236,-0.012835257000000001,0.33557034,0.18267822,0.27401733,-0.18057251,-0.031383574000000004,0.025572814000000003,0.33798897,0.18222046,0.2401123,-0.20596313,-0.033230156000000004,0.0585502,0.36439252,0.19458008000000002,0.25720215,-0.21932983,-0.049855290000000003,0.03865335,0.37964725,0.18020629999999999,0.26745605,-0.20736694,-0.041335598,0.026887588,0.37336063,0.18231201,0.27194214,-0.2109375,-0.044869304000000006,0.022083975000000002,0.37865615,检查1#变、2变、开闭所有进线、出线地刀在拉开位置。
0.26574707000000003,0.33740234,-0.31372069999999996,-0.09454290600000001,-0.015514962,0.4904302,0.21844482,0.31289673,-0.25234985,-0.055890903000000006,0.008810349,0.43814993,0.21368408,0.3420105,-0.25317383,-0.061422646000000004,-0.022519983,0.45092994000000003,0.20452881,0.41644287,-0.25088499999999997,-0.054732293,-0.09873026,0.4519242,0.19503784000000002,0.28131104,-0.16516113000000002,-0.037933470000000004,0.040428303000000006,0.35491908,0.19897461,0.27832029999999996,-0.18902588,-0.040086612,0.043609343,0.37719235,0.21380615,0.26141357,-0.22955322,-0.053016499999999994,0.060460202000000005,0.41540864,0.20223999,0.26791382,-0.2208252,-0.04156354,0.055287667000000006,0.40947425,0.19244385,0.27975464,-0.20388794000000002,-0.033691168,0.044030093,0.39646608,0.08151245,0.28961182,-0.21154785,0.07892506,0.032384418000000005,0.39957625,0.13391113,0.23846436000000001,-0.29223633,0.033608377,0.07901037500000001,0.4620623,0.20455933,0.26715088,-0.27230835000000003,-0.039037347,0.041738234000000006,0.42932823000000003,0.22799683,0.30477905,-0.23464966,-0.06654291,-0.0019152388000000002,0.38657949999999996,0.18670654,0.31396484,-0.1800232,-0.030976236,-0.012835257000000001,0.33557034,0.18267822,0.27401733,-0.18057251,-0.031383574000000004,0.025572814000000003,0.33798897,0.18222046,0.2401123,-0.20596313,-0.033230156000000004,0.0585502,0.36439252,0.19458008000000002,0.25720215,-0.21932983,-0.049855290000000003,0.03865335,0.37964725,0.18020629999999999,0.26745605,-0.20736694,-0.041335598,0.026887588,0.37336063,0.18231201,0.27194214,-0.2109375,-0.044869304000000006,0.022083975000000002,0.37865615,0.18508911,0.29092407,-0.21145629999999999,-0.049432486000000005,0.002214171,0.38087243,检查1#变、2变、开闭所有进线、出线地刀在拉开位置。
0.21844482,0.31289673,-0.25234985,-0.055890903000000006,0.008810349,0.43814993,0.21368408,0.3420105,-0.25317383,-0.061422646000000004,-0.022519983,0.45092994000000003,0.20452881,0.41644287,-0.25088499999999997,-0.054732293,-0.09873026,0.4519242,0.19503784000000002,0.28131104,-0.16516113000000002,-0.037933470000000004,0.040428303000000006,0.35491908,0.19897461,0.27832029999999996,-0.18902588,-0.040086612,0.043609343,0.37719235,0.21380615,0.26141357,-0.22955322,-0.053016499999999994,0.060460202000000005,0.41540864,0.20223999,0.26791382,-0.2208252,-0.04156354,0.055287667000000006,0.40947425,0.19244385,0.27975464,-0.20388794000000002,-0.033691168,0.044030093,0.39646608,0.08151245,0.28961182,-0.21154785,0.07892506,0.032384418000000005,0.39957625,0.13391113,0.23846436000000001,-0.29223633,0.033608377,0.07901037500000001,0.4620623,0.20455933,0.26715088,-0.27230835000000003,-0.039037347,0.041738234000000006,0.42932823000000003,0.22799683,0.30477905,-0.23464966,-0.06654291,-0.0019152388000000002,0.38657949999999996,0.18670654,0.31396484,-0.1800232,-0.030976236,-0.012835257000000001,0.33557034,0.18267822,0.27401733,-0.18057251,-0.031383574000000004,0.025572814000000003,0.33798897,0.18222046,0.2401123,-0.20596313,-0.033230156000000004,0.0585502,0.36439252,0.19458008000000002,0.25720215,-0.21932983,-0.049855290000000003,0.03865335,0.37964725,0.18020629999999999,0.26745605,-0.20736694,-0.041335598,0.026887588,0.37336063,0.18231201,0.27194214,-0.2109375,-0.044869304000000006,0.022083975000000002,0.37865615,0.18508911,0.29092407,-0.21145629999999999,-0.049432486000000005,0.002214171,0.38087243,0.17730713,0.27194214,-0.1906128,-0.04294665,0.02045668,0.35929555,检查1#变、2变、开闭所有进线、出线地刀在拉开位置。
0.21368408,0.3420105,-0.25317383,-0.061422646000000004,-0.022519983,0.45092994000000003,0.20452881,0.41644287,-0.25088499999999997,-0.054732293,-0.09873026,0.4519242,0.19503784000000002,0.28131104,-0.16516113000000002,-0.037933470000000004,0.040428303000000006,0.35491908,0.19897461,0.27832029999999996,-0.18902588,-0.040086612,0.043609343,0.37719235,0.21380615,0.26141357,-0.22955322,-0.053016499999999994,0.060460202000000005,0.41540864,0.20223999,0.26791382,-0.2208252,-0.04156354,0.055287667000000006,0.40947425,0.19244385,0.27975464,-0.20388794000000002,-0.033691168,0.044030093,0.39646608,0.08151245,0.28961182,-0.21154785,0.07892506,0.032384418000000005,0.39957625,0.13391113,0.23846436000000001,-0.29223633,0.033608377,0.07901037500000001,0.4620623,0.20455933,0.26715088,-0.27230835000000003,-0.039037347,0.041738234000000006,0.42932823000000003,0.22799683,0.30477905,-0.23464966,-0.06654291,-0.0019152388000000002,0.38657949999999996,0.18670654,0.31396484,-0.1800232,-0.030976236,-0.012835257000000001,0.33557034,0.18267822,0.27401733,-0.18057251,-0.031383574000000004,0.025572814000000003,0.33798897,0.18222046,0.2401123,-0.20596313,-0.033230156000000004,0.0585502,0.36439252,0.19458008000000002,0.25720215,-0.21932983,-0.049855290000000003,0.03865335,0.37964725,0.18020629999999999,0.26745605,-0.20736694,-0.041335598,0.026887588,0.37336063,0.18231201,0.27194214,-0.2109375,-0.044869304000000006,0.022083975000000002,0.37865615,0.18508911,0.29092407,-0.21145629999999999,-0.049432486000000005,0.002214171,0.38087243,0.17730713,0.27194214,-0.1906128,-0.04294665,0.02045668,0.35929555,0.17330933,0.26004028,-0.17596436000000001,-0.040370315000000004,0.031186514000000002,0.34375849999999997,检查1#变、2变、开闭所有进线、出线地刀在拉开位置。
0.20452881,0.41644287,-0.25088499999999997,-0.054732293,-0.09873026,0.4519242,0.19503784000000002,0.28131104,-0.16516113000000002,-0.037933470000000004,0.040428303000000006,0.35491908,0.19897461,0.27832029999999996,-0.18902588,-0.040086612,0.043609343,0.37719235,0.21380615,0.26141357,-0.22955322,-0.053016499999999994,0.060460202000000005,0.41540864,0.20223999,0.26791382,-0.2208252,-0.04156354,0.055287667000000006,0.40947425,0.19244385,0.27975464,-0.20388794000000002,-0.033691168,0.044030093,0.39646608,0.08151245,0.28961182,-0.21154785,0.07892506,0.032384418000000005,0.39957625,0.13391113,0.23846436000000001,-0.29223633,0.033608377,0.07901037500000001,0.4620623,0.20455933,0.26715088,-0.27230835000000003,-0.039037347,0.041738234000000006,0.42932823000000003,0.22799683,0.30477905,-0.23464966,-0.06654291,-0.0019152388000000002,0.38657949999999996,0.18670654,0.31396484,-0.1800232,-0.030976236,-0.012835257000000001,0.33557034,0.18267822,0.27401733,-0.18057251,-0.031383574000000004,0.025572814000000003,0.33798897,0.18222046,0.2401123,-0.20596313,-0.033230156000000004,0.0585502,0.36439252,0.19458008000000002,0.25720215,-0.21932983,-0.049855290000000003,0.03865335,0.37964725,0.18020629999999999,0.26745605,-0.20736694,-0.041335598,0.026887588,0.37336063,0.18231201,0.27194214,-0.2109375,-0.044869304000000006,0.022083975000000002,0.37865615,0.18508911,0.29092407,-0.21145629999999999,-0.049432486000000005,0.002214171,0.38087243,0.17730713,0.27194214,-0.1906128,-0.04294665,0.02045668,0.35929555,0.17330933,0.26004028,-0.17596436000000001,-0.040370315000000004,0.031186514000000002,0.34375849999999997,0.17071533,0.27487183,-0.18353271000000002,-0.038732976,0.013863496500000001,0.34913033,检查1#变、2变、开闭所有进线、出线地刀在拉开位置。
0.19503784000000002,0.28131104,-0.16516113000000002,-0.037933470000000004,0.040428303000000006,0.35491908,0.19897461,0.27832029999999996,-0.18902588,-0.040086612,0.043609343,0.37719235,0.21380615,0.26141357,-0.22955322,-0.053016499999999994,0.060460202000000005,0.41540864,0.20223999,0.26791382,-0.2208252,-0.04156354,0.055287667000000006,0.40947425,0.19244385,0.27975464,-0.20388794000000002,-0.033691168,0.044030093,0.39646608,0.08151245,0.28961182,-0.21154785,0.07892506,0.032384418000000005,0.39957625,0.13391113,0.23846436000000001,-0.29223633,0.033608377,0.07901037500000001,0.4620623,0.20455933,0.26715088,-0.27230835000000003,-0.039037347,0.041738234000000006,0.42932823000000003,0.22799683,0.30477905,-0.23464966,-0.06654291,-0.0019152388000000002,0.38657949999999996,0.18670654,0.31396484,-0.1800232,-0.030976236,-0.012835257000000001,0.33557034,0.18267822,0.27401733,-0.18057251,-0.031383574000000004,0.025572814000000003,0.33798897,0.18222046,0.2401123,-0.20596313,-0.033230156000000004,0.0585502,0.36439252,0.19458008000000002,0.25720215,-0.21932983,-0.049855290000000003,0.03865335,0.37964725,0.18020629999999999,0.26745605,-0.20736694,-0.041335598,0.026887588,0.37336063,0.18231201,0.27194214,-0.2109375,-0.044869304000000006,0.022083975000000002,0.37865615,0.18508911,0.29092407,-0.21145629999999999,-0.049432486000000005,0.002214171,0.38087243,0.17730713,0.27194214,-0.1906128,-0.04294665,0.02045668,0.35929555,0.17330933,0.26004028,-0.17596436000000001,-0.040370315000000004,0.031186514000000002,0.34375849999999997,0.17071533,0.27487183,-0.18353271000000002,-0.038732976,0.013863496500000001,0.34913033,0.17037964,0.28137207000000003,-0.1770935,-0.042487755,0.0055897906,0.34554097,检查1#变、2变、开闭所有进线、出线地刀在拉开位置。
0.19897461,0.27832029999999996,-0.18902588,-0.040086612,0.043609343,0.37719235,0.21380615,0.26141357,-0.22955322,-0.053016499999999994,0.060460202000000005,0.41540864,0.20223999,0.26791382,-0.2208252,-0.04156354,0.055287667000000006,0.40947425,0.19244385,0.27975464,-0.20388794000000002,-0.033691168,0.044030093,0.39646608,0.08151245,0.28961182,-0.21154785,0.07892506,0.032384418000000005,0.39957625,0.13391113,0.23846436000000001,-0.29223633,0.033608377,0.07901037500000001,0.4620623,0.20455933,0.26715088,-0.27230835000000003,-0.039037347,0.041738234000000006,0.42932823000000003,0.22799683,0.30477905,-0.23464966,-0.06654291,-0.0019152388000000002,0.38657949999999996,0.18670654,0.31396484,-0.1800232,-0.030976236,-0.012835257000000001,0.33557034,0.18267822,0.27401733,-0.18057251,-0.031383574000000004,0.025572814000000003,0.33798897,0.18222046,0.2401123,-0.20596313,-0.033230156000000004,0.0585502,0.36439252,0.19458008000000002,0.25720215,-0.21932983,-0.049855290000000003,0.03865335,0.37964725,0.18020629999999999,0.26745605,-0.20736694,-0.041335598,0.026887588,0.37336063,0.18231201,0.27194214,-0.2109375,-0.044869304000000006,0.022083975000000002,0.37865615,0.18508911,0.29092407,-0.21145629999999999,-0.049432486000000005,0.002214171,0.38087243,0.17730713,0.27194214,-0.1906128,-0.04294665,0.02045668,0.35929555,0.17330933,0.26004028,-0.17596436000000001,-0.040370315000000004,0.031186514000000002,0.34375849999999997,0.17071533,0.27487183,-0.18353271000000002,-0.038732976,0.013863496500000001,0.34913033,0.17037964,0.28137207000000003,-0.1770935,-0.042487755,0.0055897906,0.34554097,0.17456055,0.32089233,-0.17541504,-0.048371688,-0.03531789,0.34533169999999996,检查1#变、2变、开闭所有进线、出线地刀在拉开位置。
0.21380615,0.26141357,-0.22955322,-0.053016499999999994,0.060460202000000005,0.41540864,0.20223999,0.26791382,-0.2208252,-0.04156354,0.055287667000000006,0.40947425,0.19244385,0.27975464,-0.20388794000000002,-0.033691168,0.044030093,0.39646608,0.08151245,0.28961182,-0.21154785,0.07892506,0.032384418000000005,0.39957625,0.13391113,0.23846436000000001,-0.29223633,0.033608377,0.07901037500000001,0.4620623,0.20455933,0.26715088,-0.27230835000000003,-0.039037347,0.041738234000000006,0.42932823000000003,0.22799683,0.30477905,-0.23464966,-0.06654291,-0.0019152388000000002,0.38657949999999996,0.18670654,0.31396484,-0.1800232,-0.030976236,-0.012835257000000001,0.33557034,0.18267822,0.27401733,-0.18057251,-0.031383574000000004,0.025572814000000003,0.33798897,0.18222046,0.2401123,-0.20596313,-0.033230156000000004,0.0585502,0.36439252,0.19458008000000002,0.25720215,-0.21932983,-0.049855290000000003,0.03865335,0.37964725,0.18020629999999999,0.26745605,-0.20736694,-0.041335598,0.026887588,0.37336063,0.18231201,0.27194214,-0.2109375,-0.044869304000000006,0.022083975000000002,0.37865615,0.18508911,0.29092407,-0.21145629999999999,-0.049432486000000005,0.002214171,0.38087243,0.17730713,0.27194214,-0.1906128,-0.04294665,0.02045668,0.35929555,0.17330933,0.26004028,-0.17596436000000001,-0.040370315000000004,0.031186514000000002,0.34375849999999997,0.17071533,0.27487183,-0.18353271000000002,-0.038732976,0.013863496500000001,0.34913033,0.17037964,0.28137207000000003,-0.1770935,-0.042487755,0.0055897906,0.34554097,0.17456055,0.32089233,-0.17541504,-0.048371688,-0.03531789,0.34533169999999996,0.1854248,0.23278809,-0.20809937,-0.050324930000000004,0.051629595,0.36091906,检查1#变、2变、开闭所有进线、出线地刀在拉开位置。
0.20223999,0.26791382,-0.2208252,-0.04156354,0.055287667000000006,0.40947425,0.19244385,0.27975464,-0.20388794000000002,-0.033691168,0.044030093,0.39646608,0.08151245,0.28961182,-0.21154785,0.07892506,0.032384418000000005,0.39957625,0.13391113,0.23846436000000001,-0.29223633,0.033608377,0.07901037500000001,0.4620623,0.20455933,0.26715088,-0.27230835000000003,-0.039037347,0.041738234000000006,0.42932823000000003,0.22799683,0.30477905,-0.23464966,-0.06654291,-0.0019152388000000002,0.38657949999999996,0.18670654,0.31396484,-0.1800232,-0.030976236,-0.012835257000000001,0.33557034,0.18267822,0.27401733,-0.18057251,-0.031383574000000004,0.025572814000000003,0.33798897,0.18222046,0.2401123,-0.20596313,-0.033230156000000004,0.0585502,0.36439252,0.19458008000000002,0.25720215,-0.21932983,-0.049855290000000003,0.03865335,0.37964725,0.18020629999999999,0.26745605,-0.20736694,-0.041335598,0.026887588,0.37336063,0.18231201,0.27194214,-0.2109375,-0.044869304000000006,0.022083975000000002,0.37865615,0.18508911,0.29092407,-0.21145629999999999,-0.049432486000000005,0.002214171,0.38087243,0.17730713,0.27194214,-0.1906128,-0.04294665,0.02045668,0.35929555,0.17330933,0.26004028,-0.17596436000000001,-0.040370315000000004,0.031186514000000002,0.34375849999999997,0.17071533,0.27487183,-0.18353271000000002,-0.038732976,0.013863496500000001,0.34913033,0.17037964,0.28137207000000003,-0.1770935,-0.042487755,0.0055897906,0.34554097,0.17456055,0.32089233,-0.17541504,-0.048371688,-0.03531789,0.34533169999999996,0.1854248,0.23278809,-0.20809937,-0.050324930000000004,0.051629595,0.36091906,0.17965698,0.2539673,-0.18850708,-0.044845805,0.029543556000000002,0.34046638,检查1#变、2变、开闭所有进线、出线地刀在拉开位置。
0.19244385,0.27975464,-0.20388794000000002,-0.033691168,0.044030093,0.39646608,0.08151245,0.28961182,-0.21154785,0.07892506,0.032384418000000005,0.39957625,0.13391113,0.23846436000000001,-0.29223633,0.033608377,0.07901037500000001,0.4620623,0.20455933,0.26715088,-0.27230835000000003,-0.039037347,0.041738234000000006,0.42932823000000003,0.22799683,0.30477905,-0.23464966,-0.06654291,-0.0019152388000000002,0.38657949999999996,0.18670654,0.31396484,-0.1800232,-0.030976236,-0.012835257000000001,0.33557034,0.18267822,0.27401733,-0.18057251,-0.031383574000000004,0.025572814000000003,0.33798897,0.18222046,0.2401123,-0.20596313,-0.033230156000000004,0.0585502,0.36439252,0.19458008000000002,0.25720215,-0.21932983,-0.049855290000000003,0.03865335,0.37964725,0.18020629999999999,0.26745605,-0.20736694,-0.041335598,0.026887588,0.37336063,0.18231201,0.27194214,-0.2109375,-0.044869304000000006,0.022083975000000002,0.37865615,0.18508911,0.29092407,-0.21145629999999999,-0.049432486000000005,0.002214171,0.38087243,0.17730713,0.27194214,-0.1906128,-0.04294665,0.02045668,0.35929555,0.17330933,0.26004028,-0.17596436000000001,-0.040370315000000004,0.031186514000000002,0.34375849999999997,0.17071533,0.27487183,-0.18353271000000002,-0.038732976,0.013863496500000001,0.34913033,0.17037964,0.28137207000000003,-0.1770935,-0.042487755,0.0055897906,0.34554097,0.17456055,0.32089233,-0.17541504,-0.048371688,-0.03531789,0.34533169999999996,0.1854248,0.23278809,-0.20809937,-0.050324930000000004,0.051629595,0.36091906,0.17965698,0.2539673,-0.18850708,-0.044845805,0.029543556000000002,0.34046638,0.15988159,0.25448608,-0.14981079,-0.026325285,0.028266363000000003,0.3013232,检查1#变、2变、开闭所有进线、出线地刀在拉开位置。
0.08151245,0.28961182,-0.21154785,0.07892506,0.032384418000000005,0.39957625,0.13391113,0.23846436000000001,-0.29223633,0.033608377,0.07901037500000001,0.4620623,0.20455933,0.26715088,-0.27230835000000003,-0.039037347,0.041738234000000006,0.42932823000000003,0.22799683,0.30477905,-0.23464966,-0.06654291,-0.0019152388000000002,0.38657949999999996,0.18670654,0.31396484,-0.1800232,-0.030976236,-0.012835257000000001,0.33557034,0.18267822,0.27401733,-0.18057251,-0.031383574000000004,0.025572814000000003,0.33798897,0.18222046,0.2401123,-0.20596313,-0.033230156000000004,0.0585502,0.36439252,0.19458008000000002,0.25720215,-0.21932983,-0.049855290000000003,0.03865335,0.37964725,0.18020629999999999,0.26745605,-0.20736694,-0.041335598,0.026887588,0.37336063,0.18231201,0.27194214,-0.2109375,-0.044869304000000006,0.022083975000000002,0.37865615,0.18508911,0.29092407,-0.21145629999999999,-0.049432486000000005,0.002214171,0.38087243,0.17730713,0.27194214,-0.1906128,-0.04294665,0.02045668,0.35929555,0.17330933,0.26004028,-0.17596436000000001,-0.040370315000000004,0.031186514000000002,0.34375849999999997,0.17071533,0.27487183,-0.18353271000000002,-0.038732976,0.013863496500000001,0.34913033,0.17037964,0.28137207000000003,-0.1770935,-0.042487755,0.0055897906,0.34554097,0.17456055,0.32089233,-0.17541504,-0.048371688,-0.03531789,0.34533169999999996,0.1854248,0.23278809,-0.20809937,-0.050324930000000004,0.051629595,0.36091906,0.17965698,0.2539673,-0.18850708,-0.044845805,0.029543556000000002,0.34046638,0.15988159,0.25448608,-0.14981079,-0.026325285,0.028266363000000003,0.3013232,0.17611694,0.27258299999999996,-0.18301392,-0.041975915,0.008152403,0.33180952,检查1#变、2变、开闭所有进线、出线地刀在拉开位置。
0.13391113,0.23846436000000001,-0.29223633,0.033608377,0.07901037500000001,0.4620623,0.20455933,0.26715088,-0.27230835000000003,-0.039037347,0.041738234000000006,0.42932823000000003,0.22799683,0.30477905,-0.23464966,-0.06654291,-0.0019152388000000002,0.38657949999999996,0.18670654,0.31396484,-0.1800232,-0.030976236,-0.012835257000000001,0.33557034,0.18267822,0.27401733,-0.18057251,-0.031383574000000004,0.025572814000000003,0.33798897,0.18222046,0.2401123,-0.20596313,-0.033230156000000004,0.0585502,0.36439252,0.19458008000000002,0.25720215,-0.21932983,-0.049855290000000003,0.03865335,0.37964725,0.18020629999999999,0.26745605,-0.20736694,-0.041335598,0.026887588,0.37336063,0.18231201,0.27194214,-0.2109375,-0.044869304000000006,0.022083975000000002,0.37865615,0.18508911,0.29092407,-0.21145629999999999,-0.049432486000000005,0.002214171,0.38087243,0.17730713,0.27194214,-0.1906128,-0.04294665,0.02045668,0.35929555,0.17330933,0.26004028,-0.17596436000000001,-0.040370315000000004,0.031186514000000002,0.34375849999999997,0.17071533,0.27487183,-0.18353271000000002,-0.038732976,0.013863496500000001,0.34913033,0.17037964,0.28137207000000003,-0.1770935,-0.042487755,0.0055897906,0.34554097,0.17456055,0.32089233,-0.17541504,-0.048371688,-0.03531789,0.34533169999999996,0.1854248,0.23278809,-0.20809937,-0.050324930000000004,0.051629595,0.36091906,0.17965698,0.2539673,-0.18850708,-0.044845805,0.029543556000000002,0.34046638,0.15988159,0.25448608,-0.14981079,-0.026325285,0.028266363000000003,0.3013232,0.17611694,0.27258299999999996,-0.18301392,-0.041975915,0.008152403,0.33180952,0.19296265,0.20370483,-0.22485352,-0.055851474000000005,0.07295074,0.36155456,检查1#变、2变、开闭所有进线、出线地刀在拉开位置。
0.20455933,0.26715088,-0.27230835000000003,-0.039037347,0.041738234000000006,0.42932823000000003,0.22799683,0.30477905,-0.23464966,-0.06654291,-0.0019152388000000002,0.38657949999999996,0.18670654,0.31396484,-0.1800232,-0.030976236,-0.012835257000000001,0.33557034,0.18267822,0.27401733,-0.18057251,-0.031383574000000004,0.025572814000000003,0.33798897,0.18222046,0.2401123,-0.20596313,-0.033230156000000004,0.0585502,0.36439252,0.19458008000000002,0.25720215,-0.21932983,-0.049855290000000003,0.03865335,0.37964725,0.18020629999999999,0.26745605,-0.20736694,-0.041335598,0.026887588,0.37336063,0.18231201,0.27194214,-0.2109375,-0.044869304000000006,0.022083975000000002,0.37865615,0.18508911,0.29092407,-0.21145629999999999,-0.049432486000000005,0.002214171,0.38087243,0.17730713,0.27194214,-0.1906128,-0.04294665,0.02045668,0.35929555,0.17330933,0.26004028,-0.17596436000000001,-0.040370315000000004,0.031186514000000002,0.34375849999999997,0.17071533,0.27487183,-0.18353271000000002,-0.038732976,0.013863496500000001,0.34913033,0.17037964,0.28137207000000003,-0.1770935,-0.042487755,0.0055897906,0.34554097,0.17456055,0.32089233,-0.17541504,-0.048371688,-0.03531789,0.34533169999999996,0.1854248,0.23278809,-0.20809937,-0.050324930000000004,0.051629595,0.36091906,0.17965698,0.2539673,-0.18850708,-0.044845805,0.029543556000000002,0.34046638,0.15988159,0.25448608,-0.14981079,-0.026325285,0.028266363000000003,0.3013232,0.17611694,0.27258299999999996,-0.18301392,-0.041975915,0.008152403,0.33180952,0.19296265,0.20370483,-0.22485352,-0.055851474000000005,0.07295074,0.36155456,0.16873169,0.23950195,-0.21679688,-0.0352796,0.029592015000000003,0.3475736,检查1#变、2变、开闭所有进线、出线地刀在拉开位置。
0.22799683,0.30477905,-0.23464966,-0.06654291,-0.0019152388000000002,0.38657949999999996,0.18670654,0.31396484,-0.1800232,-0.030976236,-0.012835257000000001,0.33557034,0.18267822,0.27401733,-0.18057251,-0.031383574000000004,0.025572814000000003,0.33798897,0.18222046,0.2401123,-0.20596313,-0.033230156000000004,0.0585502,0.36439252,0.19458008000000002,0.25720215,-0.21932983,-0.049855290000000003,0.03865335,0.37964725,0.18020629999999999,0.26745605,-0.20736694,-0.041335598,0.026887588,0.37336063,0.18231201,0.27194214,-0.2109375,-0.044869304000000006,0.022083975000000002,0.37865615,0.18508911,0.29092407,-0.21145629999999999,-0.049432486000000005,0.002214171,0.38087243,0.17730713,0.27194214,-0.1906128,-0.04294665,0.02045668,0.35929555,0.17330933,0.26004028,-0.17596436000000001,-0.040370315000000004,0.031186514000000002,0.34375849999999997,0.17071533,0.27487183,-0.18353271000000002,-0.038732976,0.013863496500000001,0.34913033,0.17037964,0.28137207000000003,-0.1770935,-0.042487755,0.0055897906,0.34554097,0.17456055,0.32089233,-0.17541504,-0.048371688,-0.03531789,0.34533169999999996,0.1854248,0.23278809,-0.20809937,-0.050324930000000004,0.051629595,0.36091906,0.17965698,0.2539673,-0.18850708,-0.044845805,0.029543556000000002,0.34046638,0.15988159,0.25448608,-0.14981079,-0.026325285,0.028266363000000003,0.3013232,0.17611694,0.27258299999999996,-0.18301392,-0.041975915,0.008152403,0.33180952,0.19296265,0.20370483,-0.22485352,-0.055851474000000005,0.07295074,0.36155456,0.16873169,0.23950195,-0.21679688,-0.0352796,0.029592015000000003,0.3475736,0.15466309,0.2778015,-0.23095703,-0.016401768,-0.013648145,0.34972919999999996,检查1#变、2变、开闭所有进线、出线地刀在拉开位置。
0.18670654,0.31396484,-0.1800232,-0.030976236,-0.012835257000000001,0.33557034,0.18267822,0.27401733,-0.18057251,-0.031383574000000004,0.025572814000000003,0.33798897,0.18222046,0.2401123,-0.20596313,-0.033230156000000004,0.0585502,0.36439252,0.19458008000000002,0.25720215,-0.21932983,-0.049855290000000003,0.03865335,0.37964725,0.18020629999999999,0.26745605,-0.20736694,-0.041335598,0.026887588,0.37336063,0.18231201,0.27194214,-0.2109375,-0.044869304000000006,0.022083975000000002,0.37865615,0.18508911,0.29092407,-0.21145629999999999,-0.049432486000000005,0.002214171,0.38087243,0.17730713,0.27194214,-0.1906128,-0.04294665,0.02045668,0.35929555,0.17330933,0.26004028,-0.17596436000000001,-0.040370315000000004,0.031186514000000002,0.34375849999999997,0.17071533,0.27487183,-0.18353271000000002,-0.038732976,0.013863496500000001,0.34913033,0.17037964,0.28137207000000003,-0.1770935,-0.042487755,0.0055897906,0.34554097,0.17456055,0.32089233,-0.17541504,-0.048371688,-0.03531789,0.34533169999999996,0.1854248,0.23278809,-0.20809937,-0.050324930000000004,0.051629595,0.36091906,0.17965698,0.2539673,-0.18850708,-0.044845805,0.029543556000000002,0.34046638,0.15988159,0.25448608,-0.14981079,-0.026325285,0.028266363000000003,0.3013232,0.17611694,0.27258299999999996,-0.18301392,-0.041975915,0.008152403,0.33180952,0.19296265,0.20370483,-0.22485352,-0.055851474000000005,0.07295074,0.36155456,0.16873169,0.23950195,-0.21679688,-0.0352796,0.029592015000000003,0.3475736,0.15466309,0.2778015,-0.23095703,-0.016401768,-0.013648145,0.34972919999999996,0.15219116,0.22763062,-0.26101685,-0.00753431,0.033641256,0.36671899999999996,检查1#变、2变、开闭所有进线、出线地刀在拉开位置。
0.18267822,0.27401733,-0.18057251,-0.031383574000000004,0.025572814000000003,0.33798897,0.18222046,0.2401123,-0.20596313,-0.033230156000000004,0.0585502,0.36439252,0.19458008000000002,0.25720215,-0.21932983,-0.049855290000000003,0.03865335,0.37964725,0.18020629999999999,0.26745605,-0.20736694,-0.041335598,0.026887588,0.37336063,0.18231201,0.27194214,-0.2109375,-0.044869304000000006,0.022083975000000002,0.37865615,0.18508911,0.29092407,-0.21145629999999999,-0.049432486000000005,0.002214171,0.38087243,0.17730713,0.27194214,-0.1906128,-0.04294665,0.02045668,0.35929555,0.17330933,0.26004028,-0.17596436000000001,-0.040370315000000004,0.031186514000000002,0.34375849999999997,0.17071533,0.27487183,-0.18353271000000002,-0.038732976,0.013863496500000001,0.34913033,0.17037964,0.28137207000000003,-0.1770935,-0.042487755,0.0055897906,0.34554097,0.17456055,0.32089233,-0.17541504,-0.048371688,-0.03531789,0.34533169999999996,0.1854248,0.23278809,-0.20809937,-0.050324930000000004,0.051629595,0.36091906,0.17965698,0.2539673,-0.18850708,-0.044845805,0.029543556000000002,0.34046638,0.15988159,0.25448608,-0.14981079,-0.026325285,0.028266363000000003,0.3013232,0.17611694,0.27258299999999996,-0.18301392,-0.041975915,0.008152403,0.33180952,0.19296265,0.20370483,-0.22485352,-0.055851474000000005,0.07295074,0.36155456,0.16873169,0.23950195,-0.21679688,-0.0352796,0.029592015000000003,0.3475736,0.15466309,0.2778015,-0.23095703,-0.016401768,-0.013648145,0.34972919999999996,0.15219116,0.22763062,-0.26101685,-0.00753431,0.033641256,0.36671899999999996,0.1546936,0.23214722000000002,-0.28247069999999996,-0.0074038208000000005,0.02719266,0.38285184,检查1#变、2变、开闭所有进线、出线地刀在拉开位置。
0.18222046,0.2401123,-0.20596313,-0.033230156000000004,0.0585502,0.36439252,0.19458008000000002,0.25720215,-0.21932983,-0.049855290000000003,0.03865335,0.37964725,0.18020629999999999,0.26745605,-0.20736694,-0.041335598,0.026887588,0.37336063,0.18231201,0.27194214,-0.2109375,-0.044869304000000006,0.022083975000000002,0.37865615,0.18508911,0.29092407,-0.21145629999999999,-0.049432486000000005,0.002214171,0.38087243,0.17730713,0.27194214,-0.1906128,-0.04294665,0.02045668,0.35929555,0.17330933,0.26004028,-0.17596436000000001,-0.040370315000000004,0.031186514000000002,0.34375849999999997,0.17071533,0.27487183,-0.18353271000000002,-0.038732976,0.013863496500000001,0.34913033,0.17037964,0.28137207000000003,-0.1770935,-0.042487755,0.0055897906,0.34554097,0.17456055,0.32089233,-0.17541504,-0.048371688,-0.03531789,0.34533169999999996,0.1854248,0.23278809,-0.20809937,-0.050324930000000004,0.051629595,0.36091906,0.17965698,0.2539673,-0.18850708,-0.044845805,0.029543556000000002,0.34046638,0.15988159,0.25448608,-0.14981079,-0.026325285,0.028266363000000003,0.3013232,0.17611694,0.27258299999999996,-0.18301392,-0.041975915,0.008152403,0.33180952,0.19296265,0.20370483,-0.22485352,-0.055851474000000005,0.07295074,0.36155456,0.16873169,0.23950195,-0.21679688,-0.0352796,0.029592015000000003,0.3475736,0.15466309,0.2778015,-0.23095703,-0.016401768,-0.013648145,0.34972919999999996,0.15219116,0.22763062,-0.26101685,-0.00753431,0.033641256,0.36671899999999996,0.1546936,0.23214722000000002,-0.28247069999999996,-0.0074038208000000005,0.02719266,0.38285184,0.14324951,0.25616455,-0.26913452,0.0073073953,-0.0019858852000000002,0.35884099999999997,检查1#变、2变、开闭所有进线、出线地刀在拉开位置。
0.19458008000000002,0.25720215,-0.21932983,-0.049855290000000003,0.03865335,0.37964725,0.18020629999999999,0.26745605,-0.20736694,-0.041335598,0.026887588,0.37336063,0.18231201,0.27194214,-0.2109375,-0.044869304000000006,0.022083975000000002,0.37865615,0.18508911,0.29092407,-0.21145629999999999,-0.049432486000000005,0.002214171,0.38087243,0.17730713,0.27194214,-0.1906128,-0.04294665,0.02045668,0.35929555,0.17330933,0.26004028,-0.17596436000000001,-0.040370315000000004,0.031186514000000002,0.34375849999999997,0.17071533,0.27487183,-0.18353271000000002,-0.038732976,0.013863496500000001,0.34913033,0.17037964,0.28137207000000003,-0.1770935,-0.042487755,0.0055897906,0.34554097,0.17456055,0.32089233,-0.17541504,-0.048371688,-0.03531789,0.34533169999999996,0.1854248,0.23278809,-0.20809937,-0.050324930000000004,0.051629595,0.36091906,0.17965698,0.2539673,-0.18850708,-0.044845805,0.029543556000000002,0.34046638,0.15988159,0.25448608,-0.14981079,-0.026325285,0.028266363000000003,0.3013232,0.17611694,0.27258299999999996,-0.18301392,-0.041975915,0.008152403,0.33180952,0.19296265,0.20370483,-0.22485352,-0.055851474000000005,0.07295074,0.36155456,0.16873169,0.23950195,-0.21679688,-0.0352796,0.029592015000000003,0.3475736,0.15466309,0.2778015,-0.23095703,-0.016401768,-0.013648145,0.34972919999999996,0.15219116,0.22763062,-0.26101685,-0.00753431,0.033641256,0.36671899999999996,0.1546936,0.23214722000000002,-0.28247069999999996,-0.0074038208000000005,0.02719266,0.38285184,0.14324951,0.25616455,-0.26913452,0.0073073953,-0.0019858852000000002,0.35884099999999997,0.14901733,0.23403929999999998,-0.24295044000000002,0.0016251057,0.016759835,0.32649723,检查1#变、2变、开闭所有进线、出线地刀在拉开位置。
0.18020629999999999,0.26745605,-0.20736694,-0.041335598,0.026887588,0.37336063,0.18231201,0.27194214,-0.2109375,-0.044869304000000006,0.022083975000000002,0.37865615,0.18508911,0.29092407,-0.21145629999999999,-0.049432486000000005,0.002214171,0.38087243,0.17730713,0.27194214,-0.1906128,-0.04294665,0.02045668,0.35929555,0.17330933,0.26004028,-0.17596436000000001,-0.040370315000000004,0.031186514000000002,0.34375849999999997,0.17071533,0.27487183,-0.18353271000000002,-0.038732976,0.013863496500000001,0.34913033,0.17037964,0.28137207000000003,-0.1770935,-0.042487755,0.0055897906,0.34554097,0.17456055,0.32089233,-0.17541504,-0.048371688,-0.03531789,0.34533169999999996,0.1854248,0.23278809,-0.20809937,-0.050324930000000004,0.051629595,0.36091906,0.17965698,0.2539673,-0.18850708,-0.044845805,0.029543556000000002,0.34046638,0.15988159,0.25448608,-0.14981079,-0.026325285,0.028266363000000003,0.3013232,0.17611694,0.27258299999999996,-0.18301392,-0.041975915,0.008152403,0.33180952,0.19296265,0.20370483,-0.22485352,-0.055851474000000005,0.07295074,0.36155456,0.16873169,0.23950195,-0.21679688,-0.0352796,0.029592015000000003,0.3475736,0.15466309,0.2778015,-0.23095703,-0.016401768,-0.013648145,0.34972919999999996,0.15219116,0.22763062,-0.26101685,-0.00753431,0.033641256,0.36671899999999996,0.1546936,0.23214722000000002,-0.28247069999999996,-0.0074038208000000005,0.02719266,0.38285184,0.14324951,0.25616455,-0.26913452,0.0073073953,-0.0019858852000000002,0.35884099999999997,0.14901733,0.23403929999999998,-0.24295044000000002,0.0016251057,0.016759835,0.32649723,0.12628174,0.26452637,-0.23956299,0.0377554,-0.02458378,0.2949522,检查1#变、2变、开闭所有进线、出线地刀在拉开位置。
0.18231201,0.27194214,-0.2109375,-0.044869304000000006,0.022083975000000002,0.37865615,0.18508911,0.29092407,-0.21145629999999999,-0.049432486000000005,0.002214171,0.38087243,0.17730713,0.27194214,-0.1906128,-0.04294665,0.02045668,0.35929555,0.17330933,0.26004028,-0.17596436000000001,-0.040370315000000004,0.031186514000000002,0.34375849999999997,0.17071533,0.27487183,-0.18353271000000002,-0.038732976,0.013863496500000001,0.34913033,0.17037964,0.28137207000000003,-0.1770935,-0.042487755,0.0055897906,0.34554097,0.17456055,0.32089233,-0.17541504,-0.048371688,-0.03531789,0.34533169999999996,0.1854248,0.23278809,-0.20809937,-0.050324930000000004,0.051629595,0.36091906,0.17965698,0.2539673,-0.18850708,-0.044845805,0.029543556000000002,0.34046638,0.15988159,0.25448608,-0.14981079,-0.026325285,0.028266363000000003,0.3013232,0.17611694,0.27258299999999996,-0.18301392,-0.041975915,0.008152403,0.33180952,0.19296265,0.20370483,-0.22485352,-0.055851474000000005,0.07295074,0.36155456,0.16873169,0.23950195,-0.21679688,-0.0352796,0.029592015000000003,0.3475736,0.15466309,0.2778015,-0.23095703,-0.016401768,-0.013648145,0.34972919999999996,0.15219116,0.22763062,-0.26101685,-0.00753431,0.033641256,0.36671899999999996,0.1546936,0.23214722000000002,-0.28247069999999996,-0.0074038208000000005,0.02719266,0.38285184,0.14324951,0.25616455,-0.26913452,0.0073073953,-0.0019858852000000002,0.35884099999999997,0.14901733,0.23403929999999998,-0.24295044000000002,0.0016251057,0.016759835,0.32649723,0.12628174,0.26452637,-0.23956299,0.0377554,-0.02458378,0.2949522,0.15612793,0.18582153,-0.3631897,0.01724045,0.047286697,0.40076867,检查1#变、2变、开闭所有进线、出线地刀在拉开位置。
0.18508911,0.29092407,-0.21145629999999999,-0.049432486000000005,0.002214171,0.38087243,0.17730713,0.27194214,-0.1906128,-0.04294665,0.02045668,0.35929555,0.17330933,0.26004028,-0.17596436000000001,-0.040370315000000004,0.031186514000000002,0.34375849999999997,0.17071533,0.27487183,-0.18353271000000002,-0.038732976,0.013863496500000001,0.34913033,0.17037964,0.28137207000000003,-0.1770935,-0.042487755,0.0055897906,0.34554097,0.17456055,0.32089233,-0.17541504,-0.048371688,-0.03531789,0.34533169999999996,0.1854248,0.23278809,-0.20809937,-0.050324930000000004,0.051629595,0.36091906,0.17965698,0.2539673,-0.18850708,-0.044845805,0.029543556000000002,0.34046638,0.15988159,0.25448608,-0.14981079,-0.026325285,0.028266363000000003,0.3013232,0.17611694,0.27258299999999996,-0.18301392,-0.041975915,0.008152403,0.33180952,0.19296265,0.20370483,-0.22485352,-0.055851474000000005,0.07295074,0.36155456,0.16873169,0.23950195,-0.21679688,-0.0352796,0.029592015000000003,0.3475736,0.15466309,0.2778015,-0.23095703,-0.016401768,-0.013648145,0.34972919999999996,0.15219116,0.22763062,-0.26101685,-0.00753431,0.033641256,0.36671899999999996,0.1546936,0.23214722000000002,-0.28247069999999996,-0.0074038208000000005,0.02719266,0.38285184,0.14324951,0.25616455,-0.26913452,0.0073073953,-0.0019858852000000002,0.35884099999999997,0.14901733,0.23403929999999998,-0.24295044000000002,0.0016251057,0.016759835,0.32649723,0.12628174,0.26452637,-0.23956299,0.0377554,-0.02458378,0.2949522,0.15612793,0.18582153,-0.3631897,0.01724045,0.047286697,0.40076867,0.14315796,0.209198,-0.30685425,0.030859023000000003,0.023509048,0.34277573,检查1#变、2变、开闭所有进线、出线地刀在拉开位置。
0.17730713,0.27194214,-0.1906128,-0.04294665,0.02045668,0.35929555,0.17330933,0.26004028,-0.17596436000000001,-0.040370315000000004,0.031186514000000002,0.34375849999999997,0.17071533,0.27487183,-0.18353271000000002,-0.038732976,0.013863496500000001,0.34913033,0.17037964,0.28137207000000003,-0.1770935,-0.042487755,0.0055897906,0.34554097,0.17456055,0.32089233,-0.17541504,-0.048371688,-0.03531789,0.34533169999999996,0.1854248,0.23278809,-0.20809937,-0.050324930000000004,0.051629595,0.36091906,0.17965698,0.2539673,-0.18850708,-0.044845805,0.029543556000000002,0.34046638,0.15988159,0.25448608,-0.14981079,-0.026325285,0.028266363000000003,0.3013232,0.17611694,0.27258299999999996,-0.18301392,-0.041975915,0.008152403,0.33180952,0.19296265,0.20370483,-0.22485352,-0.055851474000000005,0.07295074,0.36155456,0.16873169,0.23950195,-0.21679688,-0.0352796,0.029592015000000003,0.3475736,0.15466309,0.2778015,-0.23095703,-0.016401768,-0.013648145,0.34972919999999996,0.15219116,0.22763062,-0.26101685,-0.00753431,0.033641256,0.36671899999999996,0.1546936,0.23214722000000002,-0.28247069999999996,-0.0074038208000000005,0.02719266,0.38285184,0.14324951,0.25616455,-0.26913452,0.0073073953,-0.0019858852000000002,0.35884099999999997,0.14901733,0.23403929999999998,-0.24295044000000002,0.0016251057,0.016759835,0.32649723,0.12628174,0.26452637,-0.23956299,0.0377554,-0.02458378,0.2949522,0.15612793,0.18582153,-0.3631897,0.01724045,0.047286697,0.40076867,0.14315796,0.209198,-0.30685425,0.030859023000000003,0.023509048,0.34277573,0.14770508000000002,0.21374512,-0.30560303,0.022553846000000002,0.0130407885,0.3381769,检查1#变、2变、开闭所有进线、出线地刀在拉开位置。
0.17330933,0.26004028,-0.17596436000000001,-0.040370315000000004,0.031186514000000002,0.34375849999999997,0.17071533,0.27487183,-0.18353271000000002,-0.038732976,0.013863496500000001,0.34913033,0.17037964,0.28137207000000003,-0.1770935,-0.042487755,0.0055897906,0.34554097,0.17456055,0.32089233,-0.17541504,-0.048371688,-0.03531789,0.34533169999999996,0.1854248,0.23278809,-0.20809937,-0.050324930000000004,0.051629595,0.36091906,0.17965698,0.2539673,-0.18850708,-0.044845805,0.029543556000000002,0.34046638,0.15988159,0.25448608,-0.14981079,-0.026325285,0.028266363000000003,0.3013232,0.17611694,0.27258299999999996,-0.18301392,-0.041975915,0.008152403,0.33180952,0.19296265,0.20370483,-0.22485352,-0.055851474000000005,0.07295074,0.36155456,0.16873169,0.23950195,-0.21679688,-0.0352796,0.029592015000000003,0.3475736,0.15466309,0.2778015,-0.23095703,-0.016401768,-0.013648145,0.34972919999999996,0.15219116,0.22763062,-0.26101685,-0.00753431,0.033641256,0.36671899999999996,0.1546936,0.23214722000000002,-0.28247069999999996,-0.0074038208000000005,0.02719266,0.38285184,0.14324951,0.25616455,-0.26913452,0.0073073953,-0.0019858852000000002,0.35884099999999997,0.14901733,0.23403929999999998,-0.24295044000000002,0.0016251057,0.016759835,0.32649723,0.12628174,0.26452637,-0.23956299,0.0377554,-0.02458378,0.2949522,0.15612793,0.18582153,-0.3631897,0.01724045,0.047286697,0.40076867,0.14315796,0.209198,-0.30685425,0.030859023000000003,0.023509048,0.34277573,0.14770508000000002,0.21374512,-0.30560303,0.022553846000000002,0.0130407885,0.3381769,0.17596436000000001,0.17019653,-0.34866333,0.0036799312,0.049203865000000006,0.36293549999999997,检查1#变、2变、开闭所有进线、出线地刀在拉开位置。
0.17071533,0.27487183,-0.18353271000000002,-0.038732976,0.013863496500000001,0.34913033,0.17037964,0.28137207000000003,-0.1770935,-0.042487755,0.0055897906,0.34554097,0.17456055,0.32089233,-0.17541504,-0.048371688,-0.03531789,0.34533169999999996,0.1854248,0.23278809,-0.20809937,-0.050324930000000004,0.051629595,0.36091906,0.17965698,0.2539673,-0.18850708,-0.044845805,0.029543556000000002,0.34046638,0.15988159,0.25448608,-0.14981079,-0.026325285,0.028266363000000003,0.3013232,0.17611694,0.27258299999999996,-0.18301392,-0.041975915,0.008152403,0.33180952,0.19296265,0.20370483,-0.22485352,-0.055851474000000005,0.07295074,0.36155456,0.16873169,0.23950195,-0.21679688,-0.0352796,0.029592015000000003,0.3475736,0.15466309,0.2778015,-0.23095703,-0.016401768,-0.013648145,0.34972919999999996,0.15219116,0.22763062,-0.26101685,-0.00753431,0.033641256,0.36671899999999996,0.1546936,0.23214722000000002,-0.28247069999999996,-0.0074038208000000005,0.02719266,0.38285184,0.14324951,0.25616455,-0.26913452,0.0073073953,-0.0019858852000000002,0.35884099999999997,0.14901733,0.23403929999999998,-0.24295044000000002,0.0016251057,0.016759835,0.32649723,0.12628174,0.26452637,-0.23956299,0.0377554,-0.02458378,0.2949522,0.15612793,0.18582153,-0.3631897,0.01724045,0.047286697,0.40076867,0.14315796,0.209198,-0.30685425,0.030859023000000003,0.023509048,0.34277573,0.14770508000000002,0.21374512,-0.30560303,0.022553846000000002,0.0130407885,0.3381769,0.17596436000000001,0.17019653,-0.34866333,0.0036799312,0.049203865000000006,0.36293549999999997,0.19735718,0.1468811,-0.38864136,-0.015957892,0.06714687500000001,0.39521343000000003,检查1#变、2变、开闭所有进线、出线地刀在拉开位置。
0.17037964,0.28137207000000003,-0.1770935,-0.042487755,0.0055897906,0.34554097,0.17456055,0.32089233,-0.17541504,-0.048371688,-0.03531789,0.34533169999999996,0.1854248,0.23278809,-0.20809937,-0.050324930000000004,0.051629595,0.36091906,0.17965698,0.2539673,-0.18850708,-0.044845805,0.029543556000000002,0.34046638,0.15988159,0.25448608,-0.14981079,-0.026325285,0.028266363000000003,0.3013232,0.17611694,0.27258299999999996,-0.18301392,-0.041975915,0.008152403,0.33180952,0.19296265,0.20370483,-0.22485352,-0.055851474000000005,0.07295074,0.36155456,0.16873169,0.23950195,-0.21679688,-0.0352796,0.029592015000000003,0.3475736,0.15466309,0.2778015,-0.23095703,-0.016401768,-0.013648145,0.34972919999999996,0.15219116,0.22763062,-0.26101685,-0.00753431,0.033641256,0.36671899999999996,0.1546936,0.23214722000000002,-0.28247069999999996,-0.0074038208000000005,0.02719266,0.38285184,0.14324951,0.25616455,-0.26913452,0.0073073953,-0.0019858852000000002,0.35884099999999997,0.14901733,0.23403929999999998,-0.24295044000000002,0.0016251057,0.016759835,0.32649723,0.12628174,0.26452637,-0.23956299,0.0377554,-0.02458378,0.2949522,0.15612793,0.18582153,-0.3631897,0.01724045,0.047286697,0.40076867,0.14315796,0.209198,-0.30685425,0.030859023000000003,0.023509048,0.34277573,0.14770508000000002,0.21374512,-0.30560303,0.022553846000000002,0.0130407885,0.3381769,0.17596436000000001,0.17019653,-0.34866333,0.0036799312,0.049203865000000006,0.36293549999999997,0.19735718,0.1468811,-0.38864136,-0.015957892,0.06714687500000001,0.39521343000000003,0.15502929999999998,0.2482605,-0.41766357,0.042415217000000005,-0.043814399999999996,0.40270978,检查1#变、2变、开闭所有进线、出线地刀在拉开位置。
0.17456055,0.32089233,-0.17541504,-0.048371688,-0.03531789,0.34533169999999996,0.1854248,0.23278809,-0.20809937,-0.050324930000000004,0.051629595,0.36091906,0.17965698,0.2539673,-0.18850708,-0.044845805,0.029543556000000002,0.34046638,0.15988159,0.25448608,-0.14981079,-0.026325285,0.028266363000000003,0.3013232,0.17611694,0.27258299999999996,-0.18301392,-0.041975915,0.008152403,0.33180952,0.19296265,0.20370483,-0.22485352,-0.055851474000000005,0.07295074,0.36155456,0.16873169,0.23950195,-0.21679688,-0.0352796,0.029592015000000003,0.3475736,0.15466309,0.2778015,-0.23095703,-0.016401768,-0.013648145,0.34972919999999996,0.15219116,0.22763062,-0.26101685,-0.00753431,0.033641256,0.36671899999999996,0.1546936,0.23214722000000002,-0.28247069999999996,-0.0074038208000000005,0.02719266,0.38285184,0.14324951,0.25616455,-0.26913452,0.0073073953,-0.0019858852000000002,0.35884099999999997,0.14901733,0.23403929999999998,-0.24295044000000002,0.0016251057,0.016759835,0.32649723,0.12628174,0.26452637,-0.23956299,0.0377554,-0.02458378,0.2949522,0.15612793,0.18582153,-0.3631897,0.01724045,0.047286697,0.40076867,0.14315796,0.209198,-0.30685425,0.030859023000000003,0.023509048,0.34277573,0.14770508000000002,0.21374512,-0.30560303,0.022553846000000002,0.0130407885,0.3381769,0.17596436000000001,0.17019653,-0.34866333,0.0036799312,0.049203865000000006,0.36293549999999997,0.19735718,0.1468811,-0.38864136,-0.015957892,0.06714687500000001,0.39521343000000003,0.15502929999999998,0.2482605,-0.41766357,0.042415217000000005,-0.043814399999999996,0.40270978,0.06555176,0.25402832000000003,-0.36413574,0.14603905,-0.05248692,0.33398178,检查1#变、2变、开闭所有进线、出线地刀在拉开位置。
0.1854248,0.23278809,-0.20809937,-0.050324930000000004,0.051629595,0.36091906,0.17965698,0.2539673,-0.18850708,-0.044845805,0.029543556000000002,0.34046638,0.15988159,0.25448608,-0.14981079,-0.026325285,0.028266363000000003,0.3013232,0.17611694,0.27258299999999996,-0.18301392,-0.041975915,0.008152403,0.33180952,0.19296265,0.20370483,-0.22485352,-0.055851474000000005,0.07295074,0.36155456,0.16873169,0.23950195,-0.21679688,-0.0352796,0.029592015000000003,0.3475736,0.15466309,0.2778015,-0.23095703,-0.016401768,-0.013648145,0.34972919999999996,0.15219116,0.22763062,-0.26101685,-0.00753431,0.033641256,0.36671899999999996,0.1546936,0.23214722000000002,-0.28247069999999996,-0.0074038208000000005,0.02719266,0.38285184,0.14324951,0.25616455,-0.26913452,0.0073073953,-0.0019858852000000002,0.35884099999999997,0.14901733,0.23403929999999998,-0.24295044000000002,0.0016251057,0.016759835,0.32649723,0.12628174,0.26452637,-0.23956299,0.0377554,-0.02458378,0.2949522,0.15612793,0.18582153,-0.3631897,0.01724045,0.047286697,0.40076867,0.14315796,0.209198,-0.30685425,0.030859023000000003,0.023509048,0.34277573,0.14770508000000002,0.21374512,-0.30560303,0.022553846000000002,0.0130407885,0.3381769,0.17596436000000001,0.17019653,-0.34866333,0.0036799312,0.049203865000000006,0.36293549999999997,0.19735718,0.1468811,-0.38864136,-0.015957892,0.06714687500000001,0.39521343000000003,0.15502929999999998,0.2482605,-0.41766357,0.042415217000000005,-0.043814399999999996,0.40270978,0.06555176,0.25402832000000003,-0.36413574,0.14603905,-0.05248692,0.33398178,0.036468506000000005,0.26205444,-0.32312012,0.18228565,-0.05977898,0.2874756,检查1#变、2变、开闭所有进线、出线地刀在拉开位置。
0.17965698,0.2539673,-0.18850708,-0.044845805,0.029543556000000002,0.34046638,0.15988159,0.25448608,-0.14981079,-0.026325285,0.028266363000000003,0.3013232,0.17611694,0.27258299999999996,-0.18301392,-0.041975915,0.008152403,0.33180952,0.19296265,0.20370483,-0.22485352,-0.055851474000000005,0.07295074,0.36155456,0.16873169,0.23950195,-0.21679688,-0.0352796,0.029592015000000003,0.3475736,0.15466309,0.2778015,-0.23095703,-0.016401768,-0.013648145,0.34972919999999996,0.15219116,0.22763062,-0.26101685,-0.00753431,0.033641256,0.36671899999999996,0.1546936,0.23214722000000002,-0.28247069999999996,-0.0074038208000000005,0.02719266,0.38285184,0.14324951,0.25616455,-0.26913452,0.0073073953,-0.0019858852000000002,0.35884099999999997,0.14901733,0.23403929999999998,-0.24295044000000002,0.0016251057,0.016759835,0.32649723,0.12628174,0.26452637,-0.23956299,0.0377554,-0.02458378,0.2949522,0.15612793,0.18582153,-0.3631897,0.01724045,0.047286697,0.40076867,0.14315796,0.209198,-0.30685425,0.030859023000000003,0.023509048,0.34277573,0.14770508000000002,0.21374512,-0.30560303,0.022553846000000002,0.0130407885,0.3381769,0.17596436000000001,0.17019653,-0.34866333,0.0036799312,0.049203865000000006,0.36293549999999997,0.19735718,0.1468811,-0.38864136,-0.015957892,0.06714687500000001,0.39521343000000003,0.15502929999999998,0.2482605,-0.41766357,0.042415217000000005,-0.043814399999999996,0.40270978,0.06555176,0.25402832000000003,-0.36413574,0.14603905,-0.05248692,0.33398178,0.036468506000000005,0.26205444,-0.32312012,0.18228565,-0.05977898,0.2874756,0.15332031000000002,0.101623535,-0.4031372,0.071895674,0.09876557400000001,0.3574055,检查1#变、2变、开闭所有进线、出线地刀在拉开位置。
0.15988159,0.25448608,-0.14981079,-0.026325285,0.028266363000000003,0.3013232,0.17611694,0.27258299999999996,-0.18301392,-0.041975915,0.008152403,0.33180952,0.19296265,0.20370483,-0.22485352,-0.055851474000000005,0.07295074,0.36155456,0.16873169,0.23950195,-0.21679688,-0.0352796,0.029592015000000003,0.3475736,0.15466309,0.2778015,-0.23095703,-0.016401768,-0.013648145,0.34972919999999996,0.15219116,0.22763062,-0.26101685,-0.00753431,0.033641256,0.36671899999999996,0.1546936,0.23214722000000002,-0.28247069999999996,-0.0074038208000000005,0.02719266,0.38285184,0.14324951,0.25616455,-0.26913452,0.0073073953,-0.0019858852000000002,0.35884099999999997,0.14901733,0.23403929999999998,-0.24295044000000002,0.0016251057,0.016759835,0.32649723,0.12628174,0.26452637,-0.23956299,0.0377554,-0.02458378,0.2949522,0.15612793,0.18582153,-0.3631897,0.01724045,0.047286697,0.40076867,0.14315796,0.209198,-0.30685425,0.030859023000000003,0.023509048,0.34277573,0.14770508000000002,0.21374512,-0.30560303,0.022553846000000002,0.0130407885,0.3381769,0.17596436000000001,0.17019653,-0.34866333,0.0036799312,0.049203865000000006,0.36293549999999997,0.19735718,0.1468811,-0.38864136,-0.015957892,0.06714687500000001,0.39521343000000003,0.15502929999999998,0.2482605,-0.41766357,0.042415217000000005,-0.043814399999999996,0.40270978,0.06555176,0.25402832000000003,-0.36413574,0.14603905,-0.05248692,0.33398178,0.036468506000000005,0.26205444,-0.32312012,0.18228565,-0.05977898,0.2874756,0.15332031000000002,0.101623535,-0.4031372,0.071895674,0.09876557400000001,0.3574055,0.21636963,0.16381836,-0.43429565000000003,0.009173676,0.03373701,0.38686472,检查1#变、2变、开闭所有进线、出线地刀在拉开位置。
0.17611694,0.27258299999999996,-0.18301392,-0.041975915,0.008152403,0.33180952,0.19296265,0.20370483,-0.22485352,-0.055851474000000005,0.07295074,0.36155456,0.16873169,0.23950195,-0.21679688,-0.0352796,0.029592015000000003,0.3475736,0.15466309,0.2778015,-0.23095703,-0.016401768,-0.013648145,0.34972919999999996,0.15219116,0.22763062,-0.26101685,-0.00753431,0.033641256,0.36671899999999996,0.1546936,0.23214722000000002,-0.28247069999999996,-0.0074038208000000005,0.02719266,0.38285184,0.14324951,0.25616455,-0.26913452,0.0073073953,-0.0019858852000000002,0.35884099999999997,0.14901733,0.23403929999999998,-0.24295044000000002,0.0016251057,0.016759835,0.32649723,0.12628174,0.26452637,-0.23956299,0.0377554,-0.02458378,0.2949522,0.15612793,0.18582153,-0.3631897,0.01724045,0.047286697,0.40076867,0.14315796,0.209198,-0.30685425,0.030859023000000003,0.023509048,0.34277573,0.14770508000000002,0.21374512,-0.30560303,0.022553846000000002,0.0130407885,0.3381769,0.17596436000000001,0.17019653,-0.34866333,0.0036799312,0.049203865000000006,0.36293549999999997,0.19735718,0.1468811,-0.38864136,-0.015957892,0.06714687500000001,0.39521343000000003,0.15502929999999998,0.2482605,-0.41766357,0.042415217000000005,-0.043814399999999996,0.40270978,0.06555176,0.25402832000000003,-0.36413574,0.14603905,-0.05248692,0.33398178,0.036468506000000005,0.26205444,-0.32312012,0.18228565,-0.05977898,0.2874756,0.15332031000000002,0.101623535,-0.4031372,0.071895674,0.09876557400000001,0.3574055,0.21636963,0.16381836,-0.43429565000000003,0.009173676,0.03373701,0.38686472,0.16744995000000001,0.14175415,-0.34936523,0.059142724,0.057198532,0.30080152,检查1#变、2变、开闭所有进线、出线地刀在拉开位置。
0.19296265,0.20370483,-0.22485352,-0.055851474000000005,0.07295074,0.36155456,0.16873169,0.23950195,-0.21679688,-0.0352796,0.029592015000000003,0.3475736,0.15466309,0.2778015,-0.23095703,-0.016401768,-0.013648145,0.34972919999999996,0.15219116,0.22763062,-0.26101685,-0.00753431,0.033641256,0.36671899999999996,0.1546936,0.23214722000000002,-0.28247069999999996,-0.0074038208000000005,0.02719266,0.38285184,0.14324951,0.25616455,-0.26913452,0.0073073953,-0.0019858852000000002,0.35884099999999997,0.14901733,0.23403929999999998,-0.24295044000000002,0.0016251057,0.016759835,0.32649723,0.12628174,0.26452637,-0.23956299,0.0377554,-0.02458378,0.2949522,0.15612793,0.18582153,-0.3631897,0.01724045,0.047286697,0.40076867,0.14315796,0.209198,-0.30685425,0.030859023000000003,0.023509048,0.34277573,0.14770508000000002,0.21374512,-0.30560303,0.022553846000000002,0.0130407885,0.3381769,0.17596436000000001,0.17019653,-0.34866333,0.0036799312,0.049203865000000006,0.36293549999999997,0.19735718,0.1468811,-0.38864136,-0.015957892,0.06714687500000001,0.39521343000000003,0.15502929999999998,0.2482605,-0.41766357,0.042415217000000005,-0.043814399999999996,0.40270978,0.06555176,0.25402832000000003,-0.36413574,0.14603905,-0.05248692,0.33398178,0.036468506000000005,0.26205444,-0.32312012,0.18228565,-0.05977898,0.2874756,0.15332031000000002,0.101623535,-0.4031372,0.071895674,0.09876557400000001,0.3574055,0.21636963,0.16381836,-0.43429565000000003,0.009173676,0.03373701,0.38686472,0.16744995000000001,0.14175415,-0.34936523,0.059142724,0.057198532,0.30080152,0.1456604,0.18460083,-0.41662598,0.08235703400000001,0.0077031925,0.36282143,检查1#变、2变、开闭所有进线、出线地刀在拉开位置。
0.16873169,0.23950195,-0.21679688,-0.0352796,0.029592015000000003,0.3475736,0.15466309,0.2778015,-0.23095703,-0.016401768,-0.013648145,0.34972919999999996,0.15219116,0.22763062,-0.26101685,-0.00753431,0.033641256,0.36671899999999996,0.1546936,0.23214722000000002,-0.28247069999999996,-0.0074038208000000005,0.02719266,0.38285184,0.14324951,0.25616455,-0.26913452,0.0073073953,-0.0019858852000000002,0.35884099999999997,0.14901733,0.23403929999999998,-0.24295044000000002,0.0016251057,0.016759835,0.32649723,0.12628174,0.26452637,-0.23956299,0.0377554,-0.02458378,0.2949522,0.15612793,0.18582153,-0.3631897,0.01724045,0.047286697,0.40076867,0.14315796,0.209198,-0.30685425,0.030859023000000003,0.023509048,0.34277573,0.14770508000000002,0.21374512,-0.30560303,0.022553846000000002,0.0130407885,0.3381769,0.17596436000000001,0.17019653,-0.34866333,0.0036799312,0.049203865000000006,0.36293549999999997,0.19735718,0.1468811,-0.38864136,-0.015957892,0.06714687500000001,0.39521343000000003,0.15502929999999998,0.2482605,-0.41766357,0.042415217000000005,-0.043814399999999996,0.40270978,0.06555176,0.25402832000000003,-0.36413574,0.14603905,-0.05248692,0.33398178,0.036468506000000005,0.26205444,-0.32312012,0.18228565,-0.05977898,0.2874756,0.15332031000000002,0.101623535,-0.4031372,0.071895674,0.09876557400000001,0.3574055,0.21636963,0.16381836,-0.43429565000000003,0.009173676,0.03373701,0.38686472,0.16744995000000001,0.14175415,-0.34936523,0.059142724,0.057198532,0.30080152,0.1456604,0.18460083,-0.41662598,0.08235703400000001,0.0077031925,0.36282143,0.15179443,0.17401123000000002,-0.43710327,0.07431619,0.018828072,0.38541296,检查1#变、2变、开闭所有进线、出线地刀在拉开位置。
0.15466309,0.2778015,-0.23095703,-0.016401768,-0.013648145,0.34972919999999996,0.15219116,0.22763062,-0.26101685,-0.00753431,0.033641256,0.36671899999999996,0.1546936,0.23214722000000002,-0.28247069999999996,-0.0074038208000000005,0.02719266,0.38285184,0.14324951,0.25616455,-0.26913452,0.0073073953,-0.0019858852000000002,0.35884099999999997,0.14901733,0.23403929999999998,-0.24295044000000002,0.0016251057,0.016759835,0.32649723,0.12628174,0.26452637,-0.23956299,0.0377554,-0.02458378,0.2949522,0.15612793,0.18582153,-0.3631897,0.01724045,0.047286697,0.40076867,0.14315796,0.209198,-0.30685425,0.030859023000000003,0.023509048,0.34277573,0.14770508000000002,0.21374512,-0.30560303,0.022553846000000002,0.0130407885,0.3381769,0.17596436000000001,0.17019653,-0.34866333,0.0036799312,0.049203865000000006,0.36293549999999997,0.19735718,0.1468811,-0.38864136,-0.015957892,0.06714687500000001,0.39521343000000003,0.15502929999999998,0.2482605,-0.41766357,0.042415217000000005,-0.043814399999999996,0.40270978,0.06555176,0.25402832000000003,-0.36413574,0.14603905,-0.05248692,0.33398178,0.036468506000000005,0.26205444,-0.32312012,0.18228565,-0.05977898,0.2874756,0.15332031000000002,0.101623535,-0.4031372,0.071895674,0.09876557400000001,0.3574055,0.21636963,0.16381836,-0.43429565000000003,0.009173676,0.03373701,0.38686472,0.16744995000000001,0.14175415,-0.34936523,0.059142724,0.057198532,0.30080152,0.1456604,0.18460083,-0.41662598,0.08235703400000001,0.0077031925,0.36282143,0.15179443,0.17401123000000002,-0.43710327,0.07431619,0.018828072,0.38541296,0.1459961,0.15231323,-0.40570068000000004,0.07929526,0.038875155,0.35199916000000003,检查1#变、2变、开闭所有进线、出线地刀在拉开位置。
0.15219116,0.22763062,-0.26101685,-0.00753431,0.033641256,0.36671899999999996,0.1546936,0.23214722000000002,-0.28247069999999996,-0.0074038208000000005,0.02719266,0.38285184,0.14324951,0.25616455,-0.26913452,0.0073073953,-0.0019858852000000002,0.35884099999999997,0.14901733,0.23403929999999998,-0.24295044000000002,0.0016251057,0.016759835,0.32649723,0.12628174,0.26452637,-0.23956299,0.0377554,-0.02458378,0.2949522,0.15612793,0.18582153,-0.3631897,0.01724045,0.047286697,0.40076867,0.14315796,0.209198,-0.30685425,0.030859023000000003,0.023509048,0.34277573,0.14770508000000002,0.21374512,-0.30560303,0.022553846000000002,0.0130407885,0.3381769,0.17596436000000001,0.17019653,-0.34866333,0.0036799312,0.049203865000000006,0.36293549999999997,0.19735718,0.1468811,-0.38864136,-0.015957892,0.06714687500000001,0.39521343000000003,0.15502929999999998,0.2482605,-0.41766357,0.042415217000000005,-0.043814399999999996,0.40270978,0.06555176,0.25402832000000003,-0.36413574,0.14603905,-0.05248692,0.33398178,0.036468506000000005,0.26205444,-0.32312012,0.18228565,-0.05977898,0.2874756,0.15332031000000002,0.101623535,-0.4031372,0.071895674,0.09876557400000001,0.3574055,0.21636963,0.16381836,-0.43429565000000003,0.009173676,0.03373701,0.38686472,0.16744995000000001,0.14175415,-0.34936523,0.059142724,0.057198532,0.30080152,0.1456604,0.18460083,-0.41662598,0.08235703400000001,0.0077031925,0.36282143,0.15179443,0.17401123000000002,-0.43710327,0.07431619,0.018828072,0.38541296,0.1459961,0.15231323,-0.40570068000000004,0.07929526,0.038875155,0.35199916000000003,0.1459961,0.15231323,-0.40570068000000004,0.07929526,0.038875155,0.35199916000000003,检查1#变、2变、开闭所有进线、出线地刀在拉开位置。
0.1546936,0.23214722000000002,-0.28247069999999996,-0.0074038208000000005,0.02719266,0.38285184,0.14324951,0.25616455,-0.26913452,0.0073073953,-0.0019858852000000002,0.35884099999999997,0.14901733,0.23403929999999998,-0.24295044000000002,0.0016251057,0.016759835,0.32649723,0.12628174,0.26452637,-0.23956299,0.0377554,-0.02458378,0.2949522,0.15612793,0.18582153,-0.3631897,0.01724045,0.047286697,0.40076867,0.14315796,0.209198,-0.30685425,0.030859023000000003,0.023509048,0.34277573,0.14770508000000002,0.21374512,-0.30560303,0.022553846000000002,0.0130407885,0.3381769,0.17596436000000001,0.17019653,-0.34866333,0.0036799312,0.049203865000000006,0.36293549999999997,0.19735718,0.1468811,-0.38864136,-0.015957892,0.06714687500000001,0.39521343000000003,0.15502929999999998,0.2482605,-0.41766357,0.042415217000000005,-0.043814399999999996,0.40270978,0.06555176,0.25402832000000003,-0.36413574,0.14603905,-0.05248692,0.33398178,0.036468506000000005,0.26205444,-0.32312012,0.18228565,-0.05977898,0.2874756,0.15332031000000002,0.101623535,-0.4031372,0.071895674,0.09876557400000001,0.3574055,0.21636963,0.16381836,-0.43429565000000003,0.009173676,0.03373701,0.38686472,0.16744995000000001,0.14175415,-0.34936523,0.059142724,0.057198532,0.30080152,0.1456604,0.18460083,-0.41662598,0.08235703400000001,0.0077031925,0.36282143,0.15179443,0.17401123000000002,-0.43710327,0.07431619,0.018828072,0.38541296,0.1459961,0.15231323,-0.40570068000000004,0.07929526,0.038875155,0.35199916000000003,0.1459961,0.15231323,-0.40570068000000004,0.07929526,0.038875155,0.35199916000000003,0.16925049,0.17126465,-0.41149902,0.05395879,0.022718512,0.3624767,检查1#变、2变、开闭所有进线、出线地刀在拉开位置。
0.14324951,0.25616455,-0.26913452,0.0073073953,-0.0019858852000000002,0.35884099999999997,0.14901733,0.23403929999999998,-0.24295044000000002,0.0016251057,0.016759835,0.32649723,0.12628174,0.26452637,-0.23956299,0.0377554,-0.02458378,0.2949522,0.15612793,0.18582153,-0.3631897,0.01724045,0.047286697,0.40076867,0.14315796,0.209198,-0.30685425,0.030859023000000003,0.023509048,0.34277573,0.14770508000000002,0.21374512,-0.30560303,0.022553846000000002,0.0130407885,0.3381769,0.17596436000000001,0.17019653,-0.34866333,0.0036799312,0.049203865000000006,0.36293549999999997,0.19735718,0.1468811,-0.38864136,-0.015957892,0.06714687500000001,0.39521343000000003,0.15502929999999998,0.2482605,-0.41766357,0.042415217000000005,-0.043814399999999996,0.40270978,0.06555176,0.25402832000000003,-0.36413574,0.14603905,-0.05248692,0.33398178,0.036468506000000005,0.26205444,-0.32312012,0.18228565,-0.05977898,0.2874756,0.15332031000000002,0.101623535,-0.4031372,0.071895674,0.09876557400000001,0.3574055,0.21636963,0.16381836,-0.43429565000000003,0.009173676,0.03373701,0.38686472,0.16744995000000001,0.14175415,-0.34936523,0.059142724,0.057198532,0.30080152,0.1456604,0.18460083,-0.41662598,0.08235703400000001,0.0077031925,0.36282143,0.15179443,0.17401123000000002,-0.43710327,0.07431619,0.018828072,0.38541296,0.1459961,0.15231323,-0.40570068000000004,0.07929526,0.038875155,0.35199916000000003,0.1459961,0.15231323,-0.40570068000000004,0.07929526,0.038875155,0.35199916000000003,0.16925049,0.17126465,-0.41149902,0.05395879,0.022718512,0.3624767,0.15011597000000002,0.16049194,-0.39001465,0.07357402,0.03565728,0.34228927000000003,检查1#变、2变、开闭所有进线、出线地刀在拉开位置。
0.14901733,0.23403929999999998,-0.24295044000000002,0.0016251057,0.016759835,0.32649723,0.12628174,0.26452637,-0.23956299,0.0377554,-0.02458378,0.2949522,0.15612793,0.18582153,-0.3631897,0.01724045,0.047286697,0.40076867,0.14315796,0.209198,-0.30685425,0.030859023000000003,0.023509048,0.34277573,0.14770508000000002,0.21374512,-0.30560303,0.022553846000000002,0.0130407885,0.3381769,0.17596436000000001,0.17019653,-0.34866333,0.0036799312,0.049203865000000006,0.36293549999999997,0.19735718,0.1468811,-0.38864136,-0.015957892,0.06714687500000001,0.39521343000000003,0.15502929999999998,0.2482605,-0.41766357,0.042415217000000005,-0.043814399999999996,0.40270978,0.06555176,0.25402832000000003,-0.36413574,0.14603905,-0.05248692,0.33398178,0.036468506000000005,0.26205444,-0.32312012,0.18228565,-0.05977898,0.2874756,0.15332031000000002,0.101623535,-0.4031372,0.071895674,0.09876557400000001,0.3574055,0.21636963,0.16381836,-0.43429565000000003,0.009173676,0.03373701,0.38686472,0.16744995000000001,0.14175415,-0.34936523,0.059142724,0.057198532,0.30080152,0.1456604,0.18460083,-0.41662598,0.08235703400000001,0.0077031925,0.36282143,0.15179443,0.17401123000000002,-0.43710327,0.07431619,0.018828072,0.38541296,0.1459961,0.15231323,-0.40570068000000004,0.07929526,0.038875155,0.35199916000000003,0.1459961,0.15231323,-0.40570068000000004,0.07929526,0.038875155,0.35199916000000003,0.16925049,0.17126465,-0.41149902,0.05395879,0.022718512,0.3624767,0.15011597000000002,0.16049194,-0.39001465,0.07357402,0.03565728,0.34228927000000003,0.15710449,0.19680786,-0.38189697,0.06623459999999999,-0.0019738302000000003,0.33370322,检查1#变、2变、开闭所有进线、出线地刀在拉开位置。
0.12628174,0.26452637,-0.23956299,0.0377554,-0.02458378,0.2949522,0.15612793,0.18582153,-0.3631897,0.01724045,0.047286697,0.40076867,0.14315796,0.209198,-0.30685425,0.030859023000000003,0.023509048,0.34277573,0.14770508000000002,0.21374512,-0.30560303,0.022553846000000002,0.0130407885,0.3381769,0.17596436000000001,0.17019653,-0.34866333,0.0036799312,0.049203865000000006,0.36293549999999997,0.19735718,0.1468811,-0.38864136,-0.015957892,0.06714687500000001,0.39521343000000003,0.15502929999999998,0.2482605,-0.41766357,0.042415217000000005,-0.043814399999999996,0.40270978,0.06555176,0.25402832000000003,-0.36413574,0.14603905,-0.05248692,0.33398178,0.036468506000000005,0.26205444,-0.32312012,0.18228565,-0.05977898,0.2874756,0.15332031000000002,0.101623535,-0.4031372,0.071895674,0.09876557400000001,0.3574055,0.21636963,0.16381836,-0.43429565000000003,0.009173676,0.03373701,0.38686472,0.16744995000000001,0.14175415,-0.34936523,0.059142724,0.057198532,0.30080152,0.1456604,0.18460083,-0.41662598,0.08235703400000001,0.0077031925,0.36282143,0.15179443,0.17401123000000002,-0.43710327,0.07431619,0.018828072,0.38541296,0.1459961,0.15231323,-0.40570068000000004,0.07929526,0.038875155,0.35199916000000003,0.1459961,0.15231323,-0.40570068000000004,0.07929526,0.038875155,0.35199916000000003,0.16925049,0.17126465,-0.41149902,0.05395879,0.022718512,0.3624767,0.15011597000000002,0.16049194,-0.39001465,0.07357402,0.03565728,0.34228927000000003,0.15710449,0.19680786,-0.38189697,0.06623459999999999,-0.0019738302000000003,0.33370322,0.16522217,0.17758179000000002,-0.39691162,0.05774809400000001,0.015526153000000001,0.34709793,检查1#变、2变、开闭所有进线、出线地刀在拉开位置。
0.15612793,0.18582153,-0.3631897,0.01724045,0.047286697,0.40076867,0.14315796,0.209198,-0.30685425,0.030859023000000003,0.023509048,0.34277573,0.14770508000000002,0.21374512,-0.30560303,0.022553846000000002,0.0130407885,0.3381769,0.17596436000000001,0.17019653,-0.34866333,0.0036799312,0.049203865000000006,0.36293549999999997,0.19735718,0.1468811,-0.38864136,-0.015957892,0.06714687500000001,0.39521343000000003,0.15502929999999998,0.2482605,-0.41766357,0.042415217000000005,-0.043814399999999996,0.40270978,0.06555176,0.25402832000000003,-0.36413574,0.14603905,-0.05248692,0.33398178,0.036468506000000005,0.26205444,-0.32312012,0.18228565,-0.05977898,0.2874756,0.15332031000000002,0.101623535,-0.4031372,0.071895674,0.09876557400000001,0.3574055,0.21636963,0.16381836,-0.43429565000000003,0.009173676,0.03373701,0.38686472,0.16744995000000001,0.14175415,-0.34936523,0.059142724,0.057198532,0.30080152,0.1456604,0.18460083,-0.41662598,0.08235703400000001,0.0077031925,0.36282143,0.15179443,0.17401123000000002,-0.43710327,0.07431619,0.018828072,0.38541296,0.1459961,0.15231323,-0.40570068000000004,0.07929526,0.038875155,0.35199916000000003,0.1459961,0.15231323,-0.40570068000000004,0.07929526,0.038875155,0.35199916000000003,0.16925049,0.17126465,-0.41149902,0.05395879,0.022718512,0.3624767,0.15011597000000002,0.16049194,-0.39001465,0.07357402,0.03565728,0.34228927000000003,0.15710449,0.19680786,-0.38189697,0.06623459999999999,-0.0019738302000000003,0.33370322,0.16522217,0.17758179000000002,-0.39691162,0.05774809400000001,0.015526153000000001,0.34709793,0.1569519,0.18969727,-0.3866577,0.066995606,0.0035515950000000003,0.33635756,检查1#变、2变、开闭所有进线、出线地刀在拉开位置。
0.14315796,0.209198,-0.30685425,0.030859023000000003,0.023509048,0.34277573,0.14770508000000002,0.21374512,-0.30560303,0.022553846000000002,0.0130407885,0.3381769,0.17596436000000001,0.17019653,-0.34866333,0.0036799312,0.049203865000000006,0.36293549999999997,0.19735718,0.1468811,-0.38864136,-0.015957892,0.06714687500000001,0.39521343000000003,0.15502929999999998,0.2482605,-0.41766357,0.042415217000000005,-0.043814399999999996,0.40270978,0.06555176,0.25402832000000003,-0.36413574,0.14603905,-0.05248692,0.33398178,0.036468506000000005,0.26205444,-0.32312012,0.18228565,-0.05977898,0.2874756,0.15332031000000002,0.101623535,-0.4031372,0.071895674,0.09876557400000001,0.3574055,0.21636963,0.16381836,-0.43429565000000003,0.009173676,0.03373701,0.38686472,0.16744995000000001,0.14175415,-0.34936523,0.059142724,0.057198532,0.30080152,0.1456604,0.18460083,-0.41662598,0.08235703400000001,0.0077031925,0.36282143,0.15179443,0.17401123000000002,-0.43710327,0.07431619,0.018828072,0.38541296,0.1459961,0.15231323,-0.40570068000000004,0.07929526,0.038875155,0.35199916000000003,0.1459961,0.15231323,-0.40570068000000004,0.07929526,0.038875155,0.35199916000000003,0.16925049,0.17126465,-0.41149902,0.05395879,0.022718512,0.3624767,0.15011597000000002,0.16049194,-0.39001465,0.07357402,0.03565728,0.34228927000000003,0.15710449,0.19680786,-0.38189697,0.06623459999999999,-0.0019738302000000003,0.33370322,0.16522217,0.17758179000000002,-0.39691162,0.05774809400000001,0.015526153000000001,0.34709793,0.1569519,0.18969727,-0.3866577,0.066995606,0.0035515950000000003,0.33635756,0.1541748,0.19812012,-0.39385986,0.07052751,-0.0048128143,0.3433773,检查1#变、2变、开闭所有进线、出线地刀在拉开位置。
0.14770508000000002,0.21374512,-0.30560303,0.022553846000000002,0.0130407885,0.3381769,0.17596436000000001,0.17019653,-0.34866333,0.0036799312,0.049203865000000006,0.36293549999999997,0.19735718,0.1468811,-0.38864136,-0.015957892,0.06714687500000001,0.39521343000000003,0.15502929999999998,0.2482605,-0.41766357,0.042415217000000005,-0.043814399999999996,0.40270978,0.06555176,0.25402832000000003,-0.36413574,0.14603905,-0.05248692,0.33398178,0.036468506000000005,0.26205444,-0.32312012,0.18228565,-0.05977898,0.2874756,0.15332031000000002,0.101623535,-0.4031372,0.071895674,0.09876557400000001,0.3574055,0.21636963,0.16381836,-0.43429565000000003,0.009173676,0.03373701,0.38686472,0.16744995000000001,0.14175415,-0.34936523,0.059142724,0.057198532,0.30080152,0.1456604,0.18460083,-0.41662598,0.08235703400000001,0.0077031925,0.36282143,0.15179443,0.17401123000000002,-0.43710327,0.07431619,0.018828072,0.38541296,0.1459961,0.15231323,-0.40570068000000004,0.07929526,0.038875155,0.35199916000000003,0.1459961,0.15231323,-0.40570068000000004,0.07929526,0.038875155,0.35199916000000003,0.16925049,0.17126465,-0.41149902,0.05395879,0.022718512,0.3624767,0.15011597000000002,0.16049194,-0.39001465,0.07357402,0.03565728,0.34228927000000003,0.15710449,0.19680786,-0.38189697,0.06623459999999999,-0.0019738302000000003,0.33370322,0.16522217,0.17758179000000002,-0.39691162,0.05774809400000001,0.015526153000000001,0.34709793,0.1569519,0.18969727,-0.3866577,0.066995606,0.0035515950000000003,0.33635756,0.1541748,0.19812012,-0.39385986,0.07052751,-0.0048128143,0.3433773,0.15802002,0.18927002,-0.39999389999999996,0.06676267,0.0036291704000000003,0.34893924,检查1#变、2变、开闭所有进线、出线地刀在拉开位置。
0.17596436000000001,0.17019653,-0.34866333,0.0036799312,0.049203865000000006,0.36293549999999997,0.19735718,0.1468811,-0.38864136,-0.015957892,0.06714687500000001,0.39521343000000003,0.15502929999999998,0.2482605,-0.41766357,0.042415217000000005,-0.043814399999999996,0.40270978,0.06555176,0.25402832000000003,-0.36413574,0.14603905,-0.05248692,0.33398178,0.036468506000000005,0.26205444,-0.32312012,0.18228565,-0.05977898,0.2874756,0.15332031000000002,0.101623535,-0.4031372,0.071895674,0.09876557400000001,0.3574055,0.21636963,0.16381836,-0.43429565000000003,0.009173676,0.03373701,0.38686472,0.16744995000000001,0.14175415,-0.34936523,0.059142724,0.057198532,0.30080152,0.1456604,0.18460083,-0.41662598,0.08235703400000001,0.0077031925,0.36282143,0.15179443,0.17401123000000002,-0.43710327,0.07431619,0.018828072,0.38541296,0.1459961,0.15231323,-0.40570068000000004,0.07929526,0.038875155,0.35199916000000003,0.1459961,0.15231323,-0.40570068000000004,0.07929526,0.038875155,0.35199916000000003,0.16925049,0.17126465,-0.41149902,0.05395879,0.022718512,0.3624767,0.15011597000000002,0.16049194,-0.39001465,0.07357402,0.03565728,0.34228927000000003,0.15710449,0.19680786,-0.38189697,0.06623459999999999,-0.0019738302000000003,0.33370322,0.16522217,0.17758179000000002,-0.39691162,0.05774809400000001,0.015526153000000001,0.34709793,0.1569519,0.18969727,-0.3866577,0.066995606,0.0035515950000000003,0.33635756,0.1541748,0.19812012,-0.39385986,0.07052751,-0.0048128143,0.3433773,0.15802002,0.18927002,-0.39999389999999996,0.06676267,0.0036291704000000003,0.34893924,0.16021729,0.18212889999999998,-0.39358519999999997,0.06520305600000001,0.01142893,0.34238538,检查1#变、2变、开闭所有进线、出线地刀在拉开位置。
0.19735718,0.1468811,-0.38864136,-0.015957892,0.06714687500000001,0.39521343000000003,0.15502929999999998,0.2482605,-0.41766357,0.042415217000000005,-0.043814399999999996,0.40270978,0.06555176,0.25402832000000003,-0.36413574,0.14603905,-0.05248692,0.33398178,0.036468506000000005,0.26205444,-0.32312012,0.18228565,-0.05977898,0.2874756,0.15332031000000002,0.101623535,-0.4031372,0.071895674,0.09876557400000001,0.3574055,0.21636963,0.16381836,-0.43429565000000003,0.009173676,0.03373701,0.38686472,0.16744995000000001,0.14175415,-0.34936523,0.059142724,0.057198532,0.30080152,0.1456604,0.18460083,-0.41662598,0.08235703400000001,0.0077031925,0.36282143,0.15179443,0.17401123000000002,-0.43710327,0.07431619,0.018828072,0.38541296,0.1459961,0.15231323,-0.40570068000000004,0.07929526,0.038875155,0.35199916000000003,0.1459961,0.15231323,-0.40570068000000004,0.07929526,0.038875155,0.35199916000000003,0.16925049,0.17126465,-0.41149902,0.05395879,0.022718512,0.3624767,0.15011597000000002,0.16049194,-0.39001465,0.07357402,0.03565728,0.34228927000000003,0.15710449,0.19680786,-0.38189697,0.06623459999999999,-0.0019738302000000003,0.33370322,0.16522217,0.17758179000000002,-0.39691162,0.05774809400000001,0.015526153000000001,0.34709793,0.1569519,0.18969727,-0.3866577,0.066995606,0.0035515950000000003,0.33635756,0.1541748,0.19812012,-0.39385986,0.07052751,-0.0048128143,0.3433773,0.15802002,0.18927002,-0.39999389999999996,0.06676267,0.0036291704000000003,0.34893924,0.16021729,0.18212889999999998,-0.39358519999999997,0.06520305600000001,0.01142893,0.34238538,0.16030884,0.18588257,-0.39816284,0.06529139,0.0067293867,0.34606037,检查1#变、2变、开闭所有进线、出线地刀在拉开位置。
0.15502929999999998,0.2482605,-0.41766357,0.042415217000000005,-0.043814399999999996,0.40270978,0.06555176,0.25402832000000003,-0.36413574,0.14603905,-0.05248692,0.33398178,0.036468506000000005,0.26205444,-0.32312012,0.18228565,-0.05977898,0.2874756,0.15332031000000002,0.101623535,-0.4031372,0.071895674,0.09876557400000001,0.3574055,0.21636963,0.16381836,-0.43429565000000003,0.009173676,0.03373701,0.38686472,0.16744995000000001,0.14175415,-0.34936523,0.059142724,0.057198532,0.30080152,0.1456604,0.18460083,-0.41662598,0.08235703400000001,0.0077031925,0.36282143,0.15179443,0.17401123000000002,-0.43710327,0.07431619,0.018828072,0.38541296,0.1459961,0.15231323,-0.40570068000000004,0.07929526,0.038875155,0.35199916000000003,0.1459961,0.15231323,-0.40570068000000004,0.07929526,0.038875155,0.35199916000000003,0.16925049,0.17126465,-0.41149902,0.05395879,0.022718512,0.3624767,0.15011597000000002,0.16049194,-0.39001465,0.07357402,0.03565728,0.34228927000000003,0.15710449,0.19680786,-0.38189697,0.06623459999999999,-0.0019738302000000003,0.33370322,0.16522217,0.17758179000000002,-0.39691162,0.05774809400000001,0.015526153000000001,0.34709793,0.1569519,0.18969727,-0.3866577,0.066995606,0.0035515950000000003,0.33635756,0.1541748,0.19812012,-0.39385986,0.07052751,-0.0048128143,0.3433773,0.15802002,0.18927002,-0.39999389999999996,0.06676267,0.0036291704000000003,0.34893924,0.16021729,0.18212889999999998,-0.39358519999999997,0.06520305600000001,0.01142893,0.34238538,0.16030884,0.18588257,-0.39816284,0.06529139,0.0067293867,0.34606037,0.15924072,0.18182373000000002,-0.394104,0.06618897600000001,0.010183804000000001,0.34138322,检查1#变、2变、开闭所有进线、出线地刀在拉开位置。
0.06555176,0.25402832000000003,-0.36413574,0.14603905,-0.05248692,0.33398178,0.036468506000000005,0.26205444,-0.32312012,0.18228565,-0.05977898,0.2874756,0.15332031000000002,0.101623535,-0.4031372,0.071895674,0.09876557400000001,0.3574055,0.21636963,0.16381836,-0.43429565000000003,0.009173676,0.03373701,0.38686472,0.16744995000000001,0.14175415,-0.34936523,0.059142724,0.057198532,0.30080152,0.1456604,0.18460083,-0.41662598,0.08235703400000001,0.0077031925,0.36282143,0.15179443,0.17401123000000002,-0.43710327,0.07431619,0.018828072,0.38541296,0.1459961,0.15231323,-0.40570068000000004,0.07929526,0.038875155,0.35199916000000003,0.1459961,0.15231323,-0.40570068000000004,0.07929526,0.038875155,0.35199916000000003,0.16925049,0.17126465,-0.41149902,0.05395879,0.022718512,0.3624767,0.15011597000000002,0.16049194,-0.39001465,0.07357402,0.03565728,0.34228927000000003,0.15710449,0.19680786,-0.38189697,0.06623459999999999,-0.0019738302000000003,0.33370322,0.16522217,0.17758179000000002,-0.39691162,0.05774809400000001,0.015526153000000001,0.34709793,0.1569519,0.18969727,-0.3866577,0.066995606,0.0035515950000000003,0.33635756,0.1541748,0.19812012,-0.39385986,0.07052751,-0.0048128143,0.3433773,0.15802002,0.18927002,-0.39999389999999996,0.06676267,0.0036291704000000003,0.34893924,0.16021729,0.18212889999999998,-0.39358519999999997,0.06520305600000001,0.01142893,0.34238538,0.16030884,0.18588257,-0.39816284,0.06529139,0.0067293867,0.34606037,0.15924072,0.18182373000000002,-0.394104,0.06618897600000001,0.010183804000000001,0.34138322,0.15863037,0.18511963,-0.39950562,0.06586717,0.006214924,0.34702839999999996,检查1#变、2变、开闭所有进线、出线地刀在拉开位置。
0.036468506000000005,0.26205444,-0.32312012,0.18228565,-0.05977898,0.2874756,0.15332031000000002,0.101623535,-0.4031372,0.071895674,0.09876557400000001,0.3574055,0.21636963,0.16381836,-0.43429565000000003,0.009173676,0.03373701,0.38686472,0.16744995000000001,0.14175415,-0.34936523,0.059142724,0.057198532,0.30080152,0.1456604,0.18460083,-0.41662598,0.08235703400000001,0.0077031925,0.36282143,0.15179443,0.17401123000000002,-0.43710327,0.07431619,0.018828072,0.38541296,0.1459961,0.15231323,-0.40570068000000004,0.07929526,0.038875155,0.35199916000000003,0.1459961,0.15231323,-0.40570068000000004,0.07929526,0.038875155,0.35199916000000003,0.16925049,0.17126465,-0.41149902,0.05395879,0.022718512,0.3624767,0.15011597000000002,0.16049194,-0.39001465,0.07357402,0.03565728,0.34228927000000003,0.15710449,0.19680786,-0.38189697,0.06623459999999999,-0.0019738302000000003,0.33370322,0.16522217,0.17758179000000002,-0.39691162,0.05774809400000001,0.015526153000000001,0.34709793,0.1569519,0.18969727,-0.3866577,0.066995606,0.0035515950000000003,0.33635756,0.1541748,0.19812012,-0.39385986,0.07052751,-0.0048128143,0.3433773,0.15802002,0.18927002,-0.39999389999999996,0.06676267,0.0036291704000000003,0.34893924,0.16021729,0.18212889999999998,-0.39358519999999997,0.06520305600000001,0.01142893,0.34238538,0.16030884,0.18588257,-0.39816284,0.06529139,0.0067293867,0.34606037,0.15924072,0.18182373000000002,-0.394104,0.06618897600000001,0.010183804000000001,0.34138322,0.15863037,0.18511963,-0.39950562,0.06586717,0.006214924,0.34702839999999996,0.15548706,0.18774414,-0.39144897,0.06820752000000001,0.0031389520000000004,0.339082,检查1#变、2变、开闭所有进线、出线地刀在拉开位置。
0.15332031000000002,0.101623535,-0.4031372,0.071895674,0.09876557400000001,0.3574055,0.21636963,0.16381836,-0.43429565000000003,0.009173676,0.03373701,0.38686472,0.16744995000000001,0.14175415,-0.34936523,0.059142724,0.057198532,0.30080152,0.1456604,0.18460083,-0.41662598,0.08235703400000001,0.0077031925,0.36282143,0.15179443,0.17401123000000002,-0.43710327,0.07431619,0.018828072,0.38541296,0.1459961,0.15231323,-0.40570068000000004,0.07929526,0.038875155,0.35199916000000003,0.1459961,0.15231323,-0.40570068000000004,0.07929526,0.038875155,0.35199916000000003,0.16925049,0.17126465,-0.41149902,0.05395879,0.022718512,0.3624767,0.15011597000000002,0.16049194,-0.39001465,0.07357402,0.03565728,0.34228927000000003,0.15710449,0.19680786,-0.38189697,0.06623459999999999,-0.0019738302000000003,0.33370322,0.16522217,0.17758179000000002,-0.39691162,0.05774809400000001,0.015526153000000001,0.34709793,0.1569519,0.18969727,-0.3866577,0.066995606,0.0035515950000000003,0.33635756,0.1541748,0.19812012,-0.39385986,0.07052751,-0.0048128143,0.3433773,0.15802002,0.18927002,-0.39999389999999996,0.06676267,0.0036291704000000003,0.34893924,0.16021729,0.18212889999999998,-0.39358519999999997,0.06520305600000001,0.01142893,0.34238538,0.16030884,0.18588257,-0.39816284,0.06529139,0.0067293867,0.34606037,0.15924072,0.18182373000000002,-0.394104,0.06618897600000001,0.010183804000000001,0.34138322,0.15863037,0.18511963,-0.39950562,0.06586717,0.006214924,0.34702839999999996,0.15548706,0.18774414,-0.39144897,0.06820752000000001,0.0031389520000000004,0.339082,0.15847778,0.18936157,-0.39059448,0.064613566,0.0012905225,0.33846109999999996,检查1#变、2变、开闭所有进线、出线地刀在拉开位置。
0.21636963,0.16381836,-0.43429565000000003,0.009173676,0.03373701,0.38686472,0.16744995000000001,0.14175415,-0.34936523,0.059142724,0.057198532,0.30080152,0.1456604,0.18460083,-0.41662598,0.08235703400000001,0.0077031925,0.36282143,0.15179443,0.17401123000000002,-0.43710327,0.07431619,0.018828072,0.38541296,0.1459961,0.15231323,-0.40570068000000004,0.07929526,0.038875155,0.35199916000000003,0.1459961,0.15231323,-0.40570068000000004,0.07929526,0.038875155,0.35199916000000003,0.16925049,0.17126465,-0.41149902,0.05395879,0.022718512,0.3624767,0.15011597000000002,0.16049194,-0.39001465,0.07357402,0.03565728,0.34228927000000003,0.15710449,0.19680786,-0.38189697,0.06623459999999999,-0.0019738302000000003,0.33370322,0.16522217,0.17758179000000002,-0.39691162,0.05774809400000001,0.015526153000000001,0.34709793,0.1569519,0.18969727,-0.3866577,0.066995606,0.0035515950000000003,0.33635756,0.1541748,0.19812012,-0.39385986,0.07052751,-0.0048128143,0.3433773,0.15802002,0.18927002,-0.39999389999999996,0.06676267,0.0036291704000000003,0.34893924,0.16021729,0.18212889999999998,-0.39358519999999997,0.06520305600000001,0.01142893,0.34238538,0.16030884,0.18588257,-0.39816284,0.06529139,0.0067293867,0.34606037,0.15924072,0.18182373000000002,-0.394104,0.06618897600000001,0.010183804000000001,0.34138322,0.15863037,0.18511963,-0.39950562,0.06586717,0.006214924,0.34702839999999996,0.15548706,0.18774414,-0.39144897,0.06820752000000001,0.0031389520000000004,0.339082,0.15847778,0.18936157,-0.39059448,0.064613566,0.0012905225,0.33846109999999996,0.16256714,0.17825317000000002,-0.38955688,0.05916415,0.01195281,0.33775058,检查1#变、2变、开闭所有进线、出线地刀在拉开位置。
0.16744995000000001,0.14175415,-0.34936523,0.059142724,0.057198532,0.30080152,0.1456604,0.18460083,-0.41662598,0.08235703400000001,0.0077031925,0.36282143,0.15179443,0.17401123000000002,-0.43710327,0.07431619,0.018828072,0.38541296,0.1459961,0.15231323,-0.40570068000000004,0.07929526,0.038875155,0.35199916000000003,0.1459961,0.15231323,-0.40570068000000004,0.07929526,0.038875155,0.35199916000000003,0.16925049,0.17126465,-0.41149902,0.05395879,0.022718512,0.3624767,0.15011597000000002,0.16049194,-0.39001465,0.07357402,0.03565728,0.34228927000000003,0.15710449,0.19680786,-0.38189697,0.06623459999999999,-0.0019738302000000003,0.33370322,0.16522217,0.17758179000000002,-0.39691162,0.05774809400000001,0.015526153000000001,0.34709793,0.1569519,0.18969727,-0.3866577,0.066995606,0.0035515950000000003,0.33635756,0.1541748,0.19812012,-0.39385986,0.07052751,-0.0048128143,0.3433773,0.15802002,0.18927002,-0.39999389999999996,0.06676267,0.0036291704000000003,0.34893924,0.16021729,0.18212889999999998,-0.39358519999999997,0.06520305600000001,0.01142893,0.34238538,0.16030884,0.18588257,-0.39816284,0.06529139,0.0067293867,0.34606037,0.15924072,0.18182373000000002,-0.394104,0.06618897600000001,0.010183804000000001,0.34138322,0.15863037,0.18511963,-0.39950562,0.06586717,0.006214924,0.34702839999999996,0.15548706,0.18774414,-0.39144897,0.06820752000000001,0.0031389520000000004,0.339082,0.15847778,0.18936157,-0.39059448,0.064613566,0.0012905225,0.33846109999999996,0.16256714,0.17825317000000002,-0.38955688,0.05916415,0.01195281,0.33775058,0.15875244,0.18283081,-0.38586426,0.06301199,0.007940419,0.33464947,检查1#变、2变、开闭所有进线、出线地刀在拉开位置。
0.1456604,0.18460083,-0.41662598,0.08235703400000001,0.0077031925,0.36282143,0.15179443,0.17401123000000002,-0.43710327,0.07431619,0.018828072,0.38541296,0.1459961,0.15231323,-0.40570068000000004,0.07929526,0.038875155,0.35199916000000003,0.1459961,0.15231323,-0.40570068000000004,0.07929526,0.038875155,0.35199916000000003,0.16925049,0.17126465,-0.41149902,0.05395879,0.022718512,0.3624767,0.15011597000000002,0.16049194,-0.39001465,0.07357402,0.03565728,0.34228927000000003,0.15710449,0.19680786,-0.38189697,0.06623459999999999,-0.0019738302000000003,0.33370322,0.16522217,0.17758179000000002,-0.39691162,0.05774809400000001,0.015526153000000001,0.34709793,0.1569519,0.18969727,-0.3866577,0.066995606,0.0035515950000000003,0.33635756,0.1541748,0.19812012,-0.39385986,0.07052751,-0.0048128143,0.3433773,0.15802002,0.18927002,-0.39999389999999996,0.06676267,0.0036291704000000003,0.34893924,0.16021729,0.18212889999999998,-0.39358519999999997,0.06520305600000001,0.01142893,0.34238538,0.16030884,0.18588257,-0.39816284,0.06529139,0.0067293867,0.34606037,0.15924072,0.18182373000000002,-0.394104,0.06618897600000001,0.010183804000000001,0.34138322,0.15863037,0.18511963,-0.39950562,0.06586717,0.006214924,0.34702839999999996,0.15548706,0.18774414,-0.39144897,0.06820752000000001,0.0031389520000000004,0.339082,0.15847778,0.18936157,-0.39059448,0.064613566,0.0012905225,0.33846109999999996,0.16256714,0.17825317000000002,-0.38955688,0.05916415,0.01195281,0.33775058,0.15875244,0.18283081,-0.38586426,0.06301199,0.007940419,0.33464947,0.15869139999999998,0.18865967,-0.38168335000000003,0.06243609,0.002403058,0.33129957,检查1#变、2变、开闭所有进线、出线地刀在拉开位置。
0.15179443,0.17401123000000002,-0.43710327,0.07431619,0.018828072,0.38541296,0.1459961,0.15231323,-0.40570068000000004,0.07929526,0.038875155,0.35199916000000003,0.1459961,0.15231323,-0.40570068000000004,0.07929526,0.038875155,0.35199916000000003,0.16925049,0.17126465,-0.41149902,0.05395879,0.022718512,0.3624767,0.15011597000000002,0.16049194,-0.39001465,0.07357402,0.03565728,0.34228927000000003,0.15710449,0.19680786,-0.38189697,0.06623459999999999,-0.0019738302000000003,0.33370322,0.16522217,0.17758179000000002,-0.39691162,0.05774809400000001,0.015526153000000001,0.34709793,0.1569519,0.18969727,-0.3866577,0.066995606,0.0035515950000000003,0.33635756,0.1541748,0.19812012,-0.39385986,0.07052751,-0.0048128143,0.3433773,0.15802002,0.18927002,-0.39999389999999996,0.06676267,0.0036291704000000003,0.34893924,0.16021729,0.18212889999999998,-0.39358519999999997,0.06520305600000001,0.01142893,0.34238538,0.16030884,0.18588257,-0.39816284,0.06529139,0.0067293867,0.34606037,0.15924072,0.18182373000000002,-0.394104,0.06618897600000001,0.010183804000000001,0.34138322,0.15863037,0.18511963,-0.39950562,0.06586717,0.006214924,0.34702839999999996,0.15548706,0.18774414,-0.39144897,0.06820752000000001,0.0031389520000000004,0.339082,0.15847778,0.18936157,-0.39059448,0.064613566,0.0012905225,0.33846109999999996,0.16256714,0.17825317000000002,-0.38955688,0.05916415,0.01195281,0.33775058,0.15875244,0.18283081,-0.38586426,0.06301199,0.007940419,0.33464947,0.15869139999999998,0.18865967,-0.38168335000000003,0.06243609,0.002403058,0.33129957,0.16448975,0.18615723,-0.38882446,0.055540457,0.0054697767,0.33989146000000003,检查1#变、2变、开闭所有进线、出线地刀在拉开位置。
0.1459961,0.15231323,-0.40570068000000004,0.07929526,0.038875155,0.35199916000000003,0.1459961,0.15231323,-0.40570068000000004,0.07929526,0.038875155,0.35199916000000003,0.16925049,0.17126465,-0.41149902,0.05395879,0.022718512,0.3624767,0.15011597000000002,0.16049194,-0.39001465,0.07357402,0.03565728,0.34228927000000003,0.15710449,0.19680786,-0.38189697,0.06623459999999999,-0.0019738302000000003,0.33370322,0.16522217,0.17758179000000002,-0.39691162,0.05774809400000001,0.015526153000000001,0.34709793,0.1569519,0.18969727,-0.3866577,0.066995606,0.0035515950000000003,0.33635756,0.1541748,0.19812012,-0.39385986,0.07052751,-0.0048128143,0.3433773,0.15802002,0.18927002,-0.39999389999999996,0.06676267,0.0036291704000000003,0.34893924,0.16021729,0.18212889999999998,-0.39358519999999997,0.06520305600000001,0.01142893,0.34238538,0.16030884,0.18588257,-0.39816284,0.06529139,0.0067293867,0.34606037,0.15924072,0.18182373000000002,-0.394104,0.06618897600000001,0.010183804000000001,0.34138322,0.15863037,0.18511963,-0.39950562,0.06586717,0.006214924,0.34702839999999996,0.15548706,0.18774414,-0.39144897,0.06820752000000001,0.0031389520000000004,0.339082,0.15847778,0.18936157,-0.39059448,0.064613566,0.0012905225,0.33846109999999996,0.16256714,0.17825317000000002,-0.38955688,0.05916415,0.01195281,0.33775058,0.15875244,0.18283081,-0.38586426,0.06301199,0.007940419,0.33464947,0.15869139999999998,0.18865967,-0.38168335000000003,0.06243609,0.002403058,0.33129957,0.16448975,0.18615723,-0.38882446,0.055540457,0.0054697767,0.33989146000000003,0.16256714,0.19262695,-0.39764404000000003,0.057822450000000004,-0.0017234609,0.34804399999999996,检查1#变、2变、开闭所有进线、出线地刀在拉开位置。
0.1459961,0.15231323,-0.40570068000000004,0.07929526,0.038875155,0.35199916000000003,0.16925049,0.17126465,-0.41149902,0.05395879,0.022718512,0.3624767,0.15011597000000002,0.16049194,-0.39001465,0.07357402,0.03565728,0.34228927000000003,0.15710449,0.19680786,-0.38189697,0.06623459999999999,-0.0019738302000000003,0.33370322,0.16522217,0.17758179000000002,-0.39691162,0.05774809400000001,0.015526153000000001,0.34709793,0.1569519,0.18969727,-0.3866577,0.066995606,0.0035515950000000003,0.33635756,0.1541748,0.19812012,-0.39385986,0.07052751,-0.0048128143,0.3433773,0.15802002,0.18927002,-0.39999389999999996,0.06676267,0.0036291704000000003,0.34893924,0.16021729,0.18212889999999998,-0.39358519999999997,0.06520305600000001,0.01142893,0.34238538,0.16030884,0.18588257,-0.39816284,0.06529139,0.0067293867,0.34606037,0.15924072,0.18182373000000002,-0.394104,0.06618897600000001,0.010183804000000001,0.34138322,0.15863037,0.18511963,-0.39950562,0.06586717,0.006214924,0.34702839999999996,0.15548706,0.18774414,-0.39144897,0.06820752000000001,0.0031389520000000004,0.339082,0.15847778,0.18936157,-0.39059448,0.064613566,0.0012905225,0.33846109999999996,0.16256714,0.17825317000000002,-0.38955688,0.05916415,0.01195281,0.33775058,0.15875244,0.18283081,-0.38586426,0.06301199,0.007940419,0.33464947,0.15869139999999998,0.18865967,-0.38168335000000003,0.06243609,0.002403058,0.33129957,0.16448975,0.18615723,-0.38882446,0.055540457,0.0054697767,0.33989146000000003,0.16256714,0.19262695,-0.39764404000000003,0.057822450000000004,-0.0017234609,0.34804399999999996,0.15884399999999999,0.19573975000000002,-0.3826599,0.06148629,-0.0042599067,0.33348536,检查1#变、2变、开闭所有进线、出线地刀在拉开位置。
0.16925049,0.17126465,-0.41149902,0.05395879,0.022718512,0.3624767,0.15011597000000002,0.16049194,-0.39001465,0.07357402,0.03565728,0.34228927000000003,0.15710449,0.19680786,-0.38189697,0.06623459999999999,-0.0019738302000000003,0.33370322,0.16522217,0.17758179000000002,-0.39691162,0.05774809400000001,0.015526153000000001,0.34709793,0.1569519,0.18969727,-0.3866577,0.066995606,0.0035515950000000003,0.33635756,0.1541748,0.19812012,-0.39385986,0.07052751,-0.0048128143,0.3433773,0.15802002,0.18927002,-0.39999389999999996,0.06676267,0.0036291704000000003,0.34893924,0.16021729,0.18212889999999998,-0.39358519999999997,0.06520305600000001,0.01142893,0.34238538,0.16030884,0.18588257,-0.39816284,0.06529139,0.0067293867,0.34606037,0.15924072,0.18182373000000002,-0.394104,0.06618897600000001,0.010183804000000001,0.34138322,0.15863037,0.18511963,-0.39950562,0.06586717,0.006214924,0.34702839999999996,0.15548706,0.18774414,-0.39144897,0.06820752000000001,0.0031389520000000004,0.339082,0.15847778,0.18936157,-0.39059448,0.064613566,0.0012905225,0.33846109999999996,0.16256714,0.17825317000000002,-0.38955688,0.05916415,0.01195281,0.33775058,0.15875244,0.18283081,-0.38586426,0.06301199,0.007940419,0.33464947,0.15869139999999998,0.18865967,-0.38168335000000003,0.06243609,0.002403058,0.33129957,0.16448975,0.18615723,-0.38882446,0.055540457,0.0054697767,0.33989146000000003,0.16256714,0.19262695,-0.39764404000000003,0.057822450000000004,-0.0017234609,0.34804399999999996,0.15884399999999999,0.19573975000000002,-0.3826599,0.06148629,-0.0042599067,0.33348536,0.15283203,0.19415283,-0.3854065,0.06653674,-0.0026147142000000003,0.33712402,检查1#变、2变、开闭所有进线、出线地刀在拉开位置。
0.15011597000000002,0.16049194,-0.39001465,0.07357402,0.03565728,0.34228927000000003,0.15710449,0.19680786,-0.38189697,0.06623459999999999,-0.0019738302000000003,0.33370322,0.16522217,0.17758179000000002,-0.39691162,0.05774809400000001,0.015526153000000001,0.34709793,0.1569519,0.18969727,-0.3866577,0.066995606,0.0035515950000000003,0.33635756,0.1541748,0.19812012,-0.39385986,0.07052751,-0.0048128143,0.3433773,0.15802002,0.18927002,-0.39999389999999996,0.06676267,0.0036291704000000003,0.34893924,0.16021729,0.18212889999999998,-0.39358519999999997,0.06520305600000001,0.01142893,0.34238538,0.16030884,0.18588257,-0.39816284,0.06529139,0.0067293867,0.34606037,0.15924072,0.18182373000000002,-0.394104,0.06618897600000001,0.010183804000000001,0.34138322,0.15863037,0.18511963,-0.39950562,0.06586717,0.006214924,0.34702839999999996,0.15548706,0.18774414,-0.39144897,0.06820752000000001,0.0031389520000000004,0.339082,0.15847778,0.18936157,-0.39059448,0.064613566,0.0012905225,0.33846109999999996,0.16256714,0.17825317000000002,-0.38955688,0.05916415,0.01195281,0.33775058,0.15875244,0.18283081,-0.38586426,0.06301199,0.007940419,0.33464947,0.15869139999999998,0.18865967,-0.38168335000000003,0.06243609,0.002403058,0.33129957,0.16448975,0.18615723,-0.38882446,0.055540457,0.0054697767,0.33989146000000003,0.16256714,0.19262695,-0.39764404000000003,0.057822450000000004,-0.0017234609,0.34804399999999996,0.15884399999999999,0.19573975000000002,-0.3826599,0.06148629,-0.0042599067,0.33348536,0.15283203,0.19415283,-0.3854065,0.06653674,-0.0026147142000000003,0.33712402,0.14859009,0.19201659999999998,-0.39334106,0.06903885,-0.0005086139000000001,0.34655702,检查1#变、2变、开闭所有进线、出线地刀在拉开位置。
0.15710449,0.19680786,-0.38189697,0.06623459999999999,-0.0019738302000000003,0.33370322,0.16522217,0.17758179000000002,-0.39691162,0.05774809400000001,0.015526153000000001,0.34709793,0.1569519,0.18969727,-0.3866577,0.066995606,0.0035515950000000003,0.33635756,0.1541748,0.19812012,-0.39385986,0.07052751,-0.0048128143,0.3433773,0.15802002,0.18927002,-0.39999389999999996,0.06676267,0.0036291704000000003,0.34893924,0.16021729,0.18212889999999998,-0.39358519999999997,0.06520305600000001,0.01142893,0.34238538,0.16030884,0.18588257,-0.39816284,0.06529139,0.0067293867,0.34606037,0.15924072,0.18182373000000002,-0.394104,0.06618897600000001,0.010183804000000001,0.34138322,0.15863037,0.18511963,-0.39950562,0.06586717,0.006214924,0.34702839999999996,0.15548706,0.18774414,-0.39144897,0.06820752000000001,0.0031389520000000004,0.339082,0.15847778,0.18936157,-0.39059448,0.064613566,0.0012905225,0.33846109999999996,0.16256714,0.17825317000000002,-0.38955688,0.05916415,0.01195281,0.33775058,0.15875244,0.18283081,-0.38586426,0.06301199,0.007940419,0.33464947,0.15869139999999998,0.18865967,-0.38168335000000003,0.06243609,0.002403058,0.33129957,0.16448975,0.18615723,-0.38882446,0.055540457,0.0054697767,0.33989146000000003,0.16256714,0.19262695,-0.39764404000000003,0.057822450000000004,-0.0017234609,0.34804399999999996,0.15884399999999999,0.19573975000000002,-0.3826599,0.06148629,-0.0042599067,0.33348536,0.15283203,0.19415283,-0.3854065,0.06653674,-0.0026147142000000003,0.33712402,0.14859009,0.19201659999999998,-0.39334106,0.06903885,-0.0005086139000000001,0.34655702,0.16076659999999998,0.18524169999999998,-0.38876343,0.054664597,0.0071266666000000005,0.3442366,检查1#变、2变、开闭所有进线、出线地刀在拉开位置。
0.16522217,0.17758179000000002,-0.39691162,0.05774809400000001,0.015526153000000001,0.34709793,0.1569519,0.18969727,-0.3866577,0.066995606,0.0035515950000000003,0.33635756,0.1541748,0.19812012,-0.39385986,0.07052751,-0.0048128143,0.3433773,0.15802002,0.18927002,-0.39999389999999996,0.06676267,0.0036291704000000003,0.34893924,0.16021729,0.18212889999999998,-0.39358519999999997,0.06520305600000001,0.01142893,0.34238538,0.16030884,0.18588257,-0.39816284,0.06529139,0.0067293867,0.34606037,0.15924072,0.18182373000000002,-0.394104,0.06618897600000001,0.010183804000000001,0.34138322,0.15863037,0.18511963,-0.39950562,0.06586717,0.006214924,0.34702839999999996,0.15548706,0.18774414,-0.39144897,0.06820752000000001,0.0031389520000000004,0.339082,0.15847778,0.18936157,-0.39059448,0.064613566,0.0012905225,0.33846109999999996,0.16256714,0.17825317000000002,-0.38955688,0.05916415,0.01195281,0.33775058,0.15875244,0.18283081,-0.38586426,0.06301199,0.007940419,0.33464947,0.15869139999999998,0.18865967,-0.38168335000000003,0.06243609,0.002403058,0.33129957,0.16448975,0.18615723,-0.38882446,0.055540457,0.0054697767,0.33989146000000003,0.16256714,0.19262695,-0.39764404000000003,0.057822450000000004,-0.0017234609,0.34804399999999996,0.15884399999999999,0.19573975000000002,-0.3826599,0.06148629,-0.0042599067,0.33348536,0.15283203,0.19415283,-0.3854065,0.06653674,-0.0026147142000000003,0.33712402,0.14859009,0.19201659999999998,-0.39334106,0.06903885,-0.0005086139000000001,0.34655702,0.16076659999999998,0.18524169999999998,-0.38876343,0.054664597,0.0071266666000000005,0.3442366,0.1581726,0.18856812,-0.38003539999999997,0.05701454,0.0042754635,0.33610436,检查1#变、2变、开闭所有进线、出线地刀在拉开位置。
0.1569519,0.18969727,-0.3866577,0.066995606,0.0035515950000000003,0.33635756,0.1541748,0.19812012,-0.39385986,0.07052751,-0.0048128143,0.3433773,0.15802002,0.18927002,-0.39999389999999996,0.06676267,0.0036291704000000003,0.34893924,0.16021729,0.18212889999999998,-0.39358519999999997,0.06520305600000001,0.01142893,0.34238538,0.16030884,0.18588257,-0.39816284,0.06529139,0.0067293867,0.34606037,0.15924072,0.18182373000000002,-0.394104,0.06618897600000001,0.010183804000000001,0.34138322,0.15863037,0.18511963,-0.39950562,0.06586717,0.006214924,0.34702839999999996,0.15548706,0.18774414,-0.39144897,0.06820752000000001,0.0031389520000000004,0.339082,0.15847778,0.18936157,-0.39059448,0.064613566,0.0012905225,0.33846109999999996,0.16256714,0.17825317000000002,-0.38955688,0.05916415,0.01195281,0.33775058,0.15875244,0.18283081,-0.38586426,0.06301199,0.007940419,0.33464947,0.15869139999999998,0.18865967,-0.38168335000000003,0.06243609,0.002403058,0.33129957,0.16448975,0.18615723,-0.38882446,0.055540457,0.0054697767,0.33989146000000003,0.16256714,0.19262695,-0.39764404000000003,0.057822450000000004,-0.0017234609,0.34804399999999996,0.15884399999999999,0.19573975000000002,-0.3826599,0.06148629,-0.0042599067,0.33348536,0.15283203,0.19415283,-0.3854065,0.06653674,-0.0026147142000000003,0.33712402,0.14859009,0.19201659999999998,-0.39334106,0.06903885,-0.0005086139000000001,0.34655702,0.16076659999999998,0.18524169999999998,-0.38876343,0.054664597,0.0071266666000000005,0.3442366,0.1581726,0.18856812,-0.38003539999999997,0.05701454,0.0042754635,0.33610436,0.15756226,0.18756104,-0.37200928,0.057317376,0.0056274310000000004,0.32849577,检查1#变、2变、开闭所有进线、出线地刀在拉开位置。
0.1541748,0.19812012,-0.39385986,0.07052751,-0.0048128143,0.3433773,0.15802002,0.18927002,-0.39999389999999996,0.06676267,0.0036291704000000003,0.34893924,0.16021729,0.18212889999999998,-0.39358519999999997,0.06520305600000001,0.01142893,0.34238538,0.16030884,0.18588257,-0.39816284,0.06529139,0.0067293867,0.34606037,0.15924072,0.18182373000000002,-0.394104,0.06618897600000001,0.010183804000000001,0.34138322,0.15863037,0.18511963,-0.39950562,0.06586717,0.006214924,0.34702839999999996,0.15548706,0.18774414,-0.39144897,0.06820752000000001,0.0031389520000000004,0.339082,0.15847778,0.18936157,-0.39059448,0.064613566,0.0012905225,0.33846109999999996,0.16256714,0.17825317000000002,-0.38955688,0.05916415,0.01195281,0.33775058,0.15875244,0.18283081,-0.38586426,0.06301199,0.007940419,0.33464947,0.15869139999999998,0.18865967,-0.38168335000000003,0.06243609,0.002403058,0.33129957,0.16448975,0.18615723,-0.38882446,0.055540457,0.0054697767,0.33989146000000003,0.16256714,0.19262695,-0.39764404000000003,0.057822450000000004,-0.0017234609,0.34804399999999996,0.15884399999999999,0.19573975000000002,-0.3826599,0.06148629,-0.0042599067,0.33348536,0.15283203,0.19415283,-0.3854065,0.06653674,-0.0026147142000000003,0.33712402,0.14859009,0.19201659999999998,-0.39334106,0.06903885,-0.0005086139000000001,0.34655702,0.16076659999999998,0.18524169999999998,-0.38876343,0.054664597,0.0071266666000000005,0.3442366,0.1581726,0.18856812,-0.38003539999999997,0.05701454,0.0042754635,0.33610436,0.15756226,0.18756104,-0.37200928,0.057317376,0.0056274310000000004,0.32849577,0.15386963,0.1913147,-0.36669922,0.060530826,0.0023648515,0.32407567,检查1#变、2变、开闭所有进线、出线地刀在拉开位置。
0.15802002,0.18927002,-0.39999389999999996,0.06676267,0.0036291704000000003,0.34893924,0.16021729,0.18212889999999998,-0.39358519999999997,0.06520305600000001,0.01142893,0.34238538,0.16030884,0.18588257,-0.39816284,0.06529139,0.0067293867,0.34606037,0.15924072,0.18182373000000002,-0.394104,0.06618897600000001,0.010183804000000001,0.34138322,0.15863037,0.18511963,-0.39950562,0.06586717,0.006214924,0.34702839999999996,0.15548706,0.18774414,-0.39144897,0.06820752000000001,0.0031389520000000004,0.339082,0.15847778,0.18936157,-0.39059448,0.064613566,0.0012905225,0.33846109999999996,0.16256714,0.17825317000000002,-0.38955688,0.05916415,0.01195281,0.33775058,0.15875244,0.18283081,-0.38586426,0.06301199,0.007940419,0.33464947,0.15869139999999998,0.18865967,-0.38168335000000003,0.06243609,0.002403058,0.33129957,0.16448975,0.18615723,-0.38882446,0.055540457,0.0054697767,0.33989146000000003,0.16256714,0.19262695,-0.39764404000000003,0.057822450000000004,-0.0017234609,0.34804399999999996,0.15884399999999999,0.19573975000000002,-0.3826599,0.06148629,-0.0042599067,0.33348536,0.15283203,0.19415283,-0.3854065,0.06653674,-0.0026147142000000003,0.33712402,0.14859009,0.19201659999999998,-0.39334106,0.06903885,-0.0005086139000000001,0.34655702,0.16076659999999998,0.18524169999999998,-0.38876343,0.054664597,0.0071266666000000005,0.3442366,0.1581726,0.18856812,-0.38003539999999997,0.05701454,0.0042754635,0.33610436,0.15756226,0.18756104,-0.37200928,0.057317376,0.0056274310000000004,0.32849577,0.15386963,0.1913147,-0.36669922,0.060530826,0.0023648515,0.32407567,0.15570068,0.18902588,-0.36767578,0.057015374,0.0043615624,0.32607293,检查1#变、2变、开闭所有进线、出线地刀在拉开位置。
0.16021729,0.18212889999999998,-0.39358519999999997,0.06520305600000001,0.01142893,0.34238538,0.16030884,0.18588257,-0.39816284,0.06529139,0.0067293867,0.34606037,0.15924072,0.18182373000000002,-0.394104,0.06618897600000001,0.010183804000000001,0.34138322,0.15863037,0.18511963,-0.39950562,0.06586717,0.006214924,0.34702839999999996,0.15548706,0.18774414,-0.39144897,0.06820752000000001,0.0031389520000000004,0.339082,0.15847778,0.18936157,-0.39059448,0.064613566,0.0012905225,0.33846109999999996,0.16256714,0.17825317000000002,-0.38955688,0.05916415,0.01195281,0.33775058,0.15875244,0.18283081,-0.38586426,0.06301199,0.007940419,0.33464947,0.15869139999999998,0.18865967,-0.38168335000000003,0.06243609,0.002403058,0.33129957,0.16448975,0.18615723,-0.38882446,0.055540457,0.0054697767,0.33989146000000003,0.16256714,0.19262695,-0.39764404000000003,0.057822450000000004,-0.0017234609,0.34804399999999996,0.15884399999999999,0.19573975000000002,-0.3826599,0.06148629,-0.0042599067,0.33348536,0.15283203,0.19415283,-0.3854065,0.06653674,-0.0026147142000000003,0.33712402,0.14859009,0.19201659999999998,-0.39334106,0.06903885,-0.0005086139000000001,0.34655702,0.16076659999999998,0.18524169999999998,-0.38876343,0.054664597,0.0071266666000000005,0.3442366,0.1581726,0.18856812,-0.38003539999999997,0.05701454,0.0042754635,0.33610436,0.15756226,0.18756104,-0.37200928,0.057317376,0.0056274310000000004,0.32849577,0.15386963,0.1913147,-0.36669922,0.060530826,0.0023648515,0.32407567,0.15570068,0.18902588,-0.36767578,0.057015374,0.0043615624,0.32607293,0.15719604,0.1892395,-0.37606812,0.05520092,0.0046092793000000005,0.3353426,检查1#变、2变、开闭所有进线、出线地刀在拉开位置。
0.16030884,0.18588257,-0.39816284,0.06529139,0.0067293867,0.34606037,0.15924072,0.18182373000000002,-0.394104,0.06618897600000001,0.010183804000000001,0.34138322,0.15863037,0.18511963,-0.39950562,0.06586717,0.006214924,0.34702839999999996,0.15548706,0.18774414,-0.39144897,0.06820752000000001,0.0031389520000000004,0.339082,0.15847778,0.18936157,-0.39059448,0.064613566,0.0012905225,0.33846109999999996,0.16256714,0.17825317000000002,-0.38955688,0.05916415,0.01195281,0.33775058,0.15875244,0.18283081,-0.38586426,0.06301199,0.007940419,0.33464947,0.15869139999999998,0.18865967,-0.38168335000000003,0.06243609,0.002403058,0.33129957,0.16448975,0.18615723,-0.38882446,0.055540457,0.0054697767,0.33989146000000003,0.16256714,0.19262695,-0.39764404000000003,0.057822450000000004,-0.0017234609,0.34804399999999996,0.15884399999999999,0.19573975000000002,-0.3826599,0.06148629,-0.0042599067,0.33348536,0.15283203,0.19415283,-0.3854065,0.06653674,-0.0026147142000000003,0.33712402,0.14859009,0.19201659999999998,-0.39334106,0.06903885,-0.0005086139000000001,0.34655702,0.16076659999999998,0.18524169999999998,-0.38876343,0.054664597,0.0071266666000000005,0.3442366,0.1581726,0.18856812,-0.38003539999999997,0.05701454,0.0042754635,0.33610436,0.15756226,0.18756104,-0.37200928,0.057317376,0.0056274310000000004,0.32849577,0.15386963,0.1913147,-0.36669922,0.060530826,0.0023648515,0.32407567,0.15570068,0.18902588,-0.36767578,0.057015374,0.0043615624,0.32607293,0.15719604,0.1892395,-0.37606812,0.05520092,0.0046092793000000005,0.3353426,0.16229248000000002,0.18356323,-0.37945557,0.050073832000000006,0.01039698,0.33875957,检查1#变、2变、开闭所有进线、出线地刀在拉开位置。
0.15924072,0.18182373000000002,-0.394104,0.06618897600000001,0.010183804000000001,0.34138322,0.15863037,0.18511963,-0.39950562,0.06586717,0.006214924,0.34702839999999996,0.15548706,0.18774414,-0.39144897,0.06820752000000001,0.0031389520000000004,0.339082,0.15847778,0.18936157,-0.39059448,0.064613566,0.0012905225,0.33846109999999996,0.16256714,0.17825317000000002,-0.38955688,0.05916415,0.01195281,0.33775058,0.15875244,0.18283081,-0.38586426,0.06301199,0.007940419,0.33464947,0.15869139999999998,0.18865967,-0.38168335000000003,0.06243609,0.002403058,0.33129957,0.16448975,0.18615723,-0.38882446,0.055540457,0.0054697767,0.33989146000000003,0.16256714,0.19262695,-0.39764404000000003,0.057822450000000004,-0.0017234609,0.34804399999999996,0.15884399999999999,0.19573975000000002,-0.3826599,0.06148629,-0.0042599067,0.33348536,0.15283203,0.19415283,-0.3854065,0.06653674,-0.0026147142000000003,0.33712402,0.14859009,0.19201659999999998,-0.39334106,0.06903885,-0.0005086139000000001,0.34655702,0.16076659999999998,0.18524169999999998,-0.38876343,0.054664597,0.0071266666000000005,0.3442366,0.1581726,0.18856812,-0.38003539999999997,0.05701454,0.0042754635,0.33610436,0.15756226,0.18756104,-0.37200928,0.057317376,0.0056274310000000004,0.32849577,0.15386963,0.1913147,-0.36669922,0.060530826,0.0023648515,0.32407567,0.15570068,0.18902588,-0.36767578,0.057015374,0.0043615624,0.32607293,0.15719604,0.1892395,-0.37606812,0.05520092,0.0046092793000000005,0.3353426,0.16229248000000002,0.18356323,-0.37945557,0.050073832000000006,0.01039698,0.33875957,0.16036987,0.18533325,-0.3769226,0.05205047,0.008832686000000001,0.33639705000000003,检查1#变、2变、开闭所有进线、出线地刀在拉开位置。
0.15863037,0.18511963,-0.39950562,0.06586717,0.006214924,0.34702839999999996,0.15548706,0.18774414,-0.39144897,0.06820752000000001,0.0031389520000000004,0.339082,0.15847778,0.18936157,-0.39059448,0.064613566,0.0012905225,0.33846109999999996,0.16256714,0.17825317000000002,-0.38955688,0.05916415,0.01195281,0.33775058,0.15875244,0.18283081,-0.38586426,0.06301199,0.007940419,0.33464947,0.15869139999999998,0.18865967,-0.38168335000000003,0.06243609,0.002403058,0.33129957,0.16448975,0.18615723,-0.38882446,0.055540457,0.0054697767,0.33989146000000003,0.16256714,0.19262695,-0.39764404000000003,0.057822450000000004,-0.0017234609,0.34804399999999996,0.15884399999999999,0.19573975000000002,-0.3826599,0.06148629,-0.0042599067,0.33348536,0.15283203,0.19415283,-0.3854065,0.06653674,-0.0026147142000000003,0.33712402,0.14859009,0.19201659999999998,-0.39334106,0.06903885,-0.0005086139000000001,0.34655702,0.16076659999999998,0.18524169999999998,-0.38876343,0.054664597,0.0071266666000000005,0.3442366,0.1581726,0.18856812,-0.38003539999999997,0.05701454,0.0042754635,0.33610436,0.15756226,0.18756104,-0.37200928,0.057317376,0.0056274310000000004,0.32849577,0.15386963,0.1913147,-0.36669922,0.060530826,0.0023648515,0.32407567,0.15570068,0.18902588,-0.36767578,0.057015374,0.0043615624,0.32607293,0.15719604,0.1892395,-0.37606812,0.05520092,0.0046092793000000005,0.3353426,0.16229248000000002,0.18356323,-0.37945557,0.050073832000000006,0.01039698,0.33875957,0.16036987,0.18533325,-0.3769226,0.05205047,0.008832686000000001,0.33639705000000003,0.16183472000000002,0.19158936000000001,-0.3817749,0.050968796000000004,0.0030793770000000003,0.34166434,检查1#变、2变、开闭所有进线、出线地刀在拉开位置。
0.15548706,0.18774414,-0.39144897,0.06820752000000001,0.0031389520000000004,0.339082,0.15847778,0.18936157,-0.39059448,0.064613566,0.0012905225,0.33846109999999996,0.16256714,0.17825317000000002,-0.38955688,0.05916415,0.01195281,0.33775058,0.15875244,0.18283081,-0.38586426,0.06301199,0.007940419,0.33464947,0.15869139999999998,0.18865967,-0.38168335000000003,0.06243609,0.002403058,0.33129957,0.16448975,0.18615723,-0.38882446,0.055540457,0.0054697767,0.33989146000000003,0.16256714,0.19262695,-0.39764404000000003,0.057822450000000004,-0.0017234609,0.34804399999999996,0.15884399999999999,0.19573975000000002,-0.3826599,0.06148629,-0.0042599067,0.33348536,0.15283203,0.19415283,-0.3854065,0.06653674,-0.0026147142000000003,0.33712402,0.14859009,0.19201659999999998,-0.39334106,0.06903885,-0.0005086139000000001,0.34655702,0.16076659999999998,0.18524169999999998,-0.38876343,0.054664597,0.0071266666000000005,0.3442366,0.1581726,0.18856812,-0.38003539999999997,0.05701454,0.0042754635,0.33610436,0.15756226,0.18756104,-0.37200928,0.057317376,0.0056274310000000004,0.32849577,0.15386963,0.1913147,-0.36669922,0.060530826,0.0023648515,0.32407567,0.15570068,0.18902588,-0.36767578,0.057015374,0.0043615624,0.32607293,0.15719604,0.1892395,-0.37606812,0.05520092,0.0046092793000000005,0.3353426,0.16229248000000002,0.18356323,-0.37945557,0.050073832000000006,0.01039698,0.33875957,0.16036987,0.18533325,-0.3769226,0.05205047,0.008832686000000001,0.33639705000000003,0.16183472000000002,0.19158936000000001,-0.3817749,0.050968796000000004,0.0030793770000000003,0.34166434,0.15792847000000002,0.20202637,-0.36349487,0.056276813,-0.00670702,0.32281000000000004,检查1#变、2变、开闭所有进线、出线地刀在拉开位置。
0.15847778,0.18936157,-0.39059448,0.064613566,0.0012905225,0.33846109999999996,0.16256714,0.17825317000000002,-0.38955688,0.05916415,0.01195281,0.33775058,0.15875244,0.18283081,-0.38586426,0.06301199,0.007940419,0.33464947,0.15869139999999998,0.18865967,-0.38168335000000003,0.06243609,0.002403058,0.33129957,0.16448975,0.18615723,-0.38882446,0.055540457,0.0054697767,0.33989146000000003,0.16256714,0.19262695,-0.39764404000000003,0.057822450000000004,-0.0017234609,0.34804399999999996,0.15884399999999999,0.19573975000000002,-0.3826599,0.06148629,-0.0042599067,0.33348536,0.15283203,0.19415283,-0.3854065,0.06653674,-0.0026147142000000003,0.33712402,0.14859009,0.19201659999999998,-0.39334106,0.06903885,-0.0005086139000000001,0.34655702,0.16076659999999998,0.18524169999999998,-0.38876343,0.054664597,0.0071266666000000005,0.3442366,0.1581726,0.18856812,-0.38003539999999997,0.05701454,0.0042754635,0.33610436,0.15756226,0.18756104,-0.37200928,0.057317376,0.0056274310000000004,0.32849577,0.15386963,0.1913147,-0.36669922,0.060530826,0.0023648515,0.32407567,0.15570068,0.18902588,-0.36767578,0.057015374,0.0043615624,0.32607293,0.15719604,0.1892395,-0.37606812,0.05520092,0.0046092793000000005,0.3353426,0.16229248000000002,0.18356323,-0.37945557,0.050073832000000006,0.01039698,0.33875957,0.16036987,0.18533325,-0.3769226,0.05205047,0.008832686000000001,0.33639705000000003,0.16183472000000002,0.19158936000000001,-0.3817749,0.050968796000000004,0.0030793770000000003,0.34166434,0.15792847000000002,0.20202637,-0.36349487,0.056276813,-0.00670702,0.32281000000000004,0.14956665,0.19567871,-0.35943604,0.06535195,3.4831464e-05,0.31842917,检查1#变、2变、开闭所有进线、出线地刀在拉开位置。
0.16256714,0.17825317000000002,-0.38955688,0.05916415,0.01195281,0.33775058,0.15875244,0.18283081,-0.38586426,0.06301199,0.007940419,0.33464947,0.15869139999999998,0.18865967,-0.38168335000000003,0.06243609,0.002403058,0.33129957,0.16448975,0.18615723,-0.38882446,0.055540457,0.0054697767,0.33989146000000003,0.16256714,0.19262695,-0.39764404000000003,0.057822450000000004,-0.0017234609,0.34804399999999996,0.15884399999999999,0.19573975000000002,-0.3826599,0.06148629,-0.0042599067,0.33348536,0.15283203,0.19415283,-0.3854065,0.06653674,-0.0026147142000000003,0.33712402,0.14859009,0.19201659999999998,-0.39334106,0.06903885,-0.0005086139000000001,0.34655702,0.16076659999999998,0.18524169999999998,-0.38876343,0.054664597,0.0071266666000000005,0.3442366,0.1581726,0.18856812,-0.38003539999999997,0.05701454,0.0042754635,0.33610436,0.15756226,0.18756104,-0.37200928,0.057317376,0.0056274310000000004,0.32849577,0.15386963,0.1913147,-0.36669922,0.060530826,0.0023648515,0.32407567,0.15570068,0.18902588,-0.36767578,0.057015374,0.0043615624,0.32607293,0.15719604,0.1892395,-0.37606812,0.05520092,0.0046092793000000005,0.3353426,0.16229248000000002,0.18356323,-0.37945557,0.050073832000000006,0.01039698,0.33875957,0.16036987,0.18533325,-0.3769226,0.05205047,0.008832686000000001,0.33639705000000003,0.16183472000000002,0.19158936000000001,-0.3817749,0.050968796000000004,0.0030793770000000003,0.34166434,0.15792847000000002,0.20202637,-0.36349487,0.056276813,-0.00670702,0.32281000000000004,0.14956665,0.19567871,-0.35943604,0.06535195,3.4831464e-05,0.31842917,0.14956665,0.19567871,-0.35943604,0.06535195,3.4831464e-05,0.31842917,检查1#变、2变、开闭所有进线、出线地刀在拉开位置。
0.15875244,0.18283081,-0.38586426,0.06301199,0.007940419,0.33464947,0.15869139999999998,0.18865967,-0.38168335000000003,0.06243609,0.002403058,0.33129957,0.16448975,0.18615723,-0.38882446,0.055540457,0.0054697767,0.33989146000000003,0.16256714,0.19262695,-0.39764404000000003,0.057822450000000004,-0.0017234609,0.34804399999999996,0.15884399999999999,0.19573975000000002,-0.3826599,0.06148629,-0.0042599067,0.33348536,0.15283203,0.19415283,-0.3854065,0.06653674,-0.0026147142000000003,0.33712402,0.14859009,0.19201659999999998,-0.39334106,0.06903885,-0.0005086139000000001,0.34655702,0.16076659999999998,0.18524169999999998,-0.38876343,0.054664597,0.0071266666000000005,0.3442366,0.1581726,0.18856812,-0.38003539999999997,0.05701454,0.0042754635,0.33610436,0.15756226,0.18756104,-0.37200928,0.057317376,0.0056274310000000004,0.32849577,0.15386963,0.1913147,-0.36669922,0.060530826,0.0023648515,0.32407567,0.15570068,0.18902588,-0.36767578,0.057015374,0.0043615624,0.32607293,0.15719604,0.1892395,-0.37606812,0.05520092,0.0046092793000000005,0.3353426,0.16229248000000002,0.18356323,-0.37945557,0.050073832000000006,0.01039698,0.33875957,0.16036987,0.18533325,-0.3769226,0.05205047,0.008832686000000001,0.33639705000000003,0.16183472000000002,0.19158936000000001,-0.3817749,0.050968796000000004,0.0030793770000000003,0.34166434,0.15792847000000002,0.20202637,-0.36349487,0.056276813,-0.00670702,0.32281000000000004,0.14956665,0.19567871,-0.35943604,0.06535195,3.4831464e-05,0.31842917,0.14956665,0.19567871,-0.35943604,0.06535195,3.4831464e-05,0.31842917,0.15310669,0.19555664,-0.36257935,0.061901256,0.00031992048,0.32169065,检查1#变、2变、开闭所有进线、出线地刀在拉开位置。
0.15869139999999998,0.18865967,-0.38168335000000003,0.06243609,0.002403058,0.33129957,0.16448975,0.18615723,-0.38882446,0.055540457,0.0054697767,0.33989146000000003,0.16256714,0.19262695,-0.39764404000000003,0.057822450000000004,-0.0017234609,0.34804399999999996,0.15884399999999999,0.19573975000000002,-0.3826599,0.06148629,-0.0042599067,0.33348536,0.15283203,0.19415283,-0.3854065,0.06653674,-0.0026147142000000003,0.33712402,0.14859009,0.19201659999999998,-0.39334106,0.06903885,-0.0005086139000000001,0.34655702,0.16076659999999998,0.18524169999999998,-0.38876343,0.054664597,0.0071266666000000005,0.3442366,0.1581726,0.18856812,-0.38003539999999997,0.05701454,0.0042754635,0.33610436,0.15756226,0.18756104,-0.37200928,0.057317376,0.0056274310000000004,0.32849577,0.15386963,0.1913147,-0.36669922,0.060530826,0.0023648515,0.32407567,0.15570068,0.18902588,-0.36767578,0.057015374,0.0043615624,0.32607293,0.15719604,0.1892395,-0.37606812,0.05520092,0.0046092793000000005,0.3353426,0.16229248000000002,0.18356323,-0.37945557,0.050073832000000006,0.01039698,0.33875957,0.16036987,0.18533325,-0.3769226,0.05205047,0.008832686000000001,0.33639705000000003,0.16183472000000002,0.19158936000000001,-0.3817749,0.050968796000000004,0.0030793770000000003,0.34166434,0.15792847000000002,0.20202637,-0.36349487,0.056276813,-0.00670702,0.32281000000000004,0.14956665,0.19567871,-0.35943604,0.06535195,3.4831464e-05,0.31842917,0.14956665,0.19567871,-0.35943604,0.06535195,3.4831464e-05,0.31842917,0.15310669,0.19555664,-0.36257935,0.061901256,0.00031992048,0.32169065,0.16195679000000002,0.19003296,-0.37194824,0.05299537,0.0066559240000000006,0.33190385,检查1#变、2变、开闭所有进线、出线地刀在拉开位置。
0.16448975,0.18615723,-0.38882446,0.055540457,0.0054697767,0.33989146000000003,0.16256714,0.19262695,-0.39764404000000003,0.057822450000000004,-0.0017234609,0.34804399999999996,0.15884399999999999,0.19573975000000002,-0.3826599,0.06148629,-0.0042599067,0.33348536,0.15283203,0.19415283,-0.3854065,0.06653674,-0.0026147142000000003,0.33712402,0.14859009,0.19201659999999998,-0.39334106,0.06903885,-0.0005086139000000001,0.34655702,0.16076659999999998,0.18524169999999998,-0.38876343,0.054664597,0.0071266666000000005,0.3442366,0.1581726,0.18856812,-0.38003539999999997,0.05701454,0.0042754635,0.33610436,0.15756226,0.18756104,-0.37200928,0.057317376,0.0056274310000000004,0.32849577,0.15386963,0.1913147,-0.36669922,0.060530826,0.0023648515,0.32407567,0.15570068,0.18902588,-0.36767578,0.057015374,0.0043615624,0.32607293,0.15719604,0.1892395,-0.37606812,0.05520092,0.0046092793000000005,0.3353426,0.16229248000000002,0.18356323,-0.37945557,0.050073832000000006,0.01039698,0.33875957,0.16036987,0.18533325,-0.3769226,0.05205047,0.008832686000000001,0.33639705000000003,0.16183472000000002,0.19158936000000001,-0.3817749,0.050968796000000004,0.0030793770000000003,0.34166434,0.15792847000000002,0.20202637,-0.36349487,0.056276813,-0.00670702,0.32281000000000004,0.14956665,0.19567871,-0.35943604,0.06535195,3.4831464e-05,0.31842917,0.14956665,0.19567871,-0.35943604,0.06535195,3.4831464e-05,0.31842917,0.15310669,0.19555664,-0.36257935,0.061901256,0.00031992048,0.32169065,0.16195679000000002,0.19003296,-0.37194824,0.05299537,0.0066559240000000006,0.33190385,0.16210938,0.20037842,-0.38519287,0.053630754,-0.0031543002,0.3455435,检查1#变、2变、开闭所有进线、出线地刀在拉开位置。
0.16256714,0.19262695,-0.39764404000000003,0.057822450000000004,-0.0017234609,0.34804399999999996,0.15884399999999999,0.19573975000000002,-0.3826599,0.06148629,-0.0042599067,0.33348536,0.15283203,0.19415283,-0.3854065,0.06653674,-0.0026147142000000003,0.33712402,0.14859009,0.19201659999999998,-0.39334106,0.06903885,-0.0005086139000000001,0.34655702,0.16076659999999998,0.18524169999999998,-0.38876343,0.054664597,0.0071266666000000005,0.3442366,0.1581726,0.18856812,-0.38003539999999997,0.05701454,0.0042754635,0.33610436,0.15756226,0.18756104,-0.37200928,0.057317376,0.0056274310000000004,0.32849577,0.15386963,0.1913147,-0.36669922,0.060530826,0.0023648515,0.32407567,0.15570068,0.18902588,-0.36767578,0.057015374,0.0043615624,0.32607293,0.15719604,0.1892395,-0.37606812,0.05520092,0.0046092793000000005,0.3353426,0.16229248000000002,0.18356323,-0.37945557,0.050073832000000006,0.01039698,0.33875957,0.16036987,0.18533325,-0.3769226,0.05205047,0.008832686000000001,0.33639705000000003,0.16183472000000002,0.19158936000000001,-0.3817749,0.050968796000000004,0.0030793770000000003,0.34166434,0.15792847000000002,0.20202637,-0.36349487,0.056276813,-0.00670702,0.32281000000000004,0.14956665,0.19567871,-0.35943604,0.06535195,3.4831464e-05,0.31842917,0.14956665,0.19567871,-0.35943604,0.06535195,3.4831464e-05,0.31842917,0.15310669,0.19555664,-0.36257935,0.061901256,0.00031992048,0.32169065,0.16195679000000002,0.19003296,-0.37194824,0.05299537,0.0066559240000000006,0.33190385,0.16210938,0.20037842,-0.38519287,0.053630754,-0.0031543002,0.3455435,0.16244507,0.19668579,-0.3814087,0.053301126000000004,0.00027456135000000005,0.34132746,检查1#变、2变、开闭所有进线、出线地刀在拉开位置。
0.15884399999999999,0.19573975000000002,-0.3826599,0.06148629,-0.0042599067,0.33348536,0.15283203,0.19415283,-0.3854065,0.06653674,-0.0026147142000000003,0.33712402,0.14859009,0.19201659999999998,-0.39334106,0.06903885,-0.0005086139000000001,0.34655702,0.16076659999999998,0.18524169999999998,-0.38876343,0.054664597,0.0071266666000000005,0.3442366,0.1581726,0.18856812,-0.38003539999999997,0.05701454,0.0042754635,0.33610436,0.15756226,0.18756104,-0.37200928,0.057317376,0.0056274310000000004,0.32849577,0.15386963,0.1913147,-0.36669922,0.060530826,0.0023648515,0.32407567,0.15570068,0.18902588,-0.36767578,0.057015374,0.0043615624,0.32607293,0.15719604,0.1892395,-0.37606812,0.05520092,0.0046092793000000005,0.3353426,0.16229248000000002,0.18356323,-0.37945557,0.050073832000000006,0.01039698,0.33875957,0.16036987,0.18533325,-0.3769226,0.05205047,0.008832686000000001,0.33639705000000003,0.16183472000000002,0.19158936000000001,-0.3817749,0.050968796000000004,0.0030793770000000003,0.34166434,0.15792847000000002,0.20202637,-0.36349487,0.056276813,-0.00670702,0.32281000000000004,0.14956665,0.19567871,-0.35943604,0.06535195,3.4831464e-05,0.31842917,0.14956665,0.19567871,-0.35943604,0.06535195,3.4831464e-05,0.31842917,0.15310669,0.19555664,-0.36257935,0.061901256,0.00031992048,0.32169065,0.16195679000000002,0.19003296,-0.37194824,0.05299537,0.0066559240000000006,0.33190385,0.16210938,0.20037842,-0.38519287,0.053630754,-0.0031543002,0.3455435,0.16244507,0.19668579,-0.3814087,0.053301126000000004,0.00027456135000000005,0.34132746,0.16244507,0.19012451,-0.36761475,0.054272488,0.0076757150000000005,0.32718047,检查1#变、2变、开闭所有进线、出线地刀在拉开位置。
0.15283203,0.19415283,-0.3854065,0.06653674,-0.0026147142000000003,0.33712402,0.14859009,0.19201659999999998,-0.39334106,0.06903885,-0.0005086139000000001,0.34655702,0.16076659999999998,0.18524169999999998,-0.38876343,0.054664597,0.0071266666000000005,0.3442366,0.1581726,0.18856812,-0.38003539999999997,0.05701454,0.0042754635,0.33610436,0.15756226,0.18756104,-0.37200928,0.057317376,0.0056274310000000004,0.32849577,0.15386963,0.1913147,-0.36669922,0.060530826,0.0023648515,0.32407567,0.15570068,0.18902588,-0.36767578,0.057015374,0.0043615624,0.32607293,0.15719604,0.1892395,-0.37606812,0.05520092,0.0046092793000000005,0.3353426,0.16229248000000002,0.18356323,-0.37945557,0.050073832000000006,0.01039698,0.33875957,0.16036987,0.18533325,-0.3769226,0.05205047,0.008832686000000001,0.33639705000000003,0.16183472000000002,0.19158936000000001,-0.3817749,0.050968796000000004,0.0030793770000000003,0.34166434,0.15792847000000002,0.20202637,-0.36349487,0.056276813,-0.00670702,0.32281000000000004,0.14956665,0.19567871,-0.35943604,0.06535195,3.4831464e-05,0.31842917,0.14956665,0.19567871,-0.35943604,0.06535195,3.4831464e-05,0.31842917,0.15310669,0.19555664,-0.36257935,0.061901256,0.00031992048,0.32169065,0.16195679000000002,0.19003296,-0.37194824,0.05299537,0.0066559240000000006,0.33190385,0.16210938,0.20037842,-0.38519287,0.053630754,-0.0031543002,0.3455435,0.16244507,0.19668579,-0.3814087,0.053301126000000004,0.00027456135000000005,0.34132746,0.16244507,0.19012451,-0.36761475,0.054272488,0.0076757150000000005,0.32718047,0.16226196,0.20288086,-0.37216187,0.05483608,-0.005346231,0.33152717,检查1#变、2变、开闭所有进线、出线地刀在拉开位置。
0.14859009,0.19201659999999998,-0.39334106,0.06903885,-0.0005086139000000001,0.34655702,0.16076659999999998,0.18524169999999998,-0.38876343,0.054664597,0.0071266666000000005,0.3442366,0.1581726,0.18856812,-0.38003539999999997,0.05701454,0.0042754635,0.33610436,0.15756226,0.18756104,-0.37200928,0.057317376,0.0056274310000000004,0.32849577,0.15386963,0.1913147,-0.36669922,0.060530826,0.0023648515,0.32407567,0.15570068,0.18902588,-0.36767578,0.057015374,0.0043615624,0.32607293,0.15719604,0.1892395,-0.37606812,0.05520092,0.0046092793000000005,0.3353426,0.16229248000000002,0.18356323,-0.37945557,0.050073832000000006,0.01039698,0.33875957,0.16036987,0.18533325,-0.3769226,0.05205047,0.008832686000000001,0.33639705000000003,0.16183472000000002,0.19158936000000001,-0.3817749,0.050968796000000004,0.0030793770000000003,0.34166434,0.15792847000000002,0.20202637,-0.36349487,0.056276813,-0.00670702,0.32281000000000004,0.14956665,0.19567871,-0.35943604,0.06535195,3.4831464e-05,0.31842917,0.14956665,0.19567871,-0.35943604,0.06535195,3.4831464e-05,0.31842917,0.15310669,0.19555664,-0.36257935,0.061901256,0.00031992048,0.32169065,0.16195679000000002,0.19003296,-0.37194824,0.05299537,0.0066559240000000006,0.33190385,0.16210938,0.20037842,-0.38519287,0.053630754,-0.0031543002,0.3455435,0.16244507,0.19668579,-0.3814087,0.053301126000000004,0.00027456135000000005,0.34132746,0.16244507,0.19012451,-0.36761475,0.054272488,0.0076757150000000005,0.32718047,0.16226196,0.20288086,-0.37216187,0.05483608,-0.005346231,0.33152717,0.16183472000000002,0.1973877,-0.37338257,0.055229455000000004,-0.00012887269,0.332403,检查1#变、2变、开闭所有进线、出线地刀在拉开位置。
0.16076659999999998,0.18524169999999998,-0.38876343,0.054664597,0.0071266666000000005,0.3442366,0.1581726,0.18856812,-0.38003539999999997,0.05701454,0.0042754635,0.33610436,0.15756226,0.18756104,-0.37200928,0.057317376,0.0056274310000000004,0.32849577,0.15386963,0.1913147,-0.36669922,0.060530826,0.0023648515,0.32407567,0.15570068,0.18902588,-0.36767578,0.057015374,0.0043615624,0.32607293,0.15719604,0.1892395,-0.37606812,0.05520092,0.0046092793000000005,0.3353426,0.16229248000000002,0.18356323,-0.37945557,0.050073832000000006,0.01039698,0.33875957,0.16036987,0.18533325,-0.3769226,0.05205047,0.008832686000000001,0.33639705000000003,0.16183472000000002,0.19158936000000001,-0.3817749,0.050968796000000004,0.0030793770000000003,0.34166434,0.15792847000000002,0.20202637,-0.36349487,0.056276813,-0.00670702,0.32281000000000004,0.14956665,0.19567871,-0.35943604,0.06535195,3.4831464e-05,0.31842917,0.14956665,0.19567871,-0.35943604,0.06535195,3.4831464e-05,0.31842917,0.15310669,0.19555664,-0.36257935,0.061901256,0.00031992048,0.32169065,0.16195679000000002,0.19003296,-0.37194824,0.05299537,0.0066559240000000006,0.33190385,0.16210938,0.20037842,-0.38519287,0.053630754,-0.0031543002,0.3455435,0.16244507,0.19668579,-0.3814087,0.053301126000000004,0.00027456135000000005,0.34132746,0.16244507,0.19012451,-0.36761475,0.054272488,0.0076757150000000005,0.32718047,0.16226196,0.20288086,-0.37216187,0.05483608,-0.005346231,0.33152717,0.16183472000000002,0.1973877,-0.37338257,0.055229455000000004,-0.00012887269,0.332403,0.15606689999999998,0.19241333,-0.37561035,0.06112407,0.005262755,0.33493847,检查1#变、2变、开闭所有进线、出线地刀在拉开位置。
0.1581726,0.18856812,-0.38003539999999997,0.05701454,0.0042754635,0.33610436,0.15756226,0.18756104,-0.37200928,0.057317376,0.0056274310000000004,0.32849577,0.15386963,0.1913147,-0.36669922,0.060530826,0.0023648515,0.32407567,0.15570068,0.18902588,-0.36767578,0.057015374,0.0043615624,0.32607293,0.15719604,0.1892395,-0.37606812,0.05520092,0.0046092793000000005,0.3353426,0.16229248000000002,0.18356323,-0.37945557,0.050073832000000006,0.01039698,0.33875957,0.16036987,0.18533325,-0.3769226,0.05205047,0.008832686000000001,0.33639705000000003,0.16183472000000002,0.19158936000000001,-0.3817749,0.050968796000000004,0.0030793770000000003,0.34166434,0.15792847000000002,0.20202637,-0.36349487,0.056276813,-0.00670702,0.32281000000000004,0.14956665,0.19567871,-0.35943604,0.06535195,3.4831464e-05,0.31842917,0.14956665,0.19567871,-0.35943604,0.06535195,3.4831464e-05,0.31842917,0.15310669,0.19555664,-0.36257935,0.061901256,0.00031992048,0.32169065,0.16195679000000002,0.19003296,-0.37194824,0.05299537,0.0066559240000000006,0.33190385,0.16210938,0.20037842,-0.38519287,0.053630754,-0.0031543002,0.3455435,0.16244507,0.19668579,-0.3814087,0.053301126000000004,0.00027456135000000005,0.34132746,0.16244507,0.19012451,-0.36761475,0.054272488,0.0076757150000000005,0.32718047,0.16226196,0.20288086,-0.37216187,0.05483608,-0.005346231,0.33152717,0.16183472000000002,0.1973877,-0.37338257,0.055229455000000004,-0.00012887269,0.332403,0.15606689999999998,0.19241333,-0.37561035,0.06112407,0.005262755,0.33493847,0.15582275,0.19863892,-0.36999512,0.061447546000000006,-0.0011850074,0.32906342,检查1#变、2变、开闭所有进线、出线地刀在拉开位置。
0.15756226,0.18756104,-0.37200928,0.057317376,0.0056274310000000004,0.32849577,0.15386963,0.1913147,-0.36669922,0.060530826,0.0023648515,0.32407567,0.15570068,0.18902588,-0.36767578,0.057015374,0.0043615624,0.32607293,0.15719604,0.1892395,-0.37606812,0.05520092,0.0046092793000000005,0.3353426,0.16229248000000002,0.18356323,-0.37945557,0.050073832000000006,0.01039698,0.33875957,0.16036987,0.18533325,-0.3769226,0.05205047,0.008832686000000001,0.33639705000000003,0.16183472000000002,0.19158936000000001,-0.3817749,0.050968796000000004,0.0030793770000000003,0.34166434,0.15792847000000002,0.20202637,-0.36349487,0.056276813,-0.00670702,0.32281000000000004,0.14956665,0.19567871,-0.35943604,0.06535195,3.4831464e-05,0.31842917,0.14956665,0.19567871,-0.35943604,0.06535195,3.4831464e-05,0.31842917,0.15310669,0.19555664,-0.36257935,0.061901256,0.00031992048,0.32169065,0.16195679000000002,0.19003296,-0.37194824,0.05299537,0.0066559240000000006,0.33190385,0.16210938,0.20037842,-0.38519287,0.053630754,-0.0031543002,0.3455435,0.16244507,0.19668579,-0.3814087,0.053301126000000004,0.00027456135000000005,0.34132746,0.16244507,0.19012451,-0.36761475,0.054272488,0.0076757150000000005,0.32718047,0.16226196,0.20288086,-0.37216187,0.05483608,-0.005346231,0.33152717,0.16183472000000002,0.1973877,-0.37338257,0.055229455000000004,-0.00012887269,0.332403,0.15606689999999998,0.19241333,-0.37561035,0.06112407,0.005262755,0.33493847,0.15582275,0.19863892,-0.36999512,0.061447546000000006,-0.0011850074,0.32906342,0.16284179999999998,0.20223999,-0.36254883,0.05507961,-0.004204564,0.32154822,检查1#变、2变、开闭所有进线、出线地刀在拉开位置。
0.15386963,0.1913147,-0.36669922,0.060530826,0.0023648515,0.32407567,0.15570068,0.18902588,-0.36767578,0.057015374,0.0043615624,0.32607293,0.15719604,0.1892395,-0.37606812,0.05520092,0.0046092793000000005,0.3353426,0.16229248000000002,0.18356323,-0.37945557,0.050073832000000006,0.01039698,0.33875957,0.16036987,0.18533325,-0.3769226,0.05205047,0.008832686000000001,0.33639705000000003,0.16183472000000002,0.19158936000000001,-0.3817749,0.050968796000000004,0.0030793770000000003,0.34166434,0.15792847000000002,0.20202637,-0.36349487,0.056276813,-0.00670702,0.32281000000000004,0.14956665,0.19567871,-0.35943604,0.06535195,3.4831464e-05,0.31842917,0.14956665,0.19567871,-0.35943604,0.06535195,3.4831464e-05,0.31842917,0.15310669,0.19555664,-0.36257935,0.061901256,0.00031992048,0.32169065,0.16195679000000002,0.19003296,-0.37194824,0.05299537,0.0066559240000000006,0.33190385,0.16210938,0.20037842,-0.38519287,0.053630754,-0.0031543002,0.3455435,0.16244507,0.19668579,-0.3814087,0.053301126000000004,0.00027456135000000005,0.34132746,0.16244507,0.19012451,-0.36761475,0.054272488,0.0076757150000000005,0.32718047,0.16226196,0.20288086,-0.37216187,0.05483608,-0.005346231,0.33152717,0.16183472000000002,0.1973877,-0.37338257,0.055229455000000004,-0.00012887269,0.332403,0.15606689999999998,0.19241333,-0.37561035,0.06112407,0.005262755,0.33493847,0.15582275,0.19863892,-0.36999512,0.061447546000000006,-0.0011850074,0.32906342,0.16284179999999998,0.20223999,-0.36254883,0.05507961,-0.004204564,0.32154822,0.1725769,0.20364379999999999,-0.3670044,0.04611276,-0.005816914,0.32520628,检查1#变、2变、开闭所有进线、出线地刀在拉开位置。
0.15570068,0.18902588,-0.36767578,0.057015374,0.0043615624,0.32607293,0.15719604,0.1892395,-0.37606812,0.05520092,0.0046092793000000005,0.3353426,0.16229248000000002,0.18356323,-0.37945557,0.050073832000000006,0.01039698,0.33875957,0.16036987,0.18533325,-0.3769226,0.05205047,0.008832686000000001,0.33639705000000003,0.16183472000000002,0.19158936000000001,-0.3817749,0.050968796000000004,0.0030793770000000003,0.34166434,0.15792847000000002,0.20202637,-0.36349487,0.056276813,-0.00670702,0.32281000000000004,0.14956665,0.19567871,-0.35943604,0.06535195,3.4831464e-05,0.31842917,0.14956665,0.19567871,-0.35943604,0.06535195,3.4831464e-05,0.31842917,0.15310669,0.19555664,-0.36257935,0.061901256,0.00031992048,0.32169065,0.16195679000000002,0.19003296,-0.37194824,0.05299537,0.0066559240000000006,0.33190385,0.16210938,0.20037842,-0.38519287,0.053630754,-0.0031543002,0.3455435,0.16244507,0.19668579,-0.3814087,0.053301126000000004,0.00027456135000000005,0.34132746,0.16244507,0.19012451,-0.36761475,0.054272488,0.0076757150000000005,0.32718047,0.16226196,0.20288086,-0.37216187,0.05483608,-0.005346231,0.33152717,0.16183472000000002,0.1973877,-0.37338257,0.055229455000000004,-0.00012887269,0.332403,0.15606689999999998,0.19241333,-0.37561035,0.06112407,0.005262755,0.33493847,0.15582275,0.19863892,-0.36999512,0.061447546000000006,-0.0011850074,0.32906342,0.16284179999999998,0.20223999,-0.36254883,0.05507961,-0.004204564,0.32154822,0.1725769,0.20364379999999999,-0.3670044,0.04611276,-0.005816914,0.32520628,0.16958618,0.20046997,-0.36575317,0.049672022,-0.0027571246,0.32331815,检查1#变、2变、开闭所有进线、出线地刀在拉开位置。
0.15719604,0.1892395,-0.37606812,0.05520092,0.0046092793000000005,0.3353426,0.16229248000000002,0.18356323,-0.37945557,0.050073832000000006,0.01039698,0.33875957,0.16036987,0.18533325,-0.3769226,0.05205047,0.008832686000000001,0.33639705000000003,0.16183472000000002,0.19158936000000001,-0.3817749,0.050968796000000004,0.0030793770000000003,0.34166434,0.15792847000000002,0.20202637,-0.36349487,0.056276813,-0.00670702,0.32281000000000004,0.14956665,0.19567871,-0.35943604,0.06535195,3.4831464e-05,0.31842917,0.14956665,0.19567871,-0.35943604,0.06535195,3.4831464e-05,0.31842917,0.15310669,0.19555664,-0.36257935,0.061901256,0.00031992048,0.32169065,0.16195679000000002,0.19003296,-0.37194824,0.05299537,0.0066559240000000006,0.33190385,0.16210938,0.20037842,-0.38519287,0.053630754,-0.0031543002,0.3455435,0.16244507,0.19668579,-0.3814087,0.053301126000000004,0.00027456135000000005,0.34132746,0.16244507,0.19012451,-0.36761475,0.054272488,0.0076757150000000005,0.32718047,0.16226196,0.20288086,-0.37216187,0.05483608,-0.005346231,0.33152717,0.16183472000000002,0.1973877,-0.37338257,0.055229455000000004,-0.00012887269,0.332403,0.15606689999999998,0.19241333,-0.37561035,0.06112407,0.005262755,0.33493847,0.15582275,0.19863892,-0.36999512,0.061447546000000006,-0.0011850074,0.32906342,0.16284179999999998,0.20223999,-0.36254883,0.05507961,-0.004204564,0.32154822,0.1725769,0.20364379999999999,-0.3670044,0.04611276,-0.005816914,0.32520628,0.16958618,0.20046997,-0.36575317,0.049672022,-0.0027571246,0.32331815,0.16958618,0.20046997,-0.36575317,0.049672022,-0.0027571246,0.32331815,检查1#变、2变、开闭所有进线、出线地刀在拉开位置。
0.16229248000000002,0.18356323,-0.37945557,0.050073832000000006,0.01039698,0.33875957,0.16036987,0.18533325,-0.3769226,0.05205047,0.008832686000000001,0.33639705000000003,0.16183472000000002,0.19158936000000001,-0.3817749,0.050968796000000004,0.0030793770000000003,0.34166434,0.15792847000000002,0.20202637,-0.36349487,0.056276813,-0.00670702,0.32281000000000004,0.14956665,0.19567871,-0.35943604,0.06535195,3.4831464e-05,0.31842917,0.14956665,0.19567871,-0.35943604,0.06535195,3.4831464e-05,0.31842917,0.15310669,0.19555664,-0.36257935,0.061901256,0.00031992048,0.32169065,0.16195679000000002,0.19003296,-0.37194824,0.05299537,0.0066559240000000006,0.33190385,0.16210938,0.20037842,-0.38519287,0.053630754,-0.0031543002,0.3455435,0.16244507,0.19668579,-0.3814087,0.053301126000000004,0.00027456135000000005,0.34132746,0.16244507,0.19012451,-0.36761475,0.054272488,0.0076757150000000005,0.32718047,0.16226196,0.20288086,-0.37216187,0.05483608,-0.005346231,0.33152717,0.16183472000000002,0.1973877,-0.37338257,0.055229455000000004,-0.00012887269,0.332403,0.15606689999999998,0.19241333,-0.37561035,0.06112407,0.005262755,0.33493847,0.15582275,0.19863892,-0.36999512,0.061447546000000006,-0.0011850074,0.32906342,0.16284179999999998,0.20223999,-0.36254883,0.05507961,-0.004204564,0.32154822,0.1725769,0.20364379999999999,-0.3670044,0.04611276,-0.005816914,0.32520628,0.16958618,0.20046997,-0.36575317,0.049672022,-0.0027571246,0.32331815,0.16958618,0.20046997,-0.36575317,0.049672022,-0.0027571246,0.32331815,0.17190552,0.19381714,-0.38186646,0.048385084,0.0031714067,0.33803084,检查1#变、2变、开闭所有进线、出线地刀在拉开位置。
0.16036987,0.18533325,-0.3769226,0.05205047,0.008832686000000001,0.33639705000000003,0.16183472000000002,0.19158936000000001,-0.3817749,0.050968796000000004,0.0030793770000000003,0.34166434,0.15792847000000002,0.20202637,-0.36349487,0.056276813,-0.00670702,0.32281000000000004,0.14956665,0.19567871,-0.35943604,0.06535195,3.4831464e-05,0.31842917,0.14956665,0.19567871,-0.35943604,0.06535195,3.4831464e-05,0.31842917,0.15310669,0.19555664,-0.36257935,0.061901256,0.00031992048,0.32169065,0.16195679000000002,0.19003296,-0.37194824,0.05299537,0.0066559240000000006,0.33190385,0.16210938,0.20037842,-0.38519287,0.053630754,-0.0031543002,0.3455435,0.16244507,0.19668579,-0.3814087,0.053301126000000004,0.00027456135000000005,0.34132746,0.16244507,0.19012451,-0.36761475,0.054272488,0.0076757150000000005,0.32718047,0.16226196,0.20288086,-0.37216187,0.05483608,-0.005346231,0.33152717,0.16183472000000002,0.1973877,-0.37338257,0.055229455000000004,-0.00012887269,0.332403,0.15606689999999998,0.19241333,-0.37561035,0.06112407,0.005262755,0.33493847,0.15582275,0.19863892,-0.36999512,0.061447546000000006,-0.0011850074,0.32906342,0.16284179999999998,0.20223999,-0.36254883,0.05507961,-0.004204564,0.32154822,0.1725769,0.20364379999999999,-0.3670044,0.04611276,-0.005816914,0.32520628,0.16958618,0.20046997,-0.36575317,0.049672022,-0.0027571246,0.32331815,0.16958618,0.20046997,-0.36575317,0.049672022,-0.0027571246,0.32331815,0.17190552,0.19381714,-0.38186646,0.048385084,0.0031714067,0.33803084,0.15441895,0.18380737,-0.39761353,0.06780909,0.012396373,0.3517104,检查1#变、2变、开闭所有进线、出线地刀在拉开位置。
0.16183472000000002,0.19158936000000001,-0.3817749,0.050968796000000004,0.0030793770000000003,0.34166434,0.15792847000000002,0.20202637,-0.36349487,0.056276813,-0.00670702,0.32281000000000004,0.14956665,0.19567871,-0.35943604,0.06535195,3.4831464e-05,0.31842917,0.14956665,0.19567871,-0.35943604,0.06535195,3.4831464e-05,0.31842917,0.15310669,0.19555664,-0.36257935,0.061901256,0.00031992048,0.32169065,0.16195679000000002,0.19003296,-0.37194824,0.05299537,0.0066559240000000006,0.33190385,0.16210938,0.20037842,-0.38519287,0.053630754,-0.0031543002,0.3455435,0.16244507,0.19668579,-0.3814087,0.053301126000000004,0.00027456135000000005,0.34132746,0.16244507,0.19012451,-0.36761475,0.054272488,0.0076757150000000005,0.32718047,0.16226196,0.20288086,-0.37216187,0.05483608,-0.005346231,0.33152717,0.16183472000000002,0.1973877,-0.37338257,0.055229455000000004,-0.00012887269,0.332403,0.15606689999999998,0.19241333,-0.37561035,0.06112407,0.005262755,0.33493847,0.15582275,0.19863892,-0.36999512,0.061447546000000006,-0.0011850074,0.32906342,0.16284179999999998,0.20223999,-0.36254883,0.05507961,-0.004204564,0.32154822,0.1725769,0.20364379999999999,-0.3670044,0.04611276,-0.005816914,0.32520628,0.16958618,0.20046997,-0.36575317,0.049672022,-0.0027571246,0.32331815,0.16958618,0.20046997,-0.36575317,0.049672022,-0.0027571246,0.32331815,0.17190552,0.19381714,-0.38186646,0.048385084,0.0031714067,0.33803084,0.15441895,0.18380737,-0.39761353,0.06780909,0.012396373,0.3517104,0.15951538,0.20010376,-0.38165283,0.06420408,-0.0031930432,0.33527598000000003,检查1#变、2变、开闭所有进线、出线地刀在拉开位置。
0.15792847000000002,0.20202637,-0.36349487,0.056276813,-0.00670702,0.32281000000000004,0.14956665,0.19567871,-0.35943604,0.06535195,3.4831464e-05,0.31842917,0.14956665,0.19567871,-0.35943604,0.06535195,3.4831464e-05,0.31842917,0.15310669,0.19555664,-0.36257935,0.061901256,0.00031992048,0.32169065,0.16195679000000002,0.19003296,-0.37194824,0.05299537,0.0066559240000000006,0.33190385,0.16210938,0.20037842,-0.38519287,0.053630754,-0.0031543002,0.3455435,0.16244507,0.19668579,-0.3814087,0.053301126000000004,0.00027456135000000005,0.34132746,0.16244507,0.19012451,-0.36761475,0.054272488,0.0076757150000000005,0.32718047,0.16226196,0.20288086,-0.37216187,0.05483608,-0.005346231,0.33152717,0.16183472000000002,0.1973877,-0.37338257,0.055229455000000004,-0.00012887269,0.332403,0.15606689999999998,0.19241333,-0.37561035,0.06112407,0.005262755,0.33493847,0.15582275,0.19863892,-0.36999512,0.061447546000000006,-0.0011850074,0.32906342,0.16284179999999998,0.20223999,-0.36254883,0.05507961,-0.004204564,0.32154822,0.1725769,0.20364379999999999,-0.3670044,0.04611276,-0.005816914,0.32520628,0.16958618,0.20046997,-0.36575317,0.049672022,-0.0027571246,0.32331815,0.16958618,0.20046997,-0.36575317,0.049672022,-0.0027571246,0.32331815,0.17190552,0.19381714,-0.38186646,0.048385084,0.0031714067,0.33803084,0.15441895,0.18380737,-0.39761353,0.06780909,0.012396373,0.3517104,0.15951538,0.20010376,-0.38165283,0.06420408,-0.0031930432,0.33527598000000003,0.16751099,0.20254517,-0.38217163,0.05584407,-0.0053300634000000005,0.33637634,检查1#变、2变、开闭所有进线、出线地刀在拉开位置。
0.14956665,0.19567871,-0.35943604,0.06535195,3.4831464e-05,0.31842917,0.14956665,0.19567871,-0.35943604,0.06535195,3.4831464e-05,0.31842917,0.15310669,0.19555664,-0.36257935,0.061901256,0.00031992048,0.32169065,0.16195679000000002,0.19003296,-0.37194824,0.05299537,0.0066559240000000006,0.33190385,0.16210938,0.20037842,-0.38519287,0.053630754,-0.0031543002,0.3455435,0.16244507,0.19668579,-0.3814087,0.053301126000000004,0.00027456135000000005,0.34132746,0.16244507,0.19012451,-0.36761475,0.054272488,0.0076757150000000005,0.32718047,0.16226196,0.20288086,-0.37216187,0.05483608,-0.005346231,0.33152717,0.16183472000000002,0.1973877,-0.37338257,0.055229455000000004,-0.00012887269,0.332403,0.15606689999999998,0.19241333,-0.37561035,0.06112407,0.005262755,0.33493847,0.15582275,0.19863892,-0.36999512,0.061447546000000006,-0.0011850074,0.32906342,0.16284179999999998,0.20223999,-0.36254883,0.05507961,-0.004204564,0.32154822,0.1725769,0.20364379999999999,-0.3670044,0.04611276,-0.005816914,0.32520628,0.16958618,0.20046997,-0.36575317,0.049672022,-0.0027571246,0.32331815,0.16958618,0.20046997,-0.36575317,0.049672022,-0.0027571246,0.32331815,0.17190552,0.19381714,-0.38186646,0.048385084,0.0031714067,0.33803084,0.15441895,0.18380737,-0.39761353,0.06780909,0.012396373,0.3517104,0.15951538,0.20010376,-0.38165283,0.06420408,-0.0031930432,0.33527598000000003,0.16751099,0.20254517,-0.38217163,0.05584407,-0.0053300634000000005,0.33637634,0.16104126,0.20825195,-0.38110352000000003,0.06249199800000001,-0.010958858,0.33540919999999996,检查1#变、2变、开闭所有进线、出线地刀在拉开位置。
0.14956665,0.19567871,-0.35943604,0.06535195,3.4831464e-05,0.31842917,0.15310669,0.19555664,-0.36257935,0.061901256,0.00031992048,0.32169065,0.16195679000000002,0.19003296,-0.37194824,0.05299537,0.0066559240000000006,0.33190385,0.16210938,0.20037842,-0.38519287,0.053630754,-0.0031543002,0.3455435,0.16244507,0.19668579,-0.3814087,0.053301126000000004,0.00027456135000000005,0.34132746,0.16244507,0.19012451,-0.36761475,0.054272488,0.0076757150000000005,0.32718047,0.16226196,0.20288086,-0.37216187,0.05483608,-0.005346231,0.33152717,0.16183472000000002,0.1973877,-0.37338257,0.055229455000000004,-0.00012887269,0.332403,0.15606689999999998,0.19241333,-0.37561035,0.06112407,0.005262755,0.33493847,0.15582275,0.19863892,-0.36999512,0.061447546000000006,-0.0011850074,0.32906342,0.16284179999999998,0.20223999,-0.36254883,0.05507961,-0.004204564,0.32154822,0.1725769,0.20364379999999999,-0.3670044,0.04611276,-0.005816914,0.32520628,0.16958618,0.20046997,-0.36575317,0.049672022,-0.0027571246,0.32331815,0.16958618,0.20046997,-0.36575317,0.049672022,-0.0027571246,0.32331815,0.17190552,0.19381714,-0.38186646,0.048385084,0.0031714067,0.33803084,0.15441895,0.18380737,-0.39761353,0.06780909,0.012396373,0.3517104,0.15951538,0.20010376,-0.38165283,0.06420408,-0.0031930432,0.33527598000000003,0.16751099,0.20254517,-0.38217163,0.05584407,-0.0053300634000000005,0.33637634,0.16104126,0.20825195,-0.38110352000000003,0.06249199800000001,-0.010958858,0.33540919999999996,0.16256714,0.19003296,-0.38369749999999997,0.06056265500000001,0.006915979,0.33761528,检查1#变、2变、开闭所有进线、出线地刀在拉开位置。
0.15310669,0.19555664,-0.36257935,0.061901256,0.00031992048,0.32169065,0.16195679000000002,0.19003296,-0.37194824,0.05299537,0.0066559240000000006,0.33190385,0.16210938,0.20037842,-0.38519287,0.053630754,-0.0031543002,0.3455435,0.16244507,0.19668579,-0.3814087,0.053301126000000004,0.00027456135000000005,0.34132746,0.16244507,0.19012451,-0.36761475,0.054272488,0.0076757150000000005,0.32718047,0.16226196,0.20288086,-0.37216187,0.05483608,-0.005346231,0.33152717,0.16183472000000002,0.1973877,-0.37338257,0.055229455000000004,-0.00012887269,0.332403,0.15606689999999998,0.19241333,-0.37561035,0.06112407,0.005262755,0.33493847,0.15582275,0.19863892,-0.36999512,0.061447546000000006,-0.0011850074,0.32906342,0.16284179999999998,0.20223999,-0.36254883,0.05507961,-0.004204564,0.32154822,0.1725769,0.20364379999999999,-0.3670044,0.04611276,-0.005816914,0.32520628,0.16958618,0.20046997,-0.36575317,0.049672022,-0.0027571246,0.32331815,0.16958618,0.20046997,-0.36575317,0.049672022,-0.0027571246,0.32331815,0.17190552,0.19381714,-0.38186646,0.048385084,0.0031714067,0.33803084,0.15441895,0.18380737,-0.39761353,0.06780909,0.012396373,0.3517104,0.15951538,0.20010376,-0.38165283,0.06420408,-0.0031930432,0.33527598000000003,0.16751099,0.20254517,-0.38217163,0.05584407,-0.0053300634000000005,0.33637634,0.16104126,0.20825195,-0.38110352000000003,0.06249199800000001,-0.010958858,0.33540919999999996,0.16256714,0.19003296,-0.38369749999999997,0.06056265500000001,0.006915979,0.33761528,0.16998291000000001,0.18847656000000002,-0.37487793,0.05305034,0.008367233,0.3284901,检查1#变、2变、开闭所有进线、出线地刀在拉开位置。
0.16195679000000002,0.19003296,-0.37194824,0.05299537,0.0066559240000000006,0.33190385,0.16210938,0.20037842,-0.38519287,0.053630754,-0.0031543002,0.3455435,0.16244507,0.19668579,-0.3814087,0.053301126000000004,0.00027456135000000005,0.34132746,0.16244507,0.19012451,-0.36761475,0.054272488,0.0076757150000000005,0.32718047,0.16226196,0.20288086,-0.37216187,0.05483608,-0.005346231,0.33152717,0.16183472000000002,0.1973877,-0.37338257,0.055229455000000004,-0.00012887269,0.332403,0.15606689999999998,0.19241333,-0.37561035,0.06112407,0.005262755,0.33493847,0.15582275,0.19863892,-0.36999512,0.061447546000000006,-0.0011850074,0.32906342,0.16284179999999998,0.20223999,-0.36254883,0.05507961,-0.004204564,0.32154822,0.1725769,0.20364379999999999,-0.3670044,0.04611276,-0.005816914,0.32520628,0.16958618,0.20046997,-0.36575317,0.049672022,-0.0027571246,0.32331815,0.16958618,0.20046997,-0.36575317,0.049672022,-0.0027571246,0.32331815,0.17190552,0.19381714,-0.38186646,0.048385084,0.0031714067,0.33803084,0.15441895,0.18380737,-0.39761353,0.06780909,0.012396373,0.3517104,0.15951538,0.20010376,-0.38165283,0.06420408,-0.0031930432,0.33527598000000003,0.16751099,0.20254517,-0.38217163,0.05584407,-0.0053300634000000005,0.33637634,0.16104126,0.20825195,-0.38110352000000003,0.06249199800000001,-0.010958858,0.33540919999999996,0.16256714,0.19003296,-0.38369749999999997,0.06056265500000001,0.006915979,0.33761528,0.16998291000000001,0.18847656000000002,-0.37487793,0.05305034,0.008367233,0.3284901,0.16119385,0.21243286,-0.34829712,0.062364146,-0.015872277,0.30129278,检查1#变、2变、开闭所有进线、出线地刀在拉开位置。
0.16210938,0.20037842,-0.38519287,0.053630754,-0.0031543002,0.3455435,0.16244507,0.19668579,-0.3814087,0.053301126000000004,0.00027456135000000005,0.34132746,0.16244507,0.19012451,-0.36761475,0.054272488,0.0076757150000000005,0.32718047,0.16226196,0.20288086,-0.37216187,0.05483608,-0.005346231,0.33152717,0.16183472000000002,0.1973877,-0.37338257,0.055229455000000004,-0.00012887269,0.332403,0.15606689999999998,0.19241333,-0.37561035,0.06112407,0.005262755,0.33493847,0.15582275,0.19863892,-0.36999512,0.061447546000000006,-0.0011850074,0.32906342,0.16284179999999998,0.20223999,-0.36254883,0.05507961,-0.004204564,0.32154822,0.1725769,0.20364379999999999,-0.3670044,0.04611276,-0.005816914,0.32520628,0.16958618,0.20046997,-0.36575317,0.049672022,-0.0027571246,0.32331815,0.16958618,0.20046997,-0.36575317,0.049672022,-0.0027571246,0.32331815,0.17190552,0.19381714,-0.38186646,0.048385084,0.0031714067,0.33803084,0.15441895,0.18380737,-0.39761353,0.06780909,0.012396373,0.3517104,0.15951538,0.20010376,-0.38165283,0.06420408,-0.0031930432,0.33527598000000003,0.16751099,0.20254517,-0.38217163,0.05584407,-0.0053300634000000005,0.33637634,0.16104126,0.20825195,-0.38110352000000003,0.06249199800000001,-0.010958858,0.33540919999999996,0.16256714,0.19003296,-0.38369749999999997,0.06056265500000001,0.006915979,0.33761528,0.16998291000000001,0.18847656000000002,-0.37487793,0.05305034,0.008367233,0.3284901,0.16119385,0.21243286,-0.34829712,0.062364146,-0.015872277,0.30129278,0.14825439999999998,0.20230103,-0.37301636,0.07525079,-0.0051788166,0.32700092000000003,检查1#变、2变、开闭所有进线、出线地刀在拉开位置。
0.16244507,0.19668579,-0.3814087,0.053301126000000004,0.00027456135000000005,0.34132746,0.16244507,0.19012451,-0.36761475,0.054272488,0.0076757150000000005,0.32718047,0.16226196,0.20288086,-0.37216187,0.05483608,-0.005346231,0.33152717,0.16183472000000002,0.1973877,-0.37338257,0.055229455000000004,-0.00012887269,0.332403,0.15606689999999998,0.19241333,-0.37561035,0.06112407,0.005262755,0.33493847,0.15582275,0.19863892,-0.36999512,0.061447546000000006,-0.0011850074,0.32906342,0.16284179999999998,0.20223999,-0.36254883,0.05507961,-0.004204564,0.32154822,0.1725769,0.20364379999999999,-0.3670044,0.04611276,-0.005816914,0.32520628,0.16958618,0.20046997,-0.36575317,0.049672022,-0.0027571246,0.32331815,0.16958618,0.20046997,-0.36575317,0.049672022,-0.0027571246,0.32331815,0.17190552,0.19381714,-0.38186646,0.048385084,0.0031714067,0.33803084,0.15441895,0.18380737,-0.39761353,0.06780909,0.012396373,0.3517104,0.15951538,0.20010376,-0.38165283,0.06420408,-0.0031930432,0.33527598000000003,0.16751099,0.20254517,-0.38217163,0.05584407,-0.0053300634000000005,0.33637634,0.16104126,0.20825195,-0.38110352000000003,0.06249199800000001,-0.010958858,0.33540919999999996,0.16256714,0.19003296,-0.38369749999999997,0.06056265500000001,0.006915979,0.33761528,0.16998291000000001,0.18847656000000002,-0.37487793,0.05305034,0.008367233,0.3284901,0.16119385,0.21243286,-0.34829712,0.062364146,-0.015872277,0.30129278,0.14825439999999998,0.20230103,-0.37301636,0.07525079,-0.0051788166,0.32700092000000003,0.14215088,0.21502686000000001,-0.37374878,0.08107643,-0.016875483,0.32933375,检查1#变、2变、开闭所有进线、出线地刀在拉开位置。
0.16244507,0.19012451,-0.36761475,0.054272488,0.0076757150000000005,0.32718047,0.16226196,0.20288086,-0.37216187,0.05483608,-0.005346231,0.33152717,0.16183472000000002,0.1973877,-0.37338257,0.055229455000000004,-0.00012887269,0.332403,0.15606689999999998,0.19241333,-0.37561035,0.06112407,0.005262755,0.33493847,0.15582275,0.19863892,-0.36999512,0.061447546000000006,-0.0011850074,0.32906342,0.16284179999999998,0.20223999,-0.36254883,0.05507961,-0.004204564,0.32154822,0.1725769,0.20364379999999999,-0.3670044,0.04611276,-0.005816914,0.32520628,0.16958618,0.20046997,-0.36575317,0.049672022,-0.0027571246,0.32331815,0.16958618,0.20046997,-0.36575317,0.049672022,-0.0027571246,0.32331815,0.17190552,0.19381714,-0.38186646,0.048385084,0.0031714067,0.33803084,0.15441895,0.18380737,-0.39761353,0.06780909,0.012396373,0.3517104,0.15951538,0.20010376,-0.38165283,0.06420408,-0.0031930432,0.33527598000000003,0.16751099,0.20254517,-0.38217163,0.05584407,-0.0053300634000000005,0.33637634,0.16104126,0.20825195,-0.38110352000000003,0.06249199800000001,-0.010958858,0.33540919999999996,0.16256714,0.19003296,-0.38369749999999997,0.06056265500000001,0.006915979,0.33761528,0.16998291000000001,0.18847656000000002,-0.37487793,0.05305034,0.008367233,0.3284901,0.16119385,0.21243286,-0.34829712,0.062364146,-0.015872277,0.30129278,0.14825439999999998,0.20230103,-0.37301636,0.07525079,-0.0051788166,0.32700092000000003,0.14215088,0.21502686000000001,-0.37374878,0.08107643,-0.016875483,0.32933375,0.14257813,0.23162842,-0.38308716,0.081686035,-0.031026177000000002,0.34087249999999997,检查1#变、2变、开闭所有进线、出线地刀在拉开位置。
0.16226196,0.20288086,-0.37216187,0.05483608,-0.005346231,0.33152717,0.16183472000000002,0.1973877,-0.37338257,0.055229455000000004,-0.00012887269,0.332403,0.15606689999999998,0.19241333,-0.37561035,0.06112407,0.005262755,0.33493847,0.15582275,0.19863892,-0.36999512,0.061447546000000006,-0.0011850074,0.32906342,0.16284179999999998,0.20223999,-0.36254883,0.05507961,-0.004204564,0.32154822,0.1725769,0.20364379999999999,-0.3670044,0.04611276,-0.005816914,0.32520628,0.16958618,0.20046997,-0.36575317,0.049672022,-0.0027571246,0.32331815,0.16958618,0.20046997,-0.36575317,0.049672022,-0.0027571246,0.32331815,0.17190552,0.19381714,-0.38186646,0.048385084,0.0031714067,0.33803084,0.15441895,0.18380737,-0.39761353,0.06780909,0.012396373,0.3517104,0.15951538,0.20010376,-0.38165283,0.06420408,-0.0031930432,0.33527598000000003,0.16751099,0.20254517,-0.38217163,0.05584407,-0.0053300634000000005,0.33637634,0.16104126,0.20825195,-0.38110352000000003,0.06249199800000001,-0.010958858,0.33540919999999996,0.16256714,0.19003296,-0.38369749999999997,0.06056265500000001,0.006915979,0.33761528,0.16998291000000001,0.18847656000000002,-0.37487793,0.05305034,0.008367233,0.3284901,0.16119385,0.21243286,-0.34829712,0.062364146,-0.015872277,0.30129278,0.14825439999999998,0.20230103,-0.37301636,0.07525079,-0.0051788166,0.32700092000000003,0.14215088,0.21502686000000001,-0.37374878,0.08107643,-0.016875483,0.32933375,0.14257813,0.23162842,-0.38308716,0.081686035,-0.031026177000000002,0.34087249999999997,0.17388916000000001,0.18399048,-0.41287229999999997,0.052017823000000005,0.018437244000000002,0.37047482,检查1#变、2变、开闭所有进线、出线地刀在拉开位置。
0.16183472000000002,0.1973877,-0.37338257,0.055229455000000004,-0.00012887269,0.332403,0.15606689999999998,0.19241333,-0.37561035,0.06112407,0.005262755,0.33493847,0.15582275,0.19863892,-0.36999512,0.061447546000000006,-0.0011850074,0.32906342,0.16284179999999998,0.20223999,-0.36254883,0.05507961,-0.004204564,0.32154822,0.1725769,0.20364379999999999,-0.3670044,0.04611276,-0.005816914,0.32520628,0.16958618,0.20046997,-0.36575317,0.049672022,-0.0027571246,0.32331815,0.16958618,0.20046997,-0.36575317,0.049672022,-0.0027571246,0.32331815,0.17190552,0.19381714,-0.38186646,0.048385084,0.0031714067,0.33803084,0.15441895,0.18380737,-0.39761353,0.06780909,0.012396373,0.3517104,0.15951538,0.20010376,-0.38165283,0.06420408,-0.0031930432,0.33527598000000003,0.16751099,0.20254517,-0.38217163,0.05584407,-0.0053300634000000005,0.33637634,0.16104126,0.20825195,-0.38110352000000003,0.06249199800000001,-0.010958858,0.33540919999999996,0.16256714,0.19003296,-0.38369749999999997,0.06056265500000001,0.006915979,0.33761528,0.16998291000000001,0.18847656000000002,-0.37487793,0.05305034,0.008367233,0.3284901,0.16119385,0.21243286,-0.34829712,0.062364146,-0.015872277,0.30129278,0.14825439999999998,0.20230103,-0.37301636,0.07525079,-0.0051788166,0.32700092000000003,0.14215088,0.21502686000000001,-0.37374878,0.08107643,-0.016875483,0.32933375,0.14257813,0.23162842,-0.38308716,0.081686035,-0.031026177000000002,0.34087249999999997,0.17388916000000001,0.18399048,-0.41287229999999997,0.052017823000000005,0.018437244000000002,0.37047482,0.17089844,0.18753052,-0.38421629999999996,0.057690576,0.019233681000000002,0.3436684,检查1#变、2变、开闭所有进线、出线地刀在拉开位置。
0.15606689999999998,0.19241333,-0.37561035,0.06112407,0.005262755,0.33493847,0.15582275,0.19863892,-0.36999512,0.061447546000000006,-0.0011850074,0.32906342,0.16284179999999998,0.20223999,-0.36254883,0.05507961,-0.004204564,0.32154822,0.1725769,0.20364379999999999,-0.3670044,0.04611276,-0.005816914,0.32520628,0.16958618,0.20046997,-0.36575317,0.049672022,-0.0027571246,0.32331815,0.16958618,0.20046997,-0.36575317,0.049672022,-0.0027571246,0.32331815,0.17190552,0.19381714,-0.38186646,0.048385084,0.0031714067,0.33803084,0.15441895,0.18380737,-0.39761353,0.06780909,0.012396373,0.3517104,0.15951538,0.20010376,-0.38165283,0.06420408,-0.0031930432,0.33527598000000003,0.16751099,0.20254517,-0.38217163,0.05584407,-0.0053300634000000005,0.33637634,0.16104126,0.20825195,-0.38110352000000003,0.06249199800000001,-0.010958858,0.33540919999999996,0.16256714,0.19003296,-0.38369749999999997,0.06056265500000001,0.006915979,0.33761528,0.16998291000000001,0.18847656000000002,-0.37487793,0.05305034,0.008367233,0.3284901,0.16119385,0.21243286,-0.34829712,0.062364146,-0.015872277,0.30129278,0.14825439999999998,0.20230103,-0.37301636,0.07525079,-0.0051788166,0.32700092000000003,0.14215088,0.21502686000000001,-0.37374878,0.08107643,-0.016875483,0.32933375,0.14257813,0.23162842,-0.38308716,0.081686035,-0.031026177000000002,0.34087249999999997,0.17388916000000001,0.18399048,-0.41287229999999997,0.052017823000000005,0.018437244000000002,0.37047482,0.17089844,0.18753052,-0.38421629999999996,0.057690576,0.019233681000000002,0.3436684,0.17123413,0.19403076,-0.38290405,0.058064476000000004,0.013696484,0.34290309999999996,检查1#变、2变、开闭所有进线、出线地刀在拉开位置。
0.15582275,0.19863892,-0.36999512,0.061447546000000006,-0.0011850074,0.32906342,0.16284179999999998,0.20223999,-0.36254883,0.05507961,-0.004204564,0.32154822,0.1725769,0.20364379999999999,-0.3670044,0.04611276,-0.005816914,0.32520628,0.16958618,0.20046997,-0.36575317,0.049672022,-0.0027571246,0.32331815,0.16958618,0.20046997,-0.36575317,0.049672022,-0.0027571246,0.32331815,0.17190552,0.19381714,-0.38186646,0.048385084,0.0031714067,0.33803084,0.15441895,0.18380737,-0.39761353,0.06780909,0.012396373,0.3517104,0.15951538,0.20010376,-0.38165283,0.06420408,-0.0031930432,0.33527598000000003,0.16751099,0.20254517,-0.38217163,0.05584407,-0.0053300634000000005,0.33637634,0.16104126,0.20825195,-0.38110352000000003,0.06249199800000001,-0.010958858,0.33540919999999996,0.16256714,0.19003296,-0.38369749999999997,0.06056265500000001,0.006915979,0.33761528,0.16998291000000001,0.18847656000000002,-0.37487793,0.05305034,0.008367233,0.3284901,0.16119385,0.21243286,-0.34829712,0.062364146,-0.015872277,0.30129278,0.14825439999999998,0.20230103,-0.37301636,0.07525079,-0.0051788166,0.32700092000000003,0.14215088,0.21502686000000001,-0.37374878,0.08107643,-0.016875483,0.32933375,0.14257813,0.23162842,-0.38308716,0.081686035,-0.031026177000000002,0.34087249999999997,0.17388916000000001,0.18399048,-0.41287229999999997,0.052017823000000005,0.018437244000000002,0.37047482,0.17089844,0.18753052,-0.38421629999999996,0.057690576,0.019233681000000002,0.3436684,0.17123413,0.19403076,-0.38290405,0.058064476000000004,0.013696484,0.34290309999999996,0.1609497,0.22647095,-0.3968811,0.072029755,-0.017789759000000002,0.35607708,检查1#变、2变、开闭所有进线、出线地刀在拉开位置。
0.16284179999999998,0.20223999,-0.36254883,0.05507961,-0.004204564,0.32154822,0.1725769,0.20364379999999999,-0.3670044,0.04611276,-0.005816914,0.32520628,0.16958618,0.20046997,-0.36575317,0.049672022,-0.0027571246,0.32331815,0.16958618,0.20046997,-0.36575317,0.049672022,-0.0027571246,0.32331815,0.17190552,0.19381714,-0.38186646,0.048385084,0.0031714067,0.33803084,0.15441895,0.18380737,-0.39761353,0.06780909,0.012396373,0.3517104,0.15951538,0.20010376,-0.38165283,0.06420408,-0.0031930432,0.33527598000000003,0.16751099,0.20254517,-0.38217163,0.05584407,-0.0053300634000000005,0.33637634,0.16104126,0.20825195,-0.38110352000000003,0.06249199800000001,-0.010958858,0.33540919999999996,0.16256714,0.19003296,-0.38369749999999997,0.06056265500000001,0.006915979,0.33761528,0.16998291000000001,0.18847656000000002,-0.37487793,0.05305034,0.008367233,0.3284901,0.16119385,0.21243286,-0.34829712,0.062364146,-0.015872277,0.30129278,0.14825439999999998,0.20230103,-0.37301636,0.07525079,-0.0051788166,0.32700092000000003,0.14215088,0.21502686000000001,-0.37374878,0.08107643,-0.016875483,0.32933375,0.14257813,0.23162842,-0.38308716,0.081686035,-0.031026177000000002,0.34087249999999997,0.17388916000000001,0.18399048,-0.41287229999999997,0.052017823000000005,0.018437244000000002,0.37047482,0.17089844,0.18753052,-0.38421629999999996,0.057690576,0.019233681000000002,0.3436684,0.17123413,0.19403076,-0.38290405,0.058064476000000004,0.013696484,0.34290309999999996,0.1609497,0.22647095,-0.3968811,0.072029755,-0.017789759000000002,0.35607708,0.14907837000000002,0.24639893000000002,-0.33792114,0.0861526,-0.034760363,0.29776579999999997,检查1#变、2变、开闭所有进线、出线地刀在拉开位置。
0.1725769,0.20364379999999999,-0.3670044,0.04611276,-0.005816914,0.32520628,0.16958618,0.20046997,-0.36575317,0.049672022,-0.0027571246,0.32331815,0.16958618,0.20046997,-0.36575317,0.049672022,-0.0027571246,0.32331815,0.17190552,0.19381714,-0.38186646,0.048385084,0.0031714067,0.33803084,0.15441895,0.18380737,-0.39761353,0.06780909,0.012396373,0.3517104,0.15951538,0.20010376,-0.38165283,0.06420408,-0.0031930432,0.33527598000000003,0.16751099,0.20254517,-0.38217163,0.05584407,-0.0053300634000000005,0.33637634,0.16104126,0.20825195,-0.38110352000000003,0.06249199800000001,-0.010958858,0.33540919999999996,0.16256714,0.19003296,-0.38369749999999997,0.06056265500000001,0.006915979,0.33761528,0.16998291000000001,0.18847656000000002,-0.37487793,0.05305034,0.008367233,0.3284901,0.16119385,0.21243286,-0.34829712,0.062364146,-0.015872277,0.30129278,0.14825439999999998,0.20230103,-0.37301636,0.07525079,-0.0051788166,0.32700092000000003,0.14215088,0.21502686000000001,-0.37374878,0.08107643,-0.016875483,0.32933375,0.14257813,0.23162842,-0.38308716,0.081686035,-0.031026177000000002,0.34087249999999997,0.17388916000000001,0.18399048,-0.41287229999999997,0.052017823000000005,0.018437244000000002,0.37047482,0.17089844,0.18753052,-0.38421629999999996,0.057690576,0.019233681000000002,0.3436684,0.17123413,0.19403076,-0.38290405,0.058064476000000004,0.013696484,0.34290309999999996,0.1609497,0.22647095,-0.3968811,0.072029755,-0.017789759000000002,0.35607708,0.14907837000000002,0.24639893000000002,-0.33792114,0.0861526,-0.034760363,0.29776579999999997,0.18966675,0.19256592,-0.39285278,0.051020056,0.020187177,0.3492315,检查1#变、2变、开闭所有进线、出线地刀在拉开位置。
0.16958618,0.20046997,-0.36575317,0.049672022,-0.0027571246,0.32331815,0.16958618,0.20046997,-0.36575317,0.049672022,-0.0027571246,0.32331815,0.17190552,0.19381714,-0.38186646,0.048385084,0.0031714067,0.33803084,0.15441895,0.18380737,-0.39761353,0.06780909,0.012396373,0.3517104,0.15951538,0.20010376,-0.38165283,0.06420408,-0.0031930432,0.33527598000000003,0.16751099,0.20254517,-0.38217163,0.05584407,-0.0053300634000000005,0.33637634,0.16104126,0.20825195,-0.38110352000000003,0.06249199800000001,-0.010958858,0.33540919999999996,0.16256714,0.19003296,-0.38369749999999997,0.06056265500000001,0.006915979,0.33761528,0.16998291000000001,0.18847656000000002,-0.37487793,0.05305034,0.008367233,0.3284901,0.16119385,0.21243286,-0.34829712,0.062364146,-0.015872277,0.30129278,0.14825439999999998,0.20230103,-0.37301636,0.07525079,-0.0051788166,0.32700092000000003,0.14215088,0.21502686000000001,-0.37374878,0.08107643,-0.016875483,0.32933375,0.14257813,0.23162842,-0.38308716,0.081686035,-0.031026177000000002,0.34087249999999997,0.17388916000000001,0.18399048,-0.41287229999999997,0.052017823000000005,0.018437244000000002,0.37047482,0.17089844,0.18753052,-0.38421629999999996,0.057690576,0.019233681000000002,0.3436684,0.17123413,0.19403076,-0.38290405,0.058064476000000004,0.013696484,0.34290309999999996,0.1609497,0.22647095,-0.3968811,0.072029755,-0.017789759000000002,0.35607708,0.14907837000000002,0.24639893000000002,-0.33792114,0.0861526,-0.034760363,0.29776579999999997,0.18966675,0.19256592,-0.39285278,0.051020056,0.020187177,0.3492315,0.19180298,0.22244263,-0.38345337,0.054710760000000004,-0.0095791295,0.33599147,检查1#变、2变、开闭所有进线、出线地刀在拉开位置。
0.16958618,0.20046997,-0.36575317,0.049672022,-0.0027571246,0.32331815,0.17190552,0.19381714,-0.38186646,0.048385084,0.0031714067,0.33803084,0.15441895,0.18380737,-0.39761353,0.06780909,0.012396373,0.3517104,0.15951538,0.20010376,-0.38165283,0.06420408,-0.0031930432,0.33527598000000003,0.16751099,0.20254517,-0.38217163,0.05584407,-0.0053300634000000005,0.33637634,0.16104126,0.20825195,-0.38110352000000003,0.06249199800000001,-0.010958858,0.33540919999999996,0.16256714,0.19003296,-0.38369749999999997,0.06056265500000001,0.006915979,0.33761528,0.16998291000000001,0.18847656000000002,-0.37487793,0.05305034,0.008367233,0.3284901,0.16119385,0.21243286,-0.34829712,0.062364146,-0.015872277,0.30129278,0.14825439999999998,0.20230103,-0.37301636,0.07525079,-0.0051788166,0.32700092000000003,0.14215088,0.21502686000000001,-0.37374878,0.08107643,-0.016875483,0.32933375,0.14257813,0.23162842,-0.38308716,0.081686035,-0.031026177000000002,0.34087249999999997,0.17388916000000001,0.18399048,-0.41287229999999997,0.052017823000000005,0.018437244000000002,0.37047482,0.17089844,0.18753052,-0.38421629999999996,0.057690576,0.019233681000000002,0.3436684,0.17123413,0.19403076,-0.38290405,0.058064476000000004,0.013696484,0.34290309999999996,0.1609497,0.22647095,-0.3968811,0.072029755,-0.017789759000000002,0.35607708,0.14907837000000002,0.24639893000000002,-0.33792114,0.0861526,-0.034760363,0.29776579999999997,0.18966675,0.19256592,-0.39285278,0.051020056,0.020187177,0.3492315,0.19180298,0.22244263,-0.38345337,0.054710760000000004,-0.0095791295,0.33599147,0.22027588,0.19689941,-0.5105590999999999,0.049113736000000005,0.0082978085,0.44082668,检查1#变、2变、开闭所有进线、出线地刀在拉开位置。
0.17190552,0.19381714,-0.38186646,0.048385084,0.0031714067,0.33803084,0.15441895,0.18380737,-0.39761353,0.06780909,0.012396373,0.3517104,0.15951538,0.20010376,-0.38165283,0.06420408,-0.0031930432,0.33527598000000003,0.16751099,0.20254517,-0.38217163,0.05584407,-0.0053300634000000005,0.33637634,0.16104126,0.20825195,-0.38110352000000003,0.06249199800000001,-0.010958858,0.33540919999999996,0.16256714,0.19003296,-0.38369749999999997,0.06056265500000001,0.006915979,0.33761528,0.16998291000000001,0.18847656000000002,-0.37487793,0.05305034,0.008367233,0.3284901,0.16119385,0.21243286,-0.34829712,0.062364146,-0.015872277,0.30129278,0.14825439999999998,0.20230103,-0.37301636,0.07525079,-0.0051788166,0.32700092000000003,0.14215088,0.21502686000000001,-0.37374878,0.08107643,-0.016875483,0.32933375,0.14257813,0.23162842,-0.38308716,0.081686035,-0.031026177000000002,0.34087249999999997,0.17388916000000001,0.18399048,-0.41287229999999997,0.052017823000000005,0.018437244000000002,0.37047482,0.17089844,0.18753052,-0.38421629999999996,0.057690576,0.019233681000000002,0.3436684,0.17123413,0.19403076,-0.38290405,0.058064476000000004,0.013696484,0.34290309999999996,0.1609497,0.22647095,-0.3968811,0.072029755,-0.017789759000000002,0.35607708,0.14907837000000002,0.24639893000000002,-0.33792114,0.0861526,-0.034760363,0.29776579999999997,0.18966675,0.19256592,-0.39285278,0.051020056,0.020187177,0.3492315,0.19180298,0.22244263,-0.38345337,0.054710760000000004,-0.0095791295,0.33599147,0.22027588,0.19689941,-0.5105590999999999,0.049113736000000005,0.0082978085,0.44082668,0.20306396000000002,0.06527709999999999,-0.41574097,0.09081973,0.13410604,0.3201484,检查1#变、2变、开闭所有进线、出线地刀在拉开位置。
0.15441895,0.18380737,-0.39761353,0.06780909,0.012396373,0.3517104,0.15951538,0.20010376,-0.38165283,0.06420408,-0.0031930432,0.33527598000000003,0.16751099,0.20254517,-0.38217163,0.05584407,-0.0053300634000000005,0.33637634,0.16104126,0.20825195,-0.38110352000000003,0.06249199800000001,-0.010958858,0.33540919999999996,0.16256714,0.19003296,-0.38369749999999997,0.06056265500000001,0.006915979,0.33761528,0.16998291000000001,0.18847656000000002,-0.37487793,0.05305034,0.008367233,0.3284901,0.16119385,0.21243286,-0.34829712,0.062364146,-0.015872277,0.30129278,0.14825439999999998,0.20230103,-0.37301636,0.07525079,-0.0051788166,0.32700092000000003,0.14215088,0.21502686000000001,-0.37374878,0.08107643,-0.016875483,0.32933375,0.14257813,0.23162842,-0.38308716,0.081686035,-0.031026177000000002,0.34087249999999997,0.17388916000000001,0.18399048,-0.41287229999999997,0.052017823000000005,0.018437244000000002,0.37047482,0.17089844,0.18753052,-0.38421629999999996,0.057690576,0.019233681000000002,0.3436684,0.17123413,0.19403076,-0.38290405,0.058064476000000004,0.013696484,0.34290309999999996,0.1609497,0.22647095,-0.3968811,0.072029755,-0.017789759000000002,0.35607708,0.14907837000000002,0.24639893000000002,-0.33792114,0.0861526,-0.034760363,0.29776579999999997,0.18966675,0.19256592,-0.39285278,0.051020056,0.020187177,0.3492315,0.19180298,0.22244263,-0.38345337,0.054710760000000004,-0.0095791295,0.33599147,0.22027588,0.19689941,-0.5105590999999999,0.049113736000000005,0.0082978085,0.44082668,0.20306396000000002,0.06527709999999999,-0.41574097,0.09081973,0.13410604,0.3201484,0.17202759,0.19174194,-0.3934021,0.13494118,0.0041580573,0.28886968,检查1#变、2变、开闭所有进线、出线地刀在拉开位置。
0.15951538,0.20010376,-0.38165283,0.06420408,-0.0031930432,0.33527598000000003,0.16751099,0.20254517,-0.38217163,0.05584407,-0.0053300634000000005,0.33637634,0.16104126,0.20825195,-0.38110352000000003,0.06249199800000001,-0.010958858,0.33540919999999996,0.16256714,0.19003296,-0.38369749999999997,0.06056265500000001,0.006915979,0.33761528,0.16998291000000001,0.18847656000000002,-0.37487793,0.05305034,0.008367233,0.3284901,0.16119385,0.21243286,-0.34829712,0.062364146,-0.015872277,0.30129278,0.14825439999999998,0.20230103,-0.37301636,0.07525079,-0.0051788166,0.32700092000000003,0.14215088,0.21502686000000001,-0.37374878,0.08107643,-0.016875483,0.32933375,0.14257813,0.23162842,-0.38308716,0.081686035,-0.031026177000000002,0.34087249999999997,0.17388916000000001,0.18399048,-0.41287229999999997,0.052017823000000005,0.018437244000000002,0.37047482,0.17089844,0.18753052,-0.38421629999999996,0.057690576,0.019233681000000002,0.3436684,0.17123413,0.19403076,-0.38290405,0.058064476000000004,0.013696484,0.34290309999999996,0.1609497,0.22647095,-0.3968811,0.072029755,-0.017789759000000002,0.35607708,0.14907837000000002,0.24639893000000002,-0.33792114,0.0861526,-0.034760363,0.29776579999999997,0.18966675,0.19256592,-0.39285278,0.051020056,0.020187177,0.3492315,0.19180298,0.22244263,-0.38345337,0.054710760000000004,-0.0095791295,0.33599147,0.22027588,0.19689941,-0.5105590999999999,0.049113736000000005,0.0082978085,0.44082668,0.20306396000000002,0.06527709999999999,-0.41574097,0.09081973,0.13410604,0.3201484,0.17202759,0.19174194,-0.3934021,0.13494118,0.0041580573,0.28886968,0.17202759,0.19174194,-0.3934021,0.13494118,0.0041580573,0.28886968,检查1#变、2变、开闭所有进线、出线地刀在拉开位置。
0.16751099,0.20254517,-0.38217163,0.05584407,-0.0053300634000000005,0.33637634,0.16104126,0.20825195,-0.38110352000000003,0.06249199800000001,-0.010958858,0.33540919999999996,0.16256714,0.19003296,-0.38369749999999997,0.06056265500000001,0.006915979,0.33761528,0.16998291000000001,0.18847656000000002,-0.37487793,0.05305034,0.008367233,0.3284901,0.16119385,0.21243286,-0.34829712,0.062364146,-0.015872277,0.30129278,0.14825439999999998,0.20230103,-0.37301636,0.07525079,-0.0051788166,0.32700092000000003,0.14215088,0.21502686000000001,-0.37374878,0.08107643,-0.016875483,0.32933375,0.14257813,0.23162842,-0.38308716,0.081686035,-0.031026177000000002,0.34087249999999997,0.17388916000000001,0.18399048,-0.41287229999999997,0.052017823000000005,0.018437244000000002,0.37047482,0.17089844,0.18753052,-0.38421629999999996,0.057690576,0.019233681000000002,0.3436684,0.17123413,0.19403076,-0.38290405,0.058064476000000004,0.013696484,0.34290309999999996,0.1609497,0.22647095,-0.3968811,0.072029755,-0.017789759000000002,0.35607708,0.14907837000000002,0.24639893000000002,-0.33792114,0.0861526,-0.034760363,0.29776579999999997,0.18966675,0.19256592,-0.39285278,0.051020056,0.020187177,0.3492315,0.19180298,0.22244263,-0.38345337,0.054710760000000004,-0.0095791295,0.33599147,0.22027588,0.19689941,-0.5105590999999999,0.049113736000000005,0.0082978085,0.44082668,0.20306396000000002,0.06527709999999999,-0.41574097,0.09081973,0.13410604,0.3201484,0.17202759,0.19174194,-0.3934021,0.13494118,0.0041580573,0.28886968,0.17202759,0.19174194,-0.3934021,0.13494118,0.0041580573,0.28886968,0.25909424000000003,0.20397949,-0.55722046,0.060590103000000006,-0.0058836266000000005,0.44999874,检查1#变、2变、开闭所有进线、出线地刀在拉开位置。
0.16104126,0.20825195,-0.38110352000000003,0.06249199800000001,-0.010958858,0.33540919999999996,0.16256714,0.19003296,-0.38369749999999997,0.06056265500000001,0.006915979,0.33761528,0.16998291000000001,0.18847656000000002,-0.37487793,0.05305034,0.008367233,0.3284901,0.16119385,0.21243286,-0.34829712,0.062364146,-0.015872277,0.30129278,0.14825439999999998,0.20230103,-0.37301636,0.07525079,-0.0051788166,0.32700092000000003,0.14215088,0.21502686000000001,-0.37374878,0.08107643,-0.016875483,0.32933375,0.14257813,0.23162842,-0.38308716,0.081686035,-0.031026177000000002,0.34087249999999997,0.17388916000000001,0.18399048,-0.41287229999999997,0.052017823000000005,0.018437244000000002,0.37047482,0.17089844,0.18753052,-0.38421629999999996,0.057690576,0.019233681000000002,0.3436684,0.17123413,0.19403076,-0.38290405,0.058064476000000004,0.013696484,0.34290309999999996,0.1609497,0.22647095,-0.3968811,0.072029755,-0.017789759000000002,0.35607708,0.14907837000000002,0.24639893000000002,-0.33792114,0.0861526,-0.034760363,0.29776579999999997,0.18966675,0.19256592,-0.39285278,0.051020056,0.020187177,0.3492315,0.19180298,0.22244263,-0.38345337,0.054710760000000004,-0.0095791295,0.33599147,0.22027588,0.19689941,-0.5105590999999999,0.049113736000000005,0.0082978085,0.44082668,0.20306396000000002,0.06527709999999999,-0.41574097,0.09081973,0.13410604,0.3201484,0.17202759,0.19174194,-0.3934021,0.13494118,0.0041580573,0.28886968,0.17202759,0.19174194,-0.3934021,0.13494118,0.0041580573,0.28886968,0.25909424000000003,0.20397949,-0.55722046,0.060590103000000006,-0.0058836266000000005,0.44999874,0.20953369,0.17111206,-0.4322815,0.11606564,0.039014810000000004,0.33016798,检查1#变、2变、开闭所有进线、出线地刀在拉开位置。
0.16256714,0.19003296,-0.38369749999999997,0.06056265500000001,0.006915979,0.33761528,0.16998291000000001,0.18847656000000002,-0.37487793,0.05305034,0.008367233,0.3284901,0.16119385,0.21243286,-0.34829712,0.062364146,-0.015872277,0.30129278,0.14825439999999998,0.20230103,-0.37301636,0.07525079,-0.0051788166,0.32700092000000003,0.14215088,0.21502686000000001,-0.37374878,0.08107643,-0.016875483,0.32933375,0.14257813,0.23162842,-0.38308716,0.081686035,-0.031026177000000002,0.34087249999999997,0.17388916000000001,0.18399048,-0.41287229999999997,0.052017823000000005,0.018437244000000002,0.37047482,0.17089844,0.18753052,-0.38421629999999996,0.057690576,0.019233681000000002,0.3436684,0.17123413,0.19403076,-0.38290405,0.058064476000000004,0.013696484,0.34290309999999996,0.1609497,0.22647095,-0.3968811,0.072029755,-0.017789759000000002,0.35607708,0.14907837000000002,0.24639893000000002,-0.33792114,0.0861526,-0.034760363,0.29776579999999997,0.18966675,0.19256592,-0.39285278,0.051020056,0.020187177,0.3492315,0.19180298,0.22244263,-0.38345337,0.054710760000000004,-0.0095791295,0.33599147,0.22027588,0.19689941,-0.5105590999999999,0.049113736000000005,0.0082978085,0.44082668,0.20306396000000002,0.06527709999999999,-0.41574097,0.09081973,0.13410604,0.3201484,0.17202759,0.19174194,-0.3934021,0.13494118,0.0041580573,0.28886968,0.17202759,0.19174194,-0.3934021,0.13494118,0.0041580573,0.28886968,0.25909424000000003,0.20397949,-0.55722046,0.060590103000000006,-0.0058836266000000005,0.44999874,0.20953369,0.17111206,-0.4322815,0.11606564,0.039014810000000004,0.33016798,0.21691895,0.028808594000000003,-0.49661255,0.09724702,0.19937909,0.41716602,检查1#变、2变、开闭所有进线、出线地刀在拉开位置。
0.16998291000000001,0.18847656000000002,-0.37487793,0.05305034,0.008367233,0.3284901,0.16119385,0.21243286,-0.34829712,0.062364146,-0.015872277,0.30129278,0.14825439999999998,0.20230103,-0.37301636,0.07525079,-0.0051788166,0.32700092000000003,0.14215088,0.21502686000000001,-0.37374878,0.08107643,-0.016875483,0.32933375,0.14257813,0.23162842,-0.38308716,0.081686035,-0.031026177000000002,0.34087249999999997,0.17388916000000001,0.18399048,-0.41287229999999997,0.052017823000000005,0.018437244000000002,0.37047482,0.17089844,0.18753052,-0.38421629999999996,0.057690576,0.019233681000000002,0.3436684,0.17123413,0.19403076,-0.38290405,0.058064476000000004,0.013696484,0.34290309999999996,0.1609497,0.22647095,-0.3968811,0.072029755,-0.017789759000000002,0.35607708,0.14907837000000002,0.24639893000000002,-0.33792114,0.0861526,-0.034760363,0.29776579999999997,0.18966675,0.19256592,-0.39285278,0.051020056,0.020187177,0.3492315,0.19180298,0.22244263,-0.38345337,0.054710760000000004,-0.0095791295,0.33599147,0.22027588,0.19689941,-0.5105590999999999,0.049113736000000005,0.0082978085,0.44082668,0.20306396000000002,0.06527709999999999,-0.41574097,0.09081973,0.13410604,0.3201484,0.17202759,0.19174194,-0.3934021,0.13494118,0.0041580573,0.28886968,0.17202759,0.19174194,-0.3934021,0.13494118,0.0041580573,0.28886968,0.25909424000000003,0.20397949,-0.55722046,0.060590103000000006,-0.0058836266000000005,0.44999874,0.20953369,0.17111206,-0.4322815,0.11606564,0.039014810000000004,0.33016798,0.21691895,0.028808594000000003,-0.49661255,0.09724702,0.19937909,0.41716602,0.17556763,0.28814697,-0.3166809,0.11011873,-0.040451758000000004,0.27807102,检查1#变、2变、开闭所有进线、出线地刀在拉开位置。
0.16119385,0.21243286,-0.34829712,0.062364146,-0.015872277,0.30129278,0.14825439999999998,0.20230103,-0.37301636,0.07525079,-0.0051788166,0.32700092000000003,0.14215088,0.21502686000000001,-0.37374878,0.08107643,-0.016875483,0.32933375,0.14257813,0.23162842,-0.38308716,0.081686035,-0.031026177000000002,0.34087249999999997,0.17388916000000001,0.18399048,-0.41287229999999997,0.052017823000000005,0.018437244000000002,0.37047482,0.17089844,0.18753052,-0.38421629999999996,0.057690576,0.019233681000000002,0.3436684,0.17123413,0.19403076,-0.38290405,0.058064476000000004,0.013696484,0.34290309999999996,0.1609497,0.22647095,-0.3968811,0.072029755,-0.017789759000000002,0.35607708,0.14907837000000002,0.24639893000000002,-0.33792114,0.0861526,-0.034760363,0.29776579999999997,0.18966675,0.19256592,-0.39285278,0.051020056,0.020187177,0.3492315,0.19180298,0.22244263,-0.38345337,0.054710760000000004,-0.0095791295,0.33599147,0.22027588,0.19689941,-0.5105590999999999,0.049113736000000005,0.0082978085,0.44082668,0.20306396000000002,0.06527709999999999,-0.41574097,0.09081973,0.13410604,0.3201484,0.17202759,0.19174194,-0.3934021,0.13494118,0.0041580573,0.28886968,0.17202759,0.19174194,-0.3934021,0.13494118,0.0041580573,0.28886968,0.25909424000000003,0.20397949,-0.55722046,0.060590103000000006,-0.0058836266000000005,0.44999874,0.20953369,0.17111206,-0.4322815,0.11606564,0.039014810000000004,0.33016798,0.21691895,0.028808594000000003,-0.49661255,0.09724702,0.19937909,0.41716602,0.17556763,0.28814697,-0.3166809,0.11011873,-0.040451758000000004,0.27807102,0.20144653,0.23620605,-0.41119385,0.059130356,0.025294818,0.40758267000000004,检查1#变、2变、开闭所有进线、出线地刀在拉开位置。
0.14825439999999998,0.20230103,-0.37301636,0.07525079,-0.0051788166,0.32700092000000003,0.14215088,0.21502686000000001,-0.37374878,0.08107643,-0.016875483,0.32933375,0.14257813,0.23162842,-0.38308716,0.081686035,-0.031026177000000002,0.34087249999999997,0.17388916000000001,0.18399048,-0.41287229999999997,0.052017823000000005,0.018437244000000002,0.37047482,0.17089844,0.18753052,-0.38421629999999996,0.057690576,0.019233681000000002,0.3436684,0.17123413,0.19403076,-0.38290405,0.058064476000000004,0.013696484,0.34290309999999996,0.1609497,0.22647095,-0.3968811,0.072029755,-0.017789759000000002,0.35607708,0.14907837000000002,0.24639893000000002,-0.33792114,0.0861526,-0.034760363,0.29776579999999997,0.18966675,0.19256592,-0.39285278,0.051020056,0.020187177,0.3492315,0.19180298,0.22244263,-0.38345337,0.054710760000000004,-0.0095791295,0.33599147,0.22027588,0.19689941,-0.5105590999999999,0.049113736000000005,0.0082978085,0.44082668,0.20306396000000002,0.06527709999999999,-0.41574097,0.09081973,0.13410604,0.3201484,0.17202759,0.19174194,-0.3934021,0.13494118,0.0041580573,0.28886968,0.17202759,0.19174194,-0.3934021,0.13494118,0.0041580573,0.28886968,0.25909424000000003,0.20397949,-0.55722046,0.060590103000000006,-0.0058836266000000005,0.44999874,0.20953369,0.17111206,-0.4322815,0.11606564,0.039014810000000004,0.33016798,0.21691895,0.028808594000000003,-0.49661255,0.09724702,0.19937909,0.41716602,0.17556763,0.28814697,-0.3166809,0.11011873,-0.040451758000000004,0.27807102,0.20144653,0.23620605,-0.41119385,0.059130356,0.025294818,0.40758267000000004,0.21054077000000002,0.20971679999999998,-0.40997314,0.042850150000000004,0.057613842000000005,0.41837389999999997,检查1#变、2变、开闭所有进线、出线地刀在拉开位置。
0.14215088,0.21502686000000001,-0.37374878,0.08107643,-0.016875483,0.32933375,0.14257813,0.23162842,-0.38308716,0.081686035,-0.031026177000000002,0.34087249999999997,0.17388916000000001,0.18399048,-0.41287229999999997,0.052017823000000005,0.018437244000000002,0.37047482,0.17089844,0.18753052,-0.38421629999999996,0.057690576,0.019233681000000002,0.3436684,0.17123413,0.19403076,-0.38290405,0.058064476000000004,0.013696484,0.34290309999999996,0.1609497,0.22647095,-0.3968811,0.072029755,-0.017789759000000002,0.35607708,0.14907837000000002,0.24639893000000002,-0.33792114,0.0861526,-0.034760363,0.29776579999999997,0.18966675,0.19256592,-0.39285278,0.051020056,0.020187177,0.3492315,0.19180298,0.22244263,-0.38345337,0.054710760000000004,-0.0095791295,0.33599147,0.22027588,0.19689941,-0.5105590999999999,0.049113736000000005,0.0082978085,0.44082668,0.20306396000000002,0.06527709999999999,-0.41574097,0.09081973,0.13410604,0.3201484,0.17202759,0.19174194,-0.3934021,0.13494118,0.0041580573,0.28886968,0.17202759,0.19174194,-0.3934021,0.13494118,0.0041580573,0.28886968,0.25909424000000003,0.20397949,-0.55722046,0.060590103000000006,-0.0058836266000000005,0.44999874,0.20953369,0.17111206,-0.4322815,0.11606564,0.039014810000000004,0.33016798,0.21691895,0.028808594000000003,-0.49661255,0.09724702,0.19937909,0.41716602,0.17556763,0.28814697,-0.3166809,0.11011873,-0.040451758000000004,0.27807102,0.20144653,0.23620605,-0.41119385,0.059130356,0.025294818,0.40758267000000004,0.21054077000000002,0.20971679999999998,-0.40997314,0.042850150000000004,0.057613842000000005,0.41837389999999997,0.25231934,0.368042,-0.23458862,-0.027712137,-0.08880389500000001,0.28291547,检查1#变、2变、开闭所有进线、出线地刀在拉开位置。
0.14257813,0.23162842,-0.38308716,0.081686035,-0.031026177000000002,0.34087249999999997,0.17388916000000001,0.18399048,-0.41287229999999997,0.052017823000000005,0.018437244000000002,0.37047482,0.17089844,0.18753052,-0.38421629999999996,0.057690576,0.019233681000000002,0.3436684,0.17123413,0.19403076,-0.38290405,0.058064476000000004,0.013696484,0.34290309999999996,0.1609497,0.22647095,-0.3968811,0.072029755,-0.017789759000000002,0.35607708,0.14907837000000002,0.24639893000000002,-0.33792114,0.0861526,-0.034760363,0.29776579999999997,0.18966675,0.19256592,-0.39285278,0.051020056,0.020187177,0.3492315,0.19180298,0.22244263,-0.38345337,0.054710760000000004,-0.0095791295,0.33599147,0.22027588,0.19689941,-0.5105590999999999,0.049113736000000005,0.0082978085,0.44082668,0.20306396000000002,0.06527709999999999,-0.41574097,0.09081973,0.13410604,0.3201484,0.17202759,0.19174194,-0.3934021,0.13494118,0.0041580573,0.28886968,0.17202759,0.19174194,-0.3934021,0.13494118,0.0041580573,0.28886968,0.25909424000000003,0.20397949,-0.55722046,0.060590103000000006,-0.0058836266000000005,0.44999874,0.20953369,0.17111206,-0.4322815,0.11606564,0.039014810000000004,0.33016798,0.21691895,0.028808594000000003,-0.49661255,0.09724702,0.19937909,0.41716602,0.17556763,0.28814697,-0.3166809,0.11011873,-0.040451758000000004,0.27807102,0.20144653,0.23620605,-0.41119385,0.059130356,0.025294818,0.40758267000000004,0.21054077000000002,0.20971679999999998,-0.40997314,0.042850150000000004,0.057613842000000005,0.41837389999999997,0.25231934,0.368042,-0.23458862,-0.027712137,-0.08880389500000001,0.28291547,0.26119995,0.25637817,-0.29553223,-0.047010615000000006,0.026872285000000003,0.35758185000000003,检查1#变、2变、开闭所有进线、出线地刀在拉开位置。
0.17388916000000001,0.18399048,-0.41287229999999997,0.052017823000000005,0.018437244000000002,0.37047482,0.17089844,0.18753052,-0.38421629999999996,0.057690576,0.019233681000000002,0.3436684,0.17123413,0.19403076,-0.38290405,0.058064476000000004,0.013696484,0.34290309999999996,0.1609497,0.22647095,-0.3968811,0.072029755,-0.017789759000000002,0.35607708,0.14907837000000002,0.24639893000000002,-0.33792114,0.0861526,-0.034760363,0.29776579999999997,0.18966675,0.19256592,-0.39285278,0.051020056,0.020187177,0.3492315,0.19180298,0.22244263,-0.38345337,0.054710760000000004,-0.0095791295,0.33599147,0.22027588,0.19689941,-0.5105590999999999,0.049113736000000005,0.0082978085,0.44082668,0.20306396000000002,0.06527709999999999,-0.41574097,0.09081973,0.13410604,0.3201484,0.17202759,0.19174194,-0.3934021,0.13494118,0.0041580573,0.28886968,0.17202759,0.19174194,-0.3934021,0.13494118,0.0041580573,0.28886968,0.25909424000000003,0.20397949,-0.55722046,0.060590103000000006,-0.0058836266000000005,0.44999874,0.20953369,0.17111206,-0.4322815,0.11606564,0.039014810000000004,0.33016798,0.21691895,0.028808594000000003,-0.49661255,0.09724702,0.19937909,0.41716602,0.17556763,0.28814697,-0.3166809,0.11011873,-0.040451758000000004,0.27807102,0.20144653,0.23620605,-0.41119385,0.059130356,0.025294818,0.40758267000000004,0.21054077000000002,0.20971679999999998,-0.40997314,0.042850150000000004,0.057613842000000005,0.41837389999999997,0.25231934,0.368042,-0.23458862,-0.027712137,-0.08880389500000001,0.28291547,0.26119995,0.25637817,-0.29553223,-0.047010615000000006,0.026872285000000003,0.35758185000000003,0.25238037,0.26101685,-0.2791443,-0.053751677000000005,0.02838365,0.36554909999999996,检查1#变、2变、开闭所有进线、出线地刀在拉开位置。
0.17089844,0.18753052,-0.38421629999999996,0.057690576,0.019233681000000002,0.3436684,0.17123413,0.19403076,-0.38290405,0.058064476000000004,0.013696484,0.34290309999999996,0.1609497,0.22647095,-0.3968811,0.072029755,-0.017789759000000002,0.35607708,0.14907837000000002,0.24639893000000002,-0.33792114,0.0861526,-0.034760363,0.29776579999999997,0.18966675,0.19256592,-0.39285278,0.051020056,0.020187177,0.3492315,0.19180298,0.22244263,-0.38345337,0.054710760000000004,-0.0095791295,0.33599147,0.22027588,0.19689941,-0.5105590999999999,0.049113736000000005,0.0082978085,0.44082668,0.20306396000000002,0.06527709999999999,-0.41574097,0.09081973,0.13410604,0.3201484,0.17202759,0.19174194,-0.3934021,0.13494118,0.0041580573,0.28886968,0.17202759,0.19174194,-0.3934021,0.13494118,0.0041580573,0.28886968,0.25909424000000003,0.20397949,-0.55722046,0.060590103000000006,-0.0058836266000000005,0.44999874,0.20953369,0.17111206,-0.4322815,0.11606564,0.039014810000000004,0.33016798,0.21691895,0.028808594000000003,-0.49661255,0.09724702,0.19937909,0.41716602,0.17556763,0.28814697,-0.3166809,0.11011873,-0.040451758000000004,0.27807102,0.20144653,0.23620605,-0.41119385,0.059130356,0.025294818,0.40758267000000004,0.21054077000000002,0.20971679999999998,-0.40997314,0.042850150000000004,0.057613842000000005,0.41837389999999997,0.25231934,0.368042,-0.23458862,-0.027712137,-0.08880389500000001,0.28291547,0.26119995,0.25637817,-0.29553223,-0.047010615000000006,0.026872285000000003,0.35758185000000003,0.25238037,0.26101685,-0.2791443,-0.053751677000000005,0.02838365,0.36554909999999996,0.20275879,0.31903076,-0.23080444,-0.017472073,-0.026219718000000003,0.3378372,检查1#变、2变、开闭所有进线、出线地刀在拉开位置。
0.17123413,0.19403076,-0.38290405,0.058064476000000004,0.013696484,0.34290309999999996,0.1609497,0.22647095,-0.3968811,0.072029755,-0.017789759000000002,0.35607708,0.14907837000000002,0.24639893000000002,-0.33792114,0.0861526,-0.034760363,0.29776579999999997,0.18966675,0.19256592,-0.39285278,0.051020056,0.020187177,0.3492315,0.19180298,0.22244263,-0.38345337,0.054710760000000004,-0.0095791295,0.33599147,0.22027588,0.19689941,-0.5105590999999999,0.049113736000000005,0.0082978085,0.44082668,0.20306396000000002,0.06527709999999999,-0.41574097,0.09081973,0.13410604,0.3201484,0.17202759,0.19174194,-0.3934021,0.13494118,0.0041580573,0.28886968,0.17202759,0.19174194,-0.3934021,0.13494118,0.0041580573,0.28886968,0.25909424000000003,0.20397949,-0.55722046,0.060590103000000006,-0.0058836266000000005,0.44999874,0.20953369,0.17111206,-0.4322815,0.11606564,0.039014810000000004,0.33016798,0.21691895,0.028808594000000003,-0.49661255,0.09724702,0.19937909,0.41716602,0.17556763,0.28814697,-0.3166809,0.11011873,-0.040451758000000004,0.27807102,0.20144653,0.23620605,-0.41119385,0.059130356,0.025294818,0.40758267000000004,0.21054077000000002,0.20971679999999998,-0.40997314,0.042850150000000004,0.057613842000000005,0.41837389999999997,0.25231934,0.368042,-0.23458862,-0.027712137,-0.08880389500000001,0.28291547,0.26119995,0.25637817,-0.29553223,-0.047010615000000006,0.026872285000000003,0.35758185000000003,0.25238037,0.26101685,-0.2791443,-0.053751677000000005,0.02838365,0.36554909999999996,0.20275879,0.31903076,-0.23080444,-0.017472073,-0.026219718000000003,0.3378372,0.18933105,0.25802612,-0.25845337,-0.0068179816,0.03635662,0.36995742,检查1#变、2变、开闭所有进线、出线地刀在拉开位置。
0.1609497,0.22647095,-0.3968811,0.072029755,-0.017789759000000002,0.35607708,0.14907837000000002,0.24639893000000002,-0.33792114,0.0861526,-0.034760363,0.29776579999999997,0.18966675,0.19256592,-0.39285278,0.051020056,0.020187177,0.3492315,0.19180298,0.22244263,-0.38345337,0.054710760000000004,-0.0095791295,0.33599147,0.22027588,0.19689941,-0.5105590999999999,0.049113736000000005,0.0082978085,0.44082668,0.20306396000000002,0.06527709999999999,-0.41574097,0.09081973,0.13410604,0.3201484,0.17202759,0.19174194,-0.3934021,0.13494118,0.0041580573,0.28886968,0.17202759,0.19174194,-0.3934021,0.13494118,0.0041580573,0.28886968,0.25909424000000003,0.20397949,-0.55722046,0.060590103000000006,-0.0058836266000000005,0.44999874,0.20953369,0.17111206,-0.4322815,0.11606564,0.039014810000000004,0.33016798,0.21691895,0.028808594000000003,-0.49661255,0.09724702,0.19937909,0.41716602,0.17556763,0.28814697,-0.3166809,0.11011873,-0.040451758000000004,0.27807102,0.20144653,0.23620605,-0.41119385,0.059130356,0.025294818,0.40758267000000004,0.21054077000000002,0.20971679999999998,-0.40997314,0.042850150000000004,0.057613842000000005,0.41837389999999997,0.25231934,0.368042,-0.23458862,-0.027712137,-0.08880389500000001,0.28291547,0.26119995,0.25637817,-0.29553223,-0.047010615000000006,0.026872285000000003,0.35758185000000003,0.25238037,0.26101685,-0.2791443,-0.053751677000000005,0.02838365,0.36554909999999996,0.20275879,0.31903076,-0.23080444,-0.017472073,-0.026219718000000003,0.3378372,0.18933105,0.25802612,-0.25845337,-0.0068179816,0.03635662,0.36995742,0.17913818,0.25064087,-0.24316406000000002,0.0032657385,0.045184337000000005,0.35645935,检查1#变、2变、开闭所有进线、出线地刀在拉开位置。
0.14907837000000002,0.24639893000000002,-0.33792114,0.0861526,-0.034760363,0.29776579999999997,0.18966675,0.19256592,-0.39285278,0.051020056,0.020187177,0.3492315,0.19180298,0.22244263,-0.38345337,0.054710760000000004,-0.0095791295,0.33599147,0.22027588,0.19689941,-0.5105590999999999,0.049113736000000005,0.0082978085,0.44082668,0.20306396000000002,0.06527709999999999,-0.41574097,0.09081973,0.13410604,0.3201484,0.17202759,0.19174194,-0.3934021,0.13494118,0.0041580573,0.28886968,0.17202759,0.19174194,-0.3934021,0.13494118,0.0041580573,0.28886968,0.25909424000000003,0.20397949,-0.55722046,0.060590103000000006,-0.0058836266000000005,0.44999874,0.20953369,0.17111206,-0.4322815,0.11606564,0.039014810000000004,0.33016798,0.21691895,0.028808594000000003,-0.49661255,0.09724702,0.19937909,0.41716602,0.17556763,0.28814697,-0.3166809,0.11011873,-0.040451758000000004,0.27807102,0.20144653,0.23620605,-0.41119385,0.059130356,0.025294818,0.40758267000000004,0.21054077000000002,0.20971679999999998,-0.40997314,0.042850150000000004,0.057613842000000005,0.41837389999999997,0.25231934,0.368042,-0.23458862,-0.027712137,-0.08880389500000001,0.28291547,0.26119995,0.25637817,-0.29553223,-0.047010615000000006,0.026872285000000003,0.35758185000000003,0.25238037,0.26101685,-0.2791443,-0.053751677000000005,0.02838365,0.36554909999999996,0.20275879,0.31903076,-0.23080444,-0.017472073,-0.026219718000000003,0.3378372,0.18933105,0.25802612,-0.25845337,-0.0068179816,0.03635662,0.36995742,0.17913818,0.25064087,-0.24316406000000002,0.0032657385,0.045184337000000005,0.35645935,0.19448853,0.29452515,-0.23773193,-0.017729282000000002,0.0016136244,0.35933542,检查1#变、2变、开闭所有进线、出线地刀在拉开位置。
0.18966675,0.19256592,-0.39285278,0.051020056,0.020187177,0.3492315,0.19180298,0.22244263,-0.38345337,0.054710760000000004,-0.0095791295,0.33599147,0.22027588,0.19689941,-0.5105590999999999,0.049113736000000005,0.0082978085,0.44082668,0.20306396000000002,0.06527709999999999,-0.41574097,0.09081973,0.13410604,0.3201484,0.17202759,0.19174194,-0.3934021,0.13494118,0.0041580573,0.28886968,0.17202759,0.19174194,-0.3934021,0.13494118,0.0041580573,0.28886968,0.25909424000000003,0.20397949,-0.55722046,0.060590103000000006,-0.0058836266000000005,0.44999874,0.20953369,0.17111206,-0.4322815,0.11606564,0.039014810000000004,0.33016798,0.21691895,0.028808594000000003,-0.49661255,0.09724702,0.19937909,0.41716602,0.17556763,0.28814697,-0.3166809,0.11011873,-0.040451758000000004,0.27807102,0.20144653,0.23620605,-0.41119385,0.059130356,0.025294818,0.40758267000000004,0.21054077000000002,0.20971679999999998,-0.40997314,0.042850150000000004,0.057613842000000005,0.41837389999999997,0.25231934,0.368042,-0.23458862,-0.027712137,-0.08880389500000001,0.28291547,0.26119995,0.25637817,-0.29553223,-0.047010615000000006,0.026872285000000003,0.35758185000000003,0.25238037,0.26101685,-0.2791443,-0.053751677000000005,0.02838365,0.36554909999999996,0.20275879,0.31903076,-0.23080444,-0.017472073,-0.026219718000000003,0.3378372,0.18933105,0.25802612,-0.25845337,-0.0068179816,0.03635662,0.36995742,0.17913818,0.25064087,-0.24316406000000002,0.0032657385,0.045184337000000005,0.35645935,0.19448853,0.29452515,-0.23773193,-0.017729282000000002,0.0016136244,0.35933542,0.20822144,0.31036377,-0.25650024,-0.031887144,-0.01177492,0.38352159999999996,检查1#变、2变、开闭所有进线、出线地刀在拉开位置。
0.19180298,0.22244263,-0.38345337,0.054710760000000004,-0.0095791295,0.33599147,0.22027588,0.19689941,-0.5105590999999999,0.049113736000000005,0.0082978085,0.44082668,0.20306396000000002,0.06527709999999999,-0.41574097,0.09081973,0.13410604,0.3201484,0.17202759,0.19174194,-0.3934021,0.13494118,0.0041580573,0.28886968,0.17202759,0.19174194,-0.3934021,0.13494118,0.0041580573,0.28886968,0.25909424000000003,0.20397949,-0.55722046,0.060590103000000006,-0.0058836266000000005,0.44999874,0.20953369,0.17111206,-0.4322815,0.11606564,0.039014810000000004,0.33016798,0.21691895,0.028808594000000003,-0.49661255,0.09724702,0.19937909,0.41716602,0.17556763,0.28814697,-0.3166809,0.11011873,-0.040451758000000004,0.27807102,0.20144653,0.23620605,-0.41119385,0.059130356,0.025294818,0.40758267000000004,0.21054077000000002,0.20971679999999998,-0.40997314,0.042850150000000004,0.057613842000000005,0.41837389999999997,0.25231934,0.368042,-0.23458862,-0.027712137,-0.08880389500000001,0.28291547,0.26119995,0.25637817,-0.29553223,-0.047010615000000006,0.026872285000000003,0.35758185000000003,0.25238037,0.26101685,-0.2791443,-0.053751677000000005,0.02838365,0.36554909999999996,0.20275879,0.31903076,-0.23080444,-0.017472073,-0.026219718000000003,0.3378372,0.18933105,0.25802612,-0.25845337,-0.0068179816,0.03635662,0.36995742,0.17913818,0.25064087,-0.24316406000000002,0.0032657385,0.045184337000000005,0.35645935,0.19448853,0.29452515,-0.23773193,-0.017729282000000002,0.0016136244,0.35933542,0.20822144,0.31036377,-0.25650024,-0.031887144,-0.01177492,0.38352159999999996,0.20770264,0.27929688,-0.22268677,-0.034174338000000005,0.023841403,0.35858548,检查1#变、2变、开闭所有进线、出线地刀在拉开位置。
0.22027588,0.19689941,-0.5105590999999999,0.049113736000000005,0.0082978085,0.44082668,0.20306396000000002,0.06527709999999999,-0.41574097,0.09081973,0.13410604,0.3201484,0.17202759,0.19174194,-0.3934021,0.13494118,0.0041580573,0.28886968,0.17202759,0.19174194,-0.3934021,0.13494118,0.0041580573,0.28886968,0.25909424000000003,0.20397949,-0.55722046,0.060590103000000006,-0.0058836266000000005,0.44999874,0.20953369,0.17111206,-0.4322815,0.11606564,0.039014810000000004,0.33016798,0.21691895,0.028808594000000003,-0.49661255,0.09724702,0.19937909,0.41716602,0.17556763,0.28814697,-0.3166809,0.11011873,-0.040451758000000004,0.27807102,0.20144653,0.23620605,-0.41119385,0.059130356,0.025294818,0.40758267000000004,0.21054077000000002,0.20971679999999998,-0.40997314,0.042850150000000004,0.057613842000000005,0.41837389999999997,0.25231934,0.368042,-0.23458862,-0.027712137,-0.08880389500000001,0.28291547,0.26119995,0.25637817,-0.29553223,-0.047010615000000006,0.026872285000000003,0.35758185000000003,0.25238037,0.26101685,-0.2791443,-0.053751677000000005,0.02838365,0.36554909999999996,0.20275879,0.31903076,-0.23080444,-0.017472073,-0.026219718000000003,0.3378372,0.18933105,0.25802612,-0.25845337,-0.0068179816,0.03635662,0.36995742,0.17913818,0.25064087,-0.24316406000000002,0.0032657385,0.045184337000000005,0.35645935,0.19448853,0.29452515,-0.23773193,-0.017729282000000002,0.0016136244,0.35933542,0.20822144,0.31036377,-0.25650024,-0.031887144,-0.01177492,0.38352159999999996,0.20770264,0.27929688,-0.22268677,-0.034174338000000005,0.023841403,0.35858548,0.22558594,0.2555542,-0.1954956,-0.059092134000000004,0.055178292000000004,0.3516,检查1#变、2变、开闭所有进线、出线地刀在拉开位置。
0.20306396000000002,0.06527709999999999,-0.41574097,0.09081973,0.13410604,0.3201484,0.17202759,0.19174194,-0.3934021,0.13494118,0.0041580573,0.28886968,0.17202759,0.19174194,-0.3934021,0.13494118,0.0041580573,0.28886968,0.25909424000000003,0.20397949,-0.55722046,0.060590103000000006,-0.0058836266000000005,0.44999874,0.20953369,0.17111206,-0.4322815,0.11606564,0.039014810000000004,0.33016798,0.21691895,0.028808594000000003,-0.49661255,0.09724702,0.19937909,0.41716602,0.17556763,0.28814697,-0.3166809,0.11011873,-0.040451758000000004,0.27807102,0.20144653,0.23620605,-0.41119385,0.059130356,0.025294818,0.40758267000000004,0.21054077000000002,0.20971679999999998,-0.40997314,0.042850150000000004,0.057613842000000005,0.41837389999999997,0.25231934,0.368042,-0.23458862,-0.027712137,-0.08880389500000001,0.28291547,0.26119995,0.25637817,-0.29553223,-0.047010615000000006,0.026872285000000003,0.35758185000000003,0.25238037,0.26101685,-0.2791443,-0.053751677000000005,0.02838365,0.36554909999999996,0.20275879,0.31903076,-0.23080444,-0.017472073,-0.026219718000000003,0.3378372,0.18933105,0.25802612,-0.25845337,-0.0068179816,0.03635662,0.36995742,0.17913818,0.25064087,-0.24316406000000002,0.0032657385,0.045184337000000005,0.35645935,0.19448853,0.29452515,-0.23773193,-0.017729282000000002,0.0016136244,0.35933542,0.20822144,0.31036377,-0.25650024,-0.031887144,-0.01177492,0.38352159999999996,0.20770264,0.27929688,-0.22268677,-0.034174338000000005,0.023841403,0.35858548,0.22558594,0.2555542,-0.1954956,-0.059092134000000004,0.055178292000000004,0.3516,0.19692993,0.31643677000000003,-0.14474487,-0.02893579,-0.0035057590000000002,0.30370003,检查1#变、2变、开闭所有进线、出线地刀在拉开位置。
0.17202759,0.19174194,-0.3934021,0.13494118,0.0041580573,0.28886968,0.17202759,0.19174194,-0.3934021,0.13494118,0.0041580573,0.28886968,0.25909424000000003,0.20397949,-0.55722046,0.060590103000000006,-0.0058836266000000005,0.44999874,0.20953369,0.17111206,-0.4322815,0.11606564,0.039014810000000004,0.33016798,0.21691895,0.028808594000000003,-0.49661255,0.09724702,0.19937909,0.41716602,0.17556763,0.28814697,-0.3166809,0.11011873,-0.040451758000000004,0.27807102,0.20144653,0.23620605,-0.41119385,0.059130356,0.025294818,0.40758267000000004,0.21054077000000002,0.20971679999999998,-0.40997314,0.042850150000000004,0.057613842000000005,0.41837389999999997,0.25231934,0.368042,-0.23458862,-0.027712137,-0.08880389500000001,0.28291547,0.26119995,0.25637817,-0.29553223,-0.047010615000000006,0.026872285000000003,0.35758185000000003,0.25238037,0.26101685,-0.2791443,-0.053751677000000005,0.02838365,0.36554909999999996,0.20275879,0.31903076,-0.23080444,-0.017472073,-0.026219718000000003,0.3378372,0.18933105,0.25802612,-0.25845337,-0.0068179816,0.03635662,0.36995742,0.17913818,0.25064087,-0.24316406000000002,0.0032657385,0.045184337000000005,0.35645935,0.19448853,0.29452515,-0.23773193,-0.017729282000000002,0.0016136244,0.35933542,0.20822144,0.31036377,-0.25650024,-0.031887144,-0.01177492,0.38352159999999996,0.20770264,0.27929688,-0.22268677,-0.034174338000000005,0.023841403,0.35858548,0.22558594,0.2555542,-0.1954956,-0.059092134000000004,0.055178292000000004,0.3516,0.19692993,0.31643677000000003,-0.14474487,-0.02893579,-0.0035057590000000002,0.30370003,0.17071533,0.36257935,-0.10952759000000001,-0.0065525174,-0.047074027000000004,0.27914476,检查1#变、2变、开闭所有进线、出线地刀在拉开位置。
0.17202759,0.19174194,-0.3934021,0.13494118,0.0041580573,0.28886968,0.25909424000000003,0.20397949,-0.55722046,0.060590103000000006,-0.0058836266000000005,0.44999874,0.20953369,0.17111206,-0.4322815,0.11606564,0.039014810000000004,0.33016798,0.21691895,0.028808594000000003,-0.49661255,0.09724702,0.19937909,0.41716602,0.17556763,0.28814697,-0.3166809,0.11011873,-0.040451758000000004,0.27807102,0.20144653,0.23620605,-0.41119385,0.059130356,0.025294818,0.40758267000000004,0.21054077000000002,0.20971679999999998,-0.40997314,0.042850150000000004,0.057613842000000005,0.41837389999999997,0.25231934,0.368042,-0.23458862,-0.027712137,-0.08880389500000001,0.28291547,0.26119995,0.25637817,-0.29553223,-0.047010615000000006,0.026872285000000003,0.35758185000000003,0.25238037,0.26101685,-0.2791443,-0.053751677000000005,0.02838365,0.36554909999999996,0.20275879,0.31903076,-0.23080444,-0.017472073,-0.026219718000000003,0.3378372,0.18933105,0.25802612,-0.25845337,-0.0068179816,0.03635662,0.36995742,0.17913818,0.25064087,-0.24316406000000002,0.0032657385,0.045184337000000005,0.35645935,0.19448853,0.29452515,-0.23773193,-0.017729282000000002,0.0016136244,0.35933542,0.20822144,0.31036377,-0.25650024,-0.031887144,-0.01177492,0.38352159999999996,0.20770264,0.27929688,-0.22268677,-0.034174338000000005,0.023841403,0.35858548,0.22558594,0.2555542,-0.1954956,-0.059092134000000004,0.055178292000000004,0.3516,0.19692993,0.31643677000000003,-0.14474487,-0.02893579,-0.0035057590000000002,0.30370003,0.17071533,0.36257935,-0.10952759000000001,-0.0065525174,-0.047074027000000004,0.27914476,0.15368652,0.37863159999999996,-0.055389404,0.013209283,-0.06014801,0.225797,检查1#变、2变、开闭所有进线、出线地刀在拉开位置。
0.25909424000000003,0.20397949,-0.55722046,0.060590103000000006,-0.0058836266000000005,0.44999874,0.20953369,0.17111206,-0.4322815,0.11606564,0.039014810000000004,0.33016798,0.21691895,0.028808594000000003,-0.49661255,0.09724702,0.19937909,0.41716602,0.17556763,0.28814697,-0.3166809,0.11011873,-0.040451758000000004,0.27807102,0.20144653,0.23620605,-0.41119385,0.059130356,0.025294818,0.40758267000000004,0.21054077000000002,0.20971679999999998,-0.40997314,0.042850150000000004,0.057613842000000005,0.41837389999999997,0.25231934,0.368042,-0.23458862,-0.027712137,-0.08880389500000001,0.28291547,0.26119995,0.25637817,-0.29553223,-0.047010615000000006,0.026872285000000003,0.35758185000000003,0.25238037,0.26101685,-0.2791443,-0.053751677000000005,0.02838365,0.36554909999999996,0.20275879,0.31903076,-0.23080444,-0.017472073,-0.026219718000000003,0.3378372,0.18933105,0.25802612,-0.25845337,-0.0068179816,0.03635662,0.36995742,0.17913818,0.25064087,-0.24316406000000002,0.0032657385,0.045184337000000005,0.35645935,0.19448853,0.29452515,-0.23773193,-0.017729282000000002,0.0016136244,0.35933542,0.20822144,0.31036377,-0.25650024,-0.031887144,-0.01177492,0.38352159999999996,0.20770264,0.27929688,-0.22268677,-0.034174338000000005,0.023841403,0.35858548,0.22558594,0.2555542,-0.1954956,-0.059092134000000004,0.055178292000000004,0.3516,0.19692993,0.31643677000000003,-0.14474487,-0.02893579,-0.0035057590000000002,0.30370003,0.17071533,0.36257935,-0.10952759000000001,-0.0065525174,-0.047074027000000004,0.27914476,0.15368652,0.37863159999999996,-0.055389404,0.013209283,-0.06014801,0.225797,0.1413269,0.59280396,-0.06591797,0.063323066,-0.24510485,0.25040412,检查1#变、2变、开闭所有进线、出线地刀在拉开位置。
0.20953369,0.17111206,-0.4322815,0.11606564,0.039014810000000004,0.33016798,0.21691895,0.028808594000000003,-0.49661255,0.09724702,0.19937909,0.41716602,0.17556763,0.28814697,-0.3166809,0.11011873,-0.040451758000000004,0.27807102,0.20144653,0.23620605,-0.41119385,0.059130356,0.025294818,0.40758267000000004,0.21054077000000002,0.20971679999999998,-0.40997314,0.042850150000000004,0.057613842000000005,0.41837389999999997,0.25231934,0.368042,-0.23458862,-0.027712137,-0.08880389500000001,0.28291547,0.26119995,0.25637817,-0.29553223,-0.047010615000000006,0.026872285000000003,0.35758185000000003,0.25238037,0.26101685,-0.2791443,-0.053751677000000005,0.02838365,0.36554909999999996,0.20275879,0.31903076,-0.23080444,-0.017472073,-0.026219718000000003,0.3378372,0.18933105,0.25802612,-0.25845337,-0.0068179816,0.03635662,0.36995742,0.17913818,0.25064087,-0.24316406000000002,0.0032657385,0.045184337000000005,0.35645935,0.19448853,0.29452515,-0.23773193,-0.017729282000000002,0.0016136244,0.35933542,0.20822144,0.31036377,-0.25650024,-0.031887144,-0.01177492,0.38352159999999996,0.20770264,0.27929688,-0.22268677,-0.034174338000000005,0.023841403,0.35858548,0.22558594,0.2555542,-0.1954956,-0.059092134000000004,0.055178292000000004,0.3516,0.19692993,0.31643677000000003,-0.14474487,-0.02893579,-0.0035057590000000002,0.30370003,0.17071533,0.36257935,-0.10952759000000001,-0.0065525174,-0.047074027000000004,0.27914476,0.15368652,0.37863159999999996,-0.055389404,0.013209283,-0.06014801,0.225797,0.1413269,0.59280396,-0.06591797,0.063323066,-0.24510485,0.25040412,0.34854126,-0.50305176,-0.3093872,-0.17378137,0.8745162999999999,0.5489794,检查1#变、2变、开闭所有进线、出线地刀在拉开位置。
0.21691895,0.028808594000000003,-0.49661255,0.09724702,0.19937909,0.41716602,0.17556763,0.28814697,-0.3166809,0.11011873,-0.040451758000000004,0.27807102,0.20144653,0.23620605,-0.41119385,0.059130356,0.025294818,0.40758267000000004,0.21054077000000002,0.20971679999999998,-0.40997314,0.042850150000000004,0.057613842000000005,0.41837389999999997,0.25231934,0.368042,-0.23458862,-0.027712137,-0.08880389500000001,0.28291547,0.26119995,0.25637817,-0.29553223,-0.047010615000000006,0.026872285000000003,0.35758185000000003,0.25238037,0.26101685,-0.2791443,-0.053751677000000005,0.02838365,0.36554909999999996,0.20275879,0.31903076,-0.23080444,-0.017472073,-0.026219718000000003,0.3378372,0.18933105,0.25802612,-0.25845337,-0.0068179816,0.03635662,0.36995742,0.17913818,0.25064087,-0.24316406000000002,0.0032657385,0.045184337000000005,0.35645935,0.19448853,0.29452515,-0.23773193,-0.017729282000000002,0.0016136244,0.35933542,0.20822144,0.31036377,-0.25650024,-0.031887144,-0.01177492,0.38352159999999996,0.20770264,0.27929688,-0.22268677,-0.034174338000000005,0.023841403,0.35858548,0.22558594,0.2555542,-0.1954956,-0.059092134000000004,0.055178292000000004,0.3516,0.19692993,0.31643677000000003,-0.14474487,-0.02893579,-0.0035057590000000002,0.30370003,0.17071533,0.36257935,-0.10952759000000001,-0.0065525174,-0.047074027000000004,0.27914476,0.15368652,0.37863159999999996,-0.055389404,0.013209283,-0.06014801,0.225797,0.1413269,0.59280396,-0.06591797,0.063323066,-0.24510485,0.25040412,0.34854126,-0.50305176,-0.3093872,-0.17378137,0.8745162999999999,0.5489794,0.10952759000000001,0.37338257,0.011657715,0.052525908,-0.0045079812,0.27684033,检查1#变、2变、开闭所有进线、出线地刀在拉开位置。
0.17556763,0.28814697,-0.3166809,0.11011873,-0.040451758000000004,0.27807102,0.20144653,0.23620605,-0.41119385,0.059130356,0.025294818,0.40758267000000004,0.21054077000000002,0.20971679999999998,-0.40997314,0.042850150000000004,0.057613842000000005,0.41837389999999997,0.25231934,0.368042,-0.23458862,-0.027712137,-0.08880389500000001,0.28291547,0.26119995,0.25637817,-0.29553223,-0.047010615000000006,0.026872285000000003,0.35758185000000003,0.25238037,0.26101685,-0.2791443,-0.053751677000000005,0.02838365,0.36554909999999996,0.20275879,0.31903076,-0.23080444,-0.017472073,-0.026219718000000003,0.3378372,0.18933105,0.25802612,-0.25845337,-0.0068179816,0.03635662,0.36995742,0.17913818,0.25064087,-0.24316406000000002,0.0032657385,0.045184337000000005,0.35645935,0.19448853,0.29452515,-0.23773193,-0.017729282000000002,0.0016136244,0.35933542,0.20822144,0.31036377,-0.25650024,-0.031887144,-0.01177492,0.38352159999999996,0.20770264,0.27929688,-0.22268677,-0.034174338000000005,0.023841403,0.35858548,0.22558594,0.2555542,-0.1954956,-0.059092134000000004,0.055178292000000004,0.3516,0.19692993,0.31643677000000003,-0.14474487,-0.02893579,-0.0035057590000000002,0.30370003,0.17071533,0.36257935,-0.10952759000000001,-0.0065525174,-0.047074027000000004,0.27914476,0.15368652,0.37863159999999996,-0.055389404,0.013209283,-0.06014801,0.225797,0.1413269,0.59280396,-0.06591797,0.063323066,-0.24510485,0.25040412,0.34854126,-0.50305176,-0.3093872,-0.17378137,0.8745162999999999,0.5489794,0.10952759000000001,0.37338257,0.011657715,0.052525908,-0.0045079812,0.27684033,0.031188965000000003,0.23318481,0.11318969999999999,0.10147913,0.12927794,0.20630369,检查1#变、2变、开闭所有进线、出线地刀在拉开位置。
0.20144653,0.23620605,-0.41119385,0.059130356,0.025294818,0.40758267000000004,0.21054077000000002,0.20971679999999998,-0.40997314,0.042850150000000004,0.057613842000000005,0.41837389999999997,0.25231934,0.368042,-0.23458862,-0.027712137,-0.08880389500000001,0.28291547,0.26119995,0.25637817,-0.29553223,-0.047010615000000006,0.026872285000000003,0.35758185000000003,0.25238037,0.26101685,-0.2791443,-0.053751677000000005,0.02838365,0.36554909999999996,0.20275879,0.31903076,-0.23080444,-0.017472073,-0.026219718000000003,0.3378372,0.18933105,0.25802612,-0.25845337,-0.0068179816,0.03635662,0.36995742,0.17913818,0.25064087,-0.24316406000000002,0.0032657385,0.045184337000000005,0.35645935,0.19448853,0.29452515,-0.23773193,-0.017729282000000002,0.0016136244,0.35933542,0.20822144,0.31036377,-0.25650024,-0.031887144,-0.01177492,0.38352159999999996,0.20770264,0.27929688,-0.22268677,-0.034174338000000005,0.023841403,0.35858548,0.22558594,0.2555542,-0.1954956,-0.059092134000000004,0.055178292000000004,0.3516,0.19692993,0.31643677000000003,-0.14474487,-0.02893579,-0.0035057590000000002,0.30370003,0.17071533,0.36257935,-0.10952759000000001,-0.0065525174,-0.047074027000000004,0.27914476,0.15368652,0.37863159999999996,-0.055389404,0.013209283,-0.06014801,0.225797,0.1413269,0.59280396,-0.06591797,0.063323066,-0.24510485,0.25040412,0.34854126,-0.50305176,-0.3093872,-0.17378137,0.8745162999999999,0.5489794,0.10952759000000001,0.37338257,0.011657715,0.052525908,-0.0045079812,0.27684033,0.031188965000000003,0.23318481,0.11318969999999999,0.10147913,0.12927794,0.20630369,0.09213257,0.46411133,0.036590576,0.0023527741000000002,-0.12637752,0.3198467,检查1#变、2变、开闭所有进线、出线地刀在拉开位置。
0.21054077000000002,0.20971679999999998,-0.40997314,0.042850150000000004,0.057613842000000005,0.41837389999999997,0.25231934,0.368042,-0.23458862,-0.027712137,-0.08880389500000001,0.28291547,0.26119995,0.25637817,-0.29553223,-0.047010615000000006,0.026872285000000003,0.35758185000000003,0.25238037,0.26101685,-0.2791443,-0.053751677000000005,0.02838365,0.36554909999999996,0.20275879,0.31903076,-0.23080444,-0.017472073,-0.026219718000000003,0.3378372,0.18933105,0.25802612,-0.25845337,-0.0068179816,0.03635662,0.36995742,0.17913818,0.25064087,-0.24316406000000002,0.0032657385,0.045184337000000005,0.35645935,0.19448853,0.29452515,-0.23773193,-0.017729282000000002,0.0016136244,0.35933542,0.20822144,0.31036377,-0.25650024,-0.031887144,-0.01177492,0.38352159999999996,0.20770264,0.27929688,-0.22268677,-0.034174338000000005,0.023841403,0.35858548,0.22558594,0.2555542,-0.1954956,-0.059092134000000004,0.055178292000000004,0.3516,0.19692993,0.31643677000000003,-0.14474487,-0.02893579,-0.0035057590000000002,0.30370003,0.17071533,0.36257935,-0.10952759000000001,-0.0065525174,-0.047074027000000004,0.27914476,0.15368652,0.37863159999999996,-0.055389404,0.013209283,-0.06014801,0.225797,0.1413269,0.59280396,-0.06591797,0.063323066,-0.24510485,0.25040412,0.34854126,-0.50305176,-0.3093872,-0.17378137,0.8745162999999999,0.5489794,0.10952759000000001,0.37338257,0.011657715,0.052525908,-0.0045079812,0.27684033,0.031188965000000003,0.23318481,0.11318969999999999,0.10147913,0.12927794,0.20630369,0.09213257,0.46411133,0.036590576,0.0023527741000000002,-0.12637752,0.3198467,0.24353027,0.3442688,-0.034179688,-0.16662315,-0.022829197000000002,0.37900758,检查1#变、2变、开闭所有进线、出线地刀在拉开位置。
0.25231934,0.368042,-0.23458862,-0.027712137,-0.08880389500000001,0.28291547,0.26119995,0.25637817,-0.29553223,-0.047010615000000006,0.026872285000000003,0.35758185000000003,0.25238037,0.26101685,-0.2791443,-0.053751677000000005,0.02838365,0.36554909999999996,0.20275879,0.31903076,-0.23080444,-0.017472073,-0.026219718000000003,0.3378372,0.18933105,0.25802612,-0.25845337,-0.0068179816,0.03635662,0.36995742,0.17913818,0.25064087,-0.24316406000000002,0.0032657385,0.045184337000000005,0.35645935,0.19448853,0.29452515,-0.23773193,-0.017729282000000002,0.0016136244,0.35933542,0.20822144,0.31036377,-0.25650024,-0.031887144,-0.01177492,0.38352159999999996,0.20770264,0.27929688,-0.22268677,-0.034174338000000005,0.023841403,0.35858548,0.22558594,0.2555542,-0.1954956,-0.059092134000000004,0.055178292000000004,0.3516,0.19692993,0.31643677000000003,-0.14474487,-0.02893579,-0.0035057590000000002,0.30370003,0.17071533,0.36257935,-0.10952759000000001,-0.0065525174,-0.047074027000000004,0.27914476,0.15368652,0.37863159999999996,-0.055389404,0.013209283,-0.06014801,0.225797,0.1413269,0.59280396,-0.06591797,0.063323066,-0.24510485,0.25040412,0.34854126,-0.50305176,-0.3093872,-0.17378137,0.8745162999999999,0.5489794,0.10952759000000001,0.37338257,0.011657715,0.052525908,-0.0045079812,0.27684033,0.031188965000000003,0.23318481,0.11318969999999999,0.10147913,0.12927794,0.20630369,0.09213257,0.46411133,0.036590576,0.0023527741000000002,-0.12637752,0.3198467,0.24353027,0.3442688,-0.034179688,-0.16662315,-0.022829197000000002,0.37900758,0.3081665,0.2354126,-0.06414795,-0.23624502,0.073166795,0.3763641,检查1#变、2变、开闭所有进线、出线地刀在拉开位置。
0.26119995,0.25637817,-0.29553223,-0.047010615000000006,0.026872285000000003,0.35758185000000003,0.25238037,0.26101685,-0.2791443,-0.053751677000000005,0.02838365,0.36554909999999996,0.20275879,0.31903076,-0.23080444,-0.017472073,-0.026219718000000003,0.3378372,0.18933105,0.25802612,-0.25845337,-0.0068179816,0.03635662,0.36995742,0.17913818,0.25064087,-0.24316406000000002,0.0032657385,0.045184337000000005,0.35645935,0.19448853,0.29452515,-0.23773193,-0.017729282000000002,0.0016136244,0.35933542,0.20822144,0.31036377,-0.25650024,-0.031887144,-0.01177492,0.38352159999999996,0.20770264,0.27929688,-0.22268677,-0.034174338000000005,0.023841403,0.35858548,0.22558594,0.2555542,-0.1954956,-0.059092134000000004,0.055178292000000004,0.3516,0.19692993,0.31643677000000003,-0.14474487,-0.02893579,-0.0035057590000000002,0.30370003,0.17071533,0.36257935,-0.10952759000000001,-0.0065525174,-0.047074027000000004,0.27914476,0.15368652,0.37863159999999996,-0.055389404,0.013209283,-0.06014801,0.225797,0.1413269,0.59280396,-0.06591797,0.063323066,-0.24510485,0.25040412,0.34854126,-0.50305176,-0.3093872,-0.17378137,0.8745162999999999,0.5489794,0.10952759000000001,0.37338257,0.011657715,0.052525908,-0.0045079812,0.27684033,0.031188965000000003,0.23318481,0.11318969999999999,0.10147913,0.12927794,0.20630369,0.09213257,0.46411133,0.036590576,0.0023527741000000002,-0.12637752,0.3198467,0.24353027,0.3442688,-0.034179688,-0.16662315,-0.022829197000000002,0.37900758,0.3081665,0.2354126,-0.06414795,-0.23624502,0.073166795,0.3763641,0.29296875,0.2749939,-0.046905518,-0.23522235,0.01568956,0.34684736,检查1#变、2变、开闭所有进线、出线地刀在拉开位置。
0.25238037,0.26101685,-0.2791443,-0.053751677000000005,0.02838365,0.36554909999999996,0.20275879,0.31903076,-0.23080444,-0.017472073,-0.026219718000000003,0.3378372,0.18933105,0.25802612,-0.25845337,-0.0068179816,0.03635662,0.36995742,0.17913818,0.25064087,-0.24316406000000002,0.0032657385,0.045184337000000005,0.35645935,0.19448853,0.29452515,-0.23773193,-0.017729282000000002,0.0016136244,0.35933542,0.20822144,0.31036377,-0.25650024,-0.031887144,-0.01177492,0.38352159999999996,0.20770264,0.27929688,-0.22268677,-0.034174338000000005,0.023841403,0.35858548,0.22558594,0.2555542,-0.1954956,-0.059092134000000004,0.055178292000000004,0.3516,0.19692993,0.31643677000000003,-0.14474487,-0.02893579,-0.0035057590000000002,0.30370003,0.17071533,0.36257935,-0.10952759000000001,-0.0065525174,-0.047074027000000004,0.27914476,0.15368652,0.37863159999999996,-0.055389404,0.013209283,-0.06014801,0.225797,0.1413269,0.59280396,-0.06591797,0.063323066,-0.24510485,0.25040412,0.34854126,-0.50305176,-0.3093872,-0.17378137,0.8745162999999999,0.5489794,0.10952759000000001,0.37338257,0.011657715,0.052525908,-0.0045079812,0.27684033,0.031188965000000003,0.23318481,0.11318969999999999,0.10147913,0.12927794,0.20630369,0.09213257,0.46411133,0.036590576,0.0023527741000000002,-0.12637752,0.3198467,0.24353027,0.3442688,-0.034179688,-0.16662315,-0.022829197000000002,0.37900758,0.3081665,0.2354126,-0.06414795,-0.23624502,0.073166795,0.3763641,0.29296875,0.2749939,-0.046905518,-0.23522235,0.01568956,0.34684736,0.25631714,0.35421753,-0.0005493164,-0.20979585,-0.07773916,0.29427397,检查1#变、2变、开闭所有进线、出线地刀在拉开位置。
0.20275879,0.31903076,-0.23080444,-0.017472073,-0.026219718000000003,0.3378372,0.18933105,0.25802612,-0.25845337,-0.0068179816,0.03635662,0.36995742,0.17913818,0.25064087,-0.24316406000000002,0.0032657385,0.045184337000000005,0.35645935,0.19448853,0.29452515,-0.23773193,-0.017729282000000002,0.0016136244,0.35933542,0.20822144,0.31036377,-0.25650024,-0.031887144,-0.01177492,0.38352159999999996,0.20770264,0.27929688,-0.22268677,-0.034174338000000005,0.023841403,0.35858548,0.22558594,0.2555542,-0.1954956,-0.059092134000000004,0.055178292000000004,0.3516,0.19692993,0.31643677000000003,-0.14474487,-0.02893579,-0.0035057590000000002,0.30370003,0.17071533,0.36257935,-0.10952759000000001,-0.0065525174,-0.047074027000000004,0.27914476,0.15368652,0.37863159999999996,-0.055389404,0.013209283,-0.06014801,0.225797,0.1413269,0.59280396,-0.06591797,0.063323066,-0.24510485,0.25040412,0.34854126,-0.50305176,-0.3093872,-0.17378137,0.8745162999999999,0.5489794,0.10952759000000001,0.37338257,0.011657715,0.052525908,-0.0045079812,0.27684033,0.031188965000000003,0.23318481,0.11318969999999999,0.10147913,0.12927794,0.20630369,0.09213257,0.46411133,0.036590576,0.0023527741000000002,-0.12637752,0.3198467,0.24353027,0.3442688,-0.034179688,-0.16662315,-0.022829197000000002,0.37900758,0.3081665,0.2354126,-0.06414795,-0.23624502,0.073166795,0.3763641,0.29296875,0.2749939,-0.046905518,-0.23522235,0.01568956,0.34684736,0.25631714,0.35421753,-0.0005493164,-0.20979585,-0.07773916,0.29427397,0.22488403,0.36761475,0.01159668,-0.18823129,-0.10533806,0.27159,检查1#变、2变、开闭所有进线、出线地刀在拉开位置。
0.18933105,0.25802612,-0.25845337,-0.0068179816,0.03635662,0.36995742,0.17913818,0.25064087,-0.24316406000000002,0.0032657385,0.045184337000000005,0.35645935,0.19448853,0.29452515,-0.23773193,-0.017729282000000002,0.0016136244,0.35933542,0.20822144,0.31036377,-0.25650024,-0.031887144,-0.01177492,0.38352159999999996,0.20770264,0.27929688,-0.22268677,-0.034174338000000005,0.023841403,0.35858548,0.22558594,0.2555542,-0.1954956,-0.059092134000000004,0.055178292000000004,0.3516,0.19692993,0.31643677000000003,-0.14474487,-0.02893579,-0.0035057590000000002,0.30370003,0.17071533,0.36257935,-0.10952759000000001,-0.0065525174,-0.047074027000000004,0.27914476,0.15368652,0.37863159999999996,-0.055389404,0.013209283,-0.06014801,0.225797,0.1413269,0.59280396,-0.06591797,0.063323066,-0.24510485,0.25040412,0.34854126,-0.50305176,-0.3093872,-0.17378137,0.8745162999999999,0.5489794,0.10952759000000001,0.37338257,0.011657715,0.052525908,-0.0045079812,0.27684033,0.031188965000000003,0.23318481,0.11318969999999999,0.10147913,0.12927794,0.20630369,0.09213257,0.46411133,0.036590576,0.0023527741000000002,-0.12637752,0.3198467,0.24353027,0.3442688,-0.034179688,-0.16662315,-0.022829197000000002,0.37900758,0.3081665,0.2354126,-0.06414795,-0.23624502,0.073166795,0.3763641,0.29296875,0.2749939,-0.046905518,-0.23522235,0.01568956,0.34684736,0.25631714,0.35421753,-0.0005493164,-0.20979585,-0.07773916,0.29427397,0.22488403,0.36761475,0.01159668,-0.18823129,-0.10533806,0.27159,0.18991089,0.38858032000000003,0.0023498535,-0.15371597,-0.13233212,0.26978475,检查1#变、2变、开闭所有进线、出线地刀在拉开位置。
0.17913818,0.25064087,-0.24316406000000002,0.0032657385,0.045184337000000005,0.35645935,0.19448853,0.29452515,-0.23773193,-0.017729282000000002,0.0016136244,0.35933542,0.20822144,0.31036377,-0.25650024,-0.031887144,-0.01177492,0.38352159999999996,0.20770264,0.27929688,-0.22268677,-0.034174338000000005,0.023841403,0.35858548,0.22558594,0.2555542,-0.1954956,-0.059092134000000004,0.055178292000000004,0.3516,0.19692993,0.31643677000000003,-0.14474487,-0.02893579,-0.0035057590000000002,0.30370003,0.17071533,0.36257935,-0.10952759000000001,-0.0065525174,-0.047074027000000004,0.27914476,0.15368652,0.37863159999999996,-0.055389404,0.013209283,-0.06014801,0.225797,0.1413269,0.59280396,-0.06591797,0.063323066,-0.24510485,0.25040412,0.34854126,-0.50305176,-0.3093872,-0.17378137,0.8745162999999999,0.5489794,0.10952759000000001,0.37338257,0.011657715,0.052525908,-0.0045079812,0.27684033,0.031188965000000003,0.23318481,0.11318969999999999,0.10147913,0.12927794,0.20630369,0.09213257,0.46411133,0.036590576,0.0023527741000000002,-0.12637752,0.3198467,0.24353027,0.3442688,-0.034179688,-0.16662315,-0.022829197000000002,0.37900758,0.3081665,0.2354126,-0.06414795,-0.23624502,0.073166795,0.3763641,0.29296875,0.2749939,-0.046905518,-0.23522235,0.01568956,0.34684736,0.25631714,0.35421753,-0.0005493164,-0.20979585,-0.07773916,0.29427397,0.22488403,0.36761475,0.01159668,-0.18823129,-0.10533806,0.27159,0.18991089,0.38858032000000003,0.0023498535,-0.15371597,-0.13233212,0.26978475,0.12228393600000001,0.22177124,0.06484985,-0.08076972,0.0342182,0.18537486,检查1#变、2变、开闭所有进线、出线地刀在拉开位置。
0.19448853,0.29452515,-0.23773193,-0.017729282000000002,0.0016136244,0.35933542,0.20822144,0.31036377,-0.25650024,-0.031887144,-0.01177492,0.38352159999999996,0.20770264,0.27929688,-0.22268677,-0.034174338000000005,0.023841403,0.35858548,0.22558594,0.2555542,-0.1954956,-0.059092134000000004,0.055178292000000004,0.3516,0.19692993,0.31643677000000003,-0.14474487,-0.02893579,-0.0035057590000000002,0.30370003,0.17071533,0.36257935,-0.10952759000000001,-0.0065525174,-0.047074027000000004,0.27914476,0.15368652,0.37863159999999996,-0.055389404,0.013209283,-0.06014801,0.225797,0.1413269,0.59280396,-0.06591797,0.063323066,-0.24510485,0.25040412,0.34854126,-0.50305176,-0.3093872,-0.17378137,0.8745162999999999,0.5489794,0.10952759000000001,0.37338257,0.011657715,0.052525908,-0.0045079812,0.27684033,0.031188965000000003,0.23318481,0.11318969999999999,0.10147913,0.12927794,0.20630369,0.09213257,0.46411133,0.036590576,0.0023527741000000002,-0.12637752,0.3198467,0.24353027,0.3442688,-0.034179688,-0.16662315,-0.022829197000000002,0.37900758,0.3081665,0.2354126,-0.06414795,-0.23624502,0.073166795,0.3763641,0.29296875,0.2749939,-0.046905518,-0.23522235,0.01568956,0.34684736,0.25631714,0.35421753,-0.0005493164,-0.20979585,-0.07773916,0.29427397,0.22488403,0.36761475,0.01159668,-0.18823129,-0.10533806,0.27159,0.18991089,0.38858032000000003,0.0023498535,-0.15371597,-0.13233212,0.26978475,0.12228393600000001,0.22177124,0.06484985,-0.08076972,0.0342182,0.18537486,0.09719849,0.3486023,-0.0029296875,-0.047550023000000004,-0.089503415,0.2514199,检查1#变、2变、开闭所有进线、出线地刀在拉开位置。
0.20822144,0.31036377,-0.25650024,-0.031887144,-0.01177492,0.38352159999999996,0.20770264,0.27929688,-0.22268677,-0.034174338000000005,0.023841403,0.35858548,0.22558594,0.2555542,-0.1954956,-0.059092134000000004,0.055178292000000004,0.3516,0.19692993,0.31643677000000003,-0.14474487,-0.02893579,-0.0035057590000000002,0.30370003,0.17071533,0.36257935,-0.10952759000000001,-0.0065525174,-0.047074027000000004,0.27914476,0.15368652,0.37863159999999996,-0.055389404,0.013209283,-0.06014801,0.225797,0.1413269,0.59280396,-0.06591797,0.063323066,-0.24510485,0.25040412,0.34854126,-0.50305176,-0.3093872,-0.17378137,0.8745162999999999,0.5489794,0.10952759000000001,0.37338257,0.011657715,0.052525908,-0.0045079812,0.27684033,0.031188965000000003,0.23318481,0.11318969999999999,0.10147913,0.12927794,0.20630369,0.09213257,0.46411133,0.036590576,0.0023527741000000002,-0.12637752,0.3198467,0.24353027,0.3442688,-0.034179688,-0.16662315,-0.022829197000000002,0.37900758,0.3081665,0.2354126,-0.06414795,-0.23624502,0.073166795,0.3763641,0.29296875,0.2749939,-0.046905518,-0.23522235,0.01568956,0.34684736,0.25631714,0.35421753,-0.0005493164,-0.20979585,-0.07773916,0.29427397,0.22488403,0.36761475,0.01159668,-0.18823129,-0.10533806,0.27159,0.18991089,0.38858032000000003,0.0023498535,-0.15371597,-0.13233212,0.26978475,0.12228393600000001,0.22177124,0.06484985,-0.08076972,0.0342182,0.18537486,0.09719849,0.3486023,-0.0029296875,-0.047550023000000004,-0.089503415,0.2514199,0.0791626,0.29611206,-0.042877197000000006,-0.024394989000000002,-0.031919338000000005,0.2905359,检查1#变、2变、开闭所有进线、出线地刀在拉开位置。
0.20770264,0.27929688,-0.22268677,-0.034174338000000005,0.023841403,0.35858548,0.22558594,0.2555542,-0.1954956,-0.059092134000000004,0.055178292000000004,0.3516,0.19692993,0.31643677000000003,-0.14474487,-0.02893579,-0.0035057590000000002,0.30370003,0.17071533,0.36257935,-0.10952759000000001,-0.0065525174,-0.047074027000000004,0.27914476,0.15368652,0.37863159999999996,-0.055389404,0.013209283,-0.06014801,0.225797,0.1413269,0.59280396,-0.06591797,0.063323066,-0.24510485,0.25040412,0.34854126,-0.50305176,-0.3093872,-0.17378137,0.8745162999999999,0.5489794,0.10952759000000001,0.37338257,0.011657715,0.052525908,-0.0045079812,0.27684033,0.031188965000000003,0.23318481,0.11318969999999999,0.10147913,0.12927794,0.20630369,0.09213257,0.46411133,0.036590576,0.0023527741000000002,-0.12637752,0.3198467,0.24353027,0.3442688,-0.034179688,-0.16662315,-0.022829197000000002,0.37900758,0.3081665,0.2354126,-0.06414795,-0.23624502,0.073166795,0.3763641,0.29296875,0.2749939,-0.046905518,-0.23522235,0.01568956,0.34684736,0.25631714,0.35421753,-0.0005493164,-0.20979585,-0.07773916,0.29427397,0.22488403,0.36761475,0.01159668,-0.18823129,-0.10533806,0.27159,0.18991089,0.38858032000000003,0.0023498535,-0.15371597,-0.13233212,0.26978475,0.12228393600000001,0.22177124,0.06484985,-0.08076972,0.0342182,0.18537486,0.09719849,0.3486023,-0.0029296875,-0.047550023000000004,-0.089503415,0.2514199,0.0791626,0.29611206,-0.042877197000000006,-0.024394989000000002,-0.031919338000000005,0.2905359,0.0791626,0.29611206,-0.042877197000000006,-0.024394989000000002,-0.031919338000000005,0.2905359,检查1#变、2变、开闭所有进线、出线地刀在拉开位置。
0.22558594,0.2555542,-0.1954956,-0.059092134000000004,0.055178292000000004,0.3516,0.19692993,0.31643677000000003,-0.14474487,-0.02893579,-0.0035057590000000002,0.30370003,0.17071533,0.36257935,-0.10952759000000001,-0.0065525174,-0.047074027000000004,0.27914476,0.15368652,0.37863159999999996,-0.055389404,0.013209283,-0.06014801,0.225797,0.1413269,0.59280396,-0.06591797,0.063323066,-0.24510485,0.25040412,0.34854126,-0.50305176,-0.3093872,-0.17378137,0.8745162999999999,0.5489794,0.10952759000000001,0.37338257,0.011657715,0.052525908,-0.0045079812,0.27684033,0.031188965000000003,0.23318481,0.11318969999999999,0.10147913,0.12927794,0.20630369,0.09213257,0.46411133,0.036590576,0.0023527741000000002,-0.12637752,0.3198467,0.24353027,0.3442688,-0.034179688,-0.16662315,-0.022829197000000002,0.37900758,0.3081665,0.2354126,-0.06414795,-0.23624502,0.073166795,0.3763641,0.29296875,0.2749939,-0.046905518,-0.23522235,0.01568956,0.34684736,0.25631714,0.35421753,-0.0005493164,-0.20979585,-0.07773916,0.29427397,0.22488403,0.36761475,0.01159668,-0.18823129,-0.10533806,0.27159,0.18991089,0.38858032000000003,0.0023498535,-0.15371597,-0.13233212,0.26978475,0.12228393600000001,0.22177124,0.06484985,-0.08076972,0.0342182,0.18537486,0.09719849,0.3486023,-0.0029296875,-0.047550023000000004,-0.089503415,0.2514199,0.0791626,0.29611206,-0.042877197000000006,-0.024394989000000002,-0.031919338000000005,0.2905359,0.0791626,0.29611206,-0.042877197000000006,-0.024394989000000002,-0.031919338000000005,0.2905359,0.10366821,0.21331787,-0.06414795,-0.033543274000000005,0.079004325,0.33892158,检查1#变、2变、开闭所有进线、出线地刀在拉开位置。
0.19692993,0.31643677000000003,-0.14474487,-0.02893579,-0.0035057590000000002,0.30370003,0.17071533,0.36257935,-0.10952759000000001,-0.0065525174,-0.047074027000000004,0.27914476,0.15368652,0.37863159999999996,-0.055389404,0.013209283,-0.06014801,0.225797,0.1413269,0.59280396,-0.06591797,0.063323066,-0.24510485,0.25040412,0.34854126,-0.50305176,-0.3093872,-0.17378137,0.8745162999999999,0.5489794,0.10952759000000001,0.37338257,0.011657715,0.052525908,-0.0045079812,0.27684033,0.031188965000000003,0.23318481,0.11318969999999999,0.10147913,0.12927794,0.20630369,0.09213257,0.46411133,0.036590576,0.0023527741000000002,-0.12637752,0.3198467,0.24353027,0.3442688,-0.034179688,-0.16662315,-0.022829197000000002,0.37900758,0.3081665,0.2354126,-0.06414795,-0.23624502,0.073166795,0.3763641,0.29296875,0.2749939,-0.046905518,-0.23522235,0.01568956,0.34684736,0.25631714,0.35421753,-0.0005493164,-0.20979585,-0.07773916,0.29427397,0.22488403,0.36761475,0.01159668,-0.18823129,-0.10533806,0.27159,0.18991089,0.38858032000000003,0.0023498535,-0.15371597,-0.13233212,0.26978475,0.12228393600000001,0.22177124,0.06484985,-0.08076972,0.0342182,0.18537486,0.09719849,0.3486023,-0.0029296875,-0.047550023000000004,-0.089503415,0.2514199,0.0791626,0.29611206,-0.042877197000000006,-0.024394989000000002,-0.031919338000000005,0.2905359,0.0791626,0.29611206,-0.042877197000000006,-0.024394989000000002,-0.031919338000000005,0.2905359,0.10366821,0.21331787,-0.06414795,-0.033543274000000005,0.079004325,0.33892158,0.113861084,0.20556639999999998,-0.054138184000000006,-0.04320392,0.09207719,0.33988228,检查1#变、2变、开闭所有进线、出线地刀在拉开位置。
0.17071533,0.36257935,-0.10952759000000001,-0.0065525174,-0.047074027000000004,0.27914476,0.15368652,0.37863159999999996,-0.055389404,0.013209283,-0.06014801,0.225797,0.1413269,0.59280396,-0.06591797,0.063323066,-0.24510485,0.25040412,0.34854126,-0.50305176,-0.3093872,-0.17378137,0.8745162999999999,0.5489794,0.10952759000000001,0.37338257,0.011657715,0.052525908,-0.0045079812,0.27684033,0.031188965000000003,0.23318481,0.11318969999999999,0.10147913,0.12927794,0.20630369,0.09213257,0.46411133,0.036590576,0.0023527741000000002,-0.12637752,0.3198467,0.24353027,0.3442688,-0.034179688,-0.16662315,-0.022829197000000002,0.37900758,0.3081665,0.2354126,-0.06414795,-0.23624502,0.073166795,0.3763641,0.29296875,0.2749939,-0.046905518,-0.23522235,0.01568956,0.34684736,0.25631714,0.35421753,-0.0005493164,-0.20979585,-0.07773916,0.29427397,0.22488403,0.36761475,0.01159668,-0.18823129,-0.10533806,0.27159,0.18991089,0.38858032000000003,0.0023498535,-0.15371597,-0.13233212,0.26978475,0.12228393600000001,0.22177124,0.06484985,-0.08076972,0.0342182,0.18537486,0.09719849,0.3486023,-0.0029296875,-0.047550023000000004,-0.089503415,0.2514199,0.0791626,0.29611206,-0.042877197000000006,-0.024394989000000002,-0.031919338000000005,0.2905359,0.0791626,0.29611206,-0.042877197000000006,-0.024394989000000002,-0.031919338000000005,0.2905359,0.10366821,0.21331787,-0.06414795,-0.033543274000000005,0.079004325,0.33892158,0.113861084,0.20556639999999998,-0.054138184000000006,-0.04320392,0.09207719,0.33988228,0.113861084,0.20556639999999998,-0.054138184000000006,-0.04320392,0.09207719,0.33988228,检查1#变、2变、开闭所有进线、出线地刀在拉开位置。
0.15368652,0.37863159999999996,-0.055389404,0.013209283,-0.06014801,0.225797,0.1413269,0.59280396,-0.06591797,0.063323066,-0.24510485,0.25040412,0.34854126,-0.50305176,-0.3093872,-0.17378137,0.8745162999999999,0.5489794,0.10952759000000001,0.37338257,0.011657715,0.052525908,-0.0045079812,0.27684033,0.031188965000000003,0.23318481,0.11318969999999999,0.10147913,0.12927794,0.20630369,0.09213257,0.46411133,0.036590576,0.0023527741000000002,-0.12637752,0.3198467,0.24353027,0.3442688,-0.034179688,-0.16662315,-0.022829197000000002,0.37900758,0.3081665,0.2354126,-0.06414795,-0.23624502,0.073166795,0.3763641,0.29296875,0.2749939,-0.046905518,-0.23522235,0.01568956,0.34684736,0.25631714,0.35421753,-0.0005493164,-0.20979585,-0.07773916,0.29427397,0.22488403,0.36761475,0.01159668,-0.18823129,-0.10533806,0.27159,0.18991089,0.38858032000000003,0.0023498535,-0.15371597,-0.13233212,0.26978475,0.12228393600000001,0.22177124,0.06484985,-0.08076972,0.0342182,0.18537486,0.09719849,0.3486023,-0.0029296875,-0.047550023000000004,-0.089503415,0.2514199,0.0791626,0.29611206,-0.042877197000000006,-0.024394989000000002,-0.031919338000000005,0.2905359,0.0791626,0.29611206,-0.042877197000000006,-0.024394989000000002,-0.031919338000000005,0.2905359,0.10366821,0.21331787,-0.06414795,-0.033543274000000005,0.079004325,0.33892158,0.113861084,0.20556639999999998,-0.054138184000000006,-0.04320392,0.09207719,0.33988228,0.113861084,0.20556639999999998,-0.054138184000000006,-0.04320392,0.09207719,0.33988228,0.1772461,0.37069702,-0.016693115,-0.08784531,-0.038335003,0.36430767000000003,检查1#变、2变、开闭所有进线、出线地刀在拉开位置。
0.1413269,0.59280396,-0.06591797,0.063323066,-0.24510485,0.25040412,0.34854126,-0.50305176,-0.3093872,-0.17378137,0.8745162999999999,0.5489794,0.10952759000000001,0.37338257,0.011657715,0.052525908,-0.0045079812,0.27684033,0.031188965000000003,0.23318481,0.11318969999999999,0.10147913,0.12927794,0.20630369,0.09213257,0.46411133,0.036590576,0.0023527741000000002,-0.12637752,0.3198467,0.24353027,0.3442688,-0.034179688,-0.16662315,-0.022829197000000002,0.37900758,0.3081665,0.2354126,-0.06414795,-0.23624502,0.073166795,0.3763641,0.29296875,0.2749939,-0.046905518,-0.23522235,0.01568956,0.34684736,0.25631714,0.35421753,-0.0005493164,-0.20979585,-0.07773916,0.29427397,0.22488403,0.36761475,0.01159668,-0.18823129,-0.10533806,0.27159,0.18991089,0.38858032000000003,0.0023498535,-0.15371597,-0.13233212,0.26978475,0.12228393600000001,0.22177124,0.06484985,-0.08076972,0.0342182,0.18537486,0.09719849,0.3486023,-0.0029296875,-0.047550023000000004,-0.089503415,0.2514199,0.0791626,0.29611206,-0.042877197000000006,-0.024394989000000002,-0.031919338000000005,0.2905359,0.0791626,0.29611206,-0.042877197000000006,-0.024394989000000002,-0.031919338000000005,0.2905359,0.10366821,0.21331787,-0.06414795,-0.033543274000000005,0.079004325,0.33892158,0.113861084,0.20556639999999998,-0.054138184000000006,-0.04320392,0.09207719,0.33988228,0.113861084,0.20556639999999998,-0.054138184000000006,-0.04320392,0.09207719,0.33988228,0.1772461,0.37069702,-0.016693115,-0.08784531,-0.038335003,0.36430767000000003,0.1772461,0.37069702,-0.016693115,-0.08784531,-0.038335003,0.36430767000000003,检查1#变、2变、开闭所有进线、出线地刀在拉开位置。
0.34854126,-0.50305176,-0.3093872,-0.17378137,0.8745162999999999,0.5489794,0.10952759000000001,0.37338257,0.011657715,0.052525908,-0.0045079812,0.27684033,0.031188965000000003,0.23318481,0.11318969999999999,0.10147913,0.12927794,0.20630369,0.09213257,0.46411133,0.036590576,0.0023527741000000002,-0.12637752,0.3198467,0.24353027,0.3442688,-0.034179688,-0.16662315,-0.022829197000000002,0.37900758,0.3081665,0.2354126,-0.06414795,-0.23624502,0.073166795,0.3763641,0.29296875,0.2749939,-0.046905518,-0.23522235,0.01568956,0.34684736,0.25631714,0.35421753,-0.0005493164,-0.20979585,-0.07773916,0.29427397,0.22488403,0.36761475,0.01159668,-0.18823129,-0.10533806,0.27159,0.18991089,0.38858032000000003,0.0023498535,-0.15371597,-0.13233212,0.26978475,0.12228393600000001,0.22177124,0.06484985,-0.08076972,0.0342182,0.18537486,0.09719849,0.3486023,-0.0029296875,-0.047550023000000004,-0.089503415,0.2514199,0.0791626,0.29611206,-0.042877197000000006,-0.024394989000000002,-0.031919338000000005,0.2905359,0.0791626,0.29611206,-0.042877197000000006,-0.024394989000000002,-0.031919338000000005,0.2905359,0.10366821,0.21331787,-0.06414795,-0.033543274000000005,0.079004325,0.33892158,0.113861084,0.20556639999999998,-0.054138184000000006,-0.04320392,0.09207719,0.33988228,0.113861084,0.20556639999999998,-0.054138184000000006,-0.04320392,0.09207719,0.33988228,0.1772461,0.37069702,-0.016693115,-0.08784531,-0.038335003,0.36430767000000003,0.1772461,0.37069702,-0.016693115,-0.08784531,-0.038335003,0.36430767000000003,0.21463013,0.29962158,-0.031158447000000002,-0.10721889,0.048957072000000004,0.3796928,检查1#变、2变、开闭所有进线、出线地刀在拉开位置。
0.10952759000000001,0.37338257,0.011657715,0.052525908,-0.0045079812,0.27684033,0.031188965000000003,0.23318481,0.11318969999999999,0.10147913,0.12927794,0.20630369,0.09213257,0.46411133,0.036590576,0.0023527741000000002,-0.12637752,0.3198467,0.24353027,0.3442688,-0.034179688,-0.16662315,-0.022829197000000002,0.37900758,0.3081665,0.2354126,-0.06414795,-0.23624502,0.073166795,0.3763641,0.29296875,0.2749939,-0.046905518,-0.23522235,0.01568956,0.34684736,0.25631714,0.35421753,-0.0005493164,-0.20979585,-0.07773916,0.29427397,0.22488403,0.36761475,0.01159668,-0.18823129,-0.10533806,0.27159,0.18991089,0.38858032000000003,0.0023498535,-0.15371597,-0.13233212,0.26978475,0.12228393600000001,0.22177124,0.06484985,-0.08076972,0.0342182,0.18537486,0.09719849,0.3486023,-0.0029296875,-0.047550023000000004,-0.089503415,0.2514199,0.0791626,0.29611206,-0.042877197000000006,-0.024394989000000002,-0.031919338000000005,0.2905359,0.0791626,0.29611206,-0.042877197000000006,-0.024394989000000002,-0.031919338000000005,0.2905359,0.10366821,0.21331787,-0.06414795,-0.033543274000000005,0.079004325,0.33892158,0.113861084,0.20556639999999998,-0.054138184000000006,-0.04320392,0.09207719,0.33988228,0.113861084,0.20556639999999998,-0.054138184000000006,-0.04320392,0.09207719,0.33988228,0.1772461,0.37069702,-0.016693115,-0.08784531,-0.038335003,0.36430767000000003,0.1772461,0.37069702,-0.016693115,-0.08784531,-0.038335003,0.36430767000000003,0.21463013,0.29962158,-0.031158447000000002,-0.10721889,0.048957072000000004,0.3796928,0.23156738000000002,0.46203613,0.02078247,-0.08894542,-0.08547969999999999,0.34265727,检查1#变、2变、开闭所有进线、出线地刀在拉开位置。
0.031188965000000003,0.23318481,0.11318969999999999,0.10147913,0.12927794,0.20630369,0.09213257,0.46411133,0.036590576,0.0023527741000000002,-0.12637752,0.3198467,0.24353027,0.3442688,-0.034179688,-0.16662315,-0.022829197000000002,0.37900758,0.3081665,0.2354126,-0.06414795,-0.23624502,0.073166795,0.3763641,0.29296875,0.2749939,-0.046905518,-0.23522235,0.01568956,0.34684736,0.25631714,0.35421753,-0.0005493164,-0.20979585,-0.07773916,0.29427397,0.22488403,0.36761475,0.01159668,-0.18823129,-0.10533806,0.27159,0.18991089,0.38858032000000003,0.0023498535,-0.15371597,-0.13233212,0.26978475,0.12228393600000001,0.22177124,0.06484985,-0.08076972,0.0342182,0.18537486,0.09719849,0.3486023,-0.0029296875,-0.047550023000000004,-0.089503415,0.2514199,0.0791626,0.29611206,-0.042877197000000006,-0.024394989000000002,-0.031919338000000005,0.2905359,0.0791626,0.29611206,-0.042877197000000006,-0.024394989000000002,-0.031919338000000005,0.2905359,0.10366821,0.21331787,-0.06414795,-0.033543274000000005,0.079004325,0.33892158,0.113861084,0.20556639999999998,-0.054138184000000006,-0.04320392,0.09207719,0.33988228,0.113861084,0.20556639999999998,-0.054138184000000006,-0.04320392,0.09207719,0.33988228,0.1772461,0.37069702,-0.016693115,-0.08784531,-0.038335003,0.36430767000000003,0.1772461,0.37069702,-0.016693115,-0.08784531,-0.038335003,0.36430767000000003,0.21463013,0.29962158,-0.031158447000000002,-0.10721889,0.048957072000000004,0.3796928,0.23156738000000002,0.46203613,0.02078247,-0.08894542,-0.08547969999999999,0.34265727,0.23156738000000002,0.46203613,0.02078247,-0.08894542,-0.08547969999999999,0.34265727,检查1#变、2变、开闭所有进线、出线地刀在拉开位置。
0.09213257,0.46411133,0.036590576,0.0023527741000000002,-0.12637752,0.3198467,0.24353027,0.3442688,-0.034179688,-0.16662315,-0.022829197000000002,0.37900758,0.3081665,0.2354126,-0.06414795,-0.23624502,0.073166795,0.3763641,0.29296875,0.2749939,-0.046905518,-0.23522235,0.01568956,0.34684736,0.25631714,0.35421753,-0.0005493164,-0.20979585,-0.07773916,0.29427397,0.22488403,0.36761475,0.01159668,-0.18823129,-0.10533806,0.27159,0.18991089,0.38858032000000003,0.0023498535,-0.15371597,-0.13233212,0.26978475,0.12228393600000001,0.22177124,0.06484985,-0.08076972,0.0342182,0.18537486,0.09719849,0.3486023,-0.0029296875,-0.047550023000000004,-0.089503415,0.2514199,0.0791626,0.29611206,-0.042877197000000006,-0.024394989000000002,-0.031919338000000005,0.2905359,0.0791626,0.29611206,-0.042877197000000006,-0.024394989000000002,-0.031919338000000005,0.2905359,0.10366821,0.21331787,-0.06414795,-0.033543274000000005,0.079004325,0.33892158,0.113861084,0.20556639999999998,-0.054138184000000006,-0.04320392,0.09207719,0.33988228,0.113861084,0.20556639999999998,-0.054138184000000006,-0.04320392,0.09207719,0.33988228,0.1772461,0.37069702,-0.016693115,-0.08784531,-0.038335003,0.36430767000000003,0.1772461,0.37069702,-0.016693115,-0.08784531,-0.038335003,0.36430767000000003,0.21463013,0.29962158,-0.031158447000000002,-0.10721889,0.048957072000000004,0.3796928,0.23156738000000002,0.46203613,0.02078247,-0.08894542,-0.08547969999999999,0.34265727,0.23156738000000002,0.46203613,0.02078247,-0.08894542,-0.08547969999999999,0.34265727,0.2720337,0.59729004,-0.08078003,-0.01785715,-0.18689603,0.34143028000000003,检查1#变、2变、开闭所有进线、出线地刀在拉开位置。
0.24353027,0.3442688,-0.034179688,-0.16662315,-0.022829197000000002,0.37900758,0.3081665,0.2354126,-0.06414795,-0.23624502,0.073166795,0.3763641,0.29296875,0.2749939,-0.046905518,-0.23522235,0.01568956,0.34684736,0.25631714,0.35421753,-0.0005493164,-0.20979585,-0.07773916,0.29427397,0.22488403,0.36761475,0.01159668,-0.18823129,-0.10533806,0.27159,0.18991089,0.38858032000000003,0.0023498535,-0.15371597,-0.13233212,0.26978475,0.12228393600000001,0.22177124,0.06484985,-0.08076972,0.0342182,0.18537486,0.09719849,0.3486023,-0.0029296875,-0.047550023000000004,-0.089503415,0.2514199,0.0791626,0.29611206,-0.042877197000000006,-0.024394989000000002,-0.031919338000000005,0.2905359,0.0791626,0.29611206,-0.042877197000000006,-0.024394989000000002,-0.031919338000000005,0.2905359,0.10366821,0.21331787,-0.06414795,-0.033543274000000005,0.079004325,0.33892158,0.113861084,0.20556639999999998,-0.054138184000000006,-0.04320392,0.09207719,0.33988228,0.113861084,0.20556639999999998,-0.054138184000000006,-0.04320392,0.09207719,0.33988228,0.1772461,0.37069702,-0.016693115,-0.08784531,-0.038335003,0.36430767000000003,0.1772461,0.37069702,-0.016693115,-0.08784531,-0.038335003,0.36430767000000003,0.21463013,0.29962158,-0.031158447000000002,-0.10721889,0.048957072000000004,0.3796928,0.23156738000000002,0.46203613,0.02078247,-0.08894542,-0.08547969999999999,0.34265727,0.23156738000000002,0.46203613,0.02078247,-0.08894542,-0.08547969999999999,0.34265727,0.2720337,0.59729004,-0.08078003,-0.01785715,-0.18689603,0.34143028000000003,0.24880981,0.629303,-0.16543579,0.051159486000000004,-0.22081804,0.36728838,检查1#变、2变、开闭所有进线、出线地刀在拉开位置。
0.3081665,0.2354126,-0.06414795,-0.23624502,0.073166795,0.3763641,0.29296875,0.2749939,-0.046905518,-0.23522235,0.01568956,0.34684736,0.25631714,0.35421753,-0.0005493164,-0.20979585,-0.07773916,0.29427397,0.22488403,0.36761475,0.01159668,-0.18823129,-0.10533806,0.27159,0.18991089,0.38858032000000003,0.0023498535,-0.15371597,-0.13233212,0.26978475,0.12228393600000001,0.22177124,0.06484985,-0.08076972,0.0342182,0.18537486,0.09719849,0.3486023,-0.0029296875,-0.047550023000000004,-0.089503415,0.2514199,0.0791626,0.29611206,-0.042877197000000006,-0.024394989000000002,-0.031919338000000005,0.2905359,0.0791626,0.29611206,-0.042877197000000006,-0.024394989000000002,-0.031919338000000005,0.2905359,0.10366821,0.21331787,-0.06414795,-0.033543274000000005,0.079004325,0.33892158,0.113861084,0.20556639999999998,-0.054138184000000006,-0.04320392,0.09207719,0.33988228,0.113861084,0.20556639999999998,-0.054138184000000006,-0.04320392,0.09207719,0.33988228,0.1772461,0.37069702,-0.016693115,-0.08784531,-0.038335003,0.36430767000000003,0.1772461,0.37069702,-0.016693115,-0.08784531,-0.038335003,0.36430767000000003,0.21463013,0.29962158,-0.031158447000000002,-0.10721889,0.048957072000000004,0.3796928,0.23156738000000002,0.46203613,0.02078247,-0.08894542,-0.08547969999999999,0.34265727,0.23156738000000002,0.46203613,0.02078247,-0.08894542,-0.08547969999999999,0.34265727,0.2720337,0.59729004,-0.08078003,-0.01785715,-0.18689603,0.34143028000000003,0.24880981,0.629303,-0.16543579,0.051159486000000004,-0.22081804,0.36728838,0.24880981,0.629303,-0.16543579,0.051159486000000004,-0.22081804,0.36728838,检查1#变、2变、开闭所有进线、出线地刀在拉开位置。
0.29296875,0.2749939,-0.046905518,-0.23522235,0.01568956,0.34684736,0.25631714,0.35421753,-0.0005493164,-0.20979585,-0.07773916,0.29427397,0.22488403,0.36761475,0.01159668,-0.18823129,-0.10533806,0.27159,0.18991089,0.38858032000000003,0.0023498535,-0.15371597,-0.13233212,0.26978475,0.12228393600000001,0.22177124,0.06484985,-0.08076972,0.0342182,0.18537486,0.09719849,0.3486023,-0.0029296875,-0.047550023000000004,-0.089503415,0.2514199,0.0791626,0.29611206,-0.042877197000000006,-0.024394989000000002,-0.031919338000000005,0.2905359,0.0791626,0.29611206,-0.042877197000000006,-0.024394989000000002,-0.031919338000000005,0.2905359,0.10366821,0.21331787,-0.06414795,-0.033543274000000005,0.079004325,0.33892158,0.113861084,0.20556639999999998,-0.054138184000000006,-0.04320392,0.09207719,0.33988228,0.113861084,0.20556639999999998,-0.054138184000000006,-0.04320392,0.09207719,0.33988228,0.1772461,0.37069702,-0.016693115,-0.08784531,-0.038335003,0.36430767000000003,0.1772461,0.37069702,-0.016693115,-0.08784531,-0.038335003,0.36430767000000003,0.21463013,0.29962158,-0.031158447000000002,-0.10721889,0.048957072000000004,0.3796928,0.23156738000000002,0.46203613,0.02078247,-0.08894542,-0.08547969999999999,0.34265727,0.23156738000000002,0.46203613,0.02078247,-0.08894542,-0.08547969999999999,0.34265727,0.2720337,0.59729004,-0.08078003,-0.01785715,-0.18689603,0.34143028000000003,0.24880981,0.629303,-0.16543579,0.051159486000000004,-0.22081804,0.36728838,0.24880981,0.629303,-0.16543579,0.051159486000000004,-0.22081804,0.36728838,0.37835693,0.32705688,-0.38046265,0.15150766000000002,-0.037681706,0.27357405,检查1#变、2变、开闭所有进线、出线地刀在拉开位置。
0.25631714,0.35421753,-0.0005493164,-0.20979585,-0.07773916,0.29427397,0.22488403,0.36761475,0.01159668,-0.18823129,-0.10533806,0.27159,0.18991089,0.38858032000000003,0.0023498535,-0.15371597,-0.13233212,0.26978475,0.12228393600000001,0.22177124,0.06484985,-0.08076972,0.0342182,0.18537486,0.09719849,0.3486023,-0.0029296875,-0.047550023000000004,-0.089503415,0.2514199,0.0791626,0.29611206,-0.042877197000000006,-0.024394989000000002,-0.031919338000000005,0.2905359,0.0791626,0.29611206,-0.042877197000000006,-0.024394989000000002,-0.031919338000000005,0.2905359,0.10366821,0.21331787,-0.06414795,-0.033543274000000005,0.079004325,0.33892158,0.113861084,0.20556639999999998,-0.054138184000000006,-0.04320392,0.09207719,0.33988228,0.113861084,0.20556639999999998,-0.054138184000000006,-0.04320392,0.09207719,0.33988228,0.1772461,0.37069702,-0.016693115,-0.08784531,-0.038335003,0.36430767000000003,0.1772461,0.37069702,-0.016693115,-0.08784531,-0.038335003,0.36430767000000003,0.21463013,0.29962158,-0.031158447000000002,-0.10721889,0.048957072000000004,0.3796928,0.23156738000000002,0.46203613,0.02078247,-0.08894542,-0.08547969999999999,0.34265727,0.23156738000000002,0.46203613,0.02078247,-0.08894542,-0.08547969999999999,0.34265727,0.2720337,0.59729004,-0.08078003,-0.01785715,-0.18689603,0.34143028000000003,0.24880981,0.629303,-0.16543579,0.051159486000000004,-0.22081804,0.36728838,0.24880981,0.629303,-0.16543579,0.051159486000000004,-0.22081804,0.36728838,0.37835693,0.32705688,-0.38046265,0.15150766000000002,-0.037681706,0.27357405,0.39453125,0.24295044000000002,-0.43850708,0.17992513000000002,-0.00571803,0.27086508,检查1#变、2变、开闭所有进线、出线地刀在拉开位置。
0.22488403,0.36761475,0.01159668,-0.18823129,-0.10533806,0.27159,0.18991089,0.38858032000000003,0.0023498535,-0.15371597,-0.13233212,0.26978475,0.12228393600000001,0.22177124,0.06484985,-0.08076972,0.0342182,0.18537486,0.09719849,0.3486023,-0.0029296875,-0.047550023000000004,-0.089503415,0.2514199,0.0791626,0.29611206,-0.042877197000000006,-0.024394989000000002,-0.031919338000000005,0.2905359,0.0791626,0.29611206,-0.042877197000000006,-0.024394989000000002,-0.031919338000000005,0.2905359,0.10366821,0.21331787,-0.06414795,-0.033543274000000005,0.079004325,0.33892158,0.113861084,0.20556639999999998,-0.054138184000000006,-0.04320392,0.09207719,0.33988228,0.113861084,0.20556639999999998,-0.054138184000000006,-0.04320392,0.09207719,0.33988228,0.1772461,0.37069702,-0.016693115,-0.08784531,-0.038335003,0.36430767000000003,0.1772461,0.37069702,-0.016693115,-0.08784531,-0.038335003,0.36430767000000003,0.21463013,0.29962158,-0.031158447000000002,-0.10721889,0.048957072000000004,0.3796928,0.23156738000000002,0.46203613,0.02078247,-0.08894542,-0.08547969999999999,0.34265727,0.23156738000000002,0.46203613,0.02078247,-0.08894542,-0.08547969999999999,0.34265727,0.2720337,0.59729004,-0.08078003,-0.01785715,-0.18689603,0.34143028000000003,0.24880981,0.629303,-0.16543579,0.051159486000000004,-0.22081804,0.36728838,0.24880981,0.629303,-0.16543579,0.051159486000000004,-0.22081804,0.36728838,0.37835693,0.32705688,-0.38046265,0.15150766000000002,-0.037681706,0.27357405,0.39453125,0.24295044000000002,-0.43850708,0.17992513000000002,-0.00571803,0.27086508,0.3388672,0.0038452148000000003,-0.5122985999999999,0.2866782,0.15622944,0.2739607,检查1#变、2变、开闭所有进线、出线地刀在拉开位置。
0.18991089,0.38858032000000003,0.0023498535,-0.15371597,-0.13233212,0.26978475,0.12228393600000001,0.22177124,0.06484985,-0.08076972,0.0342182,0.18537486,0.09719849,0.3486023,-0.0029296875,-0.047550023000000004,-0.089503415,0.2514199,0.0791626,0.29611206,-0.042877197000000006,-0.024394989000000002,-0.031919338000000005,0.2905359,0.0791626,0.29611206,-0.042877197000000006,-0.024394989000000002,-0.031919338000000005,0.2905359,0.10366821,0.21331787,-0.06414795,-0.033543274000000005,0.079004325,0.33892158,0.113861084,0.20556639999999998,-0.054138184000000006,-0.04320392,0.09207719,0.33988228,0.113861084,0.20556639999999998,-0.054138184000000006,-0.04320392,0.09207719,0.33988228,0.1772461,0.37069702,-0.016693115,-0.08784531,-0.038335003,0.36430767000000003,0.1772461,0.37069702,-0.016693115,-0.08784531,-0.038335003,0.36430767000000003,0.21463013,0.29962158,-0.031158447000000002,-0.10721889,0.048957072000000004,0.3796928,0.23156738000000002,0.46203613,0.02078247,-0.08894542,-0.08547969999999999,0.34265727,0.23156738000000002,0.46203613,0.02078247,-0.08894542,-0.08547969999999999,0.34265727,0.2720337,0.59729004,-0.08078003,-0.01785715,-0.18689603,0.34143028000000003,0.24880981,0.629303,-0.16543579,0.051159486000000004,-0.22081804,0.36728838,0.24880981,0.629303,-0.16543579,0.051159486000000004,-0.22081804,0.36728838,0.37835693,0.32705688,-0.38046265,0.15150766000000002,-0.037681706,0.27357405,0.39453125,0.24295044000000002,-0.43850708,0.17992513000000002,-0.00571803,0.27086508,0.3388672,0.0038452148000000003,-0.5122985999999999,0.2866782,0.15622944,0.2739607,0.4437256,0.08087158,-0.68255615,0.27505237,0.022263952,0.40566146000000003,检查1#变、2变、开闭所有进线、出线地刀在拉开位置。
0.12228393600000001,0.22177124,0.06484985,-0.08076972,0.0342182,0.18537486,0.09719849,0.3486023,-0.0029296875,-0.047550023000000004,-0.089503415,0.2514199,0.0791626,0.29611206,-0.042877197000000006,-0.024394989000000002,-0.031919338000000005,0.2905359,0.0791626,0.29611206,-0.042877197000000006,-0.024394989000000002,-0.031919338000000005,0.2905359,0.10366821,0.21331787,-0.06414795,-0.033543274000000005,0.079004325,0.33892158,0.113861084,0.20556639999999998,-0.054138184000000006,-0.04320392,0.09207719,0.33988228,0.113861084,0.20556639999999998,-0.054138184000000006,-0.04320392,0.09207719,0.33988228,0.1772461,0.37069702,-0.016693115,-0.08784531,-0.038335003,0.36430767000000003,0.1772461,0.37069702,-0.016693115,-0.08784531,-0.038335003,0.36430767000000003,0.21463013,0.29962158,-0.031158447000000002,-0.10721889,0.048957072000000004,0.3796928,0.23156738000000002,0.46203613,0.02078247,-0.08894542,-0.08547969999999999,0.34265727,0.23156738000000002,0.46203613,0.02078247,-0.08894542,-0.08547969999999999,0.34265727,0.2720337,0.59729004,-0.08078003,-0.01785715,-0.18689603,0.34143028000000003,0.24880981,0.629303,-0.16543579,0.051159486000000004,-0.22081804,0.36728838,0.24880981,0.629303,-0.16543579,0.051159486000000004,-0.22081804,0.36728838,0.37835693,0.32705688,-0.38046265,0.15150766000000002,-0.037681706,0.27357405,0.39453125,0.24295044000000002,-0.43850708,0.17992513000000002,-0.00571803,0.27086508,0.3388672,0.0038452148000000003,-0.5122985999999999,0.2866782,0.15622944,0.2739607,0.4437256,0.08087158,-0.68255615,0.27505237,0.022263952,0.40566146000000003,0.40612793,0.12539673,-0.7630615,0.35308605,-0.030286334,0.48476702,检查1#变、2变、开闭所有进线、出线地刀在拉开位置。
0.09719849,0.3486023,-0.0029296875,-0.047550023000000004,-0.089503415,0.2514199,0.0791626,0.29611206,-0.042877197000000006,-0.024394989000000002,-0.031919338000000005,0.2905359,0.0791626,0.29611206,-0.042877197000000006,-0.024394989000000002,-0.031919338000000005,0.2905359,0.10366821,0.21331787,-0.06414795,-0.033543274000000005,0.079004325,0.33892158,0.113861084,0.20556639999999998,-0.054138184000000006,-0.04320392,0.09207719,0.33988228,0.113861084,0.20556639999999998,-0.054138184000000006,-0.04320392,0.09207719,0.33988228,0.1772461,0.37069702,-0.016693115,-0.08784531,-0.038335003,0.36430767000000003,0.1772461,0.37069702,-0.016693115,-0.08784531,-0.038335003,0.36430767000000003,0.21463013,0.29962158,-0.031158447000000002,-0.10721889,0.048957072000000004,0.3796928,0.23156738000000002,0.46203613,0.02078247,-0.08894542,-0.08547969999999999,0.34265727,0.23156738000000002,0.46203613,0.02078247,-0.08894542,-0.08547969999999999,0.34265727,0.2720337,0.59729004,-0.08078003,-0.01785715,-0.18689603,0.34143028000000003,0.24880981,0.629303,-0.16543579,0.051159486000000004,-0.22081804,0.36728838,0.24880981,0.629303,-0.16543579,0.051159486000000004,-0.22081804,0.36728838,0.37835693,0.32705688,-0.38046265,0.15150766000000002,-0.037681706,0.27357405,0.39453125,0.24295044000000002,-0.43850708,0.17992513000000002,-0.00571803,0.27086508,0.3388672,0.0038452148000000003,-0.5122985999999999,0.2866782,0.15622944,0.2739607,0.4437256,0.08087158,-0.68255615,0.27505237,0.022263952,0.40566146000000003,0.40612793,0.12539673,-0.7630615,0.35308605,-0.030286334,0.48476702,0.427948,-0.045196533000000004,-0.72283936,0.36479145,0.10057103,0.4220332,检查1#变、2变、开闭所有进线、出线地刀在拉开位置。
0.0791626,0.29611206,-0.042877197000000006,-0.024394989000000002,-0.031919338000000005,0.2905359,0.0791626,0.29611206,-0.042877197000000006,-0.024394989000000002,-0.031919338000000005,0.2905359,0.10366821,0.21331787,-0.06414795,-0.033543274000000005,0.079004325,0.33892158,0.113861084,0.20556639999999998,-0.054138184000000006,-0.04320392,0.09207719,0.33988228,0.113861084,0.20556639999999998,-0.054138184000000006,-0.04320392,0.09207719,0.33988228,0.1772461,0.37069702,-0.016693115,-0.08784531,-0.038335003,0.36430767000000003,0.1772461,0.37069702,-0.016693115,-0.08784531,-0.038335003,0.36430767000000003,0.21463013,0.29962158,-0.031158447000000002,-0.10721889,0.048957072000000004,0.3796928,0.23156738000000002,0.46203613,0.02078247,-0.08894542,-0.08547969999999999,0.34265727,0.23156738000000002,0.46203613,0.02078247,-0.08894542,-0.08547969999999999,0.34265727,0.2720337,0.59729004,-0.08078003,-0.01785715,-0.18689603,0.34143028000000003,0.24880981,0.629303,-0.16543579,0.051159486000000004,-0.22081804,0.36728838,0.24880981,0.629303,-0.16543579,0.051159486000000004,-0.22081804,0.36728838,0.37835693,0.32705688,-0.38046265,0.15150766000000002,-0.037681706,0.27357405,0.39453125,0.24295044000000002,-0.43850708,0.17992513000000002,-0.00571803,0.27086508,0.3388672,0.0038452148000000003,-0.5122985999999999,0.2866782,0.15622944,0.2739607,0.4437256,0.08087158,-0.68255615,0.27505237,0.022263952,0.40566146000000003,0.40612793,0.12539673,-0.7630615,0.35308605,-0.030286334,0.48476702,0.427948,-0.045196533000000004,-0.72283936,0.36479145,0.10057103,0.4220332,0.51049805,-0.059753418,-0.7775574,0.30258507,0.08924959,0.4657091,检查1#变、2变、开闭所有进线、出线地刀在拉开位置。
0.0791626,0.29611206,-0.042877197000000006,-0.024394989000000002,-0.031919338000000005,0.2905359,0.10366821,0.21331787,-0.06414795,-0.033543274000000005,0.079004325,0.33892158,0.113861084,0.20556639999999998,-0.054138184000000006,-0.04320392,0.09207719,0.33988228,0.113861084,0.20556639999999998,-0.054138184000000006,-0.04320392,0.09207719,0.33988228,0.1772461,0.37069702,-0.016693115,-0.08784531,-0.038335003,0.36430767000000003,0.1772461,0.37069702,-0.016693115,-0.08784531,-0.038335003,0.36430767000000003,0.21463013,0.29962158,-0.031158447000000002,-0.10721889,0.048957072000000004,0.3796928,0.23156738000000002,0.46203613,0.02078247,-0.08894542,-0.08547969999999999,0.34265727,0.23156738000000002,0.46203613,0.02078247,-0.08894542,-0.08547969999999999,0.34265727,0.2720337,0.59729004,-0.08078003,-0.01785715,-0.18689603,0.34143028000000003,0.24880981,0.629303,-0.16543579,0.051159486000000004,-0.22081804,0.36728838,0.24880981,0.629303,-0.16543579,0.051159486000000004,-0.22081804,0.36728838,0.37835693,0.32705688,-0.38046265,0.15150766000000002,-0.037681706,0.27357405,0.39453125,0.24295044000000002,-0.43850708,0.17992513000000002,-0.00571803,0.27086508,0.3388672,0.0038452148000000003,-0.5122985999999999,0.2866782,0.15622944,0.2739607,0.4437256,0.08087158,-0.68255615,0.27505237,0.022263952,0.40566146000000003,0.40612793,0.12539673,-0.7630615,0.35308605,-0.030286334,0.48476702,0.427948,-0.045196533000000004,-0.72283936,0.36479145,0.10057103,0.4220332,0.51049805,-0.059753418,-0.7775574,0.30258507,0.08924959,0.4657091,0.5710449,0.07269287,-0.8364562999999999,0.25734186,-0.052593596000000006,0.52342564,检查1#变、2变、开闭所有进线、出线地刀在拉开位置。
0.10366821,0.21331787,-0.06414795,-0.033543274000000005,0.079004325,0.33892158,0.113861084,0.20556639999999998,-0.054138184000000006,-0.04320392,0.09207719,0.33988228,0.113861084,0.20556639999999998,-0.054138184000000006,-0.04320392,0.09207719,0.33988228,0.1772461,0.37069702,-0.016693115,-0.08784531,-0.038335003,0.36430767000000003,0.1772461,0.37069702,-0.016693115,-0.08784531,-0.038335003,0.36430767000000003,0.21463013,0.29962158,-0.031158447000000002,-0.10721889,0.048957072000000004,0.3796928,0.23156738000000002,0.46203613,0.02078247,-0.08894542,-0.08547969999999999,0.34265727,0.23156738000000002,0.46203613,0.02078247,-0.08894542,-0.08547969999999999,0.34265727,0.2720337,0.59729004,-0.08078003,-0.01785715,-0.18689603,0.34143028000000003,0.24880981,0.629303,-0.16543579,0.051159486000000004,-0.22081804,0.36728838,0.24880981,0.629303,-0.16543579,0.051159486000000004,-0.22081804,0.36728838,0.37835693,0.32705688,-0.38046265,0.15150766000000002,-0.037681706,0.27357405,0.39453125,0.24295044000000002,-0.43850708,0.17992513000000002,-0.00571803,0.27086508,0.3388672,0.0038452148000000003,-0.5122985999999999,0.2866782,0.15622944,0.2739607,0.4437256,0.08087158,-0.68255615,0.27505237,0.022263952,0.40566146000000003,0.40612793,0.12539673,-0.7630615,0.35308605,-0.030286334,0.48476702,0.427948,-0.045196533000000004,-0.72283936,0.36479145,0.10057103,0.4220332,0.51049805,-0.059753418,-0.7775574,0.30258507,0.08924959,0.4657091,0.5710449,0.07269287,-0.8364562999999999,0.25734186,-0.052593596000000006,0.52342564,0.58413696,0.2489624,-0.8195800999999999,0.2512468,-0.25851209999999997,0.49374247,检查1#变、2变、开闭所有进线、出线地刀在拉开位置。
0.113861084,0.20556639999999998,-0.054138184000000006,-0.04320392,0.09207719,0.33988228,0.113861084,0.20556639999999998,-0.054138184000000006,-0.04320392,0.09207719,0.33988228,0.1772461,0.37069702,-0.016693115,-0.08784531,-0.038335003,0.36430767000000003,0.1772461,0.37069702,-0.016693115,-0.08784531,-0.038335003,0.36430767000000003,0.21463013,0.29962158,-0.031158447000000002,-0.10721889,0.048957072000000004,0.3796928,0.23156738000000002,0.46203613,0.02078247,-0.08894542,-0.08547969999999999,0.34265727,0.23156738000000002,0.46203613,0.02078247,-0.08894542,-0.08547969999999999,0.34265727,0.2720337,0.59729004,-0.08078003,-0.01785715,-0.18689603,0.34143028000000003,0.24880981,0.629303,-0.16543579,0.051159486000000004,-0.22081804,0.36728838,0.24880981,0.629303,-0.16543579,0.051159486000000004,-0.22081804,0.36728838,0.37835693,0.32705688,-0.38046265,0.15150766000000002,-0.037681706,0.27357405,0.39453125,0.24295044000000002,-0.43850708,0.17992513000000002,-0.00571803,0.27086508,0.3388672,0.0038452148000000003,-0.5122985999999999,0.2866782,0.15622944,0.2739607,0.4437256,0.08087158,-0.68255615,0.27505237,0.022263952,0.40566146000000003,0.40612793,0.12539673,-0.7630615,0.35308605,-0.030286334,0.48476702,0.427948,-0.045196533000000004,-0.72283936,0.36479145,0.10057103,0.4220332,0.51049805,-0.059753418,-0.7775574,0.30258507,0.08924959,0.4657091,0.5710449,0.07269287,-0.8364562999999999,0.25734186,-0.052593596000000006,0.52342564,0.58413696,0.2489624,-0.8195800999999999,0.2512468,-0.25851209999999997,0.49374247,0.40716553,-0.20584106,-0.77700806,0.43373525,0.14548999,0.42763335,检查1#变、2变、开闭所有进线、出线地刀在拉开位置。
0.113861084,0.20556639999999998,-0.054138184000000006,-0.04320392,0.09207719,0.33988228,0.1772461,0.37069702,-0.016693115,-0.08784531,-0.038335003,0.36430767000000003,0.1772461,0.37069702,-0.016693115,-0.08784531,-0.038335003,0.36430767000000003,0.21463013,0.29962158,-0.031158447000000002,-0.10721889,0.048957072000000004,0.3796928,0.23156738000000002,0.46203613,0.02078247,-0.08894542,-0.08547969999999999,0.34265727,0.23156738000000002,0.46203613,0.02078247,-0.08894542,-0.08547969999999999,0.34265727,0.2720337,0.59729004,-0.08078003,-0.01785715,-0.18689603,0.34143028000000003,0.24880981,0.629303,-0.16543579,0.051159486000000004,-0.22081804,0.36728838,0.24880981,0.629303,-0.16543579,0.051159486000000004,-0.22081804,0.36728838,0.37835693,0.32705688,-0.38046265,0.15150766000000002,-0.037681706,0.27357405,0.39453125,0.24295044000000002,-0.43850708,0.17992513000000002,-0.00571803,0.27086508,0.3388672,0.0038452148000000003,-0.5122985999999999,0.2866782,0.15622944,0.2739607,0.4437256,0.08087158,-0.68255615,0.27505237,0.022263952,0.40566146000000003,0.40612793,0.12539673,-0.7630615,0.35308605,-0.030286334,0.48476702,0.427948,-0.045196533000000004,-0.72283936,0.36479145,0.10057103,0.4220332,0.51049805,-0.059753418,-0.7775574,0.30258507,0.08924959,0.4657091,0.5710449,0.07269287,-0.8364562999999999,0.25734186,-0.052593596000000006,0.52342564,0.58413696,0.2489624,-0.8195800999999999,0.2512468,-0.25851209999999997,0.49374247,0.40716553,-0.20584106,-0.77700806,0.43373525,0.14548999,0.42763335,0.6988219999999999,0.66830444,-1.1668091,0.16439132,-0.7330698999999999,0.8277707,检查1#变、2变、开闭所有进线、出线地刀在拉开位置。
0.1772461,0.37069702,-0.016693115,-0.08784531,-0.038335003,0.36430767000000003,0.1772461,0.37069702,-0.016693115,-0.08784531,-0.038335003,0.36430767000000003,0.21463013,0.29962158,-0.031158447000000002,-0.10721889,0.048957072000000004,0.3796928,0.23156738000000002,0.46203613,0.02078247,-0.08894542,-0.08547969999999999,0.34265727,0.23156738000000002,0.46203613,0.02078247,-0.08894542,-0.08547969999999999,0.34265727,0.2720337,0.59729004,-0.08078003,-0.01785715,-0.18689603,0.34143028000000003,0.24880981,0.629303,-0.16543579,0.051159486000000004,-0.22081804,0.36728838,0.24880981,0.629303,-0.16543579,0.051159486000000004,-0.22081804,0.36728838,0.37835693,0.32705688,-0.38046265,0.15150766000000002,-0.037681706,0.27357405,0.39453125,0.24295044000000002,-0.43850708,0.17992513000000002,-0.00571803,0.27086508,0.3388672,0.0038452148000000003,-0.5122985999999999,0.2866782,0.15622944,0.2739607,0.4437256,0.08087158,-0.68255615,0.27505237,0.022263952,0.40566146000000003,0.40612793,0.12539673,-0.7630615,0.35308605,-0.030286334,0.48476702,0.427948,-0.045196533000000004,-0.72283936,0.36479145,0.10057103,0.4220332,0.51049805,-0.059753418,-0.7775574,0.30258507,0.08924959,0.4657091,0.5710449,0.07269287,-0.8364562999999999,0.25734186,-0.052593596000000006,0.52342564,0.58413696,0.2489624,-0.8195800999999999,0.2512468,-0.25851209999999997,0.49374247,0.40716553,-0.20584106,-0.77700806,0.43373525,0.14548999,0.42763335,0.6988219999999999,0.66830444,-1.1668091,0.16439132,-0.7330698999999999,0.8277707,0.6871033,0.011993408,-0.8380737300000001,0.18699618,-0.16661173,0.46213275000000004,检查1#变、2变、开闭所有进线、出线地刀在拉开位置。
0.1772461,0.37069702,-0.016693115,-0.08784531,-0.038335003,0.36430767000000003,0.21463013,0.29962158,-0.031158447000000002,-0.10721889,0.048957072000000004,0.3796928,0.23156738000000002,0.46203613,0.02078247,-0.08894542,-0.08547969999999999,0.34265727,0.23156738000000002,0.46203613,0.02078247,-0.08894542,-0.08547969999999999,0.34265727,0.2720337,0.59729004,-0.08078003,-0.01785715,-0.18689603,0.34143028000000003,0.24880981,0.629303,-0.16543579,0.051159486000000004,-0.22081804,0.36728838,0.24880981,0.629303,-0.16543579,0.051159486000000004,-0.22081804,0.36728838,0.37835693,0.32705688,-0.38046265,0.15150766000000002,-0.037681706,0.27357405,0.39453125,0.24295044000000002,-0.43850708,0.17992513000000002,-0.00571803,0.27086508,0.3388672,0.0038452148000000003,-0.5122985999999999,0.2866782,0.15622944,0.2739607,0.4437256,0.08087158,-0.68255615,0.27505237,0.022263952,0.40566146000000003,0.40612793,0.12539673,-0.7630615,0.35308605,-0.030286334,0.48476702,0.427948,-0.045196533000000004,-0.72283936,0.36479145,0.10057103,0.4220332,0.51049805,-0.059753418,-0.7775574,0.30258507,0.08924959,0.4657091,0.5710449,0.07269287,-0.8364562999999999,0.25734186,-0.052593596000000006,0.52342564,0.58413696,0.2489624,-0.8195800999999999,0.2512468,-0.25851209999999997,0.49374247,0.40716553,-0.20584106,-0.77700806,0.43373525,0.14548999,0.42763335,0.6988219999999999,0.66830444,-1.1668091,0.16439132,-0.7330698999999999,0.8277707,0.6871033,0.011993408,-0.8380737300000001,0.18699618,-0.16661173,0.46213275000000004,0.5113219999999999,-0.5894469999999999,-0.9725952,0.3704843,0.32817075,0.57474476,检查1#变、2变、开闭所有进线、出线地刀在拉开位置。
0.21463013,0.29962158,-0.031158447000000002,-0.10721889,0.048957072000000004,0.3796928,0.23156738000000002,0.46203613,0.02078247,-0.08894542,-0.08547969999999999,0.34265727,0.23156738000000002,0.46203613,0.02078247,-0.08894542,-0.08547969999999999,0.34265727,0.2720337,0.59729004,-0.08078003,-0.01785715,-0.18689603,0.34143028000000003,0.24880981,0.629303,-0.16543579,0.051159486000000004,-0.22081804,0.36728838,0.24880981,0.629303,-0.16543579,0.051159486000000004,-0.22081804,0.36728838,0.37835693,0.32705688,-0.38046265,0.15150766000000002,-0.037681706,0.27357405,0.39453125,0.24295044000000002,-0.43850708,0.17992513000000002,-0.00571803,0.27086508,0.3388672,0.0038452148000000003,-0.5122985999999999,0.2866782,0.15622944,0.2739607,0.4437256,0.08087158,-0.68255615,0.27505237,0.022263952,0.40566146000000003,0.40612793,0.12539673,-0.7630615,0.35308605,-0.030286334,0.48476702,0.427948,-0.045196533000000004,-0.72283936,0.36479145,0.10057103,0.4220332,0.51049805,-0.059753418,-0.7775574,0.30258507,0.08924959,0.4657091,0.5710449,0.07269287,-0.8364562999999999,0.25734186,-0.052593596000000006,0.52342564,0.58413696,0.2489624,-0.8195800999999999,0.2512468,-0.25851209999999997,0.49374247,0.40716553,-0.20584106,-0.77700806,0.43373525,0.14548999,0.42763335,0.6988219999999999,0.66830444,-1.1668091,0.16439132,-0.7330698999999999,0.8277707,0.6871033,0.011993408,-0.8380737300000001,0.18699618,-0.16661173,0.46213275000000004,0.5113219999999999,-0.5894469999999999,-0.9725952,0.3704843,0.32817075,0.57474476,0.6333618,-0.20397949,-0.9475403,0.27683932,-0.11385523500000001,0.5467018,检查1#变、2变、开闭所有进线、出线地刀在拉开位置。
0.23156738000000002,0.46203613,0.02078247,-0.08894542,-0.08547969999999999,0.34265727,0.23156738000000002,0.46203613,0.02078247,-0.08894542,-0.08547969999999999,0.34265727,0.2720337,0.59729004,-0.08078003,-0.01785715,-0.18689603,0.34143028000000003,0.24880981,0.629303,-0.16543579,0.051159486000000004,-0.22081804,0.36728838,0.24880981,0.629303,-0.16543579,0.051159486000000004,-0.22081804,0.36728838,0.37835693,0.32705688,-0.38046265,0.15150766000000002,-0.037681706,0.27357405,0.39453125,0.24295044000000002,-0.43850708,0.17992513000000002,-0.00571803,0.27086508,0.3388672,0.0038452148000000003,-0.5122985999999999,0.2866782,0.15622944,0.2739607,0.4437256,0.08087158,-0.68255615,0.27505237,0.022263952,0.40566146000000003,0.40612793,0.12539673,-0.7630615,0.35308605,-0.030286334,0.48476702,0.427948,-0.045196533000000004,-0.72283936,0.36479145,0.10057103,0.4220332,0.51049805,-0.059753418,-0.7775574,0.30258507,0.08924959,0.4657091,0.5710449,0.07269287,-0.8364562999999999,0.25734186,-0.052593596000000006,0.52342564,0.58413696,0.2489624,-0.8195800999999999,0.2512468,-0.25851209999999997,0.49374247,0.40716553,-0.20584106,-0.77700806,0.43373525,0.14548999,0.42763335,0.6988219999999999,0.66830444,-1.1668091,0.16439132,-0.7330698999999999,0.8277707,0.6871033,0.011993408,-0.8380737300000001,0.18699618,-0.16661173,0.46213275000000004,0.5113219999999999,-0.5894469999999999,-0.9725952,0.3704843,0.32817075,0.57474476,0.6333618,-0.20397949,-0.9475403,0.27683932,-0.11385523500000001,0.5467018,0.72091675,-0.18875122,-0.9163513,0.19534247,-0.16260287,0.51262796,检查1#变、2变、开闭所有进线、出线地刀在拉开位置。
0.23156738000000002,0.46203613,0.02078247,-0.08894542,-0.08547969999999999,0.34265727,0.2720337,0.59729004,-0.08078003,-0.01785715,-0.18689603,0.34143028000000003,0.24880981,0.629303,-0.16543579,0.051159486000000004,-0.22081804,0.36728838,0.24880981,0.629303,-0.16543579,0.051159486000000004,-0.22081804,0.36728838,0.37835693,0.32705688,-0.38046265,0.15150766000000002,-0.037681706,0.27357405,0.39453125,0.24295044000000002,-0.43850708,0.17992513000000002,-0.00571803,0.27086508,0.3388672,0.0038452148000000003,-0.5122985999999999,0.2866782,0.15622944,0.2739607,0.4437256,0.08087158,-0.68255615,0.27505237,0.022263952,0.40566146000000003,0.40612793,0.12539673,-0.7630615,0.35308605,-0.030286334,0.48476702,0.427948,-0.045196533000000004,-0.72283936,0.36479145,0.10057103,0.4220332,0.51049805,-0.059753418,-0.7775574,0.30258507,0.08924959,0.4657091,0.5710449,0.07269287,-0.8364562999999999,0.25734186,-0.052593596000000006,0.52342564,0.58413696,0.2489624,-0.8195800999999999,0.2512468,-0.25851209999999997,0.49374247,0.40716553,-0.20584106,-0.77700806,0.43373525,0.14548999,0.42763335,0.6988219999999999,0.66830444,-1.1668091,0.16439132,-0.7330698999999999,0.8277707,0.6871033,0.011993408,-0.8380737300000001,0.18699618,-0.16661173,0.46213275000000004,0.5113219999999999,-0.5894469999999999,-0.9725952,0.3704843,0.32817075,0.57474476,0.6333618,-0.20397949,-0.9475403,0.27683932,-0.11385523500000001,0.5467018,0.72091675,-0.18875122,-0.9163513,0.19534247,-0.16260287,0.51262796,0.7766723600000001,-0.23992919999999998,-0.9923706,0.14009078,-0.16598094,0.5860237500000001,检查1#变、2变、开闭所有进线、出线地刀在拉开位置。
0.2720337,0.59729004,-0.08078003,-0.01785715,-0.18689603,0.34143028000000003,0.24880981,0.629303,-0.16543579,0.051159486000000004,-0.22081804,0.36728838,0.24880981,0.629303,-0.16543579,0.051159486000000004,-0.22081804,0.36728838,0.37835693,0.32705688,-0.38046265,0.15150766000000002,-0.037681706,0.27357405,0.39453125,0.24295044000000002,-0.43850708,0.17992513000000002,-0.00571803,0.27086508,0.3388672,0.0038452148000000003,-0.5122985999999999,0.2866782,0.15622944,0.2739607,0.4437256,0.08087158,-0.68255615,0.27505237,0.022263952,0.40566146000000003,0.40612793,0.12539673,-0.7630615,0.35308605,-0.030286334,0.48476702,0.427948,-0.045196533000000004,-0.72283936,0.36479145,0.10057103,0.4220332,0.51049805,-0.059753418,-0.7775574,0.30258507,0.08924959,0.4657091,0.5710449,0.07269287,-0.8364562999999999,0.25734186,-0.052593596000000006,0.52342564,0.58413696,0.2489624,-0.8195800999999999,0.2512468,-0.25851209999999997,0.49374247,0.40716553,-0.20584106,-0.77700806,0.43373525,0.14548999,0.42763335,0.6988219999999999,0.66830444,-1.1668091,0.16439132,-0.7330698999999999,0.8277707,0.6871033,0.011993408,-0.8380737300000001,0.18699618,-0.16661173,0.46213275000000004,0.5113219999999999,-0.5894469999999999,-0.9725952,0.3704843,0.32817075,0.57474476,0.6333618,-0.20397949,-0.9475403,0.27683932,-0.11385523500000001,0.5467018,0.72091675,-0.18875122,-0.9163513,0.19534247,-0.16260287,0.51262796,0.7766723600000001,-0.23992919999999998,-0.9923706,0.14009078,-0.16598094,0.5860237500000001,0.85095215,-0.27685547,-1.1061096,0.06654294,-0.17879406,0.70010567,检查1#变、2变、开闭所有进线、出线地刀在拉开位置。
0.24880981,0.629303,-0.16543579,0.051159486000000004,-0.22081804,0.36728838,0.24880981,0.629303,-0.16543579,0.051159486000000004,-0.22081804,0.36728838,0.37835693,0.32705688,-0.38046265,0.15150766000000002,-0.037681706,0.27357405,0.39453125,0.24295044000000002,-0.43850708,0.17992513000000002,-0.00571803,0.27086508,0.3388672,0.0038452148000000003,-0.5122985999999999,0.2866782,0.15622944,0.2739607,0.4437256,0.08087158,-0.68255615,0.27505237,0.022263952,0.40566146000000003,0.40612793,0.12539673,-0.7630615,0.35308605,-0.030286334,0.48476702,0.427948,-0.045196533000000004,-0.72283936,0.36479145,0.10057103,0.4220332,0.51049805,-0.059753418,-0.7775574,0.30258507,0.08924959,0.4657091,0.5710449,0.07269287,-0.8364562999999999,0.25734186,-0.052593596000000006,0.52342564,0.58413696,0.2489624,-0.8195800999999999,0.2512468,-0.25851209999999997,0.49374247,0.40716553,-0.20584106,-0.77700806,0.43373525,0.14548999,0.42763335,0.6988219999999999,0.66830444,-1.1668091,0.16439132,-0.7330698999999999,0.8277707,0.6871033,0.011993408,-0.8380737300000001,0.18699618,-0.16661173,0.46213275000000004,0.5113219999999999,-0.5894469999999999,-0.9725952,0.3704843,0.32817075,0.57474476,0.6333618,-0.20397949,-0.9475403,0.27683932,-0.11385523500000001,0.5467018,0.72091675,-0.18875122,-0.9163513,0.19534247,-0.16260287,0.51262796,0.7766723600000001,-0.23992919999999998,-0.9923706,0.14009078,-0.16598094,0.5860237500000001,0.85095215,-0.27685547,-1.1061096,0.06654294,-0.17879406,0.70010567,0.8171691999999999,-0.5444336,-0.7595215,0.1399437,0.020976257,0.36624134,检查1#变、2变、开闭所有进线、出线地刀在拉开位置。
0.24880981,0.629303,-0.16543579,0.051159486000000004,-0.22081804,0.36728838,0.37835693,0.32705688,-0.38046265,0.15150766000000002,-0.037681706,0.27357405,0.39453125,0.24295044000000002,-0.43850708,0.17992513000000002,-0.00571803,0.27086508,0.3388672,0.0038452148000000003,-0.5122985999999999,0.2866782,0.15622944,0.2739607,0.4437256,0.08087158,-0.68255615,0.27505237,0.022263952,0.40566146000000003,0.40612793,0.12539673,-0.7630615,0.35308605,-0.030286334,0.48476702,0.427948,-0.045196533000000004,-0.72283936,0.36479145,0.10057103,0.4220332,0.51049805,-0.059753418,-0.7775574,0.30258507,0.08924959,0.4657091,0.5710449,0.07269287,-0.8364562999999999,0.25734186,-0.052593596000000006,0.52342564,0.58413696,0.2489624,-0.8195800999999999,0.2512468,-0.25851209999999997,0.49374247,0.40716553,-0.20584106,-0.77700806,0.43373525,0.14548999,0.42763335,0.6988219999999999,0.66830444,-1.1668091,0.16439132,-0.7330698999999999,0.8277707,0.6871033,0.011993408,-0.8380737300000001,0.18699618,-0.16661173,0.46213275000000004,0.5113219999999999,-0.5894469999999999,-0.9725952,0.3704843,0.32817075,0.57474476,0.6333618,-0.20397949,-0.9475403,0.27683932,-0.11385523500000001,0.5467018,0.72091675,-0.18875122,-0.9163513,0.19534247,-0.16260287,0.51262796,0.7766723600000001,-0.23992919999999998,-0.9923706,0.14009078,-0.16598094,0.5860237500000001,0.85095215,-0.27685547,-1.1061096,0.06654294,-0.17879406,0.70010567,0.8171691999999999,-0.5444336,-0.7595215,0.1399437,0.020976257,0.36624134,0.90097046,-1.1904602,-1.7140502999999998,0.10451199,0.6493417,1.3451642,检查1#变、2变、开闭所有进线、出线地刀在拉开位置。
0.37835693,0.32705688,-0.38046265,0.15150766000000002,-0.037681706,0.27357405,0.39453125,0.24295044000000002,-0.43850708,0.17992513000000002,-0.00571803,0.27086508,0.3388672,0.0038452148000000003,-0.5122985999999999,0.2866782,0.15622944,0.2739607,0.4437256,0.08087158,-0.68255615,0.27505237,0.022263952,0.40566146000000003,0.40612793,0.12539673,-0.7630615,0.35308605,-0.030286334,0.48476702,0.427948,-0.045196533000000004,-0.72283936,0.36479145,0.10057103,0.4220332,0.51049805,-0.059753418,-0.7775574,0.30258507,0.08924959,0.4657091,0.5710449,0.07269287,-0.8364562999999999,0.25734186,-0.052593596000000006,0.52342564,0.58413696,0.2489624,-0.8195800999999999,0.2512468,-0.25851209999999997,0.49374247,0.40716553,-0.20584106,-0.77700806,0.43373525,0.14548999,0.42763335,0.6988219999999999,0.66830444,-1.1668091,0.16439132,-0.7330698999999999,0.8277707,0.6871033,0.011993408,-0.8380737300000001,0.18699618,-0.16661173,0.46213275000000004,0.5113219999999999,-0.5894469999999999,-0.9725952,0.3704843,0.32817075,0.57474476,0.6333618,-0.20397949,-0.9475403,0.27683932,-0.11385523500000001,0.5467018,0.72091675,-0.18875122,-0.9163513,0.19534247,-0.16260287,0.51262796,0.7766723600000001,-0.23992919999999998,-0.9923706,0.14009078,-0.16598094,0.5860237500000001,0.85095215,-0.27685547,-1.1061096,0.06654294,-0.17879406,0.70010567,0.8171691999999999,-0.5444336,-0.7595215,0.1399437,0.020976257,0.36624134,0.90097046,-1.1904602,-1.7140502999999998,0.10451199,0.6493417,1.3451642,0.8095093,-0.7828064,-1.0386963,0.22068052,0.28514606,0.6691045999999999,检查1#变、2变、开闭所有进线、出线地刀在拉开位置。
0.39453125,0.24295044000000002,-0.43850708,0.17992513000000002,-0.00571803,0.27086508,0.3388672,0.0038452148000000003,-0.5122985999999999,0.2866782,0.15622944,0.2739607,0.4437256,0.08087158,-0.68255615,0.27505237,0.022263952,0.40566146000000003,0.40612793,0.12539673,-0.7630615,0.35308605,-0.030286334,0.48476702,0.427948,-0.045196533000000004,-0.72283936,0.36479145,0.10057103,0.4220332,0.51049805,-0.059753418,-0.7775574,0.30258507,0.08924959,0.4657091,0.5710449,0.07269287,-0.8364562999999999,0.25734186,-0.052593596000000006,0.52342564,0.58413696,0.2489624,-0.8195800999999999,0.2512468,-0.25851209999999997,0.49374247,0.40716553,-0.20584106,-0.77700806,0.43373525,0.14548999,0.42763335,0.6988219999999999,0.66830444,-1.1668091,0.16439132,-0.7330698999999999,0.8277707,0.6871033,0.011993408,-0.8380737300000001,0.18699618,-0.16661173,0.46213275000000004,0.5113219999999999,-0.5894469999999999,-0.9725952,0.3704843,0.32817075,0.57474476,0.6333618,-0.20397949,-0.9475403,0.27683932,-0.11385523500000001,0.5467018,0.72091675,-0.18875122,-0.9163513,0.19534247,-0.16260287,0.51262796,0.7766723600000001,-0.23992919999999998,-0.9923706,0.14009078,-0.16598094,0.5860237500000001,0.85095215,-0.27685547,-1.1061096,0.06654294,-0.17879406,0.70010567,0.8171691999999999,-0.5444336,-0.7595215,0.1399437,0.020976257,0.36624134,0.90097046,-1.1904602,-1.7140502999999998,0.10451199,0.6493417,1.3451642,0.8095093,-0.7828064,-1.0386963,0.22068052,0.28514606,0.6691045999999999,0.67715454,-0.7941284,-1.1529236,0.34910345,0.32524922,0.78202426,检查1#变、2变、开闭所有进线、出线地刀在拉开位置。
0.3388672,0.0038452148000000003,-0.5122985999999999,0.2866782,0.15622944,0.2739607,0.4437256,0.08087158,-0.68255615,0.27505237,0.022263952,0.40566146000000003,0.40612793,0.12539673,-0.7630615,0.35308605,-0.030286334,0.48476702,0.427948,-0.045196533000000004,-0.72283936,0.36479145,0.10057103,0.4220332,0.51049805,-0.059753418,-0.7775574,0.30258507,0.08924959,0.4657091,0.5710449,0.07269287,-0.8364562999999999,0.25734186,-0.052593596000000006,0.52342564,0.58413696,0.2489624,-0.8195800999999999,0.2512468,-0.25851209999999997,0.49374247,0.40716553,-0.20584106,-0.77700806,0.43373525,0.14548999,0.42763335,0.6988219999999999,0.66830444,-1.1668091,0.16439132,-0.7330698999999999,0.8277707,0.6871033,0.011993408,-0.8380737300000001,0.18699618,-0.16661173,0.46213275000000004,0.5113219999999999,-0.5894469999999999,-0.9725952,0.3704843,0.32817075,0.57474476,0.6333618,-0.20397949,-0.9475403,0.27683932,-0.11385523500000001,0.5467018,0.72091675,-0.18875122,-0.9163513,0.19534247,-0.16260287,0.51262796,0.7766723600000001,-0.23992919999999998,-0.9923706,0.14009078,-0.16598094,0.5860237500000001,0.85095215,-0.27685547,-1.1061096,0.06654294,-0.17879406,0.70010567,0.8171691999999999,-0.5444336,-0.7595215,0.1399437,0.020976257,0.36624134,0.90097046,-1.1904602,-1.7140502999999998,0.10451199,0.6493417,1.3451642,0.8095093,-0.7828064,-1.0386963,0.22068052,0.28514606,0.6691045999999999,0.67715454,-0.7941284,-1.1529236,0.34910345,0.32524922,0.78202426,0.56484985,-0.73431396,-1.041748,0.43461913,0.34710127,0.6613264,检查1#变、2变、开闭所有进线、出线地刀在拉开位置。
0.4437256,0.08087158,-0.68255615,0.27505237,0.022263952,0.40566146000000003,0.40612793,0.12539673,-0.7630615,0.35308605,-0.030286334,0.48476702,0.427948,-0.045196533000000004,-0.72283936,0.36479145,0.10057103,0.4220332,0.51049805,-0.059753418,-0.7775574,0.30258507,0.08924959,0.4657091,0.5710449,0.07269287,-0.8364562999999999,0.25734186,-0.052593596000000006,0.52342564,0.58413696,0.2489624,-0.8195800999999999,0.2512468,-0.25851209999999997,0.49374247,0.40716553,-0.20584106,-0.77700806,0.43373525,0.14548999,0.42763335,0.6988219999999999,0.66830444,-1.1668091,0.16439132,-0.7330698999999999,0.8277707,0.6871033,0.011993408,-0.8380737300000001,0.18699618,-0.16661173,0.46213275000000004,0.5113219999999999,-0.5894469999999999,-0.9725952,0.3704843,0.32817075,0.57474476,0.6333618,-0.20397949,-0.9475403,0.27683932,-0.11385523500000001,0.5467018,0.72091675,-0.18875122,-0.9163513,0.19534247,-0.16260287,0.51262796,0.7766723600000001,-0.23992919999999998,-0.9923706,0.14009078,-0.16598094,0.5860237500000001,0.85095215,-0.27685547,-1.1061096,0.06654294,-0.17879406,0.70010567,0.8171691999999999,-0.5444336,-0.7595215,0.1399437,0.020976257,0.36624134,0.90097046,-1.1904602,-1.7140502999999998,0.10451199,0.6493417,1.3451642,0.8095093,-0.7828064,-1.0386963,0.22068052,0.28514606,0.6691045999999999,0.67715454,-0.7941284,-1.1529236,0.34910345,0.32524922,0.78202426,0.56484985,-0.73431396,-1.041748,0.43461913,0.34710127,0.6613264,0.56484985,-0.73431396,-1.041748,0.43461913,0.34710127,0.6613264,检查1#变、2变、开闭所有进线、出线地刀在拉开位置。
0.40612793,0.12539673,-0.7630615,0.35308605,-0.030286334,0.48476702,0.427948,-0.045196533000000004,-0.72283936,0.36479145,0.10057103,0.4220332,0.51049805,-0.059753418,-0.7775574,0.30258507,0.08924959,0.4657091,0.5710449,0.07269287,-0.8364562999999999,0.25734186,-0.052593596000000006,0.52342564,0.58413696,0.2489624,-0.8195800999999999,0.2512468,-0.25851209999999997,0.49374247,0.40716553,-0.20584106,-0.77700806,0.43373525,0.14548999,0.42763335,0.6988219999999999,0.66830444,-1.1668091,0.16439132,-0.7330698999999999,0.8277707,0.6871033,0.011993408,-0.8380737300000001,0.18699618,-0.16661173,0.46213275000000004,0.5113219999999999,-0.5894469999999999,-0.9725952,0.3704843,0.32817075,0.57474476,0.6333618,-0.20397949,-0.9475403,0.27683932,-0.11385523500000001,0.5467018,0.72091675,-0.18875122,-0.9163513,0.19534247,-0.16260287,0.51262796,0.7766723600000001,-0.23992919999999998,-0.9923706,0.14009078,-0.16598094,0.5860237500000001,0.85095215,-0.27685547,-1.1061096,0.06654294,-0.17879406,0.70010567,0.8171691999999999,-0.5444336,-0.7595215,0.1399437,0.020976257,0.36624134,0.90097046,-1.1904602,-1.7140502999999998,0.10451199,0.6493417,1.3451642,0.8095093,-0.7828064,-1.0386963,0.22068052,0.28514606,0.6691045999999999,0.67715454,-0.7941284,-1.1529236,0.34910345,0.32524922,0.78202426,0.56484985,-0.73431396,-1.041748,0.43461913,0.34710127,0.6613264,0.56484985,-0.73431396,-1.041748,0.43461913,0.34710127,0.6613264,0.65057373,-0.29455566,-0.53570557,0.26978594,0.14667395,0.16695035,检查1#变、2变、开闭所有进线、出线地刀在拉开位置。
0.427948,-0.045196533000000004,-0.72283936,0.36479145,0.10057103,0.4220332,0.51049805,-0.059753418,-0.7775574,0.30258507,0.08924959,0.4657091,0.5710449,0.07269287,-0.8364562999999999,0.25734186,-0.052593596000000006,0.52342564,0.58413696,0.2489624,-0.8195800999999999,0.2512468,-0.25851209999999997,0.49374247,0.40716553,-0.20584106,-0.77700806,0.43373525,0.14548999,0.42763335,0.6988219999999999,0.66830444,-1.1668091,0.16439132,-0.7330698999999999,0.8277707,0.6871033,0.011993408,-0.8380737300000001,0.18699618,-0.16661173,0.46213275000000004,0.5113219999999999,-0.5894469999999999,-0.9725952,0.3704843,0.32817075,0.57474476,0.6333618,-0.20397949,-0.9475403,0.27683932,-0.11385523500000001,0.5467018,0.72091675,-0.18875122,-0.9163513,0.19534247,-0.16260287,0.51262796,0.7766723600000001,-0.23992919999999998,-0.9923706,0.14009078,-0.16598094,0.5860237500000001,0.85095215,-0.27685547,-1.1061096,0.06654294,-0.17879406,0.70010567,0.8171691999999999,-0.5444336,-0.7595215,0.1399437,0.020976257,0.36624134,0.90097046,-1.1904602,-1.7140502999999998,0.10451199,0.6493417,1.3451642,0.8095093,-0.7828064,-1.0386963,0.22068052,0.28514606,0.6691045999999999,0.67715454,-0.7941284,-1.1529236,0.34910345,0.32524922,0.78202426,0.56484985,-0.73431396,-1.041748,0.43461913,0.34710127,0.6613264,0.56484985,-0.73431396,-1.041748,0.43461913,0.34710127,0.6613264,0.65057373,-0.29455566,-0.53570557,0.26978594,0.14667395,0.16695035,0.46102905,0.2735901,-0.9673461999999999,0.45565712,-0.33037785000000003,0.6388131,检查1#变、2变、开闭所有进线、出线地刀在拉开位置。
0.51049805,-0.059753418,-0.7775574,0.30258507,0.08924959,0.4657091,0.5710449,0.07269287,-0.8364562999999999,0.25734186,-0.052593596000000006,0.52342564,0.58413696,0.2489624,-0.8195800999999999,0.2512468,-0.25851209999999997,0.49374247,0.40716553,-0.20584106,-0.77700806,0.43373525,0.14548999,0.42763335,0.6988219999999999,0.66830444,-1.1668091,0.16439132,-0.7330698999999999,0.8277707,0.6871033,0.011993408,-0.8380737300000001,0.18699618,-0.16661173,0.46213275000000004,0.5113219999999999,-0.5894469999999999,-0.9725952,0.3704843,0.32817075,0.57474476,0.6333618,-0.20397949,-0.9475403,0.27683932,-0.11385523500000001,0.5467018,0.72091675,-0.18875122,-0.9163513,0.19534247,-0.16260287,0.51262796,0.7766723600000001,-0.23992919999999998,-0.9923706,0.14009078,-0.16598094,0.5860237500000001,0.85095215,-0.27685547,-1.1061096,0.06654294,-0.17879406,0.70010567,0.8171691999999999,-0.5444336,-0.7595215,0.1399437,0.020976257,0.36624134,0.90097046,-1.1904602,-1.7140502999999998,0.10451199,0.6493417,1.3451642,0.8095093,-0.7828064,-1.0386963,0.22068052,0.28514606,0.6691045999999999,0.67715454,-0.7941284,-1.1529236,0.34910345,0.32524922,0.78202426,0.56484985,-0.73431396,-1.041748,0.43461913,0.34710127,0.6613264,0.56484985,-0.73431396,-1.041748,0.43461913,0.34710127,0.6613264,0.65057373,-0.29455566,-0.53570557,0.26978594,0.14667395,0.16695035,0.46102905,0.2735901,-0.9673461999999999,0.45565712,-0.33037785000000003,0.6388131,0.5515137,-0.05532837,-0.76986694,0.36505324,0.015633665,0.44391444,检查1#变、2变、开闭所有进线、出线地刀在拉开位置。
0.5710449,0.07269287,-0.8364562999999999,0.25734186,-0.052593596000000006,0.52342564,0.58413696,0.2489624,-0.8195800999999999,0.2512468,-0.25851209999999997,0.49374247,0.40716553,-0.20584106,-0.77700806,0.43373525,0.14548999,0.42763335,0.6988219999999999,0.66830444,-1.1668091,0.16439132,-0.7330698999999999,0.8277707,0.6871033,0.011993408,-0.8380737300000001,0.18699618,-0.16661173,0.46213275000000004,0.5113219999999999,-0.5894469999999999,-0.9725952,0.3704843,0.32817075,0.57474476,0.6333618,-0.20397949,-0.9475403,0.27683932,-0.11385523500000001,0.5467018,0.72091675,-0.18875122,-0.9163513,0.19534247,-0.16260287,0.51262796,0.7766723600000001,-0.23992919999999998,-0.9923706,0.14009078,-0.16598094,0.5860237500000001,0.85095215,-0.27685547,-1.1061096,0.06654294,-0.17879406,0.70010567,0.8171691999999999,-0.5444336,-0.7595215,0.1399437,0.020976257,0.36624134,0.90097046,-1.1904602,-1.7140502999999998,0.10451199,0.6493417,1.3451642,0.8095093,-0.7828064,-1.0386963,0.22068052,0.28514606,0.6691045999999999,0.67715454,-0.7941284,-1.1529236,0.34910345,0.32524922,0.78202426,0.56484985,-0.73431396,-1.041748,0.43461913,0.34710127,0.6613264,0.56484985,-0.73431396,-1.041748,0.43461913,0.34710127,0.6613264,0.65057373,-0.29455566,-0.53570557,0.26978594,0.14667395,0.16695035,0.46102905,0.2735901,-0.9673461999999999,0.45565712,-0.33037785000000003,0.6388131,0.5515137,-0.05532837,-0.76986694,0.36505324,0.015633665,0.44391444,0.64489746,0.07189941400000001,-0.86380005,0.29933172,-0.12977719999999998,0.53886104,检查1#变、2变、开闭所有进线、出线地刀在拉开位置。
0.58413696,0.2489624,-0.8195800999999999,0.2512468,-0.25851209999999997,0.49374247,0.40716553,-0.20584106,-0.77700806,0.43373525,0.14548999,0.42763335,0.6988219999999999,0.66830444,-1.1668091,0.16439132,-0.7330698999999999,0.8277707,0.6871033,0.011993408,-0.8380737300000001,0.18699618,-0.16661173,0.46213275000000004,0.5113219999999999,-0.5894469999999999,-0.9725952,0.3704843,0.32817075,0.57474476,0.6333618,-0.20397949,-0.9475403,0.27683932,-0.11385523500000001,0.5467018,0.72091675,-0.18875122,-0.9163513,0.19534247,-0.16260287,0.51262796,0.7766723600000001,-0.23992919999999998,-0.9923706,0.14009078,-0.16598094,0.5860237500000001,0.85095215,-0.27685547,-1.1061096,0.06654294,-0.17879406,0.70010567,0.8171691999999999,-0.5444336,-0.7595215,0.1399437,0.020976257,0.36624134,0.90097046,-1.1904602,-1.7140502999999998,0.10451199,0.6493417,1.3451642,0.8095093,-0.7828064,-1.0386963,0.22068052,0.28514606,0.6691045999999999,0.67715454,-0.7941284,-1.1529236,0.34910345,0.32524922,0.78202426,0.56484985,-0.73431396,-1.041748,0.43461913,0.34710127,0.6613264,0.56484985,-0.73431396,-1.041748,0.43461913,0.34710127,0.6613264,0.65057373,-0.29455566,-0.53570557,0.26978594,0.14667395,0.16695035,0.46102905,0.2735901,-0.9673461999999999,0.45565712,-0.33037785000000003,0.6388131,0.5515137,-0.05532837,-0.76986694,0.36505324,0.015633665,0.44391444,0.64489746,0.07189941400000001,-0.86380005,0.29933172,-0.12977719999999998,0.53886104,0.7956848,-0.13842773,-0.80374146,0.18016104,0.021827418,0.46348894,检查1#变、2变、开闭所有进线、出线地刀在拉开位置。
0.40716553,-0.20584106,-0.77700806,0.43373525,0.14548999,0.42763335,0.6988219999999999,0.66830444,-1.1668091,0.16439132,-0.7330698999999999,0.8277707,0.6871033,0.011993408,-0.8380737300000001,0.18699618,-0.16661173,0.46213275000000004,0.5113219999999999,-0.5894469999999999,-0.9725952,0.3704843,0.32817075,0.57474476,0.6333618,-0.20397949,-0.9475403,0.27683932,-0.11385523500000001,0.5467018,0.72091675,-0.18875122,-0.9163513,0.19534247,-0.16260287,0.51262796,0.7766723600000001,-0.23992919999999998,-0.9923706,0.14009078,-0.16598094,0.5860237500000001,0.85095215,-0.27685547,-1.1061096,0.06654294,-0.17879406,0.70010567,0.8171691999999999,-0.5444336,-0.7595215,0.1399437,0.020976257,0.36624134,0.90097046,-1.1904602,-1.7140502999999998,0.10451199,0.6493417,1.3451642,0.8095093,-0.7828064,-1.0386963,0.22068052,0.28514606,0.6691045999999999,0.67715454,-0.7941284,-1.1529236,0.34910345,0.32524922,0.78202426,0.56484985,-0.73431396,-1.041748,0.43461913,0.34710127,0.6613264,0.56484985,-0.73431396,-1.041748,0.43461913,0.34710127,0.6613264,0.65057373,-0.29455566,-0.53570557,0.26978594,0.14667395,0.16695035,0.46102905,0.2735901,-0.9673461999999999,0.45565712,-0.33037785000000003,0.6388131,0.5515137,-0.05532837,-0.76986694,0.36505324,0.015633665,0.44391444,0.64489746,0.07189941400000001,-0.86380005,0.29933172,-0.12977719999999998,0.53886104,0.7956848,-0.13842773,-0.80374146,0.18016104,0.021827418,0.46348894,0.81591797,0.35107422,-0.9732666,0.19314821000000001,-0.5853577999999999,0.61326295,检查1#变、2变、开闭所有进线、出线地刀在拉开位置。
0.6988219999999999,0.66830444,-1.1668091,0.16439132,-0.7330698999999999,0.8277707,0.6871033,0.011993408,-0.8380737300000001,0.18699618,-0.16661173,0.46213275000000004,0.5113219999999999,-0.5894469999999999,-0.9725952,0.3704843,0.32817075,0.57474476,0.6333618,-0.20397949,-0.9475403,0.27683932,-0.11385523500000001,0.5467018,0.72091675,-0.18875122,-0.9163513,0.19534247,-0.16260287,0.51262796,0.7766723600000001,-0.23992919999999998,-0.9923706,0.14009078,-0.16598094,0.5860237500000001,0.85095215,-0.27685547,-1.1061096,0.06654294,-0.17879406,0.70010567,0.8171691999999999,-0.5444336,-0.7595215,0.1399437,0.020976257,0.36624134,0.90097046,-1.1904602,-1.7140502999999998,0.10451199,0.6493417,1.3451642,0.8095093,-0.7828064,-1.0386963,0.22068052,0.28514606,0.6691045999999999,0.67715454,-0.7941284,-1.1529236,0.34910345,0.32524922,0.78202426,0.56484985,-0.73431396,-1.041748,0.43461913,0.34710127,0.6613264,0.56484985,-0.73431396,-1.041748,0.43461913,0.34710127,0.6613264,0.65057373,-0.29455566,-0.53570557,0.26978594,0.14667395,0.16695035,0.46102905,0.2735901,-0.9673461999999999,0.45565712,-0.33037785000000003,0.6388131,0.5515137,-0.05532837,-0.76986694,0.36505324,0.015633665,0.44391444,0.64489746,0.07189941400000001,-0.86380005,0.29933172,-0.12977719999999998,0.53886104,0.7956848,-0.13842773,-0.80374146,0.18016104,0.021827418,0.46348894,0.81591797,0.35107422,-0.9732666,0.19314821000000001,-0.5853577999999999,0.61326295,1.0378113,-0.43756104,-0.14163208,-0.033823356,-0.03330589,-0.2477076,检查1#变、2变、开闭所有进线、出线地刀在拉开位置。
0.6871033,0.011993408,-0.8380737300000001,0.18699618,-0.16661173,0.46213275000000004,0.5113219999999999,-0.5894469999999999,-0.9725952,0.3704843,0.32817075,0.57474476,0.6333618,-0.20397949,-0.9475403,0.27683932,-0.11385523500000001,0.5467018,0.72091675,-0.18875122,-0.9163513,0.19534247,-0.16260287,0.51262796,0.7766723600000001,-0.23992919999999998,-0.9923706,0.14009078,-0.16598094,0.5860237500000001,0.85095215,-0.27685547,-1.1061096,0.06654294,-0.17879406,0.70010567,0.8171691999999999,-0.5444336,-0.7595215,0.1399437,0.020976257,0.36624134,0.90097046,-1.1904602,-1.7140502999999998,0.10451199,0.6493417,1.3451642,0.8095093,-0.7828064,-1.0386963,0.22068052,0.28514606,0.6691045999999999,0.67715454,-0.7941284,-1.1529236,0.34910345,0.32524922,0.78202426,0.56484985,-0.73431396,-1.041748,0.43461913,0.34710127,0.6613264,0.56484985,-0.73431396,-1.041748,0.43461913,0.34710127,0.6613264,0.65057373,-0.29455566,-0.53570557,0.26978594,0.14667395,0.16695035,0.46102905,0.2735901,-0.9673461999999999,0.45565712,-0.33037785000000003,0.6388131,0.5515137,-0.05532837,-0.76986694,0.36505324,0.015633665,0.44391444,0.64489746,0.07189941400000001,-0.86380005,0.29933172,-0.12977719999999998,0.53886104,0.7956848,-0.13842773,-0.80374146,0.18016104,0.021827418,0.46348894,0.81591797,0.35107422,-0.9732666,0.19314821000000001,-0.5853577999999999,0.61326295,1.0378113,-0.43756104,-0.14163208,-0.033823356,-0.03330589,-0.2477076,0.7800598,-1.8785706,-0.70788574,0.16839884,1.0865046,0.39006898,检查1#变、2变、开闭所有进线、出线地刀在拉开位置。
0.5113219999999999,-0.5894469999999999,-0.9725952,0.3704843,0.32817075,0.57474476,0.6333618,-0.20397949,-0.9475403,0.27683932,-0.11385523500000001,0.5467018,0.72091675,-0.18875122,-0.9163513,0.19534247,-0.16260287,0.51262796,0.7766723600000001,-0.23992919999999998,-0.9923706,0.14009078,-0.16598094,0.5860237500000001,0.85095215,-0.27685547,-1.1061096,0.06654294,-0.17879406,0.70010567,0.8171691999999999,-0.5444336,-0.7595215,0.1399437,0.020976257,0.36624134,0.90097046,-1.1904602,-1.7140502999999998,0.10451199,0.6493417,1.3451642,0.8095093,-0.7828064,-1.0386963,0.22068052,0.28514606,0.6691045999999999,0.67715454,-0.7941284,-1.1529236,0.34910345,0.32524922,0.78202426,0.56484985,-0.73431396,-1.041748,0.43461913,0.34710127,0.6613264,0.56484985,-0.73431396,-1.041748,0.43461913,0.34710127,0.6613264,0.65057373,-0.29455566,-0.53570557,0.26978594,0.14667395,0.16695035,0.46102905,0.2735901,-0.9673461999999999,0.45565712,-0.33037785000000003,0.6388131,0.5515137,-0.05532837,-0.76986694,0.36505324,0.015633665,0.44391444,0.64489746,0.07189941400000001,-0.86380005,0.29933172,-0.12977719999999998,0.53886104,0.7956848,-0.13842773,-0.80374146,0.18016104,0.021827418,0.46348894,0.81591797,0.35107422,-0.9732666,0.19314821000000001,-0.5853577999999999,0.61326295,1.0378113,-0.43756104,-0.14163208,-0.033823356,-0.03330589,-0.2477076,0.7800598,-1.8785706,-0.70788574,0.16839884,1.0865046,0.39006898,0.19567871,-0.80133057,-1.598999,0.7009451,-0.07921551,1.3083529999999999,检查1#变、2变、开闭所有进线、出线地刀在拉开位置。
0.6333618,-0.20397949,-0.9475403,0.27683932,-0.11385523500000001,0.5467018,0.72091675,-0.18875122,-0.9163513,0.19534247,-0.16260287,0.51262796,0.7766723600000001,-0.23992919999999998,-0.9923706,0.14009078,-0.16598094,0.5860237500000001,0.85095215,-0.27685547,-1.1061096,0.06654294,-0.17879406,0.70010567,0.8171691999999999,-0.5444336,-0.7595215,0.1399437,0.020976257,0.36624134,0.90097046,-1.1904602,-1.7140502999999998,0.10451199,0.6493417,1.3451642,0.8095093,-0.7828064,-1.0386963,0.22068052,0.28514606,0.6691045999999999,0.67715454,-0.7941284,-1.1529236,0.34910345,0.32524922,0.78202426,0.56484985,-0.73431396,-1.041748,0.43461913,0.34710127,0.6613264,0.56484985,-0.73431396,-1.041748,0.43461913,0.34710127,0.6613264,0.65057373,-0.29455566,-0.53570557,0.26978594,0.14667395,0.16695035,0.46102905,0.2735901,-0.9673461999999999,0.45565712,-0.33037785000000003,0.6388131,0.5515137,-0.05532837,-0.76986694,0.36505324,0.015633665,0.44391444,0.64489746,0.07189941400000001,-0.86380005,0.29933172,-0.12977719999999998,0.53886104,0.7956848,-0.13842773,-0.80374146,0.18016104,0.021827418,0.46348894,0.81591797,0.35107422,-0.9732666,0.19314821000000001,-0.5853577999999999,0.61326295,1.0378113,-0.43756104,-0.14163208,-0.033823356,-0.03330589,-0.2477076,0.7800598,-1.8785706,-0.70788574,0.16839884,1.0865046,0.39006898,0.19567871,-0.80133057,-1.598999,0.7009451,-0.07921551,1.3083529999999999,0.501709,-0.92092896,-1.1289978,0.38951033,0.051889464,0.82831454,检查1#变、2变、开闭所有进线、出线地刀在拉开位置。
0.72091675,-0.18875122,-0.9163513,0.19534247,-0.16260287,0.51262796,0.7766723600000001,-0.23992919999999998,-0.9923706,0.14009078,-0.16598094,0.5860237500000001,0.85095215,-0.27685547,-1.1061096,0.06654294,-0.17879406,0.70010567,0.8171691999999999,-0.5444336,-0.7595215,0.1399437,0.020976257,0.36624134,0.90097046,-1.1904602,-1.7140502999999998,0.10451199,0.6493417,1.3451642,0.8095093,-0.7828064,-1.0386963,0.22068052,0.28514606,0.6691045999999999,0.67715454,-0.7941284,-1.1529236,0.34910345,0.32524922,0.78202426,0.56484985,-0.73431396,-1.041748,0.43461913,0.34710127,0.6613264,0.56484985,-0.73431396,-1.041748,0.43461913,0.34710127,0.6613264,0.65057373,-0.29455566,-0.53570557,0.26978594,0.14667395,0.16695035,0.46102905,0.2735901,-0.9673461999999999,0.45565712,-0.33037785000000003,0.6388131,0.5515137,-0.05532837,-0.76986694,0.36505324,0.015633665,0.44391444,0.64489746,0.07189941400000001,-0.86380005,0.29933172,-0.12977719999999998,0.53886104,0.7956848,-0.13842773,-0.80374146,0.18016104,0.021827418,0.46348894,0.81591797,0.35107422,-0.9732666,0.19314821000000001,-0.5853577999999999,0.61326295,1.0378113,-0.43756104,-0.14163208,-0.033823356,-0.03330589,-0.2477076,0.7800598,-1.8785706,-0.70788574,0.16839884,1.0865046,0.39006898,0.19567871,-0.80133057,-1.598999,0.7009451,-0.07921551,1.3083529999999999,0.501709,-0.92092896,-1.1289978,0.38951033,0.051889464,0.82831454,0.23327637,-0.94488525,-1.0714722,0.6789791,0.19075975,0.72920555,检查1#变、2变、开闭所有进线、出线地刀在拉开位置。
0.7766723600000001,-0.23992919999999998,-0.9923706,0.14009078,-0.16598094,0.5860237500000001,0.85095215,-0.27685547,-1.1061096,0.06654294,-0.17879406,0.70010567,0.8171691999999999,-0.5444336,-0.7595215,0.1399437,0.020976257,0.36624134,0.90097046,-1.1904602,-1.7140502999999998,0.10451199,0.6493417,1.3451642,0.8095093,-0.7828064,-1.0386963,0.22068052,0.28514606,0.6691045999999999,0.67715454,-0.7941284,-1.1529236,0.34910345,0.32524922,0.78202426,0.56484985,-0.73431396,-1.041748,0.43461913,0.34710127,0.6613264,0.56484985,-0.73431396,-1.041748,0.43461913,0.34710127,0.6613264,0.65057373,-0.29455566,-0.53570557,0.26978594,0.14667395,0.16695035,0.46102905,0.2735901,-0.9673461999999999,0.45565712,-0.33037785000000003,0.6388131,0.5515137,-0.05532837,-0.76986694,0.36505324,0.015633665,0.44391444,0.64489746,0.07189941400000001,-0.86380005,0.29933172,-0.12977719999999998,0.53886104,0.7956848,-0.13842773,-0.80374146,0.18016104,0.021827418,0.46348894,0.81591797,0.35107422,-0.9732666,0.19314821000000001,-0.5853577999999999,0.61326295,1.0378113,-0.43756104,-0.14163208,-0.033823356,-0.03330589,-0.2477076,0.7800598,-1.8785706,-0.70788574,0.16839884,1.0865046,0.39006898,0.19567871,-0.80133057,-1.598999,0.7009451,-0.07921551,1.3083529999999999,0.501709,-0.92092896,-1.1289978,0.38951033,0.051889464,0.82831454,0.23327637,-0.94488525,-1.0714722,0.6789791,0.19075975,0.72920555,0.6932678,-0.5821227999999999,-0.92684937,0.25960243,-0.03529735,0.5489769,检查1#变、2变、开闭所有进线、出线地刀在拉开位置。
0.85095215,-0.27685547,-1.1061096,0.06654294,-0.17879406,0.70010567,0.8171691999999999,-0.5444336,-0.7595215,0.1399437,0.020976257,0.36624134,0.90097046,-1.1904602,-1.7140502999999998,0.10451199,0.6493417,1.3451642,0.8095093,-0.7828064,-1.0386963,0.22068052,0.28514606,0.6691045999999999,0.67715454,-0.7941284,-1.1529236,0.34910345,0.32524922,0.78202426,0.56484985,-0.73431396,-1.041748,0.43461913,0.34710127,0.6613264,0.56484985,-0.73431396,-1.041748,0.43461913,0.34710127,0.6613264,0.65057373,-0.29455566,-0.53570557,0.26978594,0.14667395,0.16695035,0.46102905,0.2735901,-0.9673461999999999,0.45565712,-0.33037785000000003,0.6388131,0.5515137,-0.05532837,-0.76986694,0.36505324,0.015633665,0.44391444,0.64489746,0.07189941400000001,-0.86380005,0.29933172,-0.12977719999999998,0.53886104,0.7956848,-0.13842773,-0.80374146,0.18016104,0.021827418,0.46348894,0.81591797,0.35107422,-0.9732666,0.19314821000000001,-0.5853577999999999,0.61326295,1.0378113,-0.43756104,-0.14163208,-0.033823356,-0.03330589,-0.2477076,0.7800598,-1.8785706,-0.70788574,0.16839884,1.0865046,0.39006898,0.19567871,-0.80133057,-1.598999,0.7009451,-0.07921551,1.3083529999999999,0.501709,-0.92092896,-1.1289978,0.38951033,0.051889464,0.82831454,0.23327637,-0.94488525,-1.0714722,0.6789791,0.19075975,0.72920555,0.6932678,-0.5821227999999999,-0.92684937,0.25960243,-0.03529735,0.5489769,0.6910094999999999,-0.18615723,-0.7120056,0.29450208,-0.26552162,0.32210517,检查1#变、2变、开闭所有进线、出线地刀在拉开位置。
0.8171691999999999,-0.5444336,-0.7595215,0.1399437,0.020976257,0.36624134,0.90097046,-1.1904602,-1.7140502999999998,0.10451199,0.6493417,1.3451642,0.8095093,-0.7828064,-1.0386963,0.22068052,0.28514606,0.6691045999999999,0.67715454,-0.7941284,-1.1529236,0.34910345,0.32524922,0.78202426,0.56484985,-0.73431396,-1.041748,0.43461913,0.34710127,0.6613264,0.56484985,-0.73431396,-1.041748,0.43461913,0.34710127,0.6613264,0.65057373,-0.29455566,-0.53570557,0.26978594,0.14667395,0.16695035,0.46102905,0.2735901,-0.9673461999999999,0.45565712,-0.33037785000000003,0.6388131,0.5515137,-0.05532837,-0.76986694,0.36505324,0.015633665,0.44391444,0.64489746,0.07189941400000001,-0.86380005,0.29933172,-0.12977719999999998,0.53886104,0.7956848,-0.13842773,-0.80374146,0.18016104,0.021827418,0.46348894,0.81591797,0.35107422,-0.9732666,0.19314821000000001,-0.5853577999999999,0.61326295,1.0378113,-0.43756104,-0.14163208,-0.033823356,-0.03330589,-0.2477076,0.7800598,-1.8785706,-0.70788574,0.16839884,1.0865046,0.39006898,0.19567871,-0.80133057,-1.598999,0.7009451,-0.07921551,1.3083529999999999,0.501709,-0.92092896,-1.1289978,0.38951033,0.051889464,0.82831454,0.23327637,-0.94488525,-1.0714722,0.6789791,0.19075975,0.72920555,0.6932678,-0.5821227999999999,-0.92684937,0.25960243,-0.03529735,0.5489769,0.6910094999999999,-0.18615723,-0.7120056,0.29450208,-0.26552162,0.32210517,0.75457764,-0.27087402,-0.86572266,0.24561279,-0.10646439,0.48244518000000003,检查1#变、2变、开闭所有进线、出线地刀在拉开位置。
0.90097046,-1.1904602,-1.7140502999999998,0.10451199,0.6493417,1.3451642,0.8095093,-0.7828064,-1.0386963,0.22068052,0.28514606,0.6691045999999999,0.67715454,-0.7941284,-1.1529236,0.34910345,0.32524922,0.78202426,0.56484985,-0.73431396,-1.041748,0.43461913,0.34710127,0.6613264,0.56484985,-0.73431396,-1.041748,0.43461913,0.34710127,0.6613264,0.65057373,-0.29455566,-0.53570557,0.26978594,0.14667395,0.16695035,0.46102905,0.2735901,-0.9673461999999999,0.45565712,-0.33037785000000003,0.6388131,0.5515137,-0.05532837,-0.76986694,0.36505324,0.015633665,0.44391444,0.64489746,0.07189941400000001,-0.86380005,0.29933172,-0.12977719999999998,0.53886104,0.7956848,-0.13842773,-0.80374146,0.18016104,0.021827418,0.46348894,0.81591797,0.35107422,-0.9732666,0.19314821000000001,-0.5853577999999999,0.61326295,1.0378113,-0.43756104,-0.14163208,-0.033823356,-0.03330589,-0.2477076,0.7800598,-1.8785706,-0.70788574,0.16839884,1.0865046,0.39006898,0.19567871,-0.80133057,-1.598999,0.7009451,-0.07921551,1.3083529999999999,0.501709,-0.92092896,-1.1289978,0.38951033,0.051889464,0.82831454,0.23327637,-0.94488525,-1.0714722,0.6789791,0.19075975,0.72920555,0.6932678,-0.5821227999999999,-0.92684937,0.25960243,-0.03529735,0.5489769,0.6910094999999999,-0.18615723,-0.7120056,0.29450208,-0.26552162,0.32210517,0.75457764,-0.27087402,-0.86572266,0.24561279,-0.10646439,0.48244518000000003,0.8522949,-0.33139038,-0.9584961,0.15211816,-0.042704992000000004,0.57707834,检查1#变、2变、开闭所有进线、出线地刀在拉开位置。
0.8095093,-0.7828064,-1.0386963,0.22068052,0.28514606,0.6691045999999999,0.67715454,-0.7941284,-1.1529236,0.34910345,0.32524922,0.78202426,0.56484985,-0.73431396,-1.041748,0.43461913,0.34710127,0.6613264,0.56484985,-0.73431396,-1.041748,0.43461913,0.34710127,0.6613264,0.65057373,-0.29455566,-0.53570557,0.26978594,0.14667395,0.16695035,0.46102905,0.2735901,-0.9673461999999999,0.45565712,-0.33037785000000003,0.6388131,0.5515137,-0.05532837,-0.76986694,0.36505324,0.015633665,0.44391444,0.64489746,0.07189941400000001,-0.86380005,0.29933172,-0.12977719999999998,0.53886104,0.7956848,-0.13842773,-0.80374146,0.18016104,0.021827418,0.46348894,0.81591797,0.35107422,-0.9732666,0.19314821000000001,-0.5853577999999999,0.61326295,1.0378113,-0.43756104,-0.14163208,-0.033823356,-0.03330589,-0.2477076,0.7800598,-1.8785706,-0.70788574,0.16839884,1.0865046,0.39006898,0.19567871,-0.80133057,-1.598999,0.7009451,-0.07921551,1.3083529999999999,0.501709,-0.92092896,-1.1289978,0.38951033,0.051889464,0.82831454,0.23327637,-0.94488525,-1.0714722,0.6789791,0.19075975,0.72920555,0.6932678,-0.5821227999999999,-0.92684937,0.25960243,-0.03529735,0.5489769,0.6910094999999999,-0.18615723,-0.7120056,0.29450208,-0.26552162,0.32210517,0.75457764,-0.27087402,-0.86572266,0.24561279,-0.10646439,0.48244518000000003,0.8522949,-0.33139038,-0.9584961,0.15211816,-0.042704992000000004,0.57707834,0.7272643999999999,-0.29388428,-0.8753052,0.26627576000000003,-0.10984903,0.48915058,检查1#变、2变、开闭所有进线、出线地刀在拉开位置。
0.67715454,-0.7941284,-1.1529236,0.34910345,0.32524922,0.78202426,0.56484985,-0.73431396,-1.041748,0.43461913,0.34710127,0.6613264,0.56484985,-0.73431396,-1.041748,0.43461913,0.34710127,0.6613264,0.65057373,-0.29455566,-0.53570557,0.26978594,0.14667395,0.16695035,0.46102905,0.2735901,-0.9673461999999999,0.45565712,-0.33037785000000003,0.6388131,0.5515137,-0.05532837,-0.76986694,0.36505324,0.015633665,0.44391444,0.64489746,0.07189941400000001,-0.86380005,0.29933172,-0.12977719999999998,0.53886104,0.7956848,-0.13842773,-0.80374146,0.18016104,0.021827418,0.46348894,0.81591797,0.35107422,-0.9732666,0.19314821000000001,-0.5853577999999999,0.61326295,1.0378113,-0.43756104,-0.14163208,-0.033823356,-0.03330589,-0.2477076,0.7800598,-1.8785706,-0.70788574,0.16839884,1.0865046,0.39006898,0.19567871,-0.80133057,-1.598999,0.7009451,-0.07921551,1.3083529999999999,0.501709,-0.92092896,-1.1289978,0.38951033,0.051889464,0.82831454,0.23327637,-0.94488525,-1.0714722,0.6789791,0.19075975,0.72920555,0.6932678,-0.5821227999999999,-0.92684937,0.25960243,-0.03529735,0.5489769,0.6910094999999999,-0.18615723,-0.7120056,0.29450208,-0.26552162,0.32210517,0.75457764,-0.27087402,-0.86572266,0.24561279,-0.10646439,0.48244518000000003,0.8522949,-0.33139038,-0.9584961,0.15211816,-0.042704992000000004,0.57707834,0.7272643999999999,-0.29388428,-0.8753052,0.26627576000000003,-0.10984903,0.48915058,0.7138977,-0.5488586400000001,-0.7925415,0.26551062000000003,0.06728595,0.40336657000000004,检查1#变、2变、开闭所有进线、出线地刀在拉开位置。
0.56484985,-0.73431396,-1.041748,0.43461913,0.34710127,0.6613264,0.56484985,-0.73431396,-1.041748,0.43461913,0.34710127,0.6613264,0.65057373,-0.29455566,-0.53570557,0.26978594,0.14667395,0.16695035,0.46102905,0.2735901,-0.9673461999999999,0.45565712,-0.33037785000000003,0.6388131,0.5515137,-0.05532837,-0.76986694,0.36505324,0.015633665,0.44391444,0.64489746,0.07189941400000001,-0.86380005,0.29933172,-0.12977719999999998,0.53886104,0.7956848,-0.13842773,-0.80374146,0.18016104,0.021827418,0.46348894,0.81591797,0.35107422,-0.9732666,0.19314821000000001,-0.5853577999999999,0.61326295,1.0378113,-0.43756104,-0.14163208,-0.033823356,-0.03330589,-0.2477076,0.7800598,-1.8785706,-0.70788574,0.16839884,1.0865046,0.39006898,0.19567871,-0.80133057,-1.598999,0.7009451,-0.07921551,1.3083529999999999,0.501709,-0.92092896,-1.1289978,0.38951033,0.051889464,0.82831454,0.23327637,-0.94488525,-1.0714722,0.6789791,0.19075975,0.72920555,0.6932678,-0.5821227999999999,-0.92684937,0.25960243,-0.03529735,0.5489769,0.6910094999999999,-0.18615723,-0.7120056,0.29450208,-0.26552162,0.32210517,0.75457764,-0.27087402,-0.86572266,0.24561279,-0.10646439,0.48244518000000003,0.8522949,-0.33139038,-0.9584961,0.15211816,-0.042704992000000004,0.57707834,0.7272643999999999,-0.29388428,-0.8753052,0.26627576000000003,-0.10984903,0.48915058,0.7138977,-0.5488586400000001,-0.7925415,0.26551062000000003,0.06728595,0.40336657000000004,0.7755126999999999,-0.42782593,-1.0038757,0.2075748,-0.14613512,0.6259749,检查1#变、2变、开闭所有进线、出线地刀在拉开位置。
0.56484985,-0.73431396,-1.041748,0.43461913,0.34710127,0.6613264,0.65057373,-0.29455566,-0.53570557,0.26978594,0.14667395,0.16695035,0.46102905,0.2735901,-0.9673461999999999,0.45565712,-0.33037785000000003,0.6388131,0.5515137,-0.05532837,-0.76986694,0.36505324,0.015633665,0.44391444,0.64489746,0.07189941400000001,-0.86380005,0.29933172,-0.12977719999999998,0.53886104,0.7956848,-0.13842773,-0.80374146,0.18016104,0.021827418,0.46348894,0.81591797,0.35107422,-0.9732666,0.19314821000000001,-0.5853577999999999,0.61326295,1.0378113,-0.43756104,-0.14163208,-0.033823356,-0.03330589,-0.2477076,0.7800598,-1.8785706,-0.70788574,0.16839884,1.0865046,0.39006898,0.19567871,-0.80133057,-1.598999,0.7009451,-0.07921551,1.3083529999999999,0.501709,-0.92092896,-1.1289978,0.38951033,0.051889464,0.82831454,0.23327637,-0.94488525,-1.0714722,0.6789791,0.19075975,0.72920555,0.6932678,-0.5821227999999999,-0.92684937,0.25960243,-0.03529735,0.5489769,0.6910094999999999,-0.18615723,-0.7120056,0.29450208,-0.26552162,0.32210517,0.75457764,-0.27087402,-0.86572266,0.24561279,-0.10646439,0.48244518000000003,0.8522949,-0.33139038,-0.9584961,0.15211816,-0.042704992000000004,0.57707834,0.7272643999999999,-0.29388428,-0.8753052,0.26627576000000003,-0.10984903,0.48915058,0.7138977,-0.5488586400000001,-0.7925415,0.26551062000000003,0.06728595,0.40336657000000004,0.7755126999999999,-0.42782593,-1.0038757,0.2075748,-0.14613512,0.6259749,0.8129883,-0.5779419,-0.47961426,0.17095251,-0.07435247,0.11557847,检查1#变、2变、开闭所有进线、出线地刀在拉开位置。
0.65057373,-0.29455566,-0.53570557,0.26978594,0.14667395,0.16695035,0.46102905,0.2735901,-0.9673461999999999,0.45565712,-0.33037785000000003,0.6388131,0.5515137,-0.05532837,-0.76986694,0.36505324,0.015633665,0.44391444,0.64489746,0.07189941400000001,-0.86380005,0.29933172,-0.12977719999999998,0.53886104,0.7956848,-0.13842773,-0.80374146,0.18016104,0.021827418,0.46348894,0.81591797,0.35107422,-0.9732666,0.19314821000000001,-0.5853577999999999,0.61326295,1.0378113,-0.43756104,-0.14163208,-0.033823356,-0.03330589,-0.2477076,0.7800598,-1.8785706,-0.70788574,0.16839884,1.0865046,0.39006898,0.19567871,-0.80133057,-1.598999,0.7009451,-0.07921551,1.3083529999999999,0.501709,-0.92092896,-1.1289978,0.38951033,0.051889464,0.82831454,0.23327637,-0.94488525,-1.0714722,0.6789791,0.19075975,0.72920555,0.6932678,-0.5821227999999999,-0.92684937,0.25960243,-0.03529735,0.5489769,0.6910094999999999,-0.18615723,-0.7120056,0.29450208,-0.26552162,0.32210517,0.75457764,-0.27087402,-0.86572266,0.24561279,-0.10646439,0.48244518000000003,0.8522949,-0.33139038,-0.9584961,0.15211816,-0.042704992000000004,0.57707834,0.7272643999999999,-0.29388428,-0.8753052,0.26627576000000003,-0.10984903,0.48915058,0.7138977,-0.5488586400000001,-0.7925415,0.26551062000000003,0.06728595,0.40336657000000004,0.7755126999999999,-0.42782593,-1.0038757,0.2075748,-0.14613512,0.6259749,0.8129883,-0.5779419,-0.47961426,0.17095251,-0.07435247,0.11557847,0.72351074,-0.8954772999999999,-0.5869445999999999,0.25289416,0.14227945,0.25518882,检查1#变、2变、开闭所有进线、出线地刀在拉开位置。
0.46102905,0.2735901,-0.9673461999999999,0.45565712,-0.33037785000000003,0.6388131,0.5515137,-0.05532837,-0.76986694,0.36505324,0.015633665,0.44391444,0.64489746,0.07189941400000001,-0.86380005,0.29933172,-0.12977719999999998,0.53886104,0.7956848,-0.13842773,-0.80374146,0.18016104,0.021827418,0.46348894,0.81591797,0.35107422,-0.9732666,0.19314821000000001,-0.5853577999999999,0.61326295,1.0378113,-0.43756104,-0.14163208,-0.033823356,-0.03330589,-0.2477076,0.7800598,-1.8785706,-0.70788574,0.16839884,1.0865046,0.39006898,0.19567871,-0.80133057,-1.598999,0.7009451,-0.07921551,1.3083529999999999,0.501709,-0.92092896,-1.1289978,0.38951033,0.051889464,0.82831454,0.23327637,-0.94488525,-1.0714722,0.6789791,0.19075975,0.72920555,0.6932678,-0.5821227999999999,-0.92684937,0.25960243,-0.03529735,0.5489769,0.6910094999999999,-0.18615723,-0.7120056,0.29450208,-0.26552162,0.32210517,0.75457764,-0.27087402,-0.86572266,0.24561279,-0.10646439,0.48244518000000003,0.8522949,-0.33139038,-0.9584961,0.15211816,-0.042704992000000004,0.57707834,0.7272643999999999,-0.29388428,-0.8753052,0.26627576000000003,-0.10984903,0.48915058,0.7138977,-0.5488586400000001,-0.7925415,0.26551062000000003,0.06728595,0.40336657000000004,0.7755126999999999,-0.42782593,-1.0038757,0.2075748,-0.14613512,0.6259749,0.8129883,-0.5779419,-0.47961426,0.17095251,-0.07435247,0.11557847,0.72351074,-0.8954772999999999,-0.5869445999999999,0.25289416,0.14227945,0.25518882,0.057312010000000004,-1.4768371999999999,-1.2500305,0.89796287,0.58698946,0.9888332999999999,检查1#变、2变、开闭所有进线、出线地刀在拉开位置。
0.5515137,-0.05532837,-0.76986694,0.36505324,0.015633665,0.44391444,0.64489746,0.07189941400000001,-0.86380005,0.29933172,-0.12977719999999998,0.53886104,0.7956848,-0.13842773,-0.80374146,0.18016104,0.021827418,0.46348894,0.81591797,0.35107422,-0.9732666,0.19314821000000001,-0.5853577999999999,0.61326295,1.0378113,-0.43756104,-0.14163208,-0.033823356,-0.03330589,-0.2477076,0.7800598,-1.8785706,-0.70788574,0.16839884,1.0865046,0.39006898,0.19567871,-0.80133057,-1.598999,0.7009451,-0.07921551,1.3083529999999999,0.501709,-0.92092896,-1.1289978,0.38951033,0.051889464,0.82831454,0.23327637,-0.94488525,-1.0714722,0.6789791,0.19075975,0.72920555,0.6932678,-0.5821227999999999,-0.92684937,0.25960243,-0.03529735,0.5489769,0.6910094999999999,-0.18615723,-0.7120056,0.29450208,-0.26552162,0.32210517,0.75457764,-0.27087402,-0.86572266,0.24561279,-0.10646439,0.48244518000000003,0.8522949,-0.33139038,-0.9584961,0.15211816,-0.042704992000000004,0.57707834,0.7272643999999999,-0.29388428,-0.8753052,0.26627576000000003,-0.10984903,0.48915058,0.7138977,-0.5488586400000001,-0.7925415,0.26551062000000003,0.06728595,0.40336657000000004,0.7755126999999999,-0.42782593,-1.0038757,0.2075748,-0.14613512,0.6259749,0.8129883,-0.5779419,-0.47961426,0.17095251,-0.07435247,0.11557847,0.72351074,-0.8954772999999999,-0.5869445999999999,0.25289416,0.14227945,0.25518882,0.057312010000000004,-1.4768371999999999,-1.2500305,0.89796287,0.58698946,0.9888332999999999,0.37594604,-0.8961792,-1.5036315999999998,0.5838317,-0.03441824,1.2573576,检查1#变、2变、开闭所有进线、出线地刀在拉开位置。
0.64489746,0.07189941400000001,-0.86380005,0.29933172,-0.12977719999999998,0.53886104,0.7956848,-0.13842773,-0.80374146,0.18016104,0.021827418,0.46348894,0.81591797,0.35107422,-0.9732666,0.19314821000000001,-0.5853577999999999,0.61326295,1.0378113,-0.43756104,-0.14163208,-0.033823356,-0.03330589,-0.2477076,0.7800598,-1.8785706,-0.70788574,0.16839884,1.0865046,0.39006898,0.19567871,-0.80133057,-1.598999,0.7009451,-0.07921551,1.3083529999999999,0.501709,-0.92092896,-1.1289978,0.38951033,0.051889464,0.82831454,0.23327637,-0.94488525,-1.0714722,0.6789791,0.19075975,0.72920555,0.6932678,-0.5821227999999999,-0.92684937,0.25960243,-0.03529735,0.5489769,0.6910094999999999,-0.18615723,-0.7120056,0.29450208,-0.26552162,0.32210517,0.75457764,-0.27087402,-0.86572266,0.24561279,-0.10646439,0.48244518000000003,0.8522949,-0.33139038,-0.9584961,0.15211816,-0.042704992000000004,0.57707834,0.7272643999999999,-0.29388428,-0.8753052,0.26627576000000003,-0.10984903,0.48915058,0.7138977,-0.5488586400000001,-0.7925415,0.26551062000000003,0.06728595,0.40336657000000004,0.7755126999999999,-0.42782593,-1.0038757,0.2075748,-0.14613512,0.6259749,0.8129883,-0.5779419,-0.47961426,0.17095251,-0.07435247,0.11557847,0.72351074,-0.8954772999999999,-0.5869445999999999,0.25289416,0.14227945,0.25518882,0.057312010000000004,-1.4768371999999999,-1.2500305,0.89796287,0.58698946,0.9888332999999999,0.37594604,-0.8961792,-1.5036315999999998,0.5838317,-0.03441824,1.2573576,0.4885254,-1.4777527,-0.91308594,0.48501754,0.5466128,0.6778263999999999,检查1#变、2变、开闭所有进线、出线地刀在拉开位置。
0.7956848,-0.13842773,-0.80374146,0.18016104,0.021827418,0.46348894,0.81591797,0.35107422,-0.9732666,0.19314821000000001,-0.5853577999999999,0.61326295,1.0378113,-0.43756104,-0.14163208,-0.033823356,-0.03330589,-0.2477076,0.7800598,-1.8785706,-0.70788574,0.16839884,1.0865046,0.39006898,0.19567871,-0.80133057,-1.598999,0.7009451,-0.07921551,1.3083529999999999,0.501709,-0.92092896,-1.1289978,0.38951033,0.051889464,0.82831454,0.23327637,-0.94488525,-1.0714722,0.6789791,0.19075975,0.72920555,0.6932678,-0.5821227999999999,-0.92684937,0.25960243,-0.03529735,0.5489769,0.6910094999999999,-0.18615723,-0.7120056,0.29450208,-0.26552162,0.32210517,0.75457764,-0.27087402,-0.86572266,0.24561279,-0.10646439,0.48244518000000003,0.8522949,-0.33139038,-0.9584961,0.15211816,-0.042704992000000004,0.57707834,0.7272643999999999,-0.29388428,-0.8753052,0.26627576000000003,-0.10984903,0.48915058,0.7138977,-0.5488586400000001,-0.7925415,0.26551062000000003,0.06728595,0.40336657000000004,0.7755126999999999,-0.42782593,-1.0038757,0.2075748,-0.14613512,0.6259749,0.8129883,-0.5779419,-0.47961426,0.17095251,-0.07435247,0.11557847,0.72351074,-0.8954772999999999,-0.5869445999999999,0.25289416,0.14227945,0.25518882,0.057312010000000004,-1.4768371999999999,-1.2500305,0.89796287,0.58698946,0.9888332999999999,0.37594604,-0.8961792,-1.5036315999999998,0.5838317,-0.03441824,1.2573576,0.4885254,-1.4777527,-0.91308594,0.48501754,0.5466128,0.6778263999999999,0.4885254,-1.4777527,-0.91308594,0.48501754,0.5466128,0.6778263999999999,检查1#变、2变、开闭所有进线、出线地刀在拉开位置。
0.81591797,0.35107422,-0.9732666,0.19314821000000001,-0.5853577999999999,0.61326295,1.0378113,-0.43756104,-0.14163208,-0.033823356,-0.03330589,-0.2477076,0.7800598,-1.8785706,-0.70788574,0.16839884,1.0865046,0.39006898,0.19567871,-0.80133057,-1.598999,0.7009451,-0.07921551,1.3083529999999999,0.501709,-0.92092896,-1.1289978,0.38951033,0.051889464,0.82831454,0.23327637,-0.94488525,-1.0714722,0.6789791,0.19075975,0.72920555,0.6932678,-0.5821227999999999,-0.92684937,0.25960243,-0.03529735,0.5489769,0.6910094999999999,-0.18615723,-0.7120056,0.29450208,-0.26552162,0.32210517,0.75457764,-0.27087402,-0.86572266,0.24561279,-0.10646439,0.48244518000000003,0.8522949,-0.33139038,-0.9584961,0.15211816,-0.042704992000000004,0.57707834,0.7272643999999999,-0.29388428,-0.8753052,0.26627576000000003,-0.10984903,0.48915058,0.7138977,-0.5488586400000001,-0.7925415,0.26551062000000003,0.06728595,0.40336657000000004,0.7755126999999999,-0.42782593,-1.0038757,0.2075748,-0.14613512,0.6259749,0.8129883,-0.5779419,-0.47961426,0.17095251,-0.07435247,0.11557847,0.72351074,-0.8954772999999999,-0.5869445999999999,0.25289416,0.14227945,0.25518882,0.057312010000000004,-1.4768371999999999,-1.2500305,0.89796287,0.58698946,0.9888332999999999,0.37594604,-0.8961792,-1.5036315999999998,0.5838317,-0.03441824,1.2573576,0.4885254,-1.4777527,-0.91308594,0.48501754,0.5466128,0.6778263999999999,0.4885254,-1.4777527,-0.91308594,0.48501754,0.5466128,0.6778263999999999,0.6654968,-1.0568848,-0.93444824,0.34595889999999996,0.2532683,0.6378825,检查1#变、2变、开闭所有进线、出线地刀在拉开位置。
1.0378113,-0.43756104,-0.14163208,-0.033823356,-0.03330589,-0.2477076,0.7800598,-1.8785706,-0.70788574,0.16839884,1.0865046,0.39006898,0.19567871,-0.80133057,-1.598999,0.7009451,-0.07921551,1.3083529999999999,0.501709,-0.92092896,-1.1289978,0.38951033,0.051889464,0.82831454,0.23327637,-0.94488525,-1.0714722,0.6789791,0.19075975,0.72920555,0.6932678,-0.5821227999999999,-0.92684937,0.25960243,-0.03529735,0.5489769,0.6910094999999999,-0.18615723,-0.7120056,0.29450208,-0.26552162,0.32210517,0.75457764,-0.27087402,-0.86572266,0.24561279,-0.10646439,0.48244518000000003,0.8522949,-0.33139038,-0.9584961,0.15211816,-0.042704992000000004,0.57707834,0.7272643999999999,-0.29388428,-0.8753052,0.26627576000000003,-0.10984903,0.48915058,0.7138977,-0.5488586400000001,-0.7925415,0.26551062000000003,0.06728595,0.40336657000000004,0.7755126999999999,-0.42782593,-1.0038757,0.2075748,-0.14613512,0.6259749,0.8129883,-0.5779419,-0.47961426,0.17095251,-0.07435247,0.11557847,0.72351074,-0.8954772999999999,-0.5869445999999999,0.25289416,0.14227945,0.25518882,0.057312010000000004,-1.4768371999999999,-1.2500305,0.89796287,0.58698946,0.9888332999999999,0.37594604,-0.8961792,-1.5036315999999998,0.5838317,-0.03441824,1.2573576,0.4885254,-1.4777527,-0.91308594,0.48501754,0.5466128,0.6778263999999999,0.4885254,-1.4777527,-0.91308594,0.48501754,0.5466128,0.6778263999999999,0.6654968,-1.0568848,-0.93444824,0.34595889999999996,0.2532683,0.6378825,0.6654968,-1.0568848,-0.93444824,0.34595889999999996,0.2532683,0.6378825,检查1#变、2变、开闭所有进线、出线地刀在拉开位置。
0.7800598,-1.8785706,-0.70788574,0.16839884,1.0865046,0.39006898,0.19567871,-0.80133057,-1.598999,0.7009451,-0.07921551,1.3083529999999999,0.501709,-0.92092896,-1.1289978,0.38951033,0.051889464,0.82831454,0.23327637,-0.94488525,-1.0714722,0.6789791,0.19075975,0.72920555,0.6932678,-0.5821227999999999,-0.92684937,0.25960243,-0.03529735,0.5489769,0.6910094999999999,-0.18615723,-0.7120056,0.29450208,-0.26552162,0.32210517,0.75457764,-0.27087402,-0.86572266,0.24561279,-0.10646439,0.48244518000000003,0.8522949,-0.33139038,-0.9584961,0.15211816,-0.042704992000000004,0.57707834,0.7272643999999999,-0.29388428,-0.8753052,0.26627576000000003,-0.10984903,0.48915058,0.7138977,-0.5488586400000001,-0.7925415,0.26551062000000003,0.06728595,0.40336657000000004,0.7755126999999999,-0.42782593,-1.0038757,0.2075748,-0.14613512,0.6259749,0.8129883,-0.5779419,-0.47961426,0.17095251,-0.07435247,0.11557847,0.72351074,-0.8954772999999999,-0.5869445999999999,0.25289416,0.14227945,0.25518882,0.057312010000000004,-1.4768371999999999,-1.2500305,0.89796287,0.58698946,0.9888332999999999,0.37594604,-0.8961792,-1.5036315999999998,0.5838317,-0.03441824,1.2573576,0.4885254,-1.4777527,-0.91308594,0.48501754,0.5466128,0.6778263999999999,0.4885254,-1.4777527,-0.91308594,0.48501754,0.5466128,0.6778263999999999,0.6654968,-1.0568848,-0.93444824,0.34595889999999996,0.2532683,0.6378825,0.6654968,-1.0568848,-0.93444824,0.34595889999999996,0.2532683,0.6378825,0.77944946,-0.42739868000000003,-0.7664489999999999,0.25801313,-0.20613679999999998,0.41712585,检查1#变、2变、开闭所有进线、出线地刀在拉开位置。
0.19567871,-0.80133057,-1.598999,0.7009451,-0.07921551,1.3083529999999999,0.501709,-0.92092896,-1.1289978,0.38951033,0.051889464,0.82831454,0.23327637,-0.94488525,-1.0714722,0.6789791,0.19075975,0.72920555,0.6932678,-0.5821227999999999,-0.92684937,0.25960243,-0.03529735,0.5489769,0.6910094999999999,-0.18615723,-0.7120056,0.29450208,-0.26552162,0.32210517,0.75457764,-0.27087402,-0.86572266,0.24561279,-0.10646439,0.48244518000000003,0.8522949,-0.33139038,-0.9584961,0.15211816,-0.042704992000000004,0.57707834,0.7272643999999999,-0.29388428,-0.8753052,0.26627576000000003,-0.10984903,0.48915058,0.7138977,-0.5488586400000001,-0.7925415,0.26551062000000003,0.06728595,0.40336657000000004,0.7755126999999999,-0.42782593,-1.0038757,0.2075748,-0.14613512,0.6259749,0.8129883,-0.5779419,-0.47961426,0.17095251,-0.07435247,0.11557847,0.72351074,-0.8954772999999999,-0.5869445999999999,0.25289416,0.14227945,0.25518882,0.057312010000000004,-1.4768371999999999,-1.2500305,0.89796287,0.58698946,0.9888332999999999,0.37594604,-0.8961792,-1.5036315999999998,0.5838317,-0.03441824,1.2573576,0.4885254,-1.4777527,-0.91308594,0.48501754,0.5466128,0.6778263999999999,0.4885254,-1.4777527,-0.91308594,0.48501754,0.5466128,0.6778263999999999,0.6654968,-1.0568848,-0.93444824,0.34595889999999996,0.2532683,0.6378825,0.6654968,-1.0568848,-0.93444824,0.34595889999999996,0.2532683,0.6378825,0.77944946,-0.42739868000000003,-0.7664489999999999,0.25801313,-0.20613679999999998,0.41712585,0.88565063,-0.17263794,-0.71325684,0.15902214,-0.3619389,0.34748439999999997,检查1#变、2变、开闭所有进线、出线地刀在拉开位置。
0.501709,-0.92092896,-1.1289978,0.38951033,0.051889464,0.82831454,0.23327637,-0.94488525,-1.0714722,0.6789791,0.19075975,0.72920555,0.6932678,-0.5821227999999999,-0.92684937,0.25960243,-0.03529735,0.5489769,0.6910094999999999,-0.18615723,-0.7120056,0.29450208,-0.26552162,0.32210517,0.75457764,-0.27087402,-0.86572266,0.24561279,-0.10646439,0.48244518000000003,0.8522949,-0.33139038,-0.9584961,0.15211816,-0.042704992000000004,0.57707834,0.7272643999999999,-0.29388428,-0.8753052,0.26627576000000003,-0.10984903,0.48915058,0.7138977,-0.5488586400000001,-0.7925415,0.26551062000000003,0.06728595,0.40336657000000004,0.7755126999999999,-0.42782593,-1.0038757,0.2075748,-0.14613512,0.6259749,0.8129883,-0.5779419,-0.47961426,0.17095251,-0.07435247,0.11557847,0.72351074,-0.8954772999999999,-0.5869445999999999,0.25289416,0.14227945,0.25518882,0.057312010000000004,-1.4768371999999999,-1.2500305,0.89796287,0.58698946,0.9888332999999999,0.37594604,-0.8961792,-1.5036315999999998,0.5838317,-0.03441824,1.2573576,0.4885254,-1.4777527,-0.91308594,0.48501754,0.5466128,0.6778263999999999,0.4885254,-1.4777527,-0.91308594,0.48501754,0.5466128,0.6778263999999999,0.6654968,-1.0568848,-0.93444824,0.34595889999999996,0.2532683,0.6378825,0.6654968,-1.0568848,-0.93444824,0.34595889999999996,0.2532683,0.6378825,0.77944946,-0.42739868000000003,-0.7664489999999999,0.25801313,-0.20613679999999998,0.41712585,0.88565063,-0.17263794,-0.71325684,0.15902214,-0.3619389,0.34748439999999997,0.8118286,-0.14321899999999999,-0.6915283,0.22028111,-0.19491202,0.31990263,检查1#变、2变、开闭所有进线、出线地刀在拉开位置。
0.23327637,-0.94488525,-1.0714722,0.6789791,0.19075975,0.72920555,0.6932678,-0.5821227999999999,-0.92684937,0.25960243,-0.03529735,0.5489769,0.6910094999999999,-0.18615723,-0.7120056,0.29450208,-0.26552162,0.32210517,0.75457764,-0.27087402,-0.86572266,0.24561279,-0.10646439,0.48244518000000003,0.8522949,-0.33139038,-0.9584961,0.15211816,-0.042704992000000004,0.57707834,0.7272643999999999,-0.29388428,-0.8753052,0.26627576000000003,-0.10984903,0.48915058,0.7138977,-0.5488586400000001,-0.7925415,0.26551062000000003,0.06728595,0.40336657000000004,0.7755126999999999,-0.42782593,-1.0038757,0.2075748,-0.14613512,0.6259749,0.8129883,-0.5779419,-0.47961426,0.17095251,-0.07435247,0.11557847,0.72351074,-0.8954772999999999,-0.5869445999999999,0.25289416,0.14227945,0.25518882,0.057312010000000004,-1.4768371999999999,-1.2500305,0.89796287,0.58698946,0.9888332999999999,0.37594604,-0.8961792,-1.5036315999999998,0.5838317,-0.03441824,1.2573576,0.4885254,-1.4777527,-0.91308594,0.48501754,0.5466128,0.6778263999999999,0.4885254,-1.4777527,-0.91308594,0.48501754,0.5466128,0.6778263999999999,0.6654968,-1.0568848,-0.93444824,0.34595889999999996,0.2532683,0.6378825,0.6654968,-1.0568848,-0.93444824,0.34595889999999996,0.2532683,0.6378825,0.77944946,-0.42739868000000003,-0.7664489999999999,0.25801313,-0.20613679999999998,0.41712585,0.88565063,-0.17263794,-0.71325684,0.15902214,-0.3619389,0.34748439999999997,0.8118286,-0.14321899999999999,-0.6915283,0.22028111,-0.19491202,0.31990263,0.76989746,0.20626831,-0.9116211,0.25980753,-0.5170941,0.5444753,检查1#变、2变、开闭所有进线、出线地刀在拉开位置。
0.6932678,-0.5821227999999999,-0.92684937,0.25960243,-0.03529735,0.5489769,0.6910094999999999,-0.18615723,-0.7120056,0.29450208,-0.26552162,0.32210517,0.75457764,-0.27087402,-0.86572266,0.24561279,-0.10646439,0.48244518000000003,0.8522949,-0.33139038,-0.9584961,0.15211816,-0.042704992000000004,0.57707834,0.7272643999999999,-0.29388428,-0.8753052,0.26627576000000003,-0.10984903,0.48915058,0.7138977,-0.5488586400000001,-0.7925415,0.26551062000000003,0.06728595,0.40336657000000004,0.7755126999999999,-0.42782593,-1.0038757,0.2075748,-0.14613512,0.6259749,0.8129883,-0.5779419,-0.47961426,0.17095251,-0.07435247,0.11557847,0.72351074,-0.8954772999999999,-0.5869445999999999,0.25289416,0.14227945,0.25518882,0.057312010000000004,-1.4768371999999999,-1.2500305,0.89796287,0.58698946,0.9888332999999999,0.37594604,-0.8961792,-1.5036315999999998,0.5838317,-0.03441824,1.2573576,0.4885254,-1.4777527,-0.91308594,0.48501754,0.5466128,0.6778263999999999,0.4885254,-1.4777527,-0.91308594,0.48501754,0.5466128,0.6778263999999999,0.6654968,-1.0568848,-0.93444824,0.34595889999999996,0.2532683,0.6378825,0.6654968,-1.0568848,-0.93444824,0.34595889999999996,0.2532683,0.6378825,0.77944946,-0.42739868000000003,-0.7664489999999999,0.25801313,-0.20613679999999998,0.41712585,0.88565063,-0.17263794,-0.71325684,0.15902214,-0.3619389,0.34748439999999997,0.8118286,-0.14321899999999999,-0.6915283,0.22028111,-0.19491202,0.31990263,0.76989746,0.20626831,-0.9116211,0.25980753,-0.5170941,0.5444753,0.7037964,-0.33987427000000003,-0.79455566,0.31218308,-0.04665657,0.41589573,检查1#变、2变、开闭所有进线、出线地刀在拉开位置。
0.6910094999999999,-0.18615723,-0.7120056,0.29450208,-0.26552162,0.32210517,0.75457764,-0.27087402,-0.86572266,0.24561279,-0.10646439,0.48244518000000003,0.8522949,-0.33139038,-0.9584961,0.15211816,-0.042704992000000004,0.57707834,0.7272643999999999,-0.29388428,-0.8753052,0.26627576000000003,-0.10984903,0.48915058,0.7138977,-0.5488586400000001,-0.7925415,0.26551062000000003,0.06728595,0.40336657000000004,0.7755126999999999,-0.42782593,-1.0038757,0.2075748,-0.14613512,0.6259749,0.8129883,-0.5779419,-0.47961426,0.17095251,-0.07435247,0.11557847,0.72351074,-0.8954772999999999,-0.5869445999999999,0.25289416,0.14227945,0.25518882,0.057312010000000004,-1.4768371999999999,-1.2500305,0.89796287,0.58698946,0.9888332999999999,0.37594604,-0.8961792,-1.5036315999999998,0.5838317,-0.03441824,1.2573576,0.4885254,-1.4777527,-0.91308594,0.48501754,0.5466128,0.6778263999999999,0.4885254,-1.4777527,-0.91308594,0.48501754,0.5466128,0.6778263999999999,0.6654968,-1.0568848,-0.93444824,0.34595889999999996,0.2532683,0.6378825,0.6654968,-1.0568848,-0.93444824,0.34595889999999996,0.2532683,0.6378825,0.77944946,-0.42739868000000003,-0.7664489999999999,0.25801313,-0.20613679999999998,0.41712585,0.88565063,-0.17263794,-0.71325684,0.15902214,-0.3619389,0.34748439999999997,0.8118286,-0.14321899999999999,-0.6915283,0.22028111,-0.19491202,0.31990263,0.76989746,0.20626831,-0.9116211,0.25980753,-0.5170941,0.5444753,0.7037964,-0.33987427000000003,-0.79455566,0.31218308,-0.04665657,0.41589573,0.710907,-0.9546509,-1.235199,0.2991261,0.47446513,0.8601259,检查1#变、2变、开闭所有进线、出线地刀在拉开位置。
0.75457764,-0.27087402,-0.86572266,0.24561279,-0.10646439,0.48244518000000003,0.8522949,-0.33139038,-0.9584961,0.15211816,-0.042704992000000004,0.57707834,0.7272643999999999,-0.29388428,-0.8753052,0.26627576000000003,-0.10984903,0.48915058,0.7138977,-0.5488586400000001,-0.7925415,0.26551062000000003,0.06728595,0.40336657000000004,0.7755126999999999,-0.42782593,-1.0038757,0.2075748,-0.14613512,0.6259749,0.8129883,-0.5779419,-0.47961426,0.17095251,-0.07435247,0.11557847,0.72351074,-0.8954772999999999,-0.5869445999999999,0.25289416,0.14227945,0.25518882,0.057312010000000004,-1.4768371999999999,-1.2500305,0.89796287,0.58698946,0.9888332999999999,0.37594604,-0.8961792,-1.5036315999999998,0.5838317,-0.03441824,1.2573576,0.4885254,-1.4777527,-0.91308594,0.48501754,0.5466128,0.6778263999999999,0.4885254,-1.4777527,-0.91308594,0.48501754,0.5466128,0.6778263999999999,0.6654968,-1.0568848,-0.93444824,0.34595889999999996,0.2532683,0.6378825,0.6654968,-1.0568848,-0.93444824,0.34595889999999996,0.2532683,0.6378825,0.77944946,-0.42739868000000003,-0.7664489999999999,0.25801313,-0.20613679999999998,0.41712585,0.88565063,-0.17263794,-0.71325684,0.15902214,-0.3619389,0.34748439999999997,0.8118286,-0.14321899999999999,-0.6915283,0.22028111,-0.19491202,0.31990263,0.76989746,0.20626831,-0.9116211,0.25980753,-0.5170941,0.5444753,0.7037964,-0.33987427000000003,-0.79455566,0.31218308,-0.04665657,0.41589573,0.710907,-0.9546509,-1.235199,0.2991261,0.47446513,0.8601259,0.9042969,0.19900513,-1.0665283,0.14164279999999999,-0.7682589,0.70604765,检查1#变、2变、开闭所有进线、出线地刀在拉开位置。
0.8522949,-0.33139038,-0.9584961,0.15211816,-0.042704992000000004,0.57707834,0.7272643999999999,-0.29388428,-0.8753052,0.26627576000000003,-0.10984903,0.48915058,0.7138977,-0.5488586400000001,-0.7925415,0.26551062000000003,0.06728595,0.40336657000000004,0.7755126999999999,-0.42782593,-1.0038757,0.2075748,-0.14613512,0.6259749,0.8129883,-0.5779419,-0.47961426,0.17095251,-0.07435247,0.11557847,0.72351074,-0.8954772999999999,-0.5869445999999999,0.25289416,0.14227945,0.25518882,0.057312010000000004,-1.4768371999999999,-1.2500305,0.89796287,0.58698946,0.9888332999999999,0.37594604,-0.8961792,-1.5036315999999998,0.5838317,-0.03441824,1.2573576,0.4885254,-1.4777527,-0.91308594,0.48501754,0.5466128,0.6778263999999999,0.4885254,-1.4777527,-0.91308594,0.48501754,0.5466128,0.6778263999999999,0.6654968,-1.0568848,-0.93444824,0.34595889999999996,0.2532683,0.6378825,0.6654968,-1.0568848,-0.93444824,0.34595889999999996,0.2532683,0.6378825,0.77944946,-0.42739868000000003,-0.7664489999999999,0.25801313,-0.20613679999999998,0.41712585,0.88565063,-0.17263794,-0.71325684,0.15902214,-0.3619389,0.34748439999999997,0.8118286,-0.14321899999999999,-0.6915283,0.22028111,-0.19491202,0.31990263,0.76989746,0.20626831,-0.9116211,0.25980753,-0.5170941,0.5444753,0.7037964,-0.33987427000000003,-0.79455566,0.31218308,-0.04665657,0.41589573,0.710907,-0.9546509,-1.235199,0.2991261,0.47446513,0.8601259,0.9042969,0.19900513,-1.0665283,0.14164279999999999,-0.7682589,0.70604765,0.9042969,0.19900513,-1.0665283,0.14164279999999999,-0.7682589,0.70604765,检查1#变、2变、开闭所有进线、出线地刀在拉开位置。
0.7272643999999999,-0.29388428,-0.8753052,0.26627576000000003,-0.10984903,0.48915058,0.7138977,-0.5488586400000001,-0.7925415,0.26551062000000003,0.06728595,0.40336657000000004,0.7755126999999999,-0.42782593,-1.0038757,0.2075748,-0.14613512,0.6259749,0.8129883,-0.5779419,-0.47961426,0.17095251,-0.07435247,0.11557847,0.72351074,-0.8954772999999999,-0.5869445999999999,0.25289416,0.14227945,0.25518882,0.057312010000000004,-1.4768371999999999,-1.2500305,0.89796287,0.58698946,0.9888332999999999,0.37594604,-0.8961792,-1.5036315999999998,0.5838317,-0.03441824,1.2573576,0.4885254,-1.4777527,-0.91308594,0.48501754,0.5466128,0.6778263999999999,0.4885254,-1.4777527,-0.91308594,0.48501754,0.5466128,0.6778263999999999,0.6654968,-1.0568848,-0.93444824,0.34595889999999996,0.2532683,0.6378825,0.6654968,-1.0568848,-0.93444824,0.34595889999999996,0.2532683,0.6378825,0.77944946,-0.42739868000000003,-0.7664489999999999,0.25801313,-0.20613679999999998,0.41712585,0.88565063,-0.17263794,-0.71325684,0.15902214,-0.3619389,0.34748439999999997,0.8118286,-0.14321899999999999,-0.6915283,0.22028111,-0.19491202,0.31990263,0.76989746,0.20626831,-0.9116211,0.25980753,-0.5170941,0.5444753,0.7037964,-0.33987427000000003,-0.79455566,0.31218308,-0.04665657,0.41589573,0.710907,-0.9546509,-1.235199,0.2991261,0.47446513,0.8601259,0.9042969,0.19900513,-1.0665283,0.14164279999999999,-0.7682589,0.70604765,0.9042969,0.19900513,-1.0665283,0.14164279999999999,-0.7682589,0.70604765,0.9042969,0.19900513,-1.0665283,0.14164279999999999,-0.7682589,0.70604765,检查1#变、2变、开闭所有进线、出线地刀在拉开位置。
0.7138977,-0.5488586400000001,-0.7925415,0.26551062000000003,0.06728595,0.40336657000000004,0.7755126999999999,-0.42782593,-1.0038757,0.2075748,-0.14613512,0.6259749,0.8129883,-0.5779419,-0.47961426,0.17095251,-0.07435247,0.11557847,0.72351074,-0.8954772999999999,-0.5869445999999999,0.25289416,0.14227945,0.25518882,0.057312010000000004,-1.4768371999999999,-1.2500305,0.89796287,0.58698946,0.9888332999999999,0.37594604,-0.8961792,-1.5036315999999998,0.5838317,-0.03441824,1.2573576,0.4885254,-1.4777527,-0.91308594,0.48501754,0.5466128,0.6778263999999999,0.4885254,-1.4777527,-0.91308594,0.48501754,0.5466128,0.6778263999999999,0.6654968,-1.0568848,-0.93444824,0.34595889999999996,0.2532683,0.6378825,0.6654968,-1.0568848,-0.93444824,0.34595889999999996,0.2532683,0.6378825,0.77944946,-0.42739868000000003,-0.7664489999999999,0.25801313,-0.20613679999999998,0.41712585,0.88565063,-0.17263794,-0.71325684,0.15902214,-0.3619389,0.34748439999999997,0.8118286,-0.14321899999999999,-0.6915283,0.22028111,-0.19491202,0.31990263,0.76989746,0.20626831,-0.9116211,0.25980753,-0.5170941,0.5444753,0.7037964,-0.33987427000000003,-0.79455566,0.31218308,-0.04665657,0.41589573,0.710907,-0.9546509,-1.235199,0.2991261,0.47446513,0.8601259,0.9042969,0.19900513,-1.0665283,0.14164279999999999,-0.7682589,0.70604765,0.9042969,0.19900513,-1.0665283,0.14164279999999999,-0.7682589,0.70604765,0.9042969,0.19900513,-1.0665283,0.14164279999999999,-0.7682589,0.70604765,0.34512329999999997,-2.1799622,-1.5072632000000001,0.6752886,1.3492028,1.2408705,检查1#变、2变、开闭所有进线、出线地刀在拉开位置。
0.7755126999999999,-0.42782593,-1.0038757,0.2075748,-0.14613512,0.6259749,0.8129883,-0.5779419,-0.47961426,0.17095251,-0.07435247,0.11557847,0.72351074,-0.8954772999999999,-0.5869445999999999,0.25289416,0.14227945,0.25518882,0.057312010000000004,-1.4768371999999999,-1.2500305,0.89796287,0.58698946,0.9888332999999999,0.37594604,-0.8961792,-1.5036315999999998,0.5838317,-0.03441824,1.2573576,0.4885254,-1.4777527,-0.91308594,0.48501754,0.5466128,0.6778263999999999,0.4885254,-1.4777527,-0.91308594,0.48501754,0.5466128,0.6778263999999999,0.6654968,-1.0568848,-0.93444824,0.34595889999999996,0.2532683,0.6378825,0.6654968,-1.0568848,-0.93444824,0.34595889999999996,0.2532683,0.6378825,0.77944946,-0.42739868000000003,-0.7664489999999999,0.25801313,-0.20613679999999998,0.41712585,0.88565063,-0.17263794,-0.71325684,0.15902214,-0.3619389,0.34748439999999997,0.8118286,-0.14321899999999999,-0.6915283,0.22028111,-0.19491202,0.31990263,0.76989746,0.20626831,-0.9116211,0.25980753,-0.5170941,0.5444753,0.7037964,-0.33987427000000003,-0.79455566,0.31218308,-0.04665657,0.41589573,0.710907,-0.9546509,-1.235199,0.2991261,0.47446513,0.8601259,0.9042969,0.19900513,-1.0665283,0.14164279999999999,-0.7682589,0.70604765,0.9042969,0.19900513,-1.0665283,0.14164279999999999,-0.7682589,0.70604765,0.9042969,0.19900513,-1.0665283,0.14164279999999999,-0.7682589,0.70604765,0.34512329999999997,-2.1799622,-1.5072632000000001,0.6752886,1.3492028,1.2408705,0.34512329999999997,-2.1799622,-1.5072632000000001,0.6752886,1.3492028,1.2408705,检查1#变、2变、开闭所有进线、出线地刀在拉开位置。
0.8129883,-0.5779419,-0.47961426,0.17095251,-0.07435247,0.11557847,0.72351074,-0.8954772999999999,-0.5869445999999999,0.25289416,0.14227945,0.25518882,0.057312010000000004,-1.4768371999999999,-1.2500305,0.89796287,0.58698946,0.9888332999999999,0.37594604,-0.8961792,-1.5036315999999998,0.5838317,-0.03441824,1.2573576,0.4885254,-1.4777527,-0.91308594,0.48501754,0.5466128,0.6778263999999999,0.4885254,-1.4777527,-0.91308594,0.48501754,0.5466128,0.6778263999999999,0.6654968,-1.0568848,-0.93444824,0.34595889999999996,0.2532683,0.6378825,0.6654968,-1.0568848,-0.93444824,0.34595889999999996,0.2532683,0.6378825,0.77944946,-0.42739868000000003,-0.7664489999999999,0.25801313,-0.20613679999999998,0.41712585,0.88565063,-0.17263794,-0.71325684,0.15902214,-0.3619389,0.34748439999999997,0.8118286,-0.14321899999999999,-0.6915283,0.22028111,-0.19491202,0.31990263,0.76989746,0.20626831,-0.9116211,0.25980753,-0.5170941,0.5444753,0.7037964,-0.33987427000000003,-0.79455566,0.31218308,-0.04665657,0.41589573,0.710907,-0.9546509,-1.235199,0.2991261,0.47446513,0.8601259,0.9042969,0.19900513,-1.0665283,0.14164279999999999,-0.7682589,0.70604765,0.9042969,0.19900513,-1.0665283,0.14164279999999999,-0.7682589,0.70604765,0.9042969,0.19900513,-1.0665283,0.14164279999999999,-0.7682589,0.70604765,0.34512329999999997,-2.1799622,-1.5072632000000001,0.6752886,1.3492028,1.2408705,0.34512329999999997,-2.1799622,-1.5072632000000001,0.6752886,1.3492028,1.2408705,0.47598267,-0.83425903,-1.2513428,0.5223765,0.12338125,0.9160178,检查1#变、2变、开闭所有进线、出线地刀在拉开位置。
0.72351074,-0.8954772999999999,-0.5869445999999999,0.25289416,0.14227945,0.25518882,0.057312010000000004,-1.4768371999999999,-1.2500305,0.89796287,0.58698946,0.9888332999999999,0.37594604,-0.8961792,-1.5036315999999998,0.5838317,-0.03441824,1.2573576,0.4885254,-1.4777527,-0.91308594,0.48501754,0.5466128,0.6778263999999999,0.4885254,-1.4777527,-0.91308594,0.48501754,0.5466128,0.6778263999999999,0.6654968,-1.0568848,-0.93444824,0.34595889999999996,0.2532683,0.6378825,0.6654968,-1.0568848,-0.93444824,0.34595889999999996,0.2532683,0.6378825,0.77944946,-0.42739868000000003,-0.7664489999999999,0.25801313,-0.20613679999999998,0.41712585,0.88565063,-0.17263794,-0.71325684,0.15902214,-0.3619389,0.34748439999999997,0.8118286,-0.14321899999999999,-0.6915283,0.22028111,-0.19491202,0.31990263,0.76989746,0.20626831,-0.9116211,0.25980753,-0.5170941,0.5444753,0.7037964,-0.33987427000000003,-0.79455566,0.31218308,-0.04665657,0.41589573,0.710907,-0.9546509,-1.235199,0.2991261,0.47446513,0.8601259,0.9042969,0.19900513,-1.0665283,0.14164279999999999,-0.7682589,0.70604765,0.9042969,0.19900513,-1.0665283,0.14164279999999999,-0.7682589,0.70604765,0.9042969,0.19900513,-1.0665283,0.14164279999999999,-0.7682589,0.70604765,0.34512329999999997,-2.1799622,-1.5072632000000001,0.6752886,1.3492028,1.2408705,0.34512329999999997,-2.1799622,-1.5072632000000001,0.6752886,1.3492028,1.2408705,0.47598267,-0.83425903,-1.2513428,0.5223765,0.12338125,0.9160178,0.47598267,-0.83425903,-1.2513428,0.5223765,0.12338125,0.9160178,检查1#变、2变、开闭所有进线、出线地刀在拉开位置。
0.057312010000000004,-1.4768371999999999,-1.2500305,0.89796287,0.58698946,0.9888332999999999,0.37594604,-0.8961792,-1.5036315999999998,0.5838317,-0.03441824,1.2573576,0.4885254,-1.4777527,-0.91308594,0.48501754,0.5466128,0.6778263999999999,0.4885254,-1.4777527,-0.91308594,0.48501754,0.5466128,0.6778263999999999,0.6654968,-1.0568848,-0.93444824,0.34595889999999996,0.2532683,0.6378825,0.6654968,-1.0568848,-0.93444824,0.34595889999999996,0.2532683,0.6378825,0.77944946,-0.42739868000000003,-0.7664489999999999,0.25801313,-0.20613679999999998,0.41712585,0.88565063,-0.17263794,-0.71325684,0.15902214,-0.3619389,0.34748439999999997,0.8118286,-0.14321899999999999,-0.6915283,0.22028111,-0.19491202,0.31990263,0.76989746,0.20626831,-0.9116211,0.25980753,-0.5170941,0.5444753,0.7037964,-0.33987427000000003,-0.79455566,0.31218308,-0.04665657,0.41589573,0.710907,-0.9546509,-1.235199,0.2991261,0.47446513,0.8601259,0.9042969,0.19900513,-1.0665283,0.14164279999999999,-0.7682589,0.70604765,0.9042969,0.19900513,-1.0665283,0.14164279999999999,-0.7682589,0.70604765,0.9042969,0.19900513,-1.0665283,0.14164279999999999,-0.7682589,0.70604765,0.34512329999999997,-2.1799622,-1.5072632000000001,0.6752886,1.3492028,1.2408705,0.34512329999999997,-2.1799622,-1.5072632000000001,0.6752886,1.3492028,1.2408705,0.47598267,-0.83425903,-1.2513428,0.5223765,0.12338125,0.9160178,0.47598267,-0.83425903,-1.2513428,0.5223765,0.12338125,0.9160178,0.37176514,-0.71987915,-1.2071228,0.6223046999999999,0.034403868000000004,0.8630224999999999,检查1#变、2变、开闭所有进线、出线地刀在拉开位置。
0.37594604,-0.8961792,-1.5036315999999998,0.5838317,-0.03441824,1.2573576,0.4885254,-1.4777527,-0.91308594,0.48501754,0.5466128,0.6778263999999999,0.4885254,-1.4777527,-0.91308594,0.48501754,0.5466128,0.6778263999999999,0.6654968,-1.0568848,-0.93444824,0.34595889999999996,0.2532683,0.6378825,0.6654968,-1.0568848,-0.93444824,0.34595889999999996,0.2532683,0.6378825,0.77944946,-0.42739868000000003,-0.7664489999999999,0.25801313,-0.20613679999999998,0.41712585,0.88565063,-0.17263794,-0.71325684,0.15902214,-0.3619389,0.34748439999999997,0.8118286,-0.14321899999999999,-0.6915283,0.22028111,-0.19491202,0.31990263,0.76989746,0.20626831,-0.9116211,0.25980753,-0.5170941,0.5444753,0.7037964,-0.33987427000000003,-0.79455566,0.31218308,-0.04665657,0.41589573,0.710907,-0.9546509,-1.235199,0.2991261,0.47446513,0.8601259,0.9042969,0.19900513,-1.0665283,0.14164279999999999,-0.7682589,0.70604765,0.9042969,0.19900513,-1.0665283,0.14164279999999999,-0.7682589,0.70604765,0.9042969,0.19900513,-1.0665283,0.14164279999999999,-0.7682589,0.70604765,0.34512329999999997,-2.1799622,-1.5072632000000001,0.6752886,1.3492028,1.2408705,0.34512329999999997,-2.1799622,-1.5072632000000001,0.6752886,1.3492028,1.2408705,0.47598267,-0.83425903,-1.2513428,0.5223765,0.12338125,0.9160178,0.47598267,-0.83425903,-1.2513428,0.5223765,0.12338125,0.9160178,0.37176514,-0.71987915,-1.2071228,0.6223046999999999,0.034403868000000004,0.8630224999999999,0.37176514,-0.71987915,-1.2071228,0.6223046999999999,0.034403868000000004,0.8630224999999999,检查1#变、2变、开闭所有进线、出线地刀在拉开位置。
0.4885254,-1.4777527,-0.91308594,0.48501754,0.5466128,0.6778263999999999,0.4885254,-1.4777527,-0.91308594,0.48501754,0.5466128,0.6778263999999999,0.6654968,-1.0568848,-0.93444824,0.34595889999999996,0.2532683,0.6378825,0.6654968,-1.0568848,-0.93444824,0.34595889999999996,0.2532683,0.6378825,0.77944946,-0.42739868000000003,-0.7664489999999999,0.25801313,-0.20613679999999998,0.41712585,0.88565063,-0.17263794,-0.71325684,0.15902214,-0.3619389,0.34748439999999997,0.8118286,-0.14321899999999999,-0.6915283,0.22028111,-0.19491202,0.31990263,0.76989746,0.20626831,-0.9116211,0.25980753,-0.5170941,0.5444753,0.7037964,-0.33987427000000003,-0.79455566,0.31218308,-0.04665657,0.41589573,0.710907,-0.9546509,-1.235199,0.2991261,0.47446513,0.8601259,0.9042969,0.19900513,-1.0665283,0.14164279999999999,-0.7682589,0.70604765,0.9042969,0.19900513,-1.0665283,0.14164279999999999,-0.7682589,0.70604765,0.9042969,0.19900513,-1.0665283,0.14164279999999999,-0.7682589,0.70604765,0.34512329999999997,-2.1799622,-1.5072632000000001,0.6752886,1.3492028,1.2408705,0.34512329999999997,-2.1799622,-1.5072632000000001,0.6752886,1.3492028,1.2408705,0.47598267,-0.83425903,-1.2513428,0.5223765,0.12338125,0.9160178,0.47598267,-0.83425903,-1.2513428,0.5223765,0.12338125,0.9160178,0.37176514,-0.71987915,-1.2071228,0.6223046999999999,0.034403868000000004,0.8630224999999999,0.37176514,-0.71987915,-1.2071228,0.6223046999999999,0.034403868000000004,0.8630224999999999,0.9647522,-0.14382935,-0.70513916,0.07711021600000001,-0.28107578,0.33180815,检查1#变、2变、开闭所有进线、出线地刀在拉开位置。
0.4885254,-1.4777527,-0.91308594,0.48501754,0.5466128,0.6778263999999999,0.6654968,-1.0568848,-0.93444824,0.34595889999999996,0.2532683,0.6378825,0.6654968,-1.0568848,-0.93444824,0.34595889999999996,0.2532683,0.6378825,0.77944946,-0.42739868000000003,-0.7664489999999999,0.25801313,-0.20613679999999998,0.41712585,0.88565063,-0.17263794,-0.71325684,0.15902214,-0.3619389,0.34748439999999997,0.8118286,-0.14321899999999999,-0.6915283,0.22028111,-0.19491202,0.31990263,0.76989746,0.20626831,-0.9116211,0.25980753,-0.5170941,0.5444753,0.7037964,-0.33987427000000003,-0.79455566,0.31218308,-0.04665657,0.41589573,0.710907,-0.9546509,-1.235199,0.2991261,0.47446513,0.8601259,0.9042969,0.19900513,-1.0665283,0.14164279999999999,-0.7682589,0.70604765,0.9042969,0.19900513,-1.0665283,0.14164279999999999,-0.7682589,0.70604765,0.9042969,0.19900513,-1.0665283,0.14164279999999999,-0.7682589,0.70604765,0.34512329999999997,-2.1799622,-1.5072632000000001,0.6752886,1.3492028,1.2408705,0.34512329999999997,-2.1799622,-1.5072632000000001,0.6752886,1.3492028,1.2408705,0.47598267,-0.83425903,-1.2513428,0.5223765,0.12338125,0.9160178,0.47598267,-0.83425903,-1.2513428,0.5223765,0.12338125,0.9160178,0.37176514,-0.71987915,-1.2071228,0.6223046999999999,0.034403868000000004,0.8630224999999999,0.37176514,-0.71987915,-1.2071228,0.6223046999999999,0.034403868000000004,0.8630224999999999,0.9647522,-0.14382935,-0.70513916,0.07711021600000001,-0.28107578,0.33180815,1.1334838999999999,0.06475829999999999,-0.607605,-0.08852851,-0.43344763000000003,0.23521149,检查1#变、2变、开闭所有进线、出线地刀在拉开位置。
0.6654968,-1.0568848,-0.93444824,0.34595889999999996,0.2532683,0.6378825,0.6654968,-1.0568848,-0.93444824,0.34595889999999996,0.2532683,0.6378825,0.77944946,-0.42739868000000003,-0.7664489999999999,0.25801313,-0.20613679999999998,0.41712585,0.88565063,-0.17263794,-0.71325684,0.15902214,-0.3619389,0.34748439999999997,0.8118286,-0.14321899999999999,-0.6915283,0.22028111,-0.19491202,0.31990263,0.76989746,0.20626831,-0.9116211,0.25980753,-0.5170941,0.5444753,0.7037964,-0.33987427000000003,-0.79455566,0.31218308,-0.04665657,0.41589573,0.710907,-0.9546509,-1.235199,0.2991261,0.47446513,0.8601259,0.9042969,0.19900513,-1.0665283,0.14164279999999999,-0.7682589,0.70604765,0.9042969,0.19900513,-1.0665283,0.14164279999999999,-0.7682589,0.70604765,0.9042969,0.19900513,-1.0665283,0.14164279999999999,-0.7682589,0.70604765,0.34512329999999997,-2.1799622,-1.5072632000000001,0.6752886,1.3492028,1.2408705,0.34512329999999997,-2.1799622,-1.5072632000000001,0.6752886,1.3492028,1.2408705,0.47598267,-0.83425903,-1.2513428,0.5223765,0.12338125,0.9160178,0.47598267,-0.83425903,-1.2513428,0.5223765,0.12338125,0.9160178,0.37176514,-0.71987915,-1.2071228,0.6223046999999999,0.034403868000000004,0.8630224999999999,0.37176514,-0.71987915,-1.2071228,0.6223046999999999,0.034403868000000004,0.8630224999999999,0.9647522,-0.14382935,-0.70513916,0.07711021600000001,-0.28107578,0.33180815,1.1334838999999999,0.06475829999999999,-0.607605,-0.08852851,-0.43344763000000003,0.23521149,0.76690674,-0.13156128,-0.731781,0.2505749,-0.2094945,0.35541737,检查1#变、2变、开闭所有进线、出线地刀在拉开位置。
0.6654968,-1.0568848,-0.93444824,0.34595889999999996,0.2532683,0.6378825,0.77944946,-0.42739868000000003,-0.7664489999999999,0.25801313,-0.20613679999999998,0.41712585,0.88565063,-0.17263794,-0.71325684,0.15902214,-0.3619389,0.34748439999999997,0.8118286,-0.14321899999999999,-0.6915283,0.22028111,-0.19491202,0.31990263,0.76989746,0.20626831,-0.9116211,0.25980753,-0.5170941,0.5444753,0.7037964,-0.33987427000000003,-0.79455566,0.31218308,-0.04665657,0.41589573,0.710907,-0.9546509,-1.235199,0.2991261,0.47446513,0.8601259,0.9042969,0.19900513,-1.0665283,0.14164279999999999,-0.7682589,0.70604765,0.9042969,0.19900513,-1.0665283,0.14164279999999999,-0.7682589,0.70604765,0.9042969,0.19900513,-1.0665283,0.14164279999999999,-0.7682589,0.70604765,0.34512329999999997,-2.1799622,-1.5072632000000001,0.6752886,1.3492028,1.2408705,0.34512329999999997,-2.1799622,-1.5072632000000001,0.6752886,1.3492028,1.2408705,0.47598267,-0.83425903,-1.2513428,0.5223765,0.12338125,0.9160178,0.47598267,-0.83425903,-1.2513428,0.5223765,0.12338125,0.9160178,0.37176514,-0.71987915,-1.2071228,0.6223046999999999,0.034403868000000004,0.8630224999999999,0.37176514,-0.71987915,-1.2071228,0.6223046999999999,0.034403868000000004,0.8630224999999999,0.9647522,-0.14382935,-0.70513916,0.07711021600000001,-0.28107578,0.33180815,1.1334838999999999,0.06475829999999999,-0.607605,-0.08852851,-0.43344763000000003,0.23521149,0.76690674,-0.13156128,-0.731781,0.2505749,-0.2094945,0.35541737,0.76690674,-0.13156128,-0.731781,0.2505749,-0.2094945,0.35541737,检查1#变、2变、开闭所有进线、出线地刀在拉开位置。
0.77944946,-0.42739868000000003,-0.7664489999999999,0.25801313,-0.20613679999999998,0.41712585,0.88565063,-0.17263794,-0.71325684,0.15902214,-0.3619389,0.34748439999999997,0.8118286,-0.14321899999999999,-0.6915283,0.22028111,-0.19491202,0.31990263,0.76989746,0.20626831,-0.9116211,0.25980753,-0.5170941,0.5444753,0.7037964,-0.33987427000000003,-0.79455566,0.31218308,-0.04665657,0.41589573,0.710907,-0.9546509,-1.235199,0.2991261,0.47446513,0.8601259,0.9042969,0.19900513,-1.0665283,0.14164279999999999,-0.7682589,0.70604765,0.9042969,0.19900513,-1.0665283,0.14164279999999999,-0.7682589,0.70604765,0.9042969,0.19900513,-1.0665283,0.14164279999999999,-0.7682589,0.70604765,0.34512329999999997,-2.1799622,-1.5072632000000001,0.6752886,1.3492028,1.2408705,0.34512329999999997,-2.1799622,-1.5072632000000001,0.6752886,1.3492028,1.2408705,0.47598267,-0.83425903,-1.2513428,0.5223765,0.12338125,0.9160178,0.47598267,-0.83425903,-1.2513428,0.5223765,0.12338125,0.9160178,0.37176514,-0.71987915,-1.2071228,0.6223046999999999,0.034403868000000004,0.8630224999999999,0.37176514,-0.71987915,-1.2071228,0.6223046999999999,0.034403868000000004,0.8630224999999999,0.9647522,-0.14382935,-0.70513916,0.07711021600000001,-0.28107578,0.33180815,1.1334838999999999,0.06475829999999999,-0.607605,-0.08852851,-0.43344763000000003,0.23521149,0.76690674,-0.13156128,-0.731781,0.2505749,-0.2094945,0.35541737,0.76690674,-0.13156128,-0.731781,0.2505749,-0.2094945,0.35541737,0.44284058,-0.45947266000000003,-1.0712891,0.57308346,-0.028825056,0.69795465,检查1#变、2变、开闭所有进线、出线地刀在拉开位置。
0.88565063,-0.17263794,-0.71325684,0.15902214,-0.3619389,0.34748439999999997,0.8118286,-0.14321899999999999,-0.6915283,0.22028111,-0.19491202,0.31990263,0.76989746,0.20626831,-0.9116211,0.25980753,-0.5170941,0.5444753,0.7037964,-0.33987427000000003,-0.79455566,0.31218308,-0.04665657,0.41589573,0.710907,-0.9546509,-1.235199,0.2991261,0.47446513,0.8601259,0.9042969,0.19900513,-1.0665283,0.14164279999999999,-0.7682589,0.70604765,0.9042969,0.19900513,-1.0665283,0.14164279999999999,-0.7682589,0.70604765,0.9042969,0.19900513,-1.0665283,0.14164279999999999,-0.7682589,0.70604765,0.34512329999999997,-2.1799622,-1.5072632000000001,0.6752886,1.3492028,1.2408705,0.34512329999999997,-2.1799622,-1.5072632000000001,0.6752886,1.3492028,1.2408705,0.47598267,-0.83425903,-1.2513428,0.5223765,0.12338125,0.9160178,0.47598267,-0.83425903,-1.2513428,0.5223765,0.12338125,0.9160178,0.37176514,-0.71987915,-1.2071228,0.6223046999999999,0.034403868000000004,0.8630224999999999,0.37176514,-0.71987915,-1.2071228,0.6223046999999999,0.034403868000000004,0.8630224999999999,0.9647522,-0.14382935,-0.70513916,0.07711021600000001,-0.28107578,0.33180815,1.1334838999999999,0.06475829999999999,-0.607605,-0.08852851,-0.43344763000000003,0.23521149,0.76690674,-0.13156128,-0.731781,0.2505749,-0.2094945,0.35541737,0.76690674,-0.13156128,-0.731781,0.2505749,-0.2094945,0.35541737,0.44284058,-0.45947266000000003,-1.0712891,0.57308346,-0.028825056,0.69795465,0.6643066400000001,-0.9621276999999999,-1.0839844,0.3104579,0.41321257,0.7034304,检查1#变、2变、开闭所有进线、出线地刀在拉开位置。
0.8118286,-0.14321899999999999,-0.6915283,0.22028111,-0.19491202,0.31990263,0.76989746,0.20626831,-0.9116211,0.25980753,-0.5170941,0.5444753,0.7037964,-0.33987427000000003,-0.79455566,0.31218308,-0.04665657,0.41589573,0.710907,-0.9546509,-1.235199,0.2991261,0.47446513,0.8601259,0.9042969,0.19900513,-1.0665283,0.14164279999999999,-0.7682589,0.70604765,0.9042969,0.19900513,-1.0665283,0.14164279999999999,-0.7682589,0.70604765,0.9042969,0.19900513,-1.0665283,0.14164279999999999,-0.7682589,0.70604765,0.34512329999999997,-2.1799622,-1.5072632000000001,0.6752886,1.3492028,1.2408705,0.34512329999999997,-2.1799622,-1.5072632000000001,0.6752886,1.3492028,1.2408705,0.47598267,-0.83425903,-1.2513428,0.5223765,0.12338125,0.9160178,0.47598267,-0.83425903,-1.2513428,0.5223765,0.12338125,0.9160178,0.37176514,-0.71987915,-1.2071228,0.6223046999999999,0.034403868000000004,0.8630224999999999,0.37176514,-0.71987915,-1.2071228,0.6223046999999999,0.034403868000000004,0.8630224999999999,0.9647522,-0.14382935,-0.70513916,0.07711021600000001,-0.28107578,0.33180815,1.1334838999999999,0.06475829999999999,-0.607605,-0.08852851,-0.43344763000000003,0.23521149,0.76690674,-0.13156128,-0.731781,0.2505749,-0.2094945,0.35541737,0.76690674,-0.13156128,-0.731781,0.2505749,-0.2094945,0.35541737,0.44284058,-0.45947266000000003,-1.0712891,0.57308346,-0.028825056,0.69795465,0.6643066400000001,-0.9621276999999999,-1.0839844,0.3104579,0.41321257,0.7034304,0.6844177,-0.8677673300000001,-1.1056519,0.2884556,0.31865674,0.72416776,检查1#变、2变、开闭所有进线、出线地刀在拉开位置。
0.76989746,0.20626831,-0.9116211,0.25980753,-0.5170941,0.5444753,0.7037964,-0.33987427000000003,-0.79455566,0.31218308,-0.04665657,0.41589573,0.710907,-0.9546509,-1.235199,0.2991261,0.47446513,0.8601259,0.9042969,0.19900513,-1.0665283,0.14164279999999999,-0.7682589,0.70604765,0.9042969,0.19900513,-1.0665283,0.14164279999999999,-0.7682589,0.70604765,0.9042969,0.19900513,-1.0665283,0.14164279999999999,-0.7682589,0.70604765,0.34512329999999997,-2.1799622,-1.5072632000000001,0.6752886,1.3492028,1.2408705,0.34512329999999997,-2.1799622,-1.5072632000000001,0.6752886,1.3492028,1.2408705,0.47598267,-0.83425903,-1.2513428,0.5223765,0.12338125,0.9160178,0.47598267,-0.83425903,-1.2513428,0.5223765,0.12338125,0.9160178,0.37176514,-0.71987915,-1.2071228,0.6223046999999999,0.034403868000000004,0.8630224999999999,0.37176514,-0.71987915,-1.2071228,0.6223046999999999,0.034403868000000004,0.8630224999999999,0.9647522,-0.14382935,-0.70513916,0.07711021600000001,-0.28107578,0.33180815,1.1334838999999999,0.06475829999999999,-0.607605,-0.08852851,-0.43344763000000003,0.23521149,0.76690674,-0.13156128,-0.731781,0.2505749,-0.2094945,0.35541737,0.76690674,-0.13156128,-0.731781,0.2505749,-0.2094945,0.35541737,0.44284058,-0.45947266000000003,-1.0712891,0.57308346,-0.028825056,0.69795465,0.6643066400000001,-0.9621276999999999,-1.0839844,0.3104579,0.41321257,0.7034304,0.6844177,-0.8677673300000001,-1.1056519,0.2884556,0.31865674,0.72416776,0.7385864,-0.37225342,-0.71850586,0.18317102,-0.21988429999999998,0.3256021,检查1#变、2变、开闭所有进线、出线地刀在拉开位置。
0.7037964,-0.33987427000000003,-0.79455566,0.31218308,-0.04665657,0.41589573,0.710907,-0.9546509,-1.235199,0.2991261,0.47446513,0.8601259,0.9042969,0.19900513,-1.0665283,0.14164279999999999,-0.7682589,0.70604765,0.9042969,0.19900513,-1.0665283,0.14164279999999999,-0.7682589,0.70604765,0.9042969,0.19900513,-1.0665283,0.14164279999999999,-0.7682589,0.70604765,0.34512329999999997,-2.1799622,-1.5072632000000001,0.6752886,1.3492028,1.2408705,0.34512329999999997,-2.1799622,-1.5072632000000001,0.6752886,1.3492028,1.2408705,0.47598267,-0.83425903,-1.2513428,0.5223765,0.12338125,0.9160178,0.47598267,-0.83425903,-1.2513428,0.5223765,0.12338125,0.9160178,0.37176514,-0.71987915,-1.2071228,0.6223046999999999,0.034403868000000004,0.8630224999999999,0.37176514,-0.71987915,-1.2071228,0.6223046999999999,0.034403868000000004,0.8630224999999999,0.9647522,-0.14382935,-0.70513916,0.07711021600000001,-0.28107578,0.33180815,1.1334838999999999,0.06475829999999999,-0.607605,-0.08852851,-0.43344763000000003,0.23521149,0.76690674,-0.13156128,-0.731781,0.2505749,-0.2094945,0.35541737,0.76690674,-0.13156128,-0.731781,0.2505749,-0.2094945,0.35541737,0.44284058,-0.45947266000000003,-1.0712891,0.57308346,-0.028825056,0.69795465,0.6643066400000001,-0.9621276999999999,-1.0839844,0.3104579,0.41321257,0.7034304,0.6844177,-0.8677673300000001,-1.1056519,0.2884556,0.31865674,0.72416776,0.7385864,-0.37225342,-0.71850586,0.18317102,-0.21988429999999998,0.3256021,0.7385864,-0.37225342,-0.71850586,0.18317102,-0.21988429999999998,0.3256021,检查1#变、2变、开闭所有进线、出线地刀在拉开位置。
0.710907,-0.9546509,-1.235199,0.2991261,0.47446513,0.8601259,0.9042969,0.19900513,-1.0665283,0.14164279999999999,-0.7682589,0.70604765,0.9042969,0.19900513,-1.0665283,0.14164279999999999,-0.7682589,0.70604765,0.9042969,0.19900513,-1.0665283,0.14164279999999999,-0.7682589,0.70604765,0.34512329999999997,-2.1799622,-1.5072632000000001,0.6752886,1.3492028,1.2408705,0.34512329999999997,-2.1799622,-1.5072632000000001,0.6752886,1.3492028,1.2408705,0.47598267,-0.83425903,-1.2513428,0.5223765,0.12338125,0.9160178,0.47598267,-0.83425903,-1.2513428,0.5223765,0.12338125,0.9160178,0.37176514,-0.71987915,-1.2071228,0.6223046999999999,0.034403868000000004,0.8630224999999999,0.37176514,-0.71987915,-1.2071228,0.6223046999999999,0.034403868000000004,0.8630224999999999,0.9647522,-0.14382935,-0.70513916,0.07711021600000001,-0.28107578,0.33180815,1.1334838999999999,0.06475829999999999,-0.607605,-0.08852851,-0.43344763000000003,0.23521149,0.76690674,-0.13156128,-0.731781,0.2505749,-0.2094945,0.35541737,0.76690674,-0.13156128,-0.731781,0.2505749,-0.2094945,0.35541737,0.44284058,-0.45947266000000003,-1.0712891,0.57308346,-0.028825056,0.69795465,0.6643066400000001,-0.9621276999999999,-1.0839844,0.3104579,0.41321257,0.7034304,0.6844177,-0.8677673300000001,-1.1056519,0.2884556,0.31865674,0.72416776,0.7385864,-0.37225342,-0.71850586,0.18317102,-0.21988429999999998,0.3256021,0.7385864,-0.37225342,-0.71850586,0.18317102,-0.21988429999999998,0.3256021,0.07803345,-0.89263916,-1.2705383000000001,0.78308475,0.0851397,0.9404657999999999,检查1#变、2变、开闭所有进线、出线地刀在拉开位置。
0.9042969,0.19900513,-1.0665283,0.14164279999999999,-0.7682589,0.70604765,0.9042969,0.19900513,-1.0665283,0.14164279999999999,-0.7682589,0.70604765,0.9042969,0.19900513,-1.0665283,0.14164279999999999,-0.7682589,0.70604765,0.34512329999999997,-2.1799622,-1.5072632000000001,0.6752886,1.3492028,1.2408705,0.34512329999999997,-2.1799622,-1.5072632000000001,0.6752886,1.3492028,1.2408705,0.47598267,-0.83425903,-1.2513428,0.5223765,0.12338125,0.9160178,0.47598267,-0.83425903,-1.2513428,0.5223765,0.12338125,0.9160178,0.37176514,-0.71987915,-1.2071228,0.6223046999999999,0.034403868000000004,0.8630224999999999,0.37176514,-0.71987915,-1.2071228,0.6223046999999999,0.034403868000000004,0.8630224999999999,0.9647522,-0.14382935,-0.70513916,0.07711021600000001,-0.28107578,0.33180815,1.1334838999999999,0.06475829999999999,-0.607605,-0.08852851,-0.43344763000000003,0.23521149,0.76690674,-0.13156128,-0.731781,0.2505749,-0.2094945,0.35541737,0.76690674,-0.13156128,-0.731781,0.2505749,-0.2094945,0.35541737,0.44284058,-0.45947266000000003,-1.0712891,0.57308346,-0.028825056,0.69795465,0.6643066400000001,-0.9621276999999999,-1.0839844,0.3104579,0.41321257,0.7034304,0.6844177,-0.8677673300000001,-1.1056519,0.2884556,0.31865674,0.72416776,0.7385864,-0.37225342,-0.71850586,0.18317102,-0.21988429999999998,0.3256021,0.7385864,-0.37225342,-0.71850586,0.18317102,-0.21988429999999998,0.3256021,0.07803345,-0.89263916,-1.2705383000000001,0.78308475,0.0851397,0.9404657999999999,0.13250732,-0.6197509999999999,-1.4754333,0.7390085,-0.21872735000000001,1.1584818000000001,检查1#变、2变、开闭所有进线、出线地刀在拉开位置。
0.9042969,0.19900513,-1.0665283,0.14164279999999999,-0.7682589,0.70604765,0.9042969,0.19900513,-1.0665283,0.14164279999999999,-0.7682589,0.70604765,0.34512329999999997,-2.1799622,-1.5072632000000001,0.6752886,1.3492028,1.2408705,0.34512329999999997,-2.1799622,-1.5072632000000001,0.6752886,1.3492028,1.2408705,0.47598267,-0.83425903,-1.2513428,0.5223765,0.12338125,0.9160178,0.47598267,-0.83425903,-1.2513428,0.5223765,0.12338125,0.9160178,0.37176514,-0.71987915,-1.2071228,0.6223046999999999,0.034403868000000004,0.8630224999999999,0.37176514,-0.71987915,-1.2071228,0.6223046999999999,0.034403868000000004,0.8630224999999999,0.9647522,-0.14382935,-0.70513916,0.07711021600000001,-0.28107578,0.33180815,1.1334838999999999,0.06475829999999999,-0.607605,-0.08852851,-0.43344763000000003,0.23521149,0.76690674,-0.13156128,-0.731781,0.2505749,-0.2094945,0.35541737,0.76690674,-0.13156128,-0.731781,0.2505749,-0.2094945,0.35541737,0.44284058,-0.45947266000000003,-1.0712891,0.57308346,-0.028825056,0.69795465,0.6643066400000001,-0.9621276999999999,-1.0839844,0.3104579,0.41321257,0.7034304,0.6844177,-0.8677673300000001,-1.1056519,0.2884556,0.31865674,0.72416776,0.7385864,-0.37225342,-0.71850586,0.18317102,-0.21988429999999998,0.3256021,0.7385864,-0.37225342,-0.71850586,0.18317102,-0.21988429999999998,0.3256021,0.07803345,-0.89263916,-1.2705383000000001,0.78308475,0.0851397,0.9404657999999999,0.13250732,-0.6197509999999999,-1.4754333,0.7390085,-0.21872735000000001,1.1584818000000001,0.69906616,-0.4090271,-1.0146484,0.20885099999999998,-0.54463977,0.75923914,检查1#变、2变、开闭所有进线、出线地刀在拉开位置。
0.9042969,0.19900513,-1.0665283,0.14164279999999999,-0.7682589,0.70604765,0.34512329999999997,-2.1799622,-1.5072632000000001,0.6752886,1.3492028,1.2408705,0.34512329999999997,-2.1799622,-1.5072632000000001,0.6752886,1.3492028,1.2408705,0.47598267,-0.83425903,-1.2513428,0.5223765,0.12338125,0.9160178,0.47598267,-0.83425903,-1.2513428,0.5223765,0.12338125,0.9160178,0.37176514,-0.71987915,-1.2071228,0.6223046999999999,0.034403868000000004,0.8630224999999999,0.37176514,-0.71987915,-1.2071228,0.6223046999999999,0.034403868000000004,0.8630224999999999,0.9647522,-0.14382935,-0.70513916,0.07711021600000001,-0.28107578,0.33180815,1.1334838999999999,0.06475829999999999,-0.607605,-0.08852851,-0.43344763000000003,0.23521149,0.76690674,-0.13156128,-0.731781,0.2505749,-0.2094945,0.35541737,0.76690674,-0.13156128,-0.731781,0.2505749,-0.2094945,0.35541737,0.44284058,-0.45947266000000003,-1.0712891,0.57308346,-0.028825056,0.69795465,0.6643066400000001,-0.9621276999999999,-1.0839844,0.3104579,0.41321257,0.7034304,0.6844177,-0.8677673300000001,-1.1056519,0.2884556,0.31865674,0.72416776,0.7385864,-0.37225342,-0.71850586,0.18317102,-0.21988429999999998,0.3256021,0.7385864,-0.37225342,-0.71850586,0.18317102,-0.21988429999999998,0.3256021,0.07803345,-0.89263916,-1.2705383000000001,0.78308475,0.0851397,0.9404657999999999,0.13250732,-0.6197509999999999,-1.4754333,0.7390085,-0.21872735000000001,1.1584818000000001,0.69906616,-0.4090271,-1.0146484,0.20885099999999998,-0.54463977,0.75923914,0.6875304999999999,-0.8468933,-0.48736572,0.22415273,-0.09495930400000001,0.23144585,检查1#变、2变、开闭所有进线、出线地刀在拉开位置。
0.34512329999999997,-2.1799622,-1.5072632000000001,0.6752886,1.3492028,1.2408705,0.34512329999999997,-2.1799622,-1.5072632000000001,0.6752886,1.3492028,1.2408705,0.47598267,-0.83425903,-1.2513428,0.5223765,0.12338125,0.9160178,0.47598267,-0.83425903,-1.2513428,0.5223765,0.12338125,0.9160178,0.37176514,-0.71987915,-1.2071228,0.6223046999999999,0.034403868000000004,0.8630224999999999,0.37176514,-0.71987915,-1.2071228,0.6223046999999999,0.034403868000000004,0.8630224999999999,0.9647522,-0.14382935,-0.70513916,0.07711021600000001,-0.28107578,0.33180815,1.1334838999999999,0.06475829999999999,-0.607605,-0.08852851,-0.43344763000000003,0.23521149,0.76690674,-0.13156128,-0.731781,0.2505749,-0.2094945,0.35541737,0.76690674,-0.13156128,-0.731781,0.2505749,-0.2094945,0.35541737,0.44284058,-0.45947266000000003,-1.0712891,0.57308346,-0.028825056,0.69795465,0.6643066400000001,-0.9621276999999999,-1.0839844,0.3104579,0.41321257,0.7034304,0.6844177,-0.8677673300000001,-1.1056519,0.2884556,0.31865674,0.72416776,0.7385864,-0.37225342,-0.71850586,0.18317102,-0.21988429999999998,0.3256021,0.7385864,-0.37225342,-0.71850586,0.18317102,-0.21988429999999998,0.3256021,0.07803345,-0.89263916,-1.2705383000000001,0.78308475,0.0851397,0.9404657999999999,0.13250732,-0.6197509999999999,-1.4754333,0.7390085,-0.21872735000000001,1.1584818000000001,0.69906616,-0.4090271,-1.0146484,0.20885099999999998,-0.54463977,0.75923914,0.6875304999999999,-0.8468933,-0.48736572,0.22415273,-0.09495930400000001,0.23144585,0.43884277,-0.94888306,-0.8640747,0.51558053,0.020411894,0.6158525300000001,检查1#变、2变、开闭所有进线、出线地刀在拉开位置。
0.34512329999999997,-2.1799622,-1.5072632000000001,0.6752886,1.3492028,1.2408705,0.47598267,-0.83425903,-1.2513428,0.5223765,0.12338125,0.9160178,0.47598267,-0.83425903,-1.2513428,0.5223765,0.12338125,0.9160178,0.37176514,-0.71987915,-1.2071228,0.6223046999999999,0.034403868000000004,0.8630224999999999,0.37176514,-0.71987915,-1.2071228,0.6223046999999999,0.034403868000000004,0.8630224999999999,0.9647522,-0.14382935,-0.70513916,0.07711021600000001,-0.28107578,0.33180815,1.1334838999999999,0.06475829999999999,-0.607605,-0.08852851,-0.43344763000000003,0.23521149,0.76690674,-0.13156128,-0.731781,0.2505749,-0.2094945,0.35541737,0.76690674,-0.13156128,-0.731781,0.2505749,-0.2094945,0.35541737,0.44284058,-0.45947266000000003,-1.0712891,0.57308346,-0.028825056,0.69795465,0.6643066400000001,-0.9621276999999999,-1.0839844,0.3104579,0.41321257,0.7034304,0.6844177,-0.8677673300000001,-1.1056519,0.2884556,0.31865674,0.72416776,0.7385864,-0.37225342,-0.71850586,0.18317102,-0.21988429999999998,0.3256021,0.7385864,-0.37225342,-0.71850586,0.18317102,-0.21988429999999998,0.3256021,0.07803345,-0.89263916,-1.2705383000000001,0.78308475,0.0851397,0.9404657999999999,0.13250732,-0.6197509999999999,-1.4754333,0.7390085,-0.21872735000000001,1.1584818000000001,0.69906616,-0.4090271,-1.0146484,0.20885099999999998,-0.54463977,0.75923914,0.6875304999999999,-0.8468933,-0.48736572,0.22415273,-0.09495930400000001,0.23144585,0.43884277,-0.94888306,-0.8640747,0.51558053,0.020411894,0.6158525300000001,0.8831787,-0.8412780999999999,-0.76239014,0.071444854,-0.08355421,0.5049139,检查1#变、2变、开闭所有进线、出线地刀在拉开位置。
0.47598267,-0.83425903,-1.2513428,0.5223765,0.12338125,0.9160178,0.47598267,-0.83425903,-1.2513428,0.5223765,0.12338125,0.9160178,0.37176514,-0.71987915,-1.2071228,0.6223046999999999,0.034403868000000004,0.8630224999999999,0.37176514,-0.71987915,-1.2071228,0.6223046999999999,0.034403868000000004,0.8630224999999999,0.9647522,-0.14382935,-0.70513916,0.07711021600000001,-0.28107578,0.33180815,1.1334838999999999,0.06475829999999999,-0.607605,-0.08852851,-0.43344763000000003,0.23521149,0.76690674,-0.13156128,-0.731781,0.2505749,-0.2094945,0.35541737,0.76690674,-0.13156128,-0.731781,0.2505749,-0.2094945,0.35541737,0.44284058,-0.45947266000000003,-1.0712891,0.57308346,-0.028825056,0.69795465,0.6643066400000001,-0.9621276999999999,-1.0839844,0.3104579,0.41321257,0.7034304,0.6844177,-0.8677673300000001,-1.1056519,0.2884556,0.31865674,0.72416776,0.7385864,-0.37225342,-0.71850586,0.18317102,-0.21988429999999998,0.3256021,0.7385864,-0.37225342,-0.71850586,0.18317102,-0.21988429999999998,0.3256021,0.07803345,-0.89263916,-1.2705383000000001,0.78308475,0.0851397,0.9404657999999999,0.13250732,-0.6197509999999999,-1.4754333,0.7390085,-0.21872735000000001,1.1584818000000001,0.69906616,-0.4090271,-1.0146484,0.20885099999999998,-0.54463977,0.75923914,0.6875304999999999,-0.8468933,-0.48736572,0.22415273,-0.09495930400000001,0.23144585,0.43884277,-0.94888306,-0.8640747,0.51558053,0.020411894,0.6158525300000001,0.8831787,-0.8412780999999999,-0.76239014,0.071444854,-0.08355421,0.5049139,0.70977783,-0.48269653,-1.3044128,0.24468283000000002,-0.4389711,1.0427542,检查1#变、2变、开闭所有进线、出线地刀在拉开位置。
0.47598267,-0.83425903,-1.2513428,0.5223765,0.12338125,0.9160178,0.37176514,-0.71987915,-1.2071228,0.6223046999999999,0.034403868000000004,0.8630224999999999,0.37176514,-0.71987915,-1.2071228,0.6223046999999999,0.034403868000000004,0.8630224999999999,0.9647522,-0.14382935,-0.70513916,0.07711021600000001,-0.28107578,0.33180815,1.1334838999999999,0.06475829999999999,-0.607605,-0.08852851,-0.43344763000000003,0.23521149,0.76690674,-0.13156128,-0.731781,0.2505749,-0.2094945,0.35541737,0.76690674,-0.13156128,-0.731781,0.2505749,-0.2094945,0.35541737,0.44284058,-0.45947266000000003,-1.0712891,0.57308346,-0.028825056,0.69795465,0.6643066400000001,-0.9621276999999999,-1.0839844,0.3104579,0.41321257,0.7034304,0.6844177,-0.8677673300000001,-1.1056519,0.2884556,0.31865674,0.72416776,0.7385864,-0.37225342,-0.71850586,0.18317102,-0.21988429999999998,0.3256021,0.7385864,-0.37225342,-0.71850586,0.18317102,-0.21988429999999998,0.3256021,0.07803345,-0.89263916,-1.2705383000000001,0.78308475,0.0851397,0.9404657999999999,0.13250732,-0.6197509999999999,-1.4754333,0.7390085,-0.21872735000000001,1.1584818000000001,0.69906616,-0.4090271,-1.0146484,0.20885099999999998,-0.54463977,0.75923914,0.6875304999999999,-0.8468933,-0.48736572,0.22415273,-0.09495930400000001,0.23144585,0.43884277,-0.94888306,-0.8640747,0.51558053,0.020411894,0.6158525300000001,0.8831787,-0.8412780999999999,-0.76239014,0.071444854,-0.08355421,0.5049139,0.70977783,-0.48269653,-1.3044128,0.24468283000000002,-0.4389711,1.0427542,0.7652893,-1.0007935,-1.1541748,0.18094169000000002,0.10854154,0.87761086,检查1#变、2变、开闭所有进线、出线地刀在拉开位置。
0.37176514,-0.71987915,-1.2071228,0.6223046999999999,0.034403868000000004,0.8630224999999999,0.37176514,-0.71987915,-1.2071228,0.6223046999999999,0.034403868000000004,0.8630224999999999,0.9647522,-0.14382935,-0.70513916,0.07711021600000001,-0.28107578,0.33180815,1.1334838999999999,0.06475829999999999,-0.607605,-0.08852851,-0.43344763000000003,0.23521149,0.76690674,-0.13156128,-0.731781,0.2505749,-0.2094945,0.35541737,0.76690674,-0.13156128,-0.731781,0.2505749,-0.2094945,0.35541737,0.44284058,-0.45947266000000003,-1.0712891,0.57308346,-0.028825056,0.69795465,0.6643066400000001,-0.9621276999999999,-1.0839844,0.3104579,0.41321257,0.7034304,0.6844177,-0.8677673300000001,-1.1056519,0.2884556,0.31865674,0.72416776,0.7385864,-0.37225342,-0.71850586,0.18317102,-0.21988429999999998,0.3256021,0.7385864,-0.37225342,-0.71850586,0.18317102,-0.21988429999999998,0.3256021,0.07803345,-0.89263916,-1.2705383000000001,0.78308475,0.0851397,0.9404657999999999,0.13250732,-0.6197509999999999,-1.4754333,0.7390085,-0.21872735000000001,1.1584818000000001,0.69906616,-0.4090271,-1.0146484,0.20885099999999998,-0.54463977,0.75923914,0.6875304999999999,-0.8468933,-0.48736572,0.22415273,-0.09495930400000001,0.23144585,0.43884277,-0.94888306,-0.8640747,0.51558053,0.020411894,0.6158525300000001,0.8831787,-0.8412780999999999,-0.76239014,0.071444854,-0.08355421,0.5049139,0.70977783,-0.48269653,-1.3044128,0.24468283000000002,-0.4389711,1.0427542,0.7652893,-1.0007935,-1.1541748,0.18094169000000002,0.10854154,0.87761086,0.60964966,-0.7307739,-1.0256653,0.34248322000000003,-0.12379774,0.73089623,检查1#变、2变、开闭所有进线、出线地刀在拉开位置。
0.37176514,-0.71987915,-1.2071228,0.6223046999999999,0.034403868000000004,0.8630224999999999,0.9647522,-0.14382935,-0.70513916,0.07711021600000001,-0.28107578,0.33180815,1.1334838999999999,0.06475829999999999,-0.607605,-0.08852851,-0.43344763000000003,0.23521149,0.76690674,-0.13156128,-0.731781,0.2505749,-0.2094945,0.35541737,0.76690674,-0.13156128,-0.731781,0.2505749,-0.2094945,0.35541737,0.44284058,-0.45947266000000003,-1.0712891,0.57308346,-0.028825056,0.69795465,0.6643066400000001,-0.9621276999999999,-1.0839844,0.3104579,0.41321257,0.7034304,0.6844177,-0.8677673300000001,-1.1056519,0.2884556,0.31865674,0.72416776,0.7385864,-0.37225342,-0.71850586,0.18317102,-0.21988429999999998,0.3256021,0.7385864,-0.37225342,-0.71850586,0.18317102,-0.21988429999999998,0.3256021,0.07803345,-0.89263916,-1.2705383000000001,0.78308475,0.0851397,0.9404657999999999,0.13250732,-0.6197509999999999,-1.4754333,0.7390085,-0.21872735000000001,1.1584818000000001,0.69906616,-0.4090271,-1.0146484,0.20885099999999998,-0.54463977,0.75923914,0.6875304999999999,-0.8468933,-0.48736572,0.22415273,-0.09495930400000001,0.23144585,0.43884277,-0.94888306,-0.8640747,0.51558053,0.020411894,0.6158525300000001,0.8831787,-0.8412780999999999,-0.76239014,0.071444854,-0.08355421,0.5049139,0.70977783,-0.48269653,-1.3044128,0.24468283000000002,-0.4389711,1.0427542,0.7652893,-1.0007935,-1.1541748,0.18094169000000002,0.10854154,0.87761086,0.60964966,-0.7307739,-1.0256653,0.34248322000000003,-0.12379774,0.73089623,0.5479431,-0.69989014,-0.91799927,0.41445267,-0.09712749,0.60038936,检查1#变、2变、开闭所有进线、出线地刀在拉开位置。
0.9647522,-0.14382935,-0.70513916,0.07711021600000001,-0.28107578,0.33180815,1.1334838999999999,0.06475829999999999,-0.607605,-0.08852851,-0.43344763000000003,0.23521149,0.76690674,-0.13156128,-0.731781,0.2505749,-0.2094945,0.35541737,0.76690674,-0.13156128,-0.731781,0.2505749,-0.2094945,0.35541737,0.44284058,-0.45947266000000003,-1.0712891,0.57308346,-0.028825056,0.69795465,0.6643066400000001,-0.9621276999999999,-1.0839844,0.3104579,0.41321257,0.7034304,0.6844177,-0.8677673300000001,-1.1056519,0.2884556,0.31865674,0.72416776,0.7385864,-0.37225342,-0.71850586,0.18317102,-0.21988429999999998,0.3256021,0.7385864,-0.37225342,-0.71850586,0.18317102,-0.21988429999999998,0.3256021,0.07803345,-0.89263916,-1.2705383000000001,0.78308475,0.0851397,0.9404657999999999,0.13250732,-0.6197509999999999,-1.4754333,0.7390085,-0.21872735000000001,1.1584818000000001,0.69906616,-0.4090271,-1.0146484,0.20885099999999998,-0.54463977,0.75923914,0.6875304999999999,-0.8468933,-0.48736572,0.22415273,-0.09495930400000001,0.23144585,0.43884277,-0.94888306,-0.8640747,0.51558053,0.020411894,0.6158525300000001,0.8831787,-0.8412780999999999,-0.76239014,0.071444854,-0.08355421,0.5049139,0.70977783,-0.48269653,-1.3044128,0.24468283000000002,-0.4389711,1.0427542,0.7652893,-1.0007935,-1.1541748,0.18094169000000002,0.10854154,0.87761086,0.60964966,-0.7307739,-1.0256653,0.34248322000000003,-0.12379774,0.73089623,0.5479431,-0.69989014,-0.91799927,0.41445267,-0.09712749,0.60038936,0.68640137,-0.778656,-1.0134583,0.27617157000000003,-0.017063878,0.6943855999999999,检查1#变、2变、开闭所有进线、出线地刀在拉开位置。
1.1334838999999999,0.06475829999999999,-0.607605,-0.08852851,-0.43344763000000003,0.23521149,0.76690674,-0.13156128,-0.731781,0.2505749,-0.2094945,0.35541737,0.76690674,-0.13156128,-0.731781,0.2505749,-0.2094945,0.35541737,0.44284058,-0.45947266000000003,-1.0712891,0.57308346,-0.028825056,0.69795465,0.6643066400000001,-0.9621276999999999,-1.0839844,0.3104579,0.41321257,0.7034304,0.6844177,-0.8677673300000001,-1.1056519,0.2884556,0.31865674,0.72416776,0.7385864,-0.37225342,-0.71850586,0.18317102,-0.21988429999999998,0.3256021,0.7385864,-0.37225342,-0.71850586,0.18317102,-0.21988429999999998,0.3256021,0.07803345,-0.89263916,-1.2705383000000001,0.78308475,0.0851397,0.9404657999999999,0.13250732,-0.6197509999999999,-1.4754333,0.7390085,-0.21872735000000001,1.1584818000000001,0.69906616,-0.4090271,-1.0146484,0.20885099999999998,-0.54463977,0.75923914,0.6875304999999999,-0.8468933,-0.48736572,0.22415273,-0.09495930400000001,0.23144585,0.43884277,-0.94888306,-0.8640747,0.51558053,0.020411894,0.6158525300000001,0.8831787,-0.8412780999999999,-0.76239014,0.071444854,-0.08355421,0.5049139,0.70977783,-0.48269653,-1.3044128,0.24468283000000002,-0.4389711,1.0427542,0.7652893,-1.0007935,-1.1541748,0.18094169000000002,0.10854154,0.87761086,0.60964966,-0.7307739,-1.0256653,0.34248322000000003,-0.12379774,0.73089623,0.5479431,-0.69989014,-0.91799927,0.41445267,-0.09712749,0.60038936,0.68640137,-0.778656,-1.0134583,0.27617157000000003,-0.017063878,0.6943855999999999,0.5574951,-0.76608276,-1.0959778,0.40815574,-0.020895526,0.7757765999999999,检查1#变、2变、开闭所有进线、出线地刀在拉开位置。
0.76690674,-0.13156128,-0.731781,0.2505749,-0.2094945,0.35541737,0.76690674,-0.13156128,-0.731781,0.2505749,-0.2094945,0.35541737,0.44284058,-0.45947266000000003,-1.0712891,0.57308346,-0.028825056,0.69795465,0.6643066400000001,-0.9621276999999999,-1.0839844,0.3104579,0.41321257,0.7034304,0.6844177,-0.8677673300000001,-1.1056519,0.2884556,0.31865674,0.72416776,0.7385864,-0.37225342,-0.71850586,0.18317102,-0.21988429999999998,0.3256021,0.7385864,-0.37225342,-0.71850586,0.18317102,-0.21988429999999998,0.3256021,0.07803345,-0.89263916,-1.2705383000000001,0.78308475,0.0851397,0.9404657999999999,0.13250732,-0.6197509999999999,-1.4754333,0.7390085,-0.21872735000000001,1.1584818000000001,0.69906616,-0.4090271,-1.0146484,0.20885099999999998,-0.54463977,0.75923914,0.6875304999999999,-0.8468933,-0.48736572,0.22415273,-0.09495930400000001,0.23144585,0.43884277,-0.94888306,-0.8640747,0.51558053,0.020411894,0.6158525300000001,0.8831787,-0.8412780999999999,-0.76239014,0.071444854,-0.08355421,0.5049139,0.70977783,-0.48269653,-1.3044128,0.24468283000000002,-0.4389711,1.0427542,0.7652893,-1.0007935,-1.1541748,0.18094169000000002,0.10854154,0.87761086,0.60964966,-0.7307739,-1.0256653,0.34248322000000003,-0.12379774,0.73089623,0.5479431,-0.69989014,-0.91799927,0.41445267,-0.09712749,0.60038936,0.68640137,-0.778656,-1.0134583,0.27617157000000003,-0.017063878,0.6943855999999999,0.5574951,-0.76608276,-1.0959778,0.40815574,-0.020895526,0.7757765999999999,0.5574951,-0.76608276,-1.0959778,0.40815574,-0.020895526,0.7757765999999999,检查1#变、2变、开闭所有进线、出线地刀在拉开位置。
0.76690674,-0.13156128,-0.731781,0.2505749,-0.2094945,0.35541737,0.44284058,-0.45947266000000003,-1.0712891,0.57308346,-0.028825056,0.69795465,0.6643066400000001,-0.9621276999999999,-1.0839844,0.3104579,0.41321257,0.7034304,0.6844177,-0.8677673300000001,-1.1056519,0.2884556,0.31865674,0.72416776,0.7385864,-0.37225342,-0.71850586,0.18317102,-0.21988429999999998,0.3256021,0.7385864,-0.37225342,-0.71850586,0.18317102,-0.21988429999999998,0.3256021,0.07803345,-0.89263916,-1.2705383000000001,0.78308475,0.0851397,0.9404657999999999,0.13250732,-0.6197509999999999,-1.4754333,0.7390085,-0.21872735000000001,1.1584818000000001,0.69906616,-0.4090271,-1.0146484,0.20885099999999998,-0.54463977,0.75923914,0.6875304999999999,-0.8468933,-0.48736572,0.22415273,-0.09495930400000001,0.23144585,0.43884277,-0.94888306,-0.8640747,0.51558053,0.020411894,0.6158525300000001,0.8831787,-0.8412780999999999,-0.76239014,0.071444854,-0.08355421,0.5049139,0.70977783,-0.48269653,-1.3044128,0.24468283000000002,-0.4389711,1.0427542,0.7652893,-1.0007935,-1.1541748,0.18094169000000002,0.10854154,0.87761086,0.60964966,-0.7307739,-1.0256653,0.34248322000000003,-0.12379774,0.73089623,0.5479431,-0.69989014,-0.91799927,0.41445267,-0.09712749,0.60038936,0.68640137,-0.778656,-1.0134583,0.27617157000000003,-0.017063878,0.6943855999999999,0.5574951,-0.76608276,-1.0959778,0.40815574,-0.020895526,0.7757765999999999,0.5574951,-0.76608276,-1.0959778,0.40815574,-0.020895526,0.7757765999999999,0.6482544,-0.7144165,-0.9895019500000001,0.29952872,-0.044312097,0.6515337,检查1#变、2变、开闭所有进线、出线地刀在拉开位置。
0.44284058,-0.45947266000000003,-1.0712891,0.57308346,-0.028825056,0.69795465,0.6643066400000001,-0.9621276999999999,-1.0839844,0.3104579,0.41321257,0.7034304,0.6844177,-0.8677673300000001,-1.1056519,0.2884556,0.31865674,0.72416776,0.7385864,-0.37225342,-0.71850586,0.18317102,-0.21988429999999998,0.3256021,0.7385864,-0.37225342,-0.71850586,0.18317102,-0.21988429999999998,0.3256021,0.07803345,-0.89263916,-1.2705383000000001,0.78308475,0.0851397,0.9404657999999999,0.13250732,-0.6197509999999999,-1.4754333,0.7390085,-0.21872735000000001,1.1584818000000001,0.69906616,-0.4090271,-1.0146484,0.20885099999999998,-0.54463977,0.75923914,0.6875304999999999,-0.8468933,-0.48736572,0.22415273,-0.09495930400000001,0.23144585,0.43884277,-0.94888306,-0.8640747,0.51558053,0.020411894,0.6158525300000001,0.8831787,-0.8412780999999999,-0.76239014,0.071444854,-0.08355421,0.5049139,0.70977783,-0.48269653,-1.3044128,0.24468283000000002,-0.4389711,1.0427542,0.7652893,-1.0007935,-1.1541748,0.18094169000000002,0.10854154,0.87761086,0.60964966,-0.7307739,-1.0256653,0.34248322000000003,-0.12379774,0.73089623,0.5479431,-0.69989014,-0.91799927,0.41445267,-0.09712749,0.60038936,0.68640137,-0.778656,-1.0134583,0.27617157000000003,-0.017063878,0.6943855999999999,0.5574951,-0.76608276,-1.0959778,0.40815574,-0.020895526,0.7757765999999999,0.5574951,-0.76608276,-1.0959778,0.40815574,-0.020895526,0.7757765999999999,0.6482544,-0.7144165,-0.9895019500000001,0.29952872,-0.044312097,0.6515337,0.6482544,-0.7144165,-0.9895019500000001,0.29952872,-0.044312097,0.6515337,检查1#变、2变、开闭所有进线、出线地刀在拉开位置。
0.6643066400000001,-0.9621276999999999,-1.0839844,0.3104579,0.41321257,0.7034304,0.6844177,-0.8677673300000001,-1.1056519,0.2884556,0.31865674,0.72416776,0.7385864,-0.37225342,-0.71850586,0.18317102,-0.21988429999999998,0.3256021,0.7385864,-0.37225342,-0.71850586,0.18317102,-0.21988429999999998,0.3256021,0.07803345,-0.89263916,-1.2705383000000001,0.78308475,0.0851397,0.9404657999999999,0.13250732,-0.6197509999999999,-1.4754333,0.7390085,-0.21872735000000001,1.1584818000000001,0.69906616,-0.4090271,-1.0146484,0.20885099999999998,-0.54463977,0.75923914,0.6875304999999999,-0.8468933,-0.48736572,0.22415273,-0.09495930400000001,0.23144585,0.43884277,-0.94888306,-0.8640747,0.51558053,0.020411894,0.6158525300000001,0.8831787,-0.8412780999999999,-0.76239014,0.071444854,-0.08355421,0.5049139,0.70977783,-0.48269653,-1.3044128,0.24468283000000002,-0.4389711,1.0427542,0.7652893,-1.0007935,-1.1541748,0.18094169000000002,0.10854154,0.87761086,0.60964966,-0.7307739,-1.0256653,0.34248322000000003,-0.12379774,0.73089623,0.5479431,-0.69989014,-0.91799927,0.41445267,-0.09712749,0.60038936,0.68640137,-0.778656,-1.0134583,0.27617157000000003,-0.017063878,0.6943855999999999,0.5574951,-0.76608276,-1.0959778,0.40815574,-0.020895526,0.7757765999999999,0.5574951,-0.76608276,-1.0959778,0.40815574,-0.020895526,0.7757765999999999,0.6482544,-0.7144165,-0.9895019500000001,0.29952872,-0.044312097,0.6515337,0.6482544,-0.7144165,-0.9895019500000001,0.29952872,-0.044312097,0.6515337,0.47451782000000003,-0.805603,-1.257782,0.41647154000000003,0.1973018,0.86775327,检查1#变、2变、开闭所有进线、出线地刀在拉开位置。
0.6844177,-0.8677673300000001,-1.1056519,0.2884556,0.31865674,0.72416776,0.7385864,-0.37225342,-0.71850586,0.18317102,-0.21988429999999998,0.3256021,0.7385864,-0.37225342,-0.71850586,0.18317102,-0.21988429999999998,0.3256021,0.07803345,-0.89263916,-1.2705383000000001,0.78308475,0.0851397,0.9404657999999999,0.13250732,-0.6197509999999999,-1.4754333,0.7390085,-0.21872735000000001,1.1584818000000001,0.69906616,-0.4090271,-1.0146484,0.20885099999999998,-0.54463977,0.75923914,0.6875304999999999,-0.8468933,-0.48736572,0.22415273,-0.09495930400000001,0.23144585,0.43884277,-0.94888306,-0.8640747,0.51558053,0.020411894,0.6158525300000001,0.8831787,-0.8412780999999999,-0.76239014,0.071444854,-0.08355421,0.5049139,0.70977783,-0.48269653,-1.3044128,0.24468283000000002,-0.4389711,1.0427542,0.7652893,-1.0007935,-1.1541748,0.18094169000000002,0.10854154,0.87761086,0.60964966,-0.7307739,-1.0256653,0.34248322000000003,-0.12379774,0.73089623,0.5479431,-0.69989014,-0.91799927,0.41445267,-0.09712749,0.60038936,0.68640137,-0.778656,-1.0134583,0.27617157000000003,-0.017063878,0.6943855999999999,0.5574951,-0.76608276,-1.0959778,0.40815574,-0.020895526,0.7757765999999999,0.5574951,-0.76608276,-1.0959778,0.40815574,-0.020895526,0.7757765999999999,0.6482544,-0.7144165,-0.9895019500000001,0.29952872,-0.044312097,0.6515337,0.6482544,-0.7144165,-0.9895019500000001,0.29952872,-0.044312097,0.6515337,0.47451782000000003,-0.805603,-1.257782,0.41647154000000003,0.1973018,0.86775327,-0.020568848,-0.75424194,-1.3133545,0.8347283999999999,0.30136013,0.8993443,检查1#变、2变、开闭所有进线、出线地刀在拉开位置。
0.7385864,-0.37225342,-0.71850586,0.18317102,-0.21988429999999998,0.3256021,0.7385864,-0.37225342,-0.71850586,0.18317102,-0.21988429999999998,0.3256021,0.07803345,-0.89263916,-1.2705383000000001,0.78308475,0.0851397,0.9404657999999999,0.13250732,-0.6197509999999999,-1.4754333,0.7390085,-0.21872735000000001,1.1584818000000001,0.69906616,-0.4090271,-1.0146484,0.20885099999999998,-0.54463977,0.75923914,0.6875304999999999,-0.8468933,-0.48736572,0.22415273,-0.09495930400000001,0.23144585,0.43884277,-0.94888306,-0.8640747,0.51558053,0.020411894,0.6158525300000001,0.8831787,-0.8412780999999999,-0.76239014,0.071444854,-0.08355421,0.5049139,0.70977783,-0.48269653,-1.3044128,0.24468283000000002,-0.4389711,1.0427542,0.7652893,-1.0007935,-1.1541748,0.18094169000000002,0.10854154,0.87761086,0.60964966,-0.7307739,-1.0256653,0.34248322000000003,-0.12379774,0.73089623,0.5479431,-0.69989014,-0.91799927,0.41445267,-0.09712749,0.60038936,0.68640137,-0.778656,-1.0134583,0.27617157000000003,-0.017063878,0.6943855999999999,0.5574951,-0.76608276,-1.0959778,0.40815574,-0.020895526,0.7757765999999999,0.5574951,-0.76608276,-1.0959778,0.40815574,-0.020895526,0.7757765999999999,0.6482544,-0.7144165,-0.9895019500000001,0.29952872,-0.044312097,0.6515337,0.6482544,-0.7144165,-0.9895019500000001,0.29952872,-0.044312097,0.6515337,0.47451782000000003,-0.805603,-1.257782,0.41647154000000003,0.1973018,0.86775327,-0.020568848,-0.75424194,-1.3133545,0.8347283999999999,0.30136013,0.8993443,-0.23693848,-0.44540405,-1.2451477,1.0092332,0.17469001,0.8401597,检查1#变、2变、开闭所有进线、出线地刀在拉开位置。
0.7385864,-0.37225342,-0.71850586,0.18317102,-0.21988429999999998,0.3256021,0.07803345,-0.89263916,-1.2705383000000001,0.78308475,0.0851397,0.9404657999999999,0.13250732,-0.6197509999999999,-1.4754333,0.7390085,-0.21872735000000001,1.1584818000000001,0.69906616,-0.4090271,-1.0146484,0.20885099999999998,-0.54463977,0.75923914,0.6875304999999999,-0.8468933,-0.48736572,0.22415273,-0.09495930400000001,0.23144585,0.43884277,-0.94888306,-0.8640747,0.51558053,0.020411894,0.6158525300000001,0.8831787,-0.8412780999999999,-0.76239014,0.071444854,-0.08355421,0.5049139,0.70977783,-0.48269653,-1.3044128,0.24468283000000002,-0.4389711,1.0427542,0.7652893,-1.0007935,-1.1541748,0.18094169000000002,0.10854154,0.87761086,0.60964966,-0.7307739,-1.0256653,0.34248322000000003,-0.12379774,0.73089623,0.5479431,-0.69989014,-0.91799927,0.41445267,-0.09712749,0.60038936,0.68640137,-0.778656,-1.0134583,0.27617157000000003,-0.017063878,0.6943855999999999,0.5574951,-0.76608276,-1.0959778,0.40815574,-0.020895526,0.7757765999999999,0.5574951,-0.76608276,-1.0959778,0.40815574,-0.020895526,0.7757765999999999,0.6482544,-0.7144165,-0.9895019500000001,0.29952872,-0.044312097,0.6515337,0.6482544,-0.7144165,-0.9895019500000001,0.29952872,-0.044312097,0.6515337,0.47451782000000003,-0.805603,-1.257782,0.41647154000000003,0.1973018,0.86775327,-0.020568848,-0.75424194,-1.3133545,0.8347283999999999,0.30136013,0.8993443,-0.23693848,-0.44540405,-1.2451477,1.0092332,0.17469001,0.8401597,-0.24005127,-0.40750122,-1.3069153,1.0084914,0.18072608,0.9102142999999999,检查1#变、2变、开闭所有进线、出线地刀在拉开位置。
0.07803345,-0.89263916,-1.2705383000000001,0.78308475,0.0851397,0.9404657999999999,0.13250732,-0.6197509999999999,-1.4754333,0.7390085,-0.21872735000000001,1.1584818000000001,0.69906616,-0.4090271,-1.0146484,0.20885099999999998,-0.54463977,0.75923914,0.6875304999999999,-0.8468933,-0.48736572,0.22415273,-0.09495930400000001,0.23144585,0.43884277,-0.94888306,-0.8640747,0.51558053,0.020411894,0.6158525300000001,0.8831787,-0.8412780999999999,-0.76239014,0.071444854,-0.08355421,0.5049139,0.70977783,-0.48269653,-1.3044128,0.24468283000000002,-0.4389711,1.0427542,0.7652893,-1.0007935,-1.1541748,0.18094169000000002,0.10854154,0.87761086,0.60964966,-0.7307739,-1.0256653,0.34248322000000003,-0.12379774,0.73089623,0.5479431,-0.69989014,-0.91799927,0.41445267,-0.09712749,0.60038936,0.68640137,-0.778656,-1.0134583,0.27617157000000003,-0.017063878,0.6943855999999999,0.5574951,-0.76608276,-1.0959778,0.40815574,-0.020895526,0.7757765999999999,0.5574951,-0.76608276,-1.0959778,0.40815574,-0.020895526,0.7757765999999999,0.6482544,-0.7144165,-0.9895019500000001,0.29952872,-0.044312097,0.6515337,0.6482544,-0.7144165,-0.9895019500000001,0.29952872,-0.044312097,0.6515337,0.47451782000000003,-0.805603,-1.257782,0.41647154000000003,0.1973018,0.86775327,-0.020568848,-0.75424194,-1.3133545,0.8347283999999999,0.30136013,0.8993443,-0.23693848,-0.44540405,-1.2451477,1.0092332,0.17469001,0.8401597,-0.24005127,-0.40750122,-1.3069153,1.0084914,0.18072608,0.9102142999999999,-0.28228759999999997,-0.25024414,-0.9283446999999999,1.0668839,0.08834034,0.54468304,检查1#变、2变、开闭所有进线、出线地刀在拉开位置。
0.13250732,-0.6197509999999999,-1.4754333,0.7390085,-0.21872735000000001,1.1584818000000001,0.69906616,-0.4090271,-1.0146484,0.20885099999999998,-0.54463977,0.75923914,0.6875304999999999,-0.8468933,-0.48736572,0.22415273,-0.09495930400000001,0.23144585,0.43884277,-0.94888306,-0.8640747,0.51558053,0.020411894,0.6158525300000001,0.8831787,-0.8412780999999999,-0.76239014,0.071444854,-0.08355421,0.5049139,0.70977783,-0.48269653,-1.3044128,0.24468283000000002,-0.4389711,1.0427542,0.7652893,-1.0007935,-1.1541748,0.18094169000000002,0.10854154,0.87761086,0.60964966,-0.7307739,-1.0256653,0.34248322000000003,-0.12379774,0.73089623,0.5479431,-0.69989014,-0.91799927,0.41445267,-0.09712749,0.60038936,0.68640137,-0.778656,-1.0134583,0.27617157000000003,-0.017063878,0.6943855999999999,0.5574951,-0.76608276,-1.0959778,0.40815574,-0.020895526,0.7757765999999999,0.5574951,-0.76608276,-1.0959778,0.40815574,-0.020895526,0.7757765999999999,0.6482544,-0.7144165,-0.9895019500000001,0.29952872,-0.044312097,0.6515337,0.6482544,-0.7144165,-0.9895019500000001,0.29952872,-0.044312097,0.6515337,0.47451782000000003,-0.805603,-1.257782,0.41647154000000003,0.1973018,0.86775327,-0.020568848,-0.75424194,-1.3133545,0.8347283999999999,0.30136013,0.8993443,-0.23693848,-0.44540405,-1.2451477,1.0092332,0.17469001,0.8401597,-0.24005127,-0.40750122,-1.3069153,1.0084914,0.18072608,0.9102142999999999,-0.28228759999999997,-0.25024414,-0.9283446999999999,1.0668839,0.08834034,0.54468304,0.109954834,-0.20895386,-0.699646,0.79947776,0.07175594,0.33657968,检查1#变、2变、开闭所有进线、出线地刀在拉开位置。
0.69906616,-0.4090271,-1.0146484,0.20885099999999998,-0.54463977,0.75923914,0.6875304999999999,-0.8468933,-0.48736572,0.22415273,-0.09495930400000001,0.23144585,0.43884277,-0.94888306,-0.8640747,0.51558053,0.020411894,0.6158525300000001,0.8831787,-0.8412780999999999,-0.76239014,0.071444854,-0.08355421,0.5049139,0.70977783,-0.48269653,-1.3044128,0.24468283000000002,-0.4389711,1.0427542,0.7652893,-1.0007935,-1.1541748,0.18094169000000002,0.10854154,0.87761086,0.60964966,-0.7307739,-1.0256653,0.34248322000000003,-0.12379774,0.73089623,0.5479431,-0.69989014,-0.91799927,0.41445267,-0.09712749,0.60038936,0.68640137,-0.778656,-1.0134583,0.27617157000000003,-0.017063878,0.6943855999999999,0.5574951,-0.76608276,-1.0959778,0.40815574,-0.020895526,0.7757765999999999,0.5574951,-0.76608276,-1.0959778,0.40815574,-0.020895526,0.7757765999999999,0.6482544,-0.7144165,-0.9895019500000001,0.29952872,-0.044312097,0.6515337,0.6482544,-0.7144165,-0.9895019500000001,0.29952872,-0.044312097,0.6515337,0.47451782000000003,-0.805603,-1.257782,0.41647154000000003,0.1973018,0.86775327,-0.020568848,-0.75424194,-1.3133545,0.8347283999999999,0.30136013,0.8993443,-0.23693848,-0.44540405,-1.2451477,1.0092332,0.17469001,0.8401597,-0.24005127,-0.40750122,-1.3069153,1.0084914,0.18072608,0.9102142999999999,-0.28228759999999997,-0.25024414,-0.9283446999999999,1.0668839,0.08834034,0.54468304,0.109954834,-0.20895386,-0.699646,0.79947776,0.07175594,0.33657968,0.34921265,0.03503418,-0.44692993000000003,0.6774821999999999,-0.15101632,0.12067515000000001,检查1#变、2变、开闭所有进线、出线地刀在拉开位置。
0.6875304999999999,-0.8468933,-0.48736572,0.22415273,-0.09495930400000001,0.23144585,0.43884277,-0.94888306,-0.8640747,0.51558053,0.020411894,0.6158525300000001,0.8831787,-0.8412780999999999,-0.76239014,0.071444854,-0.08355421,0.5049139,0.70977783,-0.48269653,-1.3044128,0.24468283000000002,-0.4389711,1.0427542,0.7652893,-1.0007935,-1.1541748,0.18094169000000002,0.10854154,0.87761086,0.60964966,-0.7307739,-1.0256653,0.34248322000000003,-0.12379774,0.73089623,0.5479431,-0.69989014,-0.91799927,0.41445267,-0.09712749,0.60038936,0.68640137,-0.778656,-1.0134583,0.27617157000000003,-0.017063878,0.6943855999999999,0.5574951,-0.76608276,-1.0959778,0.40815574,-0.020895526,0.7757765999999999,0.5574951,-0.76608276,-1.0959778,0.40815574,-0.020895526,0.7757765999999999,0.6482544,-0.7144165,-0.9895019500000001,0.29952872,-0.044312097,0.6515337,0.6482544,-0.7144165,-0.9895019500000001,0.29952872,-0.044312097,0.6515337,0.47451782000000003,-0.805603,-1.257782,0.41647154000000003,0.1973018,0.86775327,-0.020568848,-0.75424194,-1.3133545,0.8347283999999999,0.30136013,0.8993443,-0.23693848,-0.44540405,-1.2451477,1.0092332,0.17469001,0.8401597,-0.24005127,-0.40750122,-1.3069153,1.0084914,0.18072608,0.9102142999999999,-0.28228759999999997,-0.25024414,-0.9283446999999999,1.0668839,0.08834034,0.54468304,0.109954834,-0.20895386,-0.699646,0.79947776,0.07175594,0.33657968,0.34921265,0.03503418,-0.44692993000000003,0.6774821999999999,-0.15101632,0.12067515000000001,0.6743163999999999,-0.09249878,-0.40594482,0.59117514,0.011289448,0.22108671,检查1#变、2变、开闭所有进线、出线地刀在拉开位置。
0.43884277,-0.94888306,-0.8640747,0.51558053,0.020411894,0.6158525300000001,0.8831787,-0.8412780999999999,-0.76239014,0.071444854,-0.08355421,0.5049139,0.70977783,-0.48269653,-1.3044128,0.24468283000000002,-0.4389711,1.0427542,0.7652893,-1.0007935,-1.1541748,0.18094169000000002,0.10854154,0.87761086,0.60964966,-0.7307739,-1.0256653,0.34248322000000003,-0.12379774,0.73089623,0.5479431,-0.69989014,-0.91799927,0.41445267,-0.09712749,0.60038936,0.68640137,-0.778656,-1.0134583,0.27617157000000003,-0.017063878,0.6943855999999999,0.5574951,-0.76608276,-1.0959778,0.40815574,-0.020895526,0.7757765999999999,0.5574951,-0.76608276,-1.0959778,0.40815574,-0.020895526,0.7757765999999999,0.6482544,-0.7144165,-0.9895019500000001,0.29952872,-0.044312097,0.6515337,0.6482544,-0.7144165,-0.9895019500000001,0.29952872,-0.044312097,0.6515337,0.47451782000000003,-0.805603,-1.257782,0.41647154000000003,0.1973018,0.86775327,-0.020568848,-0.75424194,-1.3133545,0.8347283999999999,0.30136013,0.8993443,-0.23693848,-0.44540405,-1.2451477,1.0092332,0.17469001,0.8401597,-0.24005127,-0.40750122,-1.3069153,1.0084914,0.18072608,0.9102142999999999,-0.28228759999999997,-0.25024414,-0.9283446999999999,1.0668839,0.08834034,0.54468304,0.109954834,-0.20895386,-0.699646,0.79947776,0.07175594,0.33657968,0.34921265,0.03503418,-0.44692993000000003,0.6774821999999999,-0.15101632,0.12067515000000001,0.6743163999999999,-0.09249878,-0.40594482,0.59117514,0.011289448,0.22108671,0.71762085,-0.10827637,-0.37295532000000003,0.5723296,0.028259099000000003,0.20727801,检查1#变、2变、开闭所有进线、出线地刀在拉开位置。
0.8831787,-0.8412780999999999,-0.76239014,0.071444854,-0.08355421,0.5049139,0.70977783,-0.48269653,-1.3044128,0.24468283000000002,-0.4389711,1.0427542,0.7652893,-1.0007935,-1.1541748,0.18094169000000002,0.10854154,0.87761086,0.60964966,-0.7307739,-1.0256653,0.34248322000000003,-0.12379774,0.73089623,0.5479431,-0.69989014,-0.91799927,0.41445267,-0.09712749,0.60038936,0.68640137,-0.778656,-1.0134583,0.27617157000000003,-0.017063878,0.6943855999999999,0.5574951,-0.76608276,-1.0959778,0.40815574,-0.020895526,0.7757765999999999,0.5574951,-0.76608276,-1.0959778,0.40815574,-0.020895526,0.7757765999999999,0.6482544,-0.7144165,-0.9895019500000001,0.29952872,-0.044312097,0.6515337,0.6482544,-0.7144165,-0.9895019500000001,0.29952872,-0.044312097,0.6515337,0.47451782000000003,-0.805603,-1.257782,0.41647154000000003,0.1973018,0.86775327,-0.020568848,-0.75424194,-1.3133545,0.8347283999999999,0.30136013,0.8993443,-0.23693848,-0.44540405,-1.2451477,1.0092332,0.17469001,0.8401597,-0.24005127,-0.40750122,-1.3069153,1.0084914,0.18072608,0.9102142999999999,-0.28228759999999997,-0.25024414,-0.9283446999999999,1.0668839,0.08834034,0.54468304,0.109954834,-0.20895386,-0.699646,0.79947776,0.07175594,0.33657968,0.34921265,0.03503418,-0.44692993000000003,0.6774821999999999,-0.15101632,0.12067515000000001,0.6743163999999999,-0.09249878,-0.40594482,0.59117514,0.011289448,0.22108671,0.71762085,-0.10827637,-0.37295532000000003,0.5723296,0.028259099000000003,0.20727801,0.89450073,0.053100586000000005,-0.1867981,0.45546309999999995,-0.07349355,0.10485071,检查1#变、2变、开闭所有进线、出线地刀在拉开位置。
0.70977783,-0.48269653,-1.3044128,0.24468283000000002,-0.4389711,1.0427542,0.7652893,-1.0007935,-1.1541748,0.18094169000000002,0.10854154,0.87761086,0.60964966,-0.7307739,-1.0256653,0.34248322000000003,-0.12379774,0.73089623,0.5479431,-0.69989014,-0.91799927,0.41445267,-0.09712749,0.60038936,0.68640137,-0.778656,-1.0134583,0.27617157000000003,-0.017063878,0.6943855999999999,0.5574951,-0.76608276,-1.0959778,0.40815574,-0.020895526,0.7757765999999999,0.5574951,-0.76608276,-1.0959778,0.40815574,-0.020895526,0.7757765999999999,0.6482544,-0.7144165,-0.9895019500000001,0.29952872,-0.044312097,0.6515337,0.6482544,-0.7144165,-0.9895019500000001,0.29952872,-0.044312097,0.6515337,0.47451782000000003,-0.805603,-1.257782,0.41647154000000003,0.1973018,0.86775327,-0.020568848,-0.75424194,-1.3133545,0.8347283999999999,0.30136013,0.8993443,-0.23693848,-0.44540405,-1.2451477,1.0092332,0.17469001,0.8401597,-0.24005127,-0.40750122,-1.3069153,1.0084914,0.18072608,0.9102142999999999,-0.28228759999999997,-0.25024414,-0.9283446999999999,1.0668839,0.08834034,0.54468304,0.109954834,-0.20895386,-0.699646,0.79947776,0.07175594,0.33657968,0.34921265,0.03503418,-0.44692993000000003,0.6774821999999999,-0.15101632,0.12067515000000001,0.6743163999999999,-0.09249878,-0.40594482,0.59117514,0.011289448,0.22108671,0.71762085,-0.10827637,-0.37295532000000003,0.5723296,0.028259099000000003,0.20727801,0.89450073,0.053100586000000005,-0.1867981,0.45546309999999995,-0.07349355,0.10485071,0.8911743,0.044006348,-0.21829224,0.44931489999999996,-0.055931613000000005,0.13290739000000001,检查1#变、2变、开闭所有进线、出线地刀在拉开位置。
0.7652893,-1.0007935,-1.1541748,0.18094169000000002,0.10854154,0.87761086,0.60964966,-0.7307739,-1.0256653,0.34248322000000003,-0.12379774,0.73089623,0.5479431,-0.69989014,-0.91799927,0.41445267,-0.09712749,0.60038936,0.68640137,-0.778656,-1.0134583,0.27617157000000003,-0.017063878,0.6943855999999999,0.5574951,-0.76608276,-1.0959778,0.40815574,-0.020895526,0.7757765999999999,0.5574951,-0.76608276,-1.0959778,0.40815574,-0.020895526,0.7757765999999999,0.6482544,-0.7144165,-0.9895019500000001,0.29952872,-0.044312097,0.6515337,0.6482544,-0.7144165,-0.9895019500000001,0.29952872,-0.044312097,0.6515337,0.47451782000000003,-0.805603,-1.257782,0.41647154000000003,0.1973018,0.86775327,-0.020568848,-0.75424194,-1.3133545,0.8347283999999999,0.30136013,0.8993443,-0.23693848,-0.44540405,-1.2451477,1.0092332,0.17469001,0.8401597,-0.24005127,-0.40750122,-1.3069153,1.0084914,0.18072608,0.9102142999999999,-0.28228759999999997,-0.25024414,-0.9283446999999999,1.0668839,0.08834034,0.54468304,0.109954834,-0.20895386,-0.699646,0.79947776,0.07175594,0.33657968,0.34921265,0.03503418,-0.44692993000000003,0.6774821999999999,-0.15101632,0.12067515000000001,0.6743163999999999,-0.09249878,-0.40594482,0.59117514,0.011289448,0.22108671,0.71762085,-0.10827637,-0.37295532000000003,0.5723296,0.028259099000000003,0.20727801,0.89450073,0.053100586000000005,-0.1867981,0.45546309999999995,-0.07349355,0.10485071,0.8911743,0.044006348,-0.21829224,0.44931489999999996,-0.055931613000000005,0.13290739000000001,0.7008667,-0.048675537000000005,-0.34527588,0.47595704,0.08681579,0.16187441,检查1#变、2变、开闭所有进线、出线地刀在拉开位置。
0.60964966,-0.7307739,-1.0256653,0.34248322000000003,-0.12379774,0.73089623,0.5479431,-0.69989014,-0.91799927,0.41445267,-0.09712749,0.60038936,0.68640137,-0.778656,-1.0134583,0.27617157000000003,-0.017063878,0.6943855999999999,0.5574951,-0.76608276,-1.0959778,0.40815574,-0.020895526,0.7757765999999999,0.5574951,-0.76608276,-1.0959778,0.40815574,-0.020895526,0.7757765999999999,0.6482544,-0.7144165,-0.9895019500000001,0.29952872,-0.044312097,0.6515337,0.6482544,-0.7144165,-0.9895019500000001,0.29952872,-0.044312097,0.6515337,0.47451782000000003,-0.805603,-1.257782,0.41647154000000003,0.1973018,0.86775327,-0.020568848,-0.75424194,-1.3133545,0.8347283999999999,0.30136013,0.8993443,-0.23693848,-0.44540405,-1.2451477,1.0092332,0.17469001,0.8401597,-0.24005127,-0.40750122,-1.3069153,1.0084914,0.18072608,0.9102142999999999,-0.28228759999999997,-0.25024414,-0.9283446999999999,1.0668839,0.08834034,0.54468304,0.109954834,-0.20895386,-0.699646,0.79947776,0.07175594,0.33657968,0.34921265,0.03503418,-0.44692993000000003,0.6774821999999999,-0.15101632,0.12067515000000001,0.6743163999999999,-0.09249878,-0.40594482,0.59117514,0.011289448,0.22108671,0.71762085,-0.10827637,-0.37295532000000003,0.5723296,0.028259099000000003,0.20727801,0.89450073,0.053100586000000005,-0.1867981,0.45546309999999995,-0.07349355,0.10485071,0.8911743,0.044006348,-0.21829224,0.44931489999999996,-0.055931613000000005,0.13290739000000001,0.7008667,-0.048675537000000005,-0.34527588,0.47595704,0.08681579,0.16187441,0.70632935,-0.07839966,-0.37402344,0.43423639999999997,0.12097158000000001,0.17191689999999998,检查1#变、2变、开闭所有进线、出线地刀在拉开位置。
0.5479431,-0.69989014,-0.91799927,0.41445267,-0.09712749,0.60038936,0.68640137,-0.778656,-1.0134583,0.27617157000000003,-0.017063878,0.6943855999999999,0.5574951,-0.76608276,-1.0959778,0.40815574,-0.020895526,0.7757765999999999,0.5574951,-0.76608276,-1.0959778,0.40815574,-0.020895526,0.7757765999999999,0.6482544,-0.7144165,-0.9895019500000001,0.29952872,-0.044312097,0.6515337,0.6482544,-0.7144165,-0.9895019500000001,0.29952872,-0.044312097,0.6515337,0.47451782000000003,-0.805603,-1.257782,0.41647154000000003,0.1973018,0.86775327,-0.020568848,-0.75424194,-1.3133545,0.8347283999999999,0.30136013,0.8993443,-0.23693848,-0.44540405,-1.2451477,1.0092332,0.17469001,0.8401597,-0.24005127,-0.40750122,-1.3069153,1.0084914,0.18072608,0.9102142999999999,-0.28228759999999997,-0.25024414,-0.9283446999999999,1.0668839,0.08834034,0.54468304,0.109954834,-0.20895386,-0.699646,0.79947776,0.07175594,0.33657968,0.34921265,0.03503418,-0.44692993000000003,0.6774821999999999,-0.15101632,0.12067515000000001,0.6743163999999999,-0.09249878,-0.40594482,0.59117514,0.011289448,0.22108671,0.71762085,-0.10827637,-0.37295532000000003,0.5723296,0.028259099000000003,0.20727801,0.89450073,0.053100586000000005,-0.1867981,0.45546309999999995,-0.07349355,0.10485071,0.8911743,0.044006348,-0.21829224,0.44931489999999996,-0.055931613000000005,0.13290739000000001,0.7008667,-0.048675537000000005,-0.34527588,0.47595704,0.08681579,0.16187441,0.70632935,-0.07839966,-0.37402344,0.43423639999999997,0.12097158000000001,0.17191689999999998,0.40820313,-0.13034058,-0.5017395,0.46058923,0.159379,0.1940476,检查1#变、2变、开闭所有进线、出线地刀在拉开位置。
0.68640137,-0.778656,-1.0134583,0.27617157000000003,-0.017063878,0.6943855999999999,0.5574951,-0.76608276,-1.0959778,0.40815574,-0.020895526,0.7757765999999999,0.5574951,-0.76608276,-1.0959778,0.40815574,-0.020895526,0.7757765999999999,0.6482544,-0.7144165,-0.9895019500000001,0.29952872,-0.044312097,0.6515337,0.6482544,-0.7144165,-0.9895019500000001,0.29952872,-0.044312097,0.6515337,0.47451782000000003,-0.805603,-1.257782,0.41647154000000003,0.1973018,0.86775327,-0.020568848,-0.75424194,-1.3133545,0.8347283999999999,0.30136013,0.8993443,-0.23693848,-0.44540405,-1.2451477,1.0092332,0.17469001,0.8401597,-0.24005127,-0.40750122,-1.3069153,1.0084914,0.18072608,0.9102142999999999,-0.28228759999999997,-0.25024414,-0.9283446999999999,1.0668839,0.08834034,0.54468304,0.109954834,-0.20895386,-0.699646,0.79947776,0.07175594,0.33657968,0.34921265,0.03503418,-0.44692993000000003,0.6774821999999999,-0.15101632,0.12067515000000001,0.6743163999999999,-0.09249878,-0.40594482,0.59117514,0.011289448,0.22108671,0.71762085,-0.10827637,-0.37295532000000003,0.5723296,0.028259099000000003,0.20727801,0.89450073,0.053100586000000005,-0.1867981,0.45546309999999995,-0.07349355,0.10485071,0.8911743,0.044006348,-0.21829224,0.44931489999999996,-0.055931613000000005,0.13290739000000001,0.7008667,-0.048675537000000005,-0.34527588,0.47595704,0.08681579,0.16187441,0.70632935,-0.07839966,-0.37402344,0.43423639999999997,0.12097158000000001,0.17191689999999998,0.40820313,-0.13034058,-0.5017395,0.46058923,0.159379,0.1940476,0.40820313,-0.13034058,-0.5017395,0.46058923,0.159379,0.1940476,检查1#变、2变、开闭所有进线、出线地刀在拉开位置。
0.5574951,-0.76608276,-1.0959778,0.40815574,-0.020895526,0.7757765999999999,0.5574951,-0.76608276,-1.0959778,0.40815574,-0.020895526,0.7757765999999999,0.6482544,-0.7144165,-0.9895019500000001,0.29952872,-0.044312097,0.6515337,0.6482544,-0.7144165,-0.9895019500000001,0.29952872,-0.044312097,0.6515337,0.47451782000000003,-0.805603,-1.257782,0.41647154000000003,0.1973018,0.86775327,-0.020568848,-0.75424194,-1.3133545,0.8347283999999999,0.30136013,0.8993443,-0.23693848,-0.44540405,-1.2451477,1.0092332,0.17469001,0.8401597,-0.24005127,-0.40750122,-1.3069153,1.0084914,0.18072608,0.9102142999999999,-0.28228759999999997,-0.25024414,-0.9283446999999999,1.0668839,0.08834034,0.54468304,0.109954834,-0.20895386,-0.699646,0.79947776,0.07175594,0.33657968,0.34921265,0.03503418,-0.44692993000000003,0.6774821999999999,-0.15101632,0.12067515000000001,0.6743163999999999,-0.09249878,-0.40594482,0.59117514,0.011289448,0.22108671,0.71762085,-0.10827637,-0.37295532000000003,0.5723296,0.028259099000000003,0.20727801,0.89450073,0.053100586000000005,-0.1867981,0.45546309999999995,-0.07349355,0.10485071,0.8911743,0.044006348,-0.21829224,0.44931489999999996,-0.055931613000000005,0.13290739000000001,0.7008667,-0.048675537000000005,-0.34527588,0.47595704,0.08681579,0.16187441,0.70632935,-0.07839966,-0.37402344,0.43423639999999997,0.12097158000000001,0.17191689999999998,0.40820313,-0.13034058,-0.5017395,0.46058923,0.159379,0.1940476,0.40820313,-0.13034058,-0.5017395,0.46058923,0.159379,0.1940476,0.04348755,-0.26187134,-0.4437256,0.6191242,0.23537049000000002,0.09614229,检查1#变、2变、开闭所有进线、出线地刀在拉开位置。
0.5574951,-0.76608276,-1.0959778,0.40815574,-0.020895526,0.7757765999999999,0.6482544,-0.7144165,-0.9895019500000001,0.29952872,-0.044312097,0.6515337,0.6482544,-0.7144165,-0.9895019500000001,0.29952872,-0.044312097,0.6515337,0.47451782000000003,-0.805603,-1.257782,0.41647154000000003,0.1973018,0.86775327,-0.020568848,-0.75424194,-1.3133545,0.8347283999999999,0.30136013,0.8993443,-0.23693848,-0.44540405,-1.2451477,1.0092332,0.17469001,0.8401597,-0.24005127,-0.40750122,-1.3069153,1.0084914,0.18072608,0.9102142999999999,-0.28228759999999997,-0.25024414,-0.9283446999999999,1.0668839,0.08834034,0.54468304,0.109954834,-0.20895386,-0.699646,0.79947776,0.07175594,0.33657968,0.34921265,0.03503418,-0.44692993000000003,0.6774821999999999,-0.15101632,0.12067515000000001,0.6743163999999999,-0.09249878,-0.40594482,0.59117514,0.011289448,0.22108671,0.71762085,-0.10827637,-0.37295532000000003,0.5723296,0.028259099000000003,0.20727801,0.89450073,0.053100586000000005,-0.1867981,0.45546309999999995,-0.07349355,0.10485071,0.8911743,0.044006348,-0.21829224,0.44931489999999996,-0.055931613000000005,0.13290739000000001,0.7008667,-0.048675537000000005,-0.34527588,0.47595704,0.08681579,0.16187441,0.70632935,-0.07839966,-0.37402344,0.43423639999999997,0.12097158000000001,0.17191689999999998,0.40820313,-0.13034058,-0.5017395,0.46058923,0.159379,0.1940476,0.40820313,-0.13034058,-0.5017395,0.46058923,0.159379,0.1940476,0.04348755,-0.26187134,-0.4437256,0.6191242,0.23537049000000002,0.09614229,-0.06674194,-0.28097534,-0.44491577,0.6760265,0.2389046,0.09569168,检查1#变、2变、开闭所有进线、出线地刀在拉开位置。
0.6482544,-0.7144165,-0.9895019500000001,0.29952872,-0.044312097,0.6515337,0.6482544,-0.7144165,-0.9895019500000001,0.29952872,-0.044312097,0.6515337,0.47451782000000003,-0.805603,-1.257782,0.41647154000000003,0.1973018,0.86775327,-0.020568848,-0.75424194,-1.3133545,0.8347283999999999,0.30136013,0.8993443,-0.23693848,-0.44540405,-1.2451477,1.0092332,0.17469001,0.8401597,-0.24005127,-0.40750122,-1.3069153,1.0084914,0.18072608,0.9102142999999999,-0.28228759999999997,-0.25024414,-0.9283446999999999,1.0668839,0.08834034,0.54468304,0.109954834,-0.20895386,-0.699646,0.79947776,0.07175594,0.33657968,0.34921265,0.03503418,-0.44692993000000003,0.6774821999999999,-0.15101632,0.12067515000000001,0.6743163999999999,-0.09249878,-0.40594482,0.59117514,0.011289448,0.22108671,0.71762085,-0.10827637,-0.37295532000000003,0.5723296,0.028259099000000003,0.20727801,0.89450073,0.053100586000000005,-0.1867981,0.45546309999999995,-0.07349355,0.10485071,0.8911743,0.044006348,-0.21829224,0.44931489999999996,-0.055931613000000005,0.13290739000000001,0.7008667,-0.048675537000000005,-0.34527588,0.47595704,0.08681579,0.16187441,0.70632935,-0.07839966,-0.37402344,0.43423639999999997,0.12097158000000001,0.17191689999999998,0.40820313,-0.13034058,-0.5017395,0.46058923,0.159379,0.1940476,0.40820313,-0.13034058,-0.5017395,0.46058923,0.159379,0.1940476,0.04348755,-0.26187134,-0.4437256,0.6191242,0.23537049000000002,0.09614229,-0.06674194,-0.28097534,-0.44491577,0.6760265,0.2389046,0.09569168,-0.8953247,-0.26864624,-0.35336304,1.2904153,0.16956061,0.03949511,检查1#变、2变、开闭所有进线、出线地刀在拉开位置。
0.6482544,-0.7144165,-0.9895019500000001,0.29952872,-0.044312097,0.6515337,0.47451782000000003,-0.805603,-1.257782,0.41647154000000003,0.1973018,0.86775327,-0.020568848,-0.75424194,-1.3133545,0.8347283999999999,0.30136013,0.8993443,-0.23693848,-0.44540405,-1.2451477,1.0092332,0.17469001,0.8401597,-0.24005127,-0.40750122,-1.3069153,1.0084914,0.18072608,0.9102142999999999,-0.28228759999999997,-0.25024414,-0.9283446999999999,1.0668839,0.08834034,0.54468304,0.109954834,-0.20895386,-0.699646,0.79947776,0.07175594,0.33657968,0.34921265,0.03503418,-0.44692993000000003,0.6774821999999999,-0.15101632,0.12067515000000001,0.6743163999999999,-0.09249878,-0.40594482,0.59117514,0.011289448,0.22108671,0.71762085,-0.10827637,-0.37295532000000003,0.5723296,0.028259099000000003,0.20727801,0.89450073,0.053100586000000005,-0.1867981,0.45546309999999995,-0.07349355,0.10485071,0.8911743,0.044006348,-0.21829224,0.44931489999999996,-0.055931613000000005,0.13290739000000001,0.7008667,-0.048675537000000005,-0.34527588,0.47595704,0.08681579,0.16187441,0.70632935,-0.07839966,-0.37402344,0.43423639999999997,0.12097158000000001,0.17191689999999998,0.40820313,-0.13034058,-0.5017395,0.46058923,0.159379,0.1940476,0.40820313,-0.13034058,-0.5017395,0.46058923,0.159379,0.1940476,0.04348755,-0.26187134,-0.4437256,0.6191242,0.23537049000000002,0.09614229,-0.06674194,-0.28097534,-0.44491577,0.6760265,0.2389046,0.09569168,-0.8953247,-0.26864624,-0.35336304,1.2904153,0.16956061,0.03949511,-1.7608643,0.027282715000000003,-0.24685669000000002,1.9954516999999998,-0.17559993000000002,0.006670236600000001,检查1#变、2变、开闭所有进线、出线地刀在拉开位置。
0.47451782000000003,-0.805603,-1.257782,0.41647154000000003,0.1973018,0.86775327,-0.020568848,-0.75424194,-1.3133545,0.8347283999999999,0.30136013,0.8993443,-0.23693848,-0.44540405,-1.2451477,1.0092332,0.17469001,0.8401597,-0.24005127,-0.40750122,-1.3069153,1.0084914,0.18072608,0.9102142999999999,-0.28228759999999997,-0.25024414,-0.9283446999999999,1.0668839,0.08834034,0.54468304,0.109954834,-0.20895386,-0.699646,0.79947776,0.07175594,0.33657968,0.34921265,0.03503418,-0.44692993000000003,0.6774821999999999,-0.15101632,0.12067515000000001,0.6743163999999999,-0.09249878,-0.40594482,0.59117514,0.011289448,0.22108671,0.71762085,-0.10827637,-0.37295532000000003,0.5723296,0.028259099000000003,0.20727801,0.89450073,0.053100586000000005,-0.1867981,0.45546309999999995,-0.07349355,0.10485071,0.8911743,0.044006348,-0.21829224,0.44931489999999996,-0.055931613000000005,0.13290739000000001,0.7008667,-0.048675537000000005,-0.34527588,0.47595704,0.08681579,0.16187441,0.70632935,-0.07839966,-0.37402344,0.43423639999999997,0.12097158000000001,0.17191689999999998,0.40820313,-0.13034058,-0.5017395,0.46058923,0.159379,0.1940476,0.40820313,-0.13034058,-0.5017395,0.46058923,0.159379,0.1940476,0.04348755,-0.26187134,-0.4437256,0.6191242,0.23537049000000002,0.09614229,-0.06674194,-0.28097534,-0.44491577,0.6760265,0.2389046,0.09569168,-0.8953247,-0.26864624,-0.35336304,1.2904153,0.16956061,0.03949511,-1.7608643,0.027282715000000003,-0.24685669000000002,1.9954516999999998,-0.17559993000000002,0.006670236600000001,-2.0124817,0.44485474,-0.030853271,2.095712,-0.6833117999999999,-0.11380923,检查1#变、2变、开闭所有进线、出线地刀在拉开位置。
-0.020568848,-0.75424194,-1.3133545,0.8347283999999999,0.30136013,0.8993443,-0.23693848,-0.44540405,-1.2451477,1.0092332,0.17469001,0.8401597,-0.24005127,-0.40750122,-1.3069153,1.0084914,0.18072608,0.9102142999999999,-0.28228759999999997,-0.25024414,-0.9283446999999999,1.0668839,0.08834034,0.54468304,0.109954834,-0.20895386,-0.699646,0.79947776,0.07175594,0.33657968,0.34921265,0.03503418,-0.44692993000000003,0.6774821999999999,-0.15101632,0.12067515000000001,0.6743163999999999,-0.09249878,-0.40594482,0.59117514,0.011289448,0.22108671,0.71762085,-0.10827637,-0.37295532000000003,0.5723296,0.028259099000000003,0.20727801,0.89450073,0.053100586000000005,-0.1867981,0.45546309999999995,-0.07349355,0.10485071,0.8911743,0.044006348,-0.21829224,0.44931489999999996,-0.055931613000000005,0.13290739000000001,0.7008667,-0.048675537000000005,-0.34527588,0.47595704,0.08681579,0.16187441,0.70632935,-0.07839966,-0.37402344,0.43423639999999997,0.12097158000000001,0.17191689999999998,0.40820313,-0.13034058,-0.5017395,0.46058923,0.159379,0.1940476,0.40820313,-0.13034058,-0.5017395,0.46058923,0.159379,0.1940476,0.04348755,-0.26187134,-0.4437256,0.6191242,0.23537049000000002,0.09614229,-0.06674194,-0.28097534,-0.44491577,0.6760265,0.2389046,0.09569168,-0.8953247,-0.26864624,-0.35336304,1.2904153,0.16956061,0.03949511,-1.7608643,0.027282715000000003,-0.24685669000000002,1.9954516999999998,-0.17559993000000002,0.006670236600000001,-2.0124817,0.44485474,-0.030853271,2.095712,-0.6833117999999999,-0.11380923,0.08828735,-0.019653320000000002,-0.5809326,-0.09959376,-0.45555556,0.46112838,检查1#变、2变、开闭所有进线、出线地刀在拉开位置。
-0.23693848,-0.44540405,-1.2451477,1.0092332,0.17469001,0.8401597,-0.24005127,-0.40750122,-1.3069153,1.0084914,0.18072608,0.9102142999999999,-0.28228759999999997,-0.25024414,-0.9283446999999999,1.0668839,0.08834034,0.54468304,0.109954834,-0.20895386,-0.699646,0.79947776,0.07175594,0.33657968,0.34921265,0.03503418,-0.44692993000000003,0.6774821999999999,-0.15101632,0.12067515000000001,0.6743163999999999,-0.09249878,-0.40594482,0.59117514,0.011289448,0.22108671,0.71762085,-0.10827637,-0.37295532000000003,0.5723296,0.028259099000000003,0.20727801,0.89450073,0.053100586000000005,-0.1867981,0.45546309999999995,-0.07349355,0.10485071,0.8911743,0.044006348,-0.21829224,0.44931489999999996,-0.055931613000000005,0.13290739000000001,0.7008667,-0.048675537000000005,-0.34527588,0.47595704,0.08681579,0.16187441,0.70632935,-0.07839966,-0.37402344,0.43423639999999997,0.12097158000000001,0.17191689999999998,0.40820313,-0.13034058,-0.5017395,0.46058923,0.159379,0.1940476,0.40820313,-0.13034058,-0.5017395,0.46058923,0.159379,0.1940476,0.04348755,-0.26187134,-0.4437256,0.6191242,0.23537049000000002,0.09614229,-0.06674194,-0.28097534,-0.44491577,0.6760265,0.2389046,0.09569168,-0.8953247,-0.26864624,-0.35336304,1.2904153,0.16956061,0.03949511,-1.7608643,0.027282715000000003,-0.24685669000000002,1.9954516999999998,-0.17559993000000002,0.006670236600000001,-2.0124817,0.44485474,-0.030853271,2.095712,-0.6833117999999999,-0.11380923,0.08828735,-0.019653320000000002,-0.5809326,-0.09959376,-0.45555556,0.46112838,-0.034301758,-0.45043945,-0.4529724,0.020690486,-0.029370997000000003,0.33466586,检查1#变、2变、开闭所有进线、出线地刀在拉开位置。
-0.24005127,-0.40750122,-1.3069153,1.0084914,0.18072608,0.9102142999999999,-0.28228759999999997,-0.25024414,-0.9283446999999999,1.0668839,0.08834034,0.54468304,0.109954834,-0.20895386,-0.699646,0.79947776,0.07175594,0.33657968,0.34921265,0.03503418,-0.44692993000000003,0.6774821999999999,-0.15101632,0.12067515000000001,0.6743163999999999,-0.09249878,-0.40594482,0.59117514,0.011289448,0.22108671,0.71762085,-0.10827637,-0.37295532000000003,0.5723296,0.028259099000000003,0.20727801,0.89450073,0.053100586000000005,-0.1867981,0.45546309999999995,-0.07349355,0.10485071,0.8911743,0.044006348,-0.21829224,0.44931489999999996,-0.055931613000000005,0.13290739000000001,0.7008667,-0.048675537000000005,-0.34527588,0.47595704,0.08681579,0.16187441,0.70632935,-0.07839966,-0.37402344,0.43423639999999997,0.12097158000000001,0.17191689999999998,0.40820313,-0.13034058,-0.5017395,0.46058923,0.159379,0.1940476,0.40820313,-0.13034058,-0.5017395,0.46058923,0.159379,0.1940476,0.04348755,-0.26187134,-0.4437256,0.6191242,0.23537049000000002,0.09614229,-0.06674194,-0.28097534,-0.44491577,0.6760265,0.2389046,0.09569168,-0.8953247,-0.26864624,-0.35336304,1.2904153,0.16956061,0.03949511,-1.7608643,0.027282715000000003,-0.24685669000000002,1.9954516999999998,-0.17559993000000002,0.006670236600000001,-2.0124817,0.44485474,-0.030853271,2.095712,-0.6833117999999999,-0.11380923,0.08828735,-0.019653320000000002,-0.5809326,-0.09959376,-0.45555556,0.46112838,-0.034301758,-0.45043945,-0.4529724,0.020690486,-0.029370997000000003,0.33466586,-0.102508545,-0.2345581,-0.3777771,0.08331017,-0.2438013,0.26903525,检查1#变、2变、开闭所有进线、出线地刀在拉开位置。
-0.28228759999999997,-0.25024414,-0.9283446999999999,1.0668839,0.08834034,0.54468304,0.109954834,-0.20895386,-0.699646,0.79947776,0.07175594,0.33657968,0.34921265,0.03503418,-0.44692993000000003,0.6774821999999999,-0.15101632,0.12067515000000001,0.6743163999999999,-0.09249878,-0.40594482,0.59117514,0.011289448,0.22108671,0.71762085,-0.10827637,-0.37295532000000003,0.5723296,0.028259099000000003,0.20727801,0.89450073,0.053100586000000005,-0.1867981,0.45546309999999995,-0.07349355,0.10485071,0.8911743,0.044006348,-0.21829224,0.44931489999999996,-0.055931613000000005,0.13290739000000001,0.7008667,-0.048675537000000005,-0.34527588,0.47595704,0.08681579,0.16187441,0.70632935,-0.07839966,-0.37402344,0.43423639999999997,0.12097158000000001,0.17191689999999998,0.40820313,-0.13034058,-0.5017395,0.46058923,0.159379,0.1940476,0.40820313,-0.13034058,-0.5017395,0.46058923,0.159379,0.1940476,0.04348755,-0.26187134,-0.4437256,0.6191242,0.23537049000000002,0.09614229,-0.06674194,-0.28097534,-0.44491577,0.6760265,0.2389046,0.09569168,-0.8953247,-0.26864624,-0.35336304,1.2904153,0.16956061,0.03949511,-1.7608643,0.027282715000000003,-0.24685669000000002,1.9954516999999998,-0.17559993000000002,0.006670236600000001,-2.0124817,0.44485474,-0.030853271,2.095712,-0.6833117999999999,-0.11380923,0.08828735,-0.019653320000000002,-0.5809326,-0.09959376,-0.45555556,0.46112838,-0.034301758,-0.45043945,-0.4529724,0.020690486,-0.029370997000000003,0.33466586,-0.102508545,-0.2345581,-0.3777771,0.08331017,-0.2438013,0.26903525,-0.102508545,-0.2345581,-0.3777771,0.08331017,-0.2438013,0.26903525,检查1#变、2变、开闭所有进线、出线地刀在拉开位置。
0.109954834,-0.20895386,-0.699646,0.79947776,0.07175594,0.33657968,0.34921265,0.03503418,-0.44692993000000003,0.6774821999999999,-0.15101632,0.12067515000000001,0.6743163999999999,-0.09249878,-0.40594482,0.59117514,0.011289448,0.22108671,0.71762085,-0.10827637,-0.37295532000000003,0.5723296,0.028259099000000003,0.20727801,0.89450073,0.053100586000000005,-0.1867981,0.45546309999999995,-0.07349355,0.10485071,0.8911743,0.044006348,-0.21829224,0.44931489999999996,-0.055931613000000005,0.13290739000000001,0.7008667,-0.048675537000000005,-0.34527588,0.47595704,0.08681579,0.16187441,0.70632935,-0.07839966,-0.37402344,0.43423639999999997,0.12097158000000001,0.17191689999999998,0.40820313,-0.13034058,-0.5017395,0.46058923,0.159379,0.1940476,0.40820313,-0.13034058,-0.5017395,0.46058923,0.159379,0.1940476,0.04348755,-0.26187134,-0.4437256,0.6191242,0.23537049000000002,0.09614229,-0.06674194,-0.28097534,-0.44491577,0.6760265,0.2389046,0.09569168,-0.8953247,-0.26864624,-0.35336304,1.2904153,0.16956061,0.03949511,-1.7608643,0.027282715000000003,-0.24685669000000002,1.9954516999999998,-0.17559993000000002,0.006670236600000001,-2.0124817,0.44485474,-0.030853271,2.095712,-0.6833117999999999,-0.11380923,0.08828735,-0.019653320000000002,-0.5809326,-0.09959376,-0.45555556,0.46112838,-0.034301758,-0.45043945,-0.4529724,0.020690486,-0.029370997000000003,0.33466586,-0.102508545,-0.2345581,-0.3777771,0.08331017,-0.2438013,0.26903525,-0.102508545,-0.2345581,-0.3777771,0.08331017,-0.2438013,0.26903525,-0.10598755,0.37060547,-0.15164185,-0.00337857,-0.81257826,0.1599775,检查1#变、2变、开闭所有进线、出线地刀在拉开位置。
0.34921265,0.03503418,-0.44692993000000003,0.6774821999999999,-0.15101632,0.12067515000000001,0.6743163999999999,-0.09249878,-0.40594482,0.59117514,0.011289448,0.22108671,0.71762085,-0.10827637,-0.37295532000000003,0.5723296,0.028259099000000003,0.20727801,0.89450073,0.053100586000000005,-0.1867981,0.45546309999999995,-0.07349355,0.10485071,0.8911743,0.044006348,-0.21829224,0.44931489999999996,-0.055931613000000005,0.13290739000000001,0.7008667,-0.048675537000000005,-0.34527588,0.47595704,0.08681579,0.16187441,0.70632935,-0.07839966,-0.37402344,0.43423639999999997,0.12097158000000001,0.17191689999999998,0.40820313,-0.13034058,-0.5017395,0.46058923,0.159379,0.1940476,0.40820313,-0.13034058,-0.5017395,0.46058923,0.159379,0.1940476,0.04348755,-0.26187134,-0.4437256,0.6191242,0.23537049000000002,0.09614229,-0.06674194,-0.28097534,-0.44491577,0.6760265,0.2389046,0.09569168,-0.8953247,-0.26864624,-0.35336304,1.2904153,0.16956061,0.03949511,-1.7608643,0.027282715000000003,-0.24685669000000002,1.9954516999999998,-0.17559993000000002,0.006670236600000001,-2.0124817,0.44485474,-0.030853271,2.095712,-0.6833117999999999,-0.11380923,0.08828735,-0.019653320000000002,-0.5809326,-0.09959376,-0.45555556,0.46112838,-0.034301758,-0.45043945,-0.4529724,0.020690486,-0.029370997000000003,0.33466586,-0.102508545,-0.2345581,-0.3777771,0.08331017,-0.2438013,0.26903525,-0.102508545,-0.2345581,-0.3777771,0.08331017,-0.2438013,0.26903525,-0.10598755,0.37060547,-0.15164185,-0.00337857,-0.81257826,0.1599775,-0.10598755,0.37060547,-0.15164185,-0.00337857,-0.81257826,0.1599775,检查1#变、2变、开闭所有进线、出线地刀在拉开位置。
0.6743163999999999,-0.09249878,-0.40594482,0.59117514,0.011289448,0.22108671,0.71762085,-0.10827637,-0.37295532000000003,0.5723296,0.028259099000000003,0.20727801,0.89450073,0.053100586000000005,-0.1867981,0.45546309999999995,-0.07349355,0.10485071,0.8911743,0.044006348,-0.21829224,0.44931489999999996,-0.055931613000000005,0.13290739000000001,0.7008667,-0.048675537000000005,-0.34527588,0.47595704,0.08681579,0.16187441,0.70632935,-0.07839966,-0.37402344,0.43423639999999997,0.12097158000000001,0.17191689999999998,0.40820313,-0.13034058,-0.5017395,0.46058923,0.159379,0.1940476,0.40820313,-0.13034058,-0.5017395,0.46058923,0.159379,0.1940476,0.04348755,-0.26187134,-0.4437256,0.6191242,0.23537049000000002,0.09614229,-0.06674194,-0.28097534,-0.44491577,0.6760265,0.2389046,0.09569168,-0.8953247,-0.26864624,-0.35336304,1.2904153,0.16956061,0.03949511,-1.7608643,0.027282715000000003,-0.24685669000000002,1.9954516999999998,-0.17559993000000002,0.006670236600000001,-2.0124817,0.44485474,-0.030853271,2.095712,-0.6833117999999999,-0.11380923,0.08828735,-0.019653320000000002,-0.5809326,-0.09959376,-0.45555556,0.46112838,-0.034301758,-0.45043945,-0.4529724,0.020690486,-0.029370997000000003,0.33466586,-0.102508545,-0.2345581,-0.3777771,0.08331017,-0.2438013,0.26903525,-0.102508545,-0.2345581,-0.3777771,0.08331017,-0.2438013,0.26903525,-0.10598755,0.37060547,-0.15164185,-0.00337857,-0.81257826,0.1599775,-0.10598755,0.37060547,-0.15164185,-0.00337857,-0.81257826,0.1599775,-0.055114746000000006,0.14672852,-0.0289917,-0.059038013,-0.64770603,0.046005964,检查1#变、2变、开闭所有进线、出线地刀在拉开位置。
0.71762085,-0.10827637,-0.37295532000000003,0.5723296,0.028259099000000003,0.20727801,0.89450073,0.053100586000000005,-0.1867981,0.45546309999999995,-0.07349355,0.10485071,0.8911743,0.044006348,-0.21829224,0.44931489999999996,-0.055931613000000005,0.13290739000000001,0.7008667,-0.048675537000000005,-0.34527588,0.47595704,0.08681579,0.16187441,0.70632935,-0.07839966,-0.37402344,0.43423639999999997,0.12097158000000001,0.17191689999999998,0.40820313,-0.13034058,-0.5017395,0.46058923,0.159379,0.1940476,0.40820313,-0.13034058,-0.5017395,0.46058923,0.159379,0.1940476,0.04348755,-0.26187134,-0.4437256,0.6191242,0.23537049000000002,0.09614229,-0.06674194,-0.28097534,-0.44491577,0.6760265,0.2389046,0.09569168,-0.8953247,-0.26864624,-0.35336304,1.2904153,0.16956061,0.03949511,-1.7608643,0.027282715000000003,-0.24685669000000002,1.9954516999999998,-0.17559993000000002,0.006670236600000001,-2.0124817,0.44485474,-0.030853271,2.095712,-0.6833117999999999,-0.11380923,0.08828735,-0.019653320000000002,-0.5809326,-0.09959376,-0.45555556,0.46112838,-0.034301758,-0.45043945,-0.4529724,0.020690486,-0.029370997000000003,0.33466586,-0.102508545,-0.2345581,-0.3777771,0.08331017,-0.2438013,0.26903525,-0.102508545,-0.2345581,-0.3777771,0.08331017,-0.2438013,0.26903525,-0.10598755,0.37060547,-0.15164185,-0.00337857,-0.81257826,0.1599775,-0.10598755,0.37060547,-0.15164185,-0.00337857,-0.81257826,0.1599775,-0.055114746000000006,0.14672852,-0.0289917,-0.059038013,-0.64770603,0.046005964,-0.055114746000000006,0.14672852,-0.0289917,-0.059038013,-0.64770603,0.046005964,检查1#变、2变、开闭所有进线、出线地刀在拉开位置。
0.89450073,0.053100586000000005,-0.1867981,0.45546309999999995,-0.07349355,0.10485071,0.8911743,0.044006348,-0.21829224,0.44931489999999996,-0.055931613000000005,0.13290739000000001,0.7008667,-0.048675537000000005,-0.34527588,0.47595704,0.08681579,0.16187441,0.70632935,-0.07839966,-0.37402344,0.43423639999999997,0.12097158000000001,0.17191689999999998,0.40820313,-0.13034058,-0.5017395,0.46058923,0.159379,0.1940476,0.40820313,-0.13034058,-0.5017395,0.46058923,0.159379,0.1940476,0.04348755,-0.26187134,-0.4437256,0.6191242,0.23537049000000002,0.09614229,-0.06674194,-0.28097534,-0.44491577,0.6760265,0.2389046,0.09569168,-0.8953247,-0.26864624,-0.35336304,1.2904153,0.16956061,0.03949511,-1.7608643,0.027282715000000003,-0.24685669000000002,1.9954516999999998,-0.17559993000000002,0.006670236600000001,-2.0124817,0.44485474,-0.030853271,2.095712,-0.6833117999999999,-0.11380923,0.08828735,-0.019653320000000002,-0.5809326,-0.09959376,-0.45555556,0.46112838,-0.034301758,-0.45043945,-0.4529724,0.020690486,-0.029370997000000003,0.33466586,-0.102508545,-0.2345581,-0.3777771,0.08331017,-0.2438013,0.26903525,-0.102508545,-0.2345581,-0.3777771,0.08331017,-0.2438013,0.26903525,-0.10598755,0.37060547,-0.15164185,-0.00337857,-0.81257826,0.1599775,-0.10598755,0.37060547,-0.15164185,-0.00337857,-0.81257826,0.1599775,-0.055114746000000006,0.14672852,-0.0289917,-0.059038013,-0.64770603,0.046005964,-0.055114746000000006,0.14672852,-0.0289917,-0.059038013,-0.64770603,0.046005964,-0.08923339999999999,0.06402588000000001,-0.30041504,-0.00044566393000000003,-0.52171785,0.2772501,检查1#变、2变、开闭所有进线、出线地刀在拉开位置。
0.8911743,0.044006348,-0.21829224,0.44931489999999996,-0.055931613000000005,0.13290739000000001,0.7008667,-0.048675537000000005,-0.34527588,0.47595704,0.08681579,0.16187441,0.70632935,-0.07839966,-0.37402344,0.43423639999999997,0.12097158000000001,0.17191689999999998,0.40820313,-0.13034058,-0.5017395,0.46058923,0.159379,0.1940476,0.40820313,-0.13034058,-0.5017395,0.46058923,0.159379,0.1940476,0.04348755,-0.26187134,-0.4437256,0.6191242,0.23537049000000002,0.09614229,-0.06674194,-0.28097534,-0.44491577,0.6760265,0.2389046,0.09569168,-0.8953247,-0.26864624,-0.35336304,1.2904153,0.16956061,0.03949511,-1.7608643,0.027282715000000003,-0.24685669000000002,1.9954516999999998,-0.17559993000000002,0.006670236600000001,-2.0124817,0.44485474,-0.030853271,2.095712,-0.6833117999999999,-0.11380923,0.08828735,-0.019653320000000002,-0.5809326,-0.09959376,-0.45555556,0.46112838,-0.034301758,-0.45043945,-0.4529724,0.020690486,-0.029370997000000003,0.33466586,-0.102508545,-0.2345581,-0.3777771,0.08331017,-0.2438013,0.26903525,-0.102508545,-0.2345581,-0.3777771,0.08331017,-0.2438013,0.26903525,-0.10598755,0.37060547,-0.15164185,-0.00337857,-0.81257826,0.1599775,-0.10598755,0.37060547,-0.15164185,-0.00337857,-0.81257826,0.1599775,-0.055114746000000006,0.14672852,-0.0289917,-0.059038013,-0.64770603,0.046005964,-0.055114746000000006,0.14672852,-0.0289917,-0.059038013,-0.64770603,0.046005964,-0.08923339999999999,0.06402588000000001,-0.30041504,-0.00044566393000000003,-0.52171785,0.2772501,-0.1572876,0.039276123,-0.26269529999999996,0.05988948,-0.47430047000000003,0.2504175,检查1#变、2变、开闭所有进线、出线地刀在拉开位置。
0.7008667,-0.048675537000000005,-0.34527588,0.47595704,0.08681579,0.16187441,0.70632935,-0.07839966,-0.37402344,0.43423639999999997,0.12097158000000001,0.17191689999999998,0.40820313,-0.13034058,-0.5017395,0.46058923,0.159379,0.1940476,0.40820313,-0.13034058,-0.5017395,0.46058923,0.159379,0.1940476,0.04348755,-0.26187134,-0.4437256,0.6191242,0.23537049000000002,0.09614229,-0.06674194,-0.28097534,-0.44491577,0.6760265,0.2389046,0.09569168,-0.8953247,-0.26864624,-0.35336304,1.2904153,0.16956061,0.03949511,-1.7608643,0.027282715000000003,-0.24685669000000002,1.9954516999999998,-0.17559993000000002,0.006670236600000001,-2.0124817,0.44485474,-0.030853271,2.095712,-0.6833117999999999,-0.11380923,0.08828735,-0.019653320000000002,-0.5809326,-0.09959376,-0.45555556,0.46112838,-0.034301758,-0.45043945,-0.4529724,0.020690486,-0.029370997000000003,0.33466586,-0.102508545,-0.2345581,-0.3777771,0.08331017,-0.2438013,0.26903525,-0.102508545,-0.2345581,-0.3777771,0.08331017,-0.2438013,0.26903525,-0.10598755,0.37060547,-0.15164185,-0.00337857,-0.81257826,0.1599775,-0.10598755,0.37060547,-0.15164185,-0.00337857,-0.81257826,0.1599775,-0.055114746000000006,0.14672852,-0.0289917,-0.059038013,-0.64770603,0.046005964,-0.055114746000000006,0.14672852,-0.0289917,-0.059038013,-0.64770603,0.046005964,-0.08923339999999999,0.06402588000000001,-0.30041504,-0.00044566393000000003,-0.52171785,0.2772501,-0.1572876,0.039276123,-0.26269529999999996,0.05988948,-0.47430047000000003,0.2504175,-0.17642212000000002,0.035125732,-0.23867798,0.07359047,-0.45766464,0.23413911,检查1#变、2变、开闭所有进线、出线地刀在拉开位置。
0.70632935,-0.07839966,-0.37402344,0.43423639999999997,0.12097158000000001,0.17191689999999998,0.40820313,-0.13034058,-0.5017395,0.46058923,0.159379,0.1940476,0.40820313,-0.13034058,-0.5017395,0.46058923,0.159379,0.1940476,0.04348755,-0.26187134,-0.4437256,0.6191242,0.23537049000000002,0.09614229,-0.06674194,-0.28097534,-0.44491577,0.6760265,0.2389046,0.09569168,-0.8953247,-0.26864624,-0.35336304,1.2904153,0.16956061,0.03949511,-1.7608643,0.027282715000000003,-0.24685669000000002,1.9954516999999998,-0.17559993000000002,0.006670236600000001,-2.0124817,0.44485474,-0.030853271,2.095712,-0.6833117999999999,-0.11380923,0.08828735,-0.019653320000000002,-0.5809326,-0.09959376,-0.45555556,0.46112838,-0.034301758,-0.45043945,-0.4529724,0.020690486,-0.029370997000000003,0.33466586,-0.102508545,-0.2345581,-0.3777771,0.08331017,-0.2438013,0.26903525,-0.102508545,-0.2345581,-0.3777771,0.08331017,-0.2438013,0.26903525,-0.10598755,0.37060547,-0.15164185,-0.00337857,-0.81257826,0.1599775,-0.10598755,0.37060547,-0.15164185,-0.00337857,-0.81257826,0.1599775,-0.055114746000000006,0.14672852,-0.0289917,-0.059038013,-0.64770603,0.046005964,-0.055114746000000006,0.14672852,-0.0289917,-0.059038013,-0.64770603,0.046005964,-0.08923339999999999,0.06402588000000001,-0.30041504,-0.00044566393000000003,-0.52171785,0.2772501,-0.1572876,0.039276123,-0.26269529999999996,0.05988948,-0.47430047000000003,0.2504175,-0.17642212000000002,0.035125732,-0.23867798,0.07359047,-0.45766464,0.23413911,-0.31179809999999997,-0.024414063000000003,-0.06961059600000001,0.17326439999999999,-0.29478925,0.12982547,检查1#变、2变、开闭所有进线、出线地刀在拉开位置。
0.40820313,-0.13034058,-0.5017395,0.46058923,0.159379,0.1940476,0.40820313,-0.13034058,-0.5017395,0.46058923,0.159379,0.1940476,0.04348755,-0.26187134,-0.4437256,0.6191242,0.23537049000000002,0.09614229,-0.06674194,-0.28097534,-0.44491577,0.6760265,0.2389046,0.09569168,-0.8953247,-0.26864624,-0.35336304,1.2904153,0.16956061,0.03949511,-1.7608643,0.027282715000000003,-0.24685669000000002,1.9954516999999998,-0.17559993000000002,0.006670236600000001,-2.0124817,0.44485474,-0.030853271,2.095712,-0.6833117999999999,-0.11380923,0.08828735,-0.019653320000000002,-0.5809326,-0.09959376,-0.45555556,0.46112838,-0.034301758,-0.45043945,-0.4529724,0.020690486,-0.029370997000000003,0.33466586,-0.102508545,-0.2345581,-0.3777771,0.08331017,-0.2438013,0.26903525,-0.102508545,-0.2345581,-0.3777771,0.08331017,-0.2438013,0.26903525,-0.10598755,0.37060547,-0.15164185,-0.00337857,-0.81257826,0.1599775,-0.10598755,0.37060547,-0.15164185,-0.00337857,-0.81257826,0.1599775,-0.055114746000000006,0.14672852,-0.0289917,-0.059038013,-0.64770603,0.046005964,-0.055114746000000006,0.14672852,-0.0289917,-0.059038013,-0.64770603,0.046005964,-0.08923339999999999,0.06402588000000001,-0.30041504,-0.00044566393000000003,-0.52171785,0.2772501,-0.1572876,0.039276123,-0.26269529999999996,0.05988948,-0.47430047000000003,0.2504175,-0.17642212000000002,0.035125732,-0.23867798,0.07359047,-0.45766464,0.23413911,-0.31179809999999997,-0.024414063000000003,-0.06961059600000001,0.17326439999999999,-0.29478925,0.12982547,-0.31674194,-0.05316162,-0.042144775,0.17403857,-0.2449843,0.1129719,检查1#变、2变、开闭所有进线、出线地刀在拉开位置。
0.40820313,-0.13034058,-0.5017395,0.46058923,0.159379,0.1940476,0.04348755,-0.26187134,-0.4437256,0.6191242,0.23537049000000002,0.09614229,-0.06674194,-0.28097534,-0.44491577,0.6760265,0.2389046,0.09569168,-0.8953247,-0.26864624,-0.35336304,1.2904153,0.16956061,0.03949511,-1.7608643,0.027282715000000003,-0.24685669000000002,1.9954516999999998,-0.17559993000000002,0.006670236600000001,-2.0124817,0.44485474,-0.030853271,2.095712,-0.6833117999999999,-0.11380923,0.08828735,-0.019653320000000002,-0.5809326,-0.09959376,-0.45555556,0.46112838,-0.034301758,-0.45043945,-0.4529724,0.020690486,-0.029370997000000003,0.33466586,-0.102508545,-0.2345581,-0.3777771,0.08331017,-0.2438013,0.26903525,-0.102508545,-0.2345581,-0.3777771,0.08331017,-0.2438013,0.26903525,-0.10598755,0.37060547,-0.15164185,-0.00337857,-0.81257826,0.1599775,-0.10598755,0.37060547,-0.15164185,-0.00337857,-0.81257826,0.1599775,-0.055114746000000006,0.14672852,-0.0289917,-0.059038013,-0.64770603,0.046005964,-0.055114746000000006,0.14672852,-0.0289917,-0.059038013,-0.64770603,0.046005964,-0.08923339999999999,0.06402588000000001,-0.30041504,-0.00044566393000000003,-0.52171785,0.2772501,-0.1572876,0.039276123,-0.26269529999999996,0.05988948,-0.47430047000000003,0.2504175,-0.17642212000000002,0.035125732,-0.23867798,0.07359047,-0.45766464,0.23413911,-0.31179809999999997,-0.024414063000000003,-0.06961059600000001,0.17326439999999999,-0.29478925,0.12982547,-0.31674194,-0.05316162,-0.042144775,0.17403857,-0.2449843,0.1129719,-0.034088135000000006,-0.26937866,-0.19735718,-0.0667389,0.14426738,0.25517815,检查1#变、2变、开闭所有进线、出线地刀在拉开位置。
0.04348755,-0.26187134,-0.4437256,0.6191242,0.23537049000000002,0.09614229,-0.06674194,-0.28097534,-0.44491577,0.6760265,0.2389046,0.09569168,-0.8953247,-0.26864624,-0.35336304,1.2904153,0.16956061,0.03949511,-1.7608643,0.027282715000000003,-0.24685669000000002,1.9954516999999998,-0.17559993000000002,0.006670236600000001,-2.0124817,0.44485474,-0.030853271,2.095712,-0.6833117999999999,-0.11380923,0.08828735,-0.019653320000000002,-0.5809326,-0.09959376,-0.45555556,0.46112838,-0.034301758,-0.45043945,-0.4529724,0.020690486,-0.029370997000000003,0.33466586,-0.102508545,-0.2345581,-0.3777771,0.08331017,-0.2438013,0.26903525,-0.102508545,-0.2345581,-0.3777771,0.08331017,-0.2438013,0.26903525,-0.10598755,0.37060547,-0.15164185,-0.00337857,-0.81257826,0.1599775,-0.10598755,0.37060547,-0.15164185,-0.00337857,-0.81257826,0.1599775,-0.055114746000000006,0.14672852,-0.0289917,-0.059038013,-0.64770603,0.046005964,-0.055114746000000006,0.14672852,-0.0289917,-0.059038013,-0.64770603,0.046005964,-0.08923339999999999,0.06402588000000001,-0.30041504,-0.00044566393000000003,-0.52171785,0.2772501,-0.1572876,0.039276123,-0.26269529999999996,0.05988948,-0.47430047000000003,0.2504175,-0.17642212000000002,0.035125732,-0.23867798,0.07359047,-0.45766464,0.23413911,-0.31179809999999997,-0.024414063000000003,-0.06961059600000001,0.17326439999999999,-0.29478925,0.12982547,-0.31674194,-0.05316162,-0.042144775,0.17403857,-0.2449843,0.1129719,-0.034088135000000006,-0.26937866,-0.19735718,-0.0667389,0.14426738,0.25517815,-0.010650635,-0.24072266,-0.19415283,-0.08029716,0.13375923,0.24701852,检查1#变、2变、开闭所有进线、出线地刀在拉开位置。
-0.06674194,-0.28097534,-0.44491577,0.6760265,0.2389046,0.09569168,-0.8953247,-0.26864624,-0.35336304,1.2904153,0.16956061,0.03949511,-1.7608643,0.027282715000000003,-0.24685669000000002,1.9954516999999998,-0.17559993000000002,0.006670236600000001,-2.0124817,0.44485474,-0.030853271,2.095712,-0.6833117999999999,-0.11380923,0.08828735,-0.019653320000000002,-0.5809326,-0.09959376,-0.45555556,0.46112838,-0.034301758,-0.45043945,-0.4529724,0.020690486,-0.029370997000000003,0.33466586,-0.102508545,-0.2345581,-0.3777771,0.08331017,-0.2438013,0.26903525,-0.102508545,-0.2345581,-0.3777771,0.08331017,-0.2438013,0.26903525,-0.10598755,0.37060547,-0.15164185,-0.00337857,-0.81257826,0.1599775,-0.10598755,0.37060547,-0.15164185,-0.00337857,-0.81257826,0.1599775,-0.055114746000000006,0.14672852,-0.0289917,-0.059038013,-0.64770603,0.046005964,-0.055114746000000006,0.14672852,-0.0289917,-0.059038013,-0.64770603,0.046005964,-0.08923339999999999,0.06402588000000001,-0.30041504,-0.00044566393000000003,-0.52171785,0.2772501,-0.1572876,0.039276123,-0.26269529999999996,0.05988948,-0.47430047000000003,0.2504175,-0.17642212000000002,0.035125732,-0.23867798,0.07359047,-0.45766464,0.23413911,-0.31179809999999997,-0.024414063000000003,-0.06961059600000001,0.17326439999999999,-0.29478925,0.12982547,-0.31674194,-0.05316162,-0.042144775,0.17403857,-0.2449843,0.1129719,-0.034088135000000006,-0.26937866,-0.19735718,-0.0667389,0.14426738,0.25517815,-0.010650635,-0.24072266,-0.19415283,-0.08029716,0.13375923,0.24701852,-0.106170654,-0.06011963,-0.080963135,0.056769863000000004,0.043581612000000006,0.13728899,检查1#变、2变、开闭所有进线、出线地刀在拉开位置。
-0.8953247,-0.26864624,-0.35336304,1.2904153,0.16956061,0.03949511,-1.7608643,0.027282715000000003,-0.24685669000000002,1.9954516999999998,-0.17559993000000002,0.006670236600000001,-2.0124817,0.44485474,-0.030853271,2.095712,-0.6833117999999999,-0.11380923,0.08828735,-0.019653320000000002,-0.5809326,-0.09959376,-0.45555556,0.46112838,-0.034301758,-0.45043945,-0.4529724,0.020690486,-0.029370997000000003,0.33466586,-0.102508545,-0.2345581,-0.3777771,0.08331017,-0.2438013,0.26903525,-0.102508545,-0.2345581,-0.3777771,0.08331017,-0.2438013,0.26903525,-0.10598755,0.37060547,-0.15164185,-0.00337857,-0.81257826,0.1599775,-0.10598755,0.37060547,-0.15164185,-0.00337857,-0.81257826,0.1599775,-0.055114746000000006,0.14672852,-0.0289917,-0.059038013,-0.64770603,0.046005964,-0.055114746000000006,0.14672852,-0.0289917,-0.059038013,-0.64770603,0.046005964,-0.08923339999999999,0.06402588000000001,-0.30041504,-0.00044566393000000003,-0.52171785,0.2772501,-0.1572876,0.039276123,-0.26269529999999996,0.05988948,-0.47430047000000003,0.2504175,-0.17642212000000002,0.035125732,-0.23867798,0.07359047,-0.45766464,0.23413911,-0.31179809999999997,-0.024414063000000003,-0.06961059600000001,0.17326439999999999,-0.29478925,0.12982547,-0.31674194,-0.05316162,-0.042144775,0.17403857,-0.2449843,0.1129719,-0.034088135000000006,-0.26937866,-0.19735718,-0.0667389,0.14426738,0.25517815,-0.010650635,-0.24072266,-0.19415283,-0.08029716,0.13375923,0.24701852,-0.106170654,-0.06011963,-0.080963135,0.056769863000000004,0.043581612000000006,0.13728899,-0.106170654,-0.06011963,-0.080963135,0.056769863000000004,0.043581612000000006,0.13728899,检查1#变、2变、开闭所有进线、出线地刀在拉开位置。
-1.7608643,0.027282715000000003,-0.24685669000000002,1.9954516999999998,-0.17559993000000002,0.006670236600000001,-2.0124817,0.44485474,-0.030853271,2.095712,-0.6833117999999999,-0.11380923,0.08828735,-0.019653320000000002,-0.5809326,-0.09959376,-0.45555556,0.46112838,-0.034301758,-0.45043945,-0.4529724,0.020690486,-0.029370997000000003,0.33466586,-0.102508545,-0.2345581,-0.3777771,0.08331017,-0.2438013,0.26903525,-0.102508545,-0.2345581,-0.3777771,0.08331017,-0.2438013,0.26903525,-0.10598755,0.37060547,-0.15164185,-0.00337857,-0.81257826,0.1599775,-0.10598755,0.37060547,-0.15164185,-0.00337857,-0.81257826,0.1599775,-0.055114746000000006,0.14672852,-0.0289917,-0.059038013,-0.64770603,0.046005964,-0.055114746000000006,0.14672852,-0.0289917,-0.059038013,-0.64770603,0.046005964,-0.08923339999999999,0.06402588000000001,-0.30041504,-0.00044566393000000003,-0.52171785,0.2772501,-0.1572876,0.039276123,-0.26269529999999996,0.05988948,-0.47430047000000003,0.2504175,-0.17642212000000002,0.035125732,-0.23867798,0.07359047,-0.45766464,0.23413911,-0.31179809999999997,-0.024414063000000003,-0.06961059600000001,0.17326439999999999,-0.29478925,0.12982547,-0.31674194,-0.05316162,-0.042144775,0.17403857,-0.2449843,0.1129719,-0.034088135000000006,-0.26937866,-0.19735718,-0.0667389,0.14426738,0.25517815,-0.010650635,-0.24072266,-0.19415283,-0.08029716,0.13375923,0.24701852,-0.106170654,-0.06011963,-0.080963135,0.056769863000000004,0.043581612000000006,0.13728899,-0.106170654,-0.06011963,-0.080963135,0.056769863000000004,0.043581612000000006,0.13728899,-0.106170654,-0.06011963,-0.080963135,0.056769863000000004,0.043581612000000006,0.13728899,检查1#变、2变、开闭所有进线、出线地刀在拉开位置。
-2.0124817,0.44485474,-0.030853271,2.095712,-0.6833117999999999,-0.11380923,0.08828735,-0.019653320000000002,-0.5809326,-0.09959376,-0.45555556,0.46112838,-0.034301758,-0.45043945,-0.4529724,0.020690486,-0.029370997000000003,0.33466586,-0.102508545,-0.2345581,-0.3777771,0.08331017,-0.2438013,0.26903525,-0.102508545,-0.2345581,-0.3777771,0.08331017,-0.2438013,0.26903525,-0.10598755,0.37060547,-0.15164185,-0.00337857,-0.81257826,0.1599775,-0.10598755,0.37060547,-0.15164185,-0.00337857,-0.81257826,0.1599775,-0.055114746000000006,0.14672852,-0.0289917,-0.059038013,-0.64770603,0.046005964,-0.055114746000000006,0.14672852,-0.0289917,-0.059038013,-0.64770603,0.046005964,-0.08923339999999999,0.06402588000000001,-0.30041504,-0.00044566393000000003,-0.52171785,0.2772501,-0.1572876,0.039276123,-0.26269529999999996,0.05988948,-0.47430047000000003,0.2504175,-0.17642212000000002,0.035125732,-0.23867798,0.07359047,-0.45766464,0.23413911,-0.31179809999999997,-0.024414063000000003,-0.06961059600000001,0.17326439999999999,-0.29478925,0.12982547,-0.31674194,-0.05316162,-0.042144775,0.17403857,-0.2449843,0.1129719,-0.034088135000000006,-0.26937866,-0.19735718,-0.0667389,0.14426738,0.25517815,-0.010650635,-0.24072266,-0.19415283,-0.08029716,0.13375923,0.24701852,-0.106170654,-0.06011963,-0.080963135,0.056769863000000004,0.043581612000000006,0.13728899,-0.106170654,-0.06011963,-0.080963135,0.056769863000000004,0.043581612000000006,0.13728899,-0.106170654,-0.06011963,-0.080963135,0.056769863000000004,0.043581612000000006,0.13728899,-0.12219238,-0.09667969,-0.047302246000000006,0.07865529,0.0907644,0.10217124,检查1#变、2变、开闭所有进线、出线地刀在拉开位置。
0.08828735,-0.019653320000000002,-0.5809326,-0.09959376,-0.45555556,0.46112838,-0.034301758,-0.45043945,-0.4529724,0.020690486,-0.029370997000000003,0.33466586,-0.102508545,-0.2345581,-0.3777771,0.08331017,-0.2438013,0.26903525,-0.102508545,-0.2345581,-0.3777771,0.08331017,-0.2438013,0.26903525,-0.10598755,0.37060547,-0.15164185,-0.00337857,-0.81257826,0.1599775,-0.10598755,0.37060547,-0.15164185,-0.00337857,-0.81257826,0.1599775,-0.055114746000000006,0.14672852,-0.0289917,-0.059038013,-0.64770603,0.046005964,-0.055114746000000006,0.14672852,-0.0289917,-0.059038013,-0.64770603,0.046005964,-0.08923339999999999,0.06402588000000001,-0.30041504,-0.00044566393000000003,-0.52171785,0.2772501,-0.1572876,0.039276123,-0.26269529999999996,0.05988948,-0.47430047000000003,0.2504175,-0.17642212000000002,0.035125732,-0.23867798,0.07359047,-0.45766464,0.23413911,-0.31179809999999997,-0.024414063000000003,-0.06961059600000001,0.17326439999999999,-0.29478925,0.12982547,-0.31674194,-0.05316162,-0.042144775,0.17403857,-0.2449843,0.1129719,-0.034088135000000006,-0.26937866,-0.19735718,-0.0667389,0.14426738,0.25517815,-0.010650635,-0.24072266,-0.19415283,-0.08029716,0.13375923,0.24701852,-0.106170654,-0.06011963,-0.080963135,0.056769863000000004,0.043581612000000006,0.13728899,-0.106170654,-0.06011963,-0.080963135,0.056769863000000004,0.043581612000000006,0.13728899,-0.106170654,-0.06011963,-0.080963135,0.056769863000000004,0.043581612000000006,0.13728899,-0.12219238,-0.09667969,-0.047302246000000006,0.07865529,0.0907644,0.10217124,-0.07952881,-0.14007568,0.026153564,0.12413172400000001,0.21589914000000002,-0.022904158,检查1#变、2变、开闭所有进线、出线地刀在拉开位置。
-0.034301758,-0.45043945,-0.4529724,0.020690486,-0.029370997000000003,0.33466586,-0.102508545,-0.2345581,-0.3777771,0.08331017,-0.2438013,0.26903525,-0.102508545,-0.2345581,-0.3777771,0.08331017,-0.2438013,0.26903525,-0.10598755,0.37060547,-0.15164185,-0.00337857,-0.81257826,0.1599775,-0.10598755,0.37060547,-0.15164185,-0.00337857,-0.81257826,0.1599775,-0.055114746000000006,0.14672852,-0.0289917,-0.059038013,-0.64770603,0.046005964,-0.055114746000000006,0.14672852,-0.0289917,-0.059038013,-0.64770603,0.046005964,-0.08923339999999999,0.06402588000000001,-0.30041504,-0.00044566393000000003,-0.52171785,0.2772501,-0.1572876,0.039276123,-0.26269529999999996,0.05988948,-0.47430047000000003,0.2504175,-0.17642212000000002,0.035125732,-0.23867798,0.07359047,-0.45766464,0.23413911,-0.31179809999999997,-0.024414063000000003,-0.06961059600000001,0.17326439999999999,-0.29478925,0.12982547,-0.31674194,-0.05316162,-0.042144775,0.17403857,-0.2449843,0.1129719,-0.034088135000000006,-0.26937866,-0.19735718,-0.0667389,0.14426738,0.25517815,-0.010650635,-0.24072266,-0.19415283,-0.08029716,0.13375923,0.24701852,-0.106170654,-0.06011963,-0.080963135,0.056769863000000004,0.043581612000000006,0.13728899,-0.106170654,-0.06011963,-0.080963135,0.056769863000000004,0.043581612000000006,0.13728899,-0.106170654,-0.06011963,-0.080963135,0.056769863000000004,0.043581612000000006,0.13728899,-0.12219238,-0.09667969,-0.047302246000000006,0.07865529,0.0907644,0.10217124,-0.07952881,-0.14007568,0.026153564,0.12413172400000001,0.21589914000000002,-0.022904158,0.07583618,-0.15444946,-0.029510498000000003,-0.0064597280000000005,0.28754264,0.05477345,检查1#变、2变、开闭所有进线、出线地刀在拉开位置。
-0.102508545,-0.2345581,-0.3777771,0.08331017,-0.2438013,0.26903525,-0.102508545,-0.2345581,-0.3777771,0.08331017,-0.2438013,0.26903525,-0.10598755,0.37060547,-0.15164185,-0.00337857,-0.81257826,0.1599775,-0.10598755,0.37060547,-0.15164185,-0.00337857,-0.81257826,0.1599775,-0.055114746000000006,0.14672852,-0.0289917,-0.059038013,-0.64770603,0.046005964,-0.055114746000000006,0.14672852,-0.0289917,-0.059038013,-0.64770603,0.046005964,-0.08923339999999999,0.06402588000000001,-0.30041504,-0.00044566393000000003,-0.52171785,0.2772501,-0.1572876,0.039276123,-0.26269529999999996,0.05988948,-0.47430047000000003,0.2504175,-0.17642212000000002,0.035125732,-0.23867798,0.07359047,-0.45766464,0.23413911,-0.31179809999999997,-0.024414063000000003,-0.06961059600000001,0.17326439999999999,-0.29478925,0.12982547,-0.31674194,-0.05316162,-0.042144775,0.17403857,-0.2449843,0.1129719,-0.034088135000000006,-0.26937866,-0.19735718,-0.0667389,0.14426738,0.25517815,-0.010650635,-0.24072266,-0.19415283,-0.08029716,0.13375923,0.24701852,-0.106170654,-0.06011963,-0.080963135,0.056769863000000004,0.043581612000000006,0.13728899,-0.106170654,-0.06011963,-0.080963135,0.056769863000000004,0.043581612000000006,0.13728899,-0.106170654,-0.06011963,-0.080963135,0.056769863000000004,0.043581612000000006,0.13728899,-0.12219238,-0.09667969,-0.047302246000000006,0.07865529,0.0907644,0.10217124,-0.07952881,-0.14007568,0.026153564,0.12413172400000001,0.21589914000000002,-0.022904158,0.07583618,-0.15444946,-0.029510498000000003,-0.0064597280000000005,0.28754264,0.05477345,0.010498047,-0.09777832,-0.018432617000000002,0.030862689000000002,0.21712872,0.06647664,检查1#变、2变、开闭所有进线、出线地刀在拉开位置。
-0.102508545,-0.2345581,-0.3777771,0.08331017,-0.2438013,0.26903525,-0.10598755,0.37060547,-0.15164185,-0.00337857,-0.81257826,0.1599775,-0.10598755,0.37060547,-0.15164185,-0.00337857,-0.81257826,0.1599775,-0.055114746000000006,0.14672852,-0.0289917,-0.059038013,-0.64770603,0.046005964,-0.055114746000000006,0.14672852,-0.0289917,-0.059038013,-0.64770603,0.046005964,-0.08923339999999999,0.06402588000000001,-0.30041504,-0.00044566393000000003,-0.52171785,0.2772501,-0.1572876,0.039276123,-0.26269529999999996,0.05988948,-0.47430047000000003,0.2504175,-0.17642212000000002,0.035125732,-0.23867798,0.07359047,-0.45766464,0.23413911,-0.31179809999999997,-0.024414063000000003,-0.06961059600000001,0.17326439999999999,-0.29478925,0.12982547,-0.31674194,-0.05316162,-0.042144775,0.17403857,-0.2449843,0.1129719,-0.034088135000000006,-0.26937866,-0.19735718,-0.0667389,0.14426738,0.25517815,-0.010650635,-0.24072266,-0.19415283,-0.08029716,0.13375923,0.24701852,-0.106170654,-0.06011963,-0.080963135,0.056769863000000004,0.043581612000000006,0.13728899,-0.106170654,-0.06011963,-0.080963135,0.056769863000000004,0.043581612000000006,0.13728899,-0.106170654,-0.06011963,-0.080963135,0.056769863000000004,0.043581612000000006,0.13728899,-0.12219238,-0.09667969,-0.047302246000000006,0.07865529,0.0907644,0.10217124,-0.07952881,-0.14007568,0.026153564,0.12413172400000001,0.21589914000000002,-0.022904158,0.07583618,-0.15444946,-0.029510498000000003,-0.0064597280000000005,0.28754264,0.05477345,0.010498047,-0.09777832,-0.018432617000000002,0.030862689000000002,0.21712872,0.06647664,-0.030700684000000002,-0.0763855,-0.061340332000000004,0.042961106000000006,0.16280553,0.117144465,检查1#变、2变、开闭所有进线、出线地刀在拉开位置。
-0.10598755,0.37060547,-0.15164185,-0.00337857,-0.81257826,0.1599775,-0.10598755,0.37060547,-0.15164185,-0.00337857,-0.81257826,0.1599775,-0.055114746000000006,0.14672852,-0.0289917,-0.059038013,-0.64770603,0.046005964,-0.055114746000000006,0.14672852,-0.0289917,-0.059038013,-0.64770603,0.046005964,-0.08923339999999999,0.06402588000000001,-0.30041504,-0.00044566393000000003,-0.52171785,0.2772501,-0.1572876,0.039276123,-0.26269529999999996,0.05988948,-0.47430047000000003,0.2504175,-0.17642212000000002,0.035125732,-0.23867798,0.07359047,-0.45766464,0.23413911,-0.31179809999999997,-0.024414063000000003,-0.06961059600000001,0.17326439999999999,-0.29478925,0.12982547,-0.31674194,-0.05316162,-0.042144775,0.17403857,-0.2449843,0.1129719,-0.034088135000000006,-0.26937866,-0.19735718,-0.0667389,0.14426738,0.25517815,-0.010650635,-0.24072266,-0.19415283,-0.08029716,0.13375923,0.24701852,-0.106170654,-0.06011963,-0.080963135,0.056769863000000004,0.043581612000000006,0.13728899,-0.106170654,-0.06011963,-0.080963135,0.056769863000000004,0.043581612000000006,0.13728899,-0.106170654,-0.06011963,-0.080963135,0.056769863000000004,0.043581612000000006,0.13728899,-0.12219238,-0.09667969,-0.047302246000000006,0.07865529,0.0907644,0.10217124,-0.07952881,-0.14007568,0.026153564,0.12413172400000001,0.21589914000000002,-0.022904158,0.07583618,-0.15444946,-0.029510498000000003,-0.0064597280000000005,0.28754264,0.05477345,0.010498047,-0.09777832,-0.018432617000000002,0.030862689000000002,0.21712872,0.06647664,-0.030700684000000002,-0.0763855,-0.061340332000000004,0.042961106000000006,0.16280553,0.117144465,-0.07687378,-0.047698975000000005,-0.09942627,0.054008886000000006,0.09134842500000001,0.16687632,检查1#变、2变、开闭所有进线、出线地刀在拉开位置。
-0.10598755,0.37060547,-0.15164185,-0.00337857,-0.81257826,0.1599775,-0.055114746000000006,0.14672852,-0.0289917,-0.059038013,-0.64770603,0.046005964,-0.055114746000000006,0.14672852,-0.0289917,-0.059038013,-0.64770603,0.046005964,-0.08923339999999999,0.06402588000000001,-0.30041504,-0.00044566393000000003,-0.52171785,0.2772501,-0.1572876,0.039276123,-0.26269529999999996,0.05988948,-0.47430047000000003,0.2504175,-0.17642212000000002,0.035125732,-0.23867798,0.07359047,-0.45766464,0.23413911,-0.31179809999999997,-0.024414063000000003,-0.06961059600000001,0.17326439999999999,-0.29478925,0.12982547,-0.31674194,-0.05316162,-0.042144775,0.17403857,-0.2449843,0.1129719,-0.034088135000000006,-0.26937866,-0.19735718,-0.0667389,0.14426738,0.25517815,-0.010650635,-0.24072266,-0.19415283,-0.08029716,0.13375923,0.24701852,-0.106170654,-0.06011963,-0.080963135,0.056769863000000004,0.043581612000000006,0.13728899,-0.106170654,-0.06011963,-0.080963135,0.056769863000000004,0.043581612000000006,0.13728899,-0.106170654,-0.06011963,-0.080963135,0.056769863000000004,0.043581612000000006,0.13728899,-0.12219238,-0.09667969,-0.047302246000000006,0.07865529,0.0907644,0.10217124,-0.07952881,-0.14007568,0.026153564,0.12413172400000001,0.21589914000000002,-0.022904158,0.07583618,-0.15444946,-0.029510498000000003,-0.0064597280000000005,0.28754264,0.05477345,0.010498047,-0.09777832,-0.018432617000000002,0.030862689000000002,0.21712872,0.06647664,-0.030700684000000002,-0.0763855,-0.061340332000000004,0.042961106000000006,0.16280553,0.117144465,-0.07687378,-0.047698975000000005,-0.09942627,0.054008886000000006,0.09134842500000001,0.16687632,-0.1005249,-0.02468872,-0.15481567000000002,0.049240917,0.032571994,0.23547363000000002,检查1#变、2变、开闭所有进线、出线地刀在拉开位置。
-0.055114746000000006,0.14672852,-0.0289917,-0.059038013,-0.64770603,0.046005964,-0.055114746000000006,0.14672852,-0.0289917,-0.059038013,-0.64770603,0.046005964,-0.08923339999999999,0.06402588000000001,-0.30041504,-0.00044566393000000003,-0.52171785,0.2772501,-0.1572876,0.039276123,-0.26269529999999996,0.05988948,-0.47430047000000003,0.2504175,-0.17642212000000002,0.035125732,-0.23867798,0.07359047,-0.45766464,0.23413911,-0.31179809999999997,-0.024414063000000003,-0.06961059600000001,0.17326439999999999,-0.29478925,0.12982547,-0.31674194,-0.05316162,-0.042144775,0.17403857,-0.2449843,0.1129719,-0.034088135000000006,-0.26937866,-0.19735718,-0.0667389,0.14426738,0.25517815,-0.010650635,-0.24072266,-0.19415283,-0.08029716,0.13375923,0.24701852,-0.106170654,-0.06011963,-0.080963135,0.056769863000000004,0.043581612000000006,0.13728899,-0.106170654,-0.06011963,-0.080963135,0.056769863000000004,0.043581612000000006,0.13728899,-0.106170654,-0.06011963,-0.080963135,0.056769863000000004,0.043581612000000006,0.13728899,-0.12219238,-0.09667969,-0.047302246000000006,0.07865529,0.0907644,0.10217124,-0.07952881,-0.14007568,0.026153564,0.12413172400000001,0.21589914000000002,-0.022904158,0.07583618,-0.15444946,-0.029510498000000003,-0.0064597280000000005,0.28754264,0.05477345,0.010498047,-0.09777832,-0.018432617000000002,0.030862689000000002,0.21712872,0.06647664,-0.030700684000000002,-0.0763855,-0.061340332000000004,0.042961106000000006,0.16280553,0.117144465,-0.07687378,-0.047698975000000005,-0.09942627,0.054008886000000006,0.09134842500000001,0.16687632,-0.1005249,-0.02468872,-0.15481567000000002,0.049240917,0.032571994,0.23547363000000002,-0.12817383000000002,-0.017333984,-0.15841675,0.03916113,-0.022818029,0.26177362,检查1#变、2变、开闭所有进线、出线地刀在拉开位置。
-0.055114746000000006,0.14672852,-0.0289917,-0.059038013,-0.64770603,0.046005964,-0.08923339999999999,0.06402588000000001,-0.30041504,-0.00044566393000000003,-0.52171785,0.2772501,-0.1572876,0.039276123,-0.26269529999999996,0.05988948,-0.47430047000000003,0.2504175,-0.17642212000000002,0.035125732,-0.23867798,0.07359047,-0.45766464,0.23413911,-0.31179809999999997,-0.024414063000000003,-0.06961059600000001,0.17326439999999999,-0.29478925,0.12982547,-0.31674194,-0.05316162,-0.042144775,0.17403857,-0.2449843,0.1129719,-0.034088135000000006,-0.26937866,-0.19735718,-0.0667389,0.14426738,0.25517815,-0.010650635,-0.24072266,-0.19415283,-0.08029716,0.13375923,0.24701852,-0.106170654,-0.06011963,-0.080963135,0.056769863000000004,0.043581612000000006,0.13728899,-0.106170654,-0.06011963,-0.080963135,0.056769863000000004,0.043581612000000006,0.13728899,-0.106170654,-0.06011963,-0.080963135,0.056769863000000004,0.043581612000000006,0.13728899,-0.12219238,-0.09667969,-0.047302246000000006,0.07865529,0.0907644,0.10217124,-0.07952881,-0.14007568,0.026153564,0.12413172400000001,0.21589914000000002,-0.022904158,0.07583618,-0.15444946,-0.029510498000000003,-0.0064597280000000005,0.28754264,0.05477345,0.010498047,-0.09777832,-0.018432617000000002,0.030862689000000002,0.21712872,0.06647664,-0.030700684000000002,-0.0763855,-0.061340332000000004,0.042961106000000006,0.16280553,0.117144465,-0.07687378,-0.047698975000000005,-0.09942627,0.054008886000000006,0.09134842500000001,0.16687632,-0.1005249,-0.02468872,-0.15481567000000002,0.049240917,0.032571994,0.23547363000000002,-0.12817383000000002,-0.017333984,-0.15841675,0.03916113,-0.022818029,0.26177362,-0.13189697,-0.033966064000000004,-0.15426636,0.025133878000000002,-0.030093558000000003,0.26967964,检查1#变、2变、开闭所有进线、出线地刀在拉开位置。
-0.08923339999999999,0.06402588000000001,-0.30041504,-0.00044566393000000003,-0.52171785,0.2772501,-0.1572876,0.039276123,-0.26269529999999996,0.05988948,-0.47430047000000003,0.2504175,-0.17642212000000002,0.035125732,-0.23867798,0.07359047,-0.45766464,0.23413911,-0.31179809999999997,-0.024414063000000003,-0.06961059600000001,0.17326439999999999,-0.29478925,0.12982547,-0.31674194,-0.05316162,-0.042144775,0.17403857,-0.2449843,0.1129719,-0.034088135000000006,-0.26937866,-0.19735718,-0.0667389,0.14426738,0.25517815,-0.010650635,-0.24072266,-0.19415283,-0.08029716,0.13375923,0.24701852,-0.106170654,-0.06011963,-0.080963135,0.056769863000000004,0.043581612000000006,0.13728899,-0.106170654,-0.06011963,-0.080963135,0.056769863000000004,0.043581612000000006,0.13728899,-0.106170654,-0.06011963,-0.080963135,0.056769863000000004,0.043581612000000006,0.13728899,-0.12219238,-0.09667969,-0.047302246000000006,0.07865529,0.0907644,0.10217124,-0.07952881,-0.14007568,0.026153564,0.12413172400000001,0.21589914000000002,-0.022904158,0.07583618,-0.15444946,-0.029510498000000003,-0.0064597280000000005,0.28754264,0.05477345,0.010498047,-0.09777832,-0.018432617000000002,0.030862689000000002,0.21712872,0.06647664,-0.030700684000000002,-0.0763855,-0.061340332000000004,0.042961106000000006,0.16280553,0.117144465,-0.07687378,-0.047698975000000005,-0.09942627,0.054008886000000006,0.09134842500000001,0.16687632,-0.1005249,-0.02468872,-0.15481567000000002,0.049240917,0.032571994,0.23547363000000002,-0.12817383000000002,-0.017333984,-0.15841675,0.03916113,-0.022818029,0.26177362,-0.13189697,-0.033966064000000004,-0.15426636,0.025133878000000002,-0.030093558000000003,0.26967964,-0.13665771000000002,-0.044036865,-0.20788574,-0.006099373,-0.07778652,0.35000217,检查1#变、2变、开闭所有进线、出线地刀在拉开位置。
-0.1572876,0.039276123,-0.26269529999999996,0.05988948,-0.47430047000000003,0.2504175,-0.17642212000000002,0.035125732,-0.23867798,0.07359047,-0.45766464,0.23413911,-0.31179809999999997,-0.024414063000000003,-0.06961059600000001,0.17326439999999999,-0.29478925,0.12982547,-0.31674194,-0.05316162,-0.042144775,0.17403857,-0.2449843,0.1129719,-0.034088135000000006,-0.26937866,-0.19735718,-0.0667389,0.14426738,0.25517815,-0.010650635,-0.24072266,-0.19415283,-0.08029716,0.13375923,0.24701852,-0.106170654,-0.06011963,-0.080963135,0.056769863000000004,0.043581612000000006,0.13728899,-0.106170654,-0.06011963,-0.080963135,0.056769863000000004,0.043581612000000006,0.13728899,-0.106170654,-0.06011963,-0.080963135,0.056769863000000004,0.043581612000000006,0.13728899,-0.12219238,-0.09667969,-0.047302246000000006,0.07865529,0.0907644,0.10217124,-0.07952881,-0.14007568,0.026153564,0.12413172400000001,0.21589914000000002,-0.022904158,0.07583618,-0.15444946,-0.029510498000000003,-0.0064597280000000005,0.28754264,0.05477345,0.010498047,-0.09777832,-0.018432617000000002,0.030862689000000002,0.21712872,0.06647664,-0.030700684000000002,-0.0763855,-0.061340332000000004,0.042961106000000006,0.16280553,0.117144465,-0.07687378,-0.047698975000000005,-0.09942627,0.054008886000000006,0.09134842500000001,0.16687632,-0.1005249,-0.02468872,-0.15481567000000002,0.049240917,0.032571994,0.23547363000000002,-0.12817383000000002,-0.017333984,-0.15841675,0.03916113,-0.022818029,0.26177362,-0.13189697,-0.033966064000000004,-0.15426636,0.025133878000000002,-0.030093558000000003,0.26967964,-0.13665771000000002,-0.044036865,-0.20788574,-0.006099373,-0.07778652,0.35000217,-0.15338135,-0.047943115,-0.20635986,-0.004259065,-0.10390379999999999,0.35956326,检查1#变、2变、开闭所有进线、出线地刀在拉开位置。
-0.17642212000000002,0.035125732,-0.23867798,0.07359047,-0.45766464,0.23413911,-0.31179809999999997,-0.024414063000000003,-0.06961059600000001,0.17326439999999999,-0.29478925,0.12982547,-0.31674194,-0.05316162,-0.042144775,0.17403857,-0.2449843,0.1129719,-0.034088135000000006,-0.26937866,-0.19735718,-0.0667389,0.14426738,0.25517815,-0.010650635,-0.24072266,-0.19415283,-0.08029716,0.13375923,0.24701852,-0.106170654,-0.06011963,-0.080963135,0.056769863000000004,0.043581612000000006,0.13728899,-0.106170654,-0.06011963,-0.080963135,0.056769863000000004,0.043581612000000006,0.13728899,-0.106170654,-0.06011963,-0.080963135,0.056769863000000004,0.043581612000000006,0.13728899,-0.12219238,-0.09667969,-0.047302246000000006,0.07865529,0.0907644,0.10217124,-0.07952881,-0.14007568,0.026153564,0.12413172400000001,0.21589914000000002,-0.022904158,0.07583618,-0.15444946,-0.029510498000000003,-0.0064597280000000005,0.28754264,0.05477345,0.010498047,-0.09777832,-0.018432617000000002,0.030862689000000002,0.21712872,0.06647664,-0.030700684000000002,-0.0763855,-0.061340332000000004,0.042961106000000006,0.16280553,0.117144465,-0.07687378,-0.047698975000000005,-0.09942627,0.054008886000000006,0.09134842500000001,0.16687632,-0.1005249,-0.02468872,-0.15481567000000002,0.049240917,0.032571994,0.23547363000000002,-0.12817383000000002,-0.017333984,-0.15841675,0.03916113,-0.022818029,0.26177362,-0.13189697,-0.033966064000000004,-0.15426636,0.025133878000000002,-0.030093558000000003,0.26967964,-0.13665771000000002,-0.044036865,-0.20788574,-0.006099373,-0.07778652,0.35000217,-0.15338135,-0.047943115,-0.20635986,-0.004259065,-0.10390379999999999,0.35956326,-0.19692993,-0.106414795,-0.19628906000000002,0.031238139,-0.06874643,0.35202712,检查1#变、2变、开闭所有进线、出线地刀在拉开位置。
-0.31179809999999997,-0.024414063000000003,-0.06961059600000001,0.17326439999999999,-0.29478925,0.12982547,-0.31674194,-0.05316162,-0.042144775,0.17403857,-0.2449843,0.1129719,-0.034088135000000006,-0.26937866,-0.19735718,-0.0667389,0.14426738,0.25517815,-0.010650635,-0.24072266,-0.19415283,-0.08029716,0.13375923,0.24701852,-0.106170654,-0.06011963,-0.080963135,0.056769863000000004,0.043581612000000006,0.13728899,-0.106170654,-0.06011963,-0.080963135,0.056769863000000004,0.043581612000000006,0.13728899,-0.106170654,-0.06011963,-0.080963135,0.056769863000000004,0.043581612000000006,0.13728899,-0.12219238,-0.09667969,-0.047302246000000006,0.07865529,0.0907644,0.10217124,-0.07952881,-0.14007568,0.026153564,0.12413172400000001,0.21589914000000002,-0.022904158,0.07583618,-0.15444946,-0.029510498000000003,-0.0064597280000000005,0.28754264,0.05477345,0.010498047,-0.09777832,-0.018432617000000002,0.030862689000000002,0.21712872,0.06647664,-0.030700684000000002,-0.0763855,-0.061340332000000004,0.042961106000000006,0.16280553,0.117144465,-0.07687378,-0.047698975000000005,-0.09942627,0.054008886000000006,0.09134842500000001,0.16687632,-0.1005249,-0.02468872,-0.15481567000000002,0.049240917,0.032571994,0.23547363000000002,-0.12817383000000002,-0.017333984,-0.15841675,0.03916113,-0.022818029,0.26177362,-0.13189697,-0.033966064000000004,-0.15426636,0.025133878000000002,-0.030093558000000003,0.26967964,-0.13665771000000002,-0.044036865,-0.20788574,-0.006099373,-0.07778652,0.35000217,-0.15338135,-0.047943115,-0.20635986,-0.004259065,-0.10390379999999999,0.35956326,-0.19692993,-0.106414795,-0.19628906000000002,0.031238139,-0.06874643,0.35202712,-0.25372314,-0.111968994,-0.17401123000000002,0.09895234,-0.083609104,0.2986291,检查1#变、2变、开闭所有进线、出线地刀在拉开位置。
-0.31674194,-0.05316162,-0.042144775,0.17403857,-0.2449843,0.1129719,-0.034088135000000006,-0.26937866,-0.19735718,-0.0667389,0.14426738,0.25517815,-0.010650635,-0.24072266,-0.19415283,-0.08029716,0.13375923,0.24701852,-0.106170654,-0.06011963,-0.080963135,0.056769863000000004,0.043581612000000006,0.13728899,-0.106170654,-0.06011963,-0.080963135,0.056769863000000004,0.043581612000000006,0.13728899,-0.106170654,-0.06011963,-0.080963135,0.056769863000000004,0.043581612000000006,0.13728899,-0.12219238,-0.09667969,-0.047302246000000006,0.07865529,0.0907644,0.10217124,-0.07952881,-0.14007568,0.026153564,0.12413172400000001,0.21589914000000002,-0.022904158,0.07583618,-0.15444946,-0.029510498000000003,-0.0064597280000000005,0.28754264,0.05477345,0.010498047,-0.09777832,-0.018432617000000002,0.030862689000000002,0.21712872,0.06647664,-0.030700684000000002,-0.0763855,-0.061340332000000004,0.042961106000000006,0.16280553,0.117144465,-0.07687378,-0.047698975000000005,-0.09942627,0.054008886000000006,0.09134842500000001,0.16687632,-0.1005249,-0.02468872,-0.15481567000000002,0.049240917,0.032571994,0.23547363000000002,-0.12817383000000002,-0.017333984,-0.15841675,0.03916113,-0.022818029,0.26177362,-0.13189697,-0.033966064000000004,-0.15426636,0.025133878000000002,-0.030093558000000003,0.26967964,-0.13665771000000002,-0.044036865,-0.20788574,-0.006099373,-0.07778652,0.35000217,-0.15338135,-0.047943115,-0.20635986,-0.004259065,-0.10390379999999999,0.35956326,-0.19692993,-0.106414795,-0.19628906000000002,0.031238139,-0.06874643,0.35202712,-0.25372314,-0.111968994,-0.17401123000000002,0.09895234,-0.083609104,0.2986291,-0.30511475,-0.08544922,-0.039306640000000004,0.16093989,-0.11214525,0.14447886000000001,检查1#变、2变、开闭所有进线、出线地刀在拉开位置。
-0.034088135000000006,-0.26937866,-0.19735718,-0.0667389,0.14426738,0.25517815,-0.010650635,-0.24072266,-0.19415283,-0.08029716,0.13375923,0.24701852,-0.106170654,-0.06011963,-0.080963135,0.056769863000000004,0.043581612000000006,0.13728899,-0.106170654,-0.06011963,-0.080963135,0.056769863000000004,0.043581612000000006,0.13728899,-0.106170654,-0.06011963,-0.080963135,0.056769863000000004,0.043581612000000006,0.13728899,-0.12219238,-0.09667969,-0.047302246000000006,0.07865529,0.0907644,0.10217124,-0.07952881,-0.14007568,0.026153564,0.12413172400000001,0.21589914000000002,-0.022904158,0.07583618,-0.15444946,-0.029510498000000003,-0.0064597280000000005,0.28754264,0.05477345,0.010498047,-0.09777832,-0.018432617000000002,0.030862689000000002,0.21712872,0.06647664,-0.030700684000000002,-0.0763855,-0.061340332000000004,0.042961106000000006,0.16280553,0.117144465,-0.07687378,-0.047698975000000005,-0.09942627,0.054008886000000006,0.09134842500000001,0.16687632,-0.1005249,-0.02468872,-0.15481567000000002,0.049240917,0.032571994,0.23547363000000002,-0.12817383000000002,-0.017333984,-0.15841675,0.03916113,-0.022818029,0.26177362,-0.13189697,-0.033966064000000004,-0.15426636,0.025133878000000002,-0.030093558000000003,0.26967964,-0.13665771000000002,-0.044036865,-0.20788574,-0.006099373,-0.07778652,0.35000217,-0.15338135,-0.047943115,-0.20635986,-0.004259065,-0.10390379999999999,0.35956326,-0.19692993,-0.106414795,-0.19628906000000002,0.031238139,-0.06874643,0.35202712,-0.25372314,-0.111968994,-0.17401123000000002,0.09895234,-0.083609104,0.2986291,-0.30511475,-0.08544922,-0.039306640000000004,0.16093989,-0.11214525,0.14447886000000001,-0.13995361,-0.014587402000000001,-0.048553467,0.0036646575,-0.18045846000000001,0.13794029,检查1#变、2变、开闭所有进线、出线地刀在拉开位置。
-0.010650635,-0.24072266,-0.19415283,-0.08029716,0.13375923,0.24701852,-0.106170654,-0.06011963,-0.080963135,0.056769863000000004,0.043581612000000006,0.13728899,-0.106170654,-0.06011963,-0.080963135,0.056769863000000004,0.043581612000000006,0.13728899,-0.106170654,-0.06011963,-0.080963135,0.056769863000000004,0.043581612000000006,0.13728899,-0.12219238,-0.09667969,-0.047302246000000006,0.07865529,0.0907644,0.10217124,-0.07952881,-0.14007568,0.026153564,0.12413172400000001,0.21589914000000002,-0.022904158,0.07583618,-0.15444946,-0.029510498000000003,-0.0064597280000000005,0.28754264,0.05477345,0.010498047,-0.09777832,-0.018432617000000002,0.030862689000000002,0.21712872,0.06647664,-0.030700684000000002,-0.0763855,-0.061340332000000004,0.042961106000000006,0.16280553,0.117144465,-0.07687378,-0.047698975000000005,-0.09942627,0.054008886000000006,0.09134842500000001,0.16687632,-0.1005249,-0.02468872,-0.15481567000000002,0.049240917,0.032571994,0.23547363000000002,-0.12817383000000002,-0.017333984,-0.15841675,0.03916113,-0.022818029,0.26177362,-0.13189697,-0.033966064000000004,-0.15426636,0.025133878000000002,-0.030093558000000003,0.26967964,-0.13665771000000002,-0.044036865,-0.20788574,-0.006099373,-0.07778652,0.35000217,-0.15338135,-0.047943115,-0.20635986,-0.004259065,-0.10390379999999999,0.35956326,-0.19692993,-0.106414795,-0.19628906000000002,0.031238139,-0.06874643,0.35202712,-0.25372314,-0.111968994,-0.17401123000000002,0.09895234,-0.083609104,0.2986291,-0.30511475,-0.08544922,-0.039306640000000004,0.16093989,-0.11214525,0.14447886000000001,-0.13995361,-0.014587402000000001,-0.048553467,0.0036646575,-0.18045846000000001,0.13794029,0.060272217,-0.031280518,-0.10317993,-0.1817074,-0.14667565,0.16973671,检查1#变、2变、开闭所有进线、出线地刀在拉开位置。
-0.106170654,-0.06011963,-0.080963135,0.056769863000000004,0.043581612000000006,0.13728899,-0.106170654,-0.06011963,-0.080963135,0.056769863000000004,0.043581612000000006,0.13728899,-0.106170654,-0.06011963,-0.080963135,0.056769863000000004,0.043581612000000006,0.13728899,-0.12219238,-0.09667969,-0.047302246000000006,0.07865529,0.0907644,0.10217124,-0.07952881,-0.14007568,0.026153564,0.12413172400000001,0.21589914000000002,-0.022904158,0.07583618,-0.15444946,-0.029510498000000003,-0.0064597280000000005,0.28754264,0.05477345,0.010498047,-0.09777832,-0.018432617000000002,0.030862689000000002,0.21712872,0.06647664,-0.030700684000000002,-0.0763855,-0.061340332000000004,0.042961106000000006,0.16280553,0.117144465,-0.07687378,-0.047698975000000005,-0.09942627,0.054008886000000006,0.09134842500000001,0.16687632,-0.1005249,-0.02468872,-0.15481567000000002,0.049240917,0.032571994,0.23547363000000002,-0.12817383000000002,-0.017333984,-0.15841675,0.03916113,-0.022818029,0.26177362,-0.13189697,-0.033966064000000004,-0.15426636,0.025133878000000002,-0.030093558000000003,0.26967964,-0.13665771000000002,-0.044036865,-0.20788574,-0.006099373,-0.07778652,0.35000217,-0.15338135,-0.047943115,-0.20635986,-0.004259065,-0.10390379999999999,0.35956326,-0.19692993,-0.106414795,-0.19628906000000002,0.031238139,-0.06874643,0.35202712,-0.25372314,-0.111968994,-0.17401123000000002,0.09895234,-0.083609104,0.2986291,-0.30511475,-0.08544922,-0.039306640000000004,0.16093989,-0.11214525,0.14447886000000001,-0.13995361,-0.014587402000000001,-0.048553467,0.0036646575,-0.18045846000000001,0.13794029,0.060272217,-0.031280518,-0.10317993,-0.1817074,-0.14667565,0.16973671,0.14047241,-0.057891846000000004,-0.12994385,-0.24196622,-0.08741916,0.17819178,检查1#变、2变、开闭所有进线、出线地刀在拉开位置。
-0.106170654,-0.06011963,-0.080963135,0.056769863000000004,0.043581612000000006,0.13728899,-0.106170654,-0.06011963,-0.080963135,0.056769863000000004,0.043581612000000006,0.13728899,-0.12219238,-0.09667969,-0.047302246000000006,0.07865529,0.0907644,0.10217124,-0.07952881,-0.14007568,0.026153564,0.12413172400000001,0.21589914000000002,-0.022904158,0.07583618,-0.15444946,-0.029510498000000003,-0.0064597280000000005,0.28754264,0.05477345,0.010498047,-0.09777832,-0.018432617000000002,0.030862689000000002,0.21712872,0.06647664,-0.030700684000000002,-0.0763855,-0.061340332000000004,0.042961106000000006,0.16280553,0.117144465,-0.07687378,-0.047698975000000005,-0.09942627,0.054008886000000006,0.09134842500000001,0.16687632,-0.1005249,-0.02468872,-0.15481567000000002,0.049240917,0.032571994,0.23547363000000002,-0.12817383000000002,-0.017333984,-0.15841675,0.03916113,-0.022818029,0.26177362,-0.13189697,-0.033966064000000004,-0.15426636,0.025133878000000002,-0.030093558000000003,0.26967964,-0.13665771000000002,-0.044036865,-0.20788574,-0.006099373,-0.07778652,0.35000217,-0.15338135,-0.047943115,-0.20635986,-0.004259065,-0.10390379999999999,0.35956326,-0.19692993,-0.106414795,-0.19628906000000002,0.031238139,-0.06874643,0.35202712,-0.25372314,-0.111968994,-0.17401123000000002,0.09895234,-0.083609104,0.2986291,-0.30511475,-0.08544922,-0.039306640000000004,0.16093989,-0.11214525,0.14447886000000001,-0.13995361,-0.014587402000000001,-0.048553467,0.0036646575,-0.18045846000000001,0.13794029,0.060272217,-0.031280518,-0.10317993,-0.1817074,-0.14667565,0.16973671,0.14047241,-0.057891846000000004,-0.12994385,-0.24196622,-0.08741916,0.17819178,0.029724121000000003,-0.09197998,-0.07815552,-0.10874173000000001,-0.007216215000000001,0.11897272,检查1#变、2变、开闭所有进线、出线地刀在拉开位置。
-0.106170654,-0.06011963,-0.080963135,0.056769863000000004,0.043581612000000006,0.13728899,-0.12219238,-0.09667969,-0.047302246000000006,0.07865529,0.0907644,0.10217124,-0.07952881,-0.14007568,0.026153564,0.12413172400000001,0.21589914000000002,-0.022904158,0.07583618,-0.15444946,-0.029510498000000003,-0.0064597280000000005,0.28754264,0.05477345,0.010498047,-0.09777832,-0.018432617000000002,0.030862689000000002,0.21712872,0.06647664,-0.030700684000000002,-0.0763855,-0.061340332000000004,0.042961106000000006,0.16280553,0.117144465,-0.07687378,-0.047698975000000005,-0.09942627,0.054008886000000006,0.09134842500000001,0.16687632,-0.1005249,-0.02468872,-0.15481567000000002,0.049240917,0.032571994,0.23547363000000002,-0.12817383000000002,-0.017333984,-0.15841675,0.03916113,-0.022818029,0.26177362,-0.13189697,-0.033966064000000004,-0.15426636,0.025133878000000002,-0.030093558000000003,0.26967964,-0.13665771000000002,-0.044036865,-0.20788574,-0.006099373,-0.07778652,0.35000217,-0.15338135,-0.047943115,-0.20635986,-0.004259065,-0.10390379999999999,0.35956326,-0.19692993,-0.106414795,-0.19628906000000002,0.031238139,-0.06874643,0.35202712,-0.25372314,-0.111968994,-0.17401123000000002,0.09895234,-0.083609104,0.2986291,-0.30511475,-0.08544922,-0.039306640000000004,0.16093989,-0.11214525,0.14447886000000001,-0.13995361,-0.014587402000000001,-0.048553467,0.0036646575,-0.18045846000000001,0.13794029,0.060272217,-0.031280518,-0.10317993,-0.1817074,-0.14667565,0.16973671,0.14047241,-0.057891846000000004,-0.12994385,-0.24196622,-0.08741916,0.17819178,0.029724121000000003,-0.09197998,-0.07815552,-0.10874173000000001,-0.007216215000000001,0.11897272,-0.0107421875,-0.10348511,-0.06060791,-0.051852405000000004,0.038185418000000006,0.09865713,检查1#变、2变、开闭所有进线、出线地刀在拉开位置。
-0.12219238,-0.09667969,-0.047302246000000006,0.07865529,0.0907644,0.10217124,-0.07952881,-0.14007568,0.026153564,0.12413172400000001,0.21589914000000002,-0.022904158,0.07583618,-0.15444946,-0.029510498000000003,-0.0064597280000000005,0.28754264,0.05477345,0.010498047,-0.09777832,-0.018432617000000002,0.030862689000000002,0.21712872,0.06647664,-0.030700684000000002,-0.0763855,-0.061340332000000004,0.042961106000000006,0.16280553,0.117144465,-0.07687378,-0.047698975000000005,-0.09942627,0.054008886000000006,0.09134842500000001,0.16687632,-0.1005249,-0.02468872,-0.15481567000000002,0.049240917,0.032571994,0.23547363000000002,-0.12817383000000002,-0.017333984,-0.15841675,0.03916113,-0.022818029,0.26177362,-0.13189697,-0.033966064000000004,-0.15426636,0.025133878000000002,-0.030093558000000003,0.26967964,-0.13665771000000002,-0.044036865,-0.20788574,-0.006099373,-0.07778652,0.35000217,-0.15338135,-0.047943115,-0.20635986,-0.004259065,-0.10390379999999999,0.35956326,-0.19692993,-0.106414795,-0.19628906000000002,0.031238139,-0.06874643,0.35202712,-0.25372314,-0.111968994,-0.17401123000000002,0.09895234,-0.083609104,0.2986291,-0.30511475,-0.08544922,-0.039306640000000004,0.16093989,-0.11214525,0.14447886000000001,-0.13995361,-0.014587402000000001,-0.048553467,0.0036646575,-0.18045846000000001,0.13794029,0.060272217,-0.031280518,-0.10317993,-0.1817074,-0.14667565,0.16973671,0.14047241,-0.057891846000000004,-0.12994385,-0.24196622,-0.08741916,0.17819178,0.029724121000000003,-0.09197998,-0.07815552,-0.10874173000000001,-0.007216215000000001,0.11897272,-0.0107421875,-0.10348511,-0.06060791,-0.051852405000000004,0.038185418000000006,0.09865713,-0.023895264000000003,-0.09786987,-0.067352295,-0.033482254,0.042829372000000004,0.1050753,检查1#变、2变、开闭所有进线、出线地刀在拉开位置。
-0.07952881,-0.14007568,0.026153564,0.12413172400000001,0.21589914000000002,-0.022904158,0.07583618,-0.15444946,-0.029510498000000003,-0.0064597280000000005,0.28754264,0.05477345,0.010498047,-0.09777832,-0.018432617000000002,0.030862689000000002,0.21712872,0.06647664,-0.030700684000000002,-0.0763855,-0.061340332000000004,0.042961106000000006,0.16280553,0.117144465,-0.07687378,-0.047698975000000005,-0.09942627,0.054008886000000006,0.09134842500000001,0.16687632,-0.1005249,-0.02468872,-0.15481567000000002,0.049240917,0.032571994,0.23547363000000002,-0.12817383000000002,-0.017333984,-0.15841675,0.03916113,-0.022818029,0.26177362,-0.13189697,-0.033966064000000004,-0.15426636,0.025133878000000002,-0.030093558000000003,0.26967964,-0.13665771000000002,-0.044036865,-0.20788574,-0.006099373,-0.07778652,0.35000217,-0.15338135,-0.047943115,-0.20635986,-0.004259065,-0.10390379999999999,0.35956326,-0.19692993,-0.106414795,-0.19628906000000002,0.031238139,-0.06874643,0.35202712,-0.25372314,-0.111968994,-0.17401123000000002,0.09895234,-0.083609104,0.2986291,-0.30511475,-0.08544922,-0.039306640000000004,0.16093989,-0.11214525,0.14447886000000001,-0.13995361,-0.014587402000000001,-0.048553467,0.0036646575,-0.18045846000000001,0.13794029,0.060272217,-0.031280518,-0.10317993,-0.1817074,-0.14667565,0.16973671,0.14047241,-0.057891846000000004,-0.12994385,-0.24196622,-0.08741916,0.17819178,0.029724121000000003,-0.09197998,-0.07815552,-0.10874173000000001,-0.007216215000000001,0.11897272,-0.0107421875,-0.10348511,-0.06060791,-0.051852405000000004,0.038185418000000006,0.09865713,-0.023895264000000003,-0.09786987,-0.067352295,-0.033482254,0.042829372000000004,0.1050753,-0.034698486,-0.06625366,-0.07211304,-0.00669764,0.045945868,0.11235535,检查1#变、2变、开闭所有进线、出线地刀在拉开位置。
0.07583618,-0.15444946,-0.029510498000000003,-0.0064597280000000005,0.28754264,0.05477345,0.010498047,-0.09777832,-0.018432617000000002,0.030862689000000002,0.21712872,0.06647664,-0.030700684000000002,-0.0763855,-0.061340332000000004,0.042961106000000006,0.16280553,0.117144465,-0.07687378,-0.047698975000000005,-0.09942627,0.054008886000000006,0.09134842500000001,0.16687632,-0.1005249,-0.02468872,-0.15481567000000002,0.049240917,0.032571994,0.23547363000000002,-0.12817383000000002,-0.017333984,-0.15841675,0.03916113,-0.022818029,0.26177362,-0.13189697,-0.033966064000000004,-0.15426636,0.025133878000000002,-0.030093558000000003,0.26967964,-0.13665771000000002,-0.044036865,-0.20788574,-0.006099373,-0.07778652,0.35000217,-0.15338135,-0.047943115,-0.20635986,-0.004259065,-0.10390379999999999,0.35956326,-0.19692993,-0.106414795,-0.19628906000000002,0.031238139,-0.06874643,0.35202712,-0.25372314,-0.111968994,-0.17401123000000002,0.09895234,-0.083609104,0.2986291,-0.30511475,-0.08544922,-0.039306640000000004,0.16093989,-0.11214525,0.14447886000000001,-0.13995361,-0.014587402000000001,-0.048553467,0.0036646575,-0.18045846000000001,0.13794029,0.060272217,-0.031280518,-0.10317993,-0.1817074,-0.14667565,0.16973671,0.14047241,-0.057891846000000004,-0.12994385,-0.24196622,-0.08741916,0.17819178,0.029724121000000003,-0.09197998,-0.07815552,-0.10874173000000001,-0.007216215000000001,0.11897272,-0.0107421875,-0.10348511,-0.06060791,-0.051852405000000004,0.038185418000000006,0.09865713,-0.023895264000000003,-0.09786987,-0.067352295,-0.033482254,0.042829372000000004,0.1050753,-0.034698486,-0.06625366,-0.07211304,-0.00669764,0.045945868,0.11235535,-0.029968262000000002,-0.063934326,-0.07943725600000001,-0.009033442000000001,0.050218828,0.12123352,检查1#变、2变、开闭所有进线、出线地刀在拉开位置。
0.010498047,-0.09777832,-0.018432617000000002,0.030862689000000002,0.21712872,0.06647664,-0.030700684000000002,-0.0763855,-0.061340332000000004,0.042961106000000006,0.16280553,0.117144465,-0.07687378,-0.047698975000000005,-0.09942627,0.054008886000000006,0.09134842500000001,0.16687632,-0.1005249,-0.02468872,-0.15481567000000002,0.049240917,0.032571994,0.23547363000000002,-0.12817383000000002,-0.017333984,-0.15841675,0.03916113,-0.022818029,0.26177362,-0.13189697,-0.033966064000000004,-0.15426636,0.025133878000000002,-0.030093558000000003,0.26967964,-0.13665771000000002,-0.044036865,-0.20788574,-0.006099373,-0.07778652,0.35000217,-0.15338135,-0.047943115,-0.20635986,-0.004259065,-0.10390379999999999,0.35956326,-0.19692993,-0.106414795,-0.19628906000000002,0.031238139,-0.06874643,0.35202712,-0.25372314,-0.111968994,-0.17401123000000002,0.09895234,-0.083609104,0.2986291,-0.30511475,-0.08544922,-0.039306640000000004,0.16093989,-0.11214525,0.14447886000000001,-0.13995361,-0.014587402000000001,-0.048553467,0.0036646575,-0.18045846000000001,0.13794029,0.060272217,-0.031280518,-0.10317993,-0.1817074,-0.14667565,0.16973671,0.14047241,-0.057891846000000004,-0.12994385,-0.24196622,-0.08741916,0.17819178,0.029724121000000003,-0.09197998,-0.07815552,-0.10874173000000001,-0.007216215000000001,0.11897272,-0.0107421875,-0.10348511,-0.06060791,-0.051852405000000004,0.038185418000000006,0.09865713,-0.023895264000000003,-0.09786987,-0.067352295,-0.033482254,0.042829372000000004,0.1050753,-0.034698486,-0.06625366,-0.07211304,-0.00669764,0.045945868,0.11235535,-0.029968262000000002,-0.063934326,-0.07943725600000001,-0.009033442000000001,0.050218828,0.12123352,0.028289795000000003,-0.045806885000000006,-0.16635132,-0.061335266000000006,0.059762426,0.22192279,检查1#变、2变、开闭所有进线、出线地刀在拉开位置。
-0.030700684000000002,-0.0763855,-0.061340332000000004,0.042961106000000006,0.16280553,0.117144465,-0.07687378,-0.047698975000000005,-0.09942627,0.054008886000000006,0.09134842500000001,0.16687632,-0.1005249,-0.02468872,-0.15481567000000002,0.049240917,0.032571994,0.23547363000000002,-0.12817383000000002,-0.017333984,-0.15841675,0.03916113,-0.022818029,0.26177362,-0.13189697,-0.033966064000000004,-0.15426636,0.025133878000000002,-0.030093558000000003,0.26967964,-0.13665771000000002,-0.044036865,-0.20788574,-0.006099373,-0.07778652,0.35000217,-0.15338135,-0.047943115,-0.20635986,-0.004259065,-0.10390379999999999,0.35956326,-0.19692993,-0.106414795,-0.19628906000000002,0.031238139,-0.06874643,0.35202712,-0.25372314,-0.111968994,-0.17401123000000002,0.09895234,-0.083609104,0.2986291,-0.30511475,-0.08544922,-0.039306640000000004,0.16093989,-0.11214525,0.14447886000000001,-0.13995361,-0.014587402000000001,-0.048553467,0.0036646575,-0.18045846000000001,0.13794029,0.060272217,-0.031280518,-0.10317993,-0.1817074,-0.14667565,0.16973671,0.14047241,-0.057891846000000004,-0.12994385,-0.24196622,-0.08741916,0.17819178,0.029724121000000003,-0.09197998,-0.07815552,-0.10874173000000001,-0.007216215000000001,0.11897272,-0.0107421875,-0.10348511,-0.06060791,-0.051852405000000004,0.038185418000000006,0.09865713,-0.023895264000000003,-0.09786987,-0.067352295,-0.033482254,0.042829372000000004,0.1050753,-0.034698486,-0.06625366,-0.07211304,-0.00669764,0.045945868,0.11235535,-0.029968262000000002,-0.063934326,-0.07943725600000001,-0.009033442000000001,0.050218828,0.12123352,0.028289795000000003,-0.045806885000000006,-0.16635132,-0.061335266000000006,0.059762426,0.22192279,0.028869629,-0.05508423,-0.16625977,-0.06289147,0.0783569,0.23085949,检查1#变、2变、开闭所有进线、出线地刀在拉开位置。
-0.07687378,-0.047698975000000005,-0.09942627,0.054008886000000006,0.09134842500000001,0.16687632,-0.1005249,-0.02468872,-0.15481567000000002,0.049240917,0.032571994,0.23547363000000002,-0.12817383000000002,-0.017333984,-0.15841675,0.03916113,-0.022818029,0.26177362,-0.13189697,-0.033966064000000004,-0.15426636,0.025133878000000002,-0.030093558000000003,0.26967964,-0.13665771000000002,-0.044036865,-0.20788574,-0.006099373,-0.07778652,0.35000217,-0.15338135,-0.047943115,-0.20635986,-0.004259065,-0.10390379999999999,0.35956326,-0.19692993,-0.106414795,-0.19628906000000002,0.031238139,-0.06874643,0.35202712,-0.25372314,-0.111968994,-0.17401123000000002,0.09895234,-0.083609104,0.2986291,-0.30511475,-0.08544922,-0.039306640000000004,0.16093989,-0.11214525,0.14447886000000001,-0.13995361,-0.014587402000000001,-0.048553467,0.0036646575,-0.18045846000000001,0.13794029,0.060272217,-0.031280518,-0.10317993,-0.1817074,-0.14667565,0.16973671,0.14047241,-0.057891846000000004,-0.12994385,-0.24196622,-0.08741916,0.17819178,0.029724121000000003,-0.09197998,-0.07815552,-0.10874173000000001,-0.007216215000000001,0.11897272,-0.0107421875,-0.10348511,-0.06060791,-0.051852405000000004,0.038185418000000006,0.09865713,-0.023895264000000003,-0.09786987,-0.067352295,-0.033482254,0.042829372000000004,0.1050753,-0.034698486,-0.06625366,-0.07211304,-0.00669764,0.045945868,0.11235535,-0.029968262000000002,-0.063934326,-0.07943725600000001,-0.009033442000000001,0.050218828,0.12123352,0.028289795000000003,-0.045806885000000006,-0.16635132,-0.061335266000000006,0.059762426,0.22192279,0.028869629,-0.05508423,-0.16625977,-0.06289147,0.0783569,0.23085949,0.028564453,-0.055419922,-0.17025757,-0.06279057,0.08053911500000001,0.23680717,检查1#变、2变、开闭所有进线、出线地刀在拉开位置。
-0.1005249,-0.02468872,-0.15481567000000002,0.049240917,0.032571994,0.23547363000000002,-0.12817383000000002,-0.017333984,-0.15841675,0.03916113,-0.022818029,0.26177362,-0.13189697,-0.033966064000000004,-0.15426636,0.025133878000000002,-0.030093558000000003,0.26967964,-0.13665771000000002,-0.044036865,-0.20788574,-0.006099373,-0.07778652,0.35000217,-0.15338135,-0.047943115,-0.20635986,-0.004259065,-0.10390379999999999,0.35956326,-0.19692993,-0.106414795,-0.19628906000000002,0.031238139,-0.06874643,0.35202712,-0.25372314,-0.111968994,-0.17401123000000002,0.09895234,-0.083609104,0.2986291,-0.30511475,-0.08544922,-0.039306640000000004,0.16093989,-0.11214525,0.14447886000000001,-0.13995361,-0.014587402000000001,-0.048553467,0.0036646575,-0.18045846000000001,0.13794029,0.060272217,-0.031280518,-0.10317993,-0.1817074,-0.14667565,0.16973671,0.14047241,-0.057891846000000004,-0.12994385,-0.24196622,-0.08741916,0.17819178,0.029724121000000003,-0.09197998,-0.07815552,-0.10874173000000001,-0.007216215000000001,0.11897272,-0.0107421875,-0.10348511,-0.06060791,-0.051852405000000004,0.038185418000000006,0.09865713,-0.023895264000000003,-0.09786987,-0.067352295,-0.033482254,0.042829372000000004,0.1050753,-0.034698486,-0.06625366,-0.07211304,-0.00669764,0.045945868,0.11235535,-0.029968262000000002,-0.063934326,-0.07943725600000001,-0.009033442000000001,0.050218828,0.12123352,0.028289795000000003,-0.045806885000000006,-0.16635132,-0.061335266000000006,0.059762426,0.22192279,0.028869629,-0.05508423,-0.16625977,-0.06289147,0.0783569,0.23085949,0.028564453,-0.055419922,-0.17025757,-0.06279057,0.08053911500000001,0.23680717,0.03250122,-0.06851196,-0.20895386,-0.06745155,0.09861009,0.28107753,检查1#变、2变、开闭所有进线、出线地刀在拉开位置。
-0.12817383000000002,-0.017333984,-0.15841675,0.03916113,-0.022818029,0.26177362,-0.13189697,-0.033966064000000004,-0.15426636,0.025133878000000002,-0.030093558000000003,0.26967964,-0.13665771000000002,-0.044036865,-0.20788574,-0.006099373,-0.07778652,0.35000217,-0.15338135,-0.047943115,-0.20635986,-0.004259065,-0.10390379999999999,0.35956326,-0.19692993,-0.106414795,-0.19628906000000002,0.031238139,-0.06874643,0.35202712,-0.25372314,-0.111968994,-0.17401123000000002,0.09895234,-0.083609104,0.2986291,-0.30511475,-0.08544922,-0.039306640000000004,0.16093989,-0.11214525,0.14447886000000001,-0.13995361,-0.014587402000000001,-0.048553467,0.0036646575,-0.18045846000000001,0.13794029,0.060272217,-0.031280518,-0.10317993,-0.1817074,-0.14667565,0.16973671,0.14047241,-0.057891846000000004,-0.12994385,-0.24196622,-0.08741916,0.17819178,0.029724121000000003,-0.09197998,-0.07815552,-0.10874173000000001,-0.007216215000000001,0.11897272,-0.0107421875,-0.10348511,-0.06060791,-0.051852405000000004,0.038185418000000006,0.09865713,-0.023895264000000003,-0.09786987,-0.067352295,-0.033482254,0.042829372000000004,0.1050753,-0.034698486,-0.06625366,-0.07211304,-0.00669764,0.045945868,0.11235535,-0.029968262000000002,-0.063934326,-0.07943725600000001,-0.009033442000000001,0.050218828,0.12123352,0.028289795000000003,-0.045806885000000006,-0.16635132,-0.061335266000000006,0.059762426,0.22192279,0.028869629,-0.05508423,-0.16625977,-0.06289147,0.0783569,0.23085949,0.028564453,-0.055419922,-0.17025757,-0.06279057,0.08053911500000001,0.23680717,0.03250122,-0.06851196,-0.20895386,-0.06745155,0.09861009,0.28107753,0.035827637,-0.04248047,-0.2571411,-0.072550714,0.071251415,0.33208138,检查1#变、2变、开闭所有进线、出线地刀在拉开位置。
-0.13189697,-0.033966064000000004,-0.15426636,0.025133878000000002,-0.030093558000000003,0.26967964,-0.13665771000000002,-0.044036865,-0.20788574,-0.006099373,-0.07778652,0.35000217,-0.15338135,-0.047943115,-0.20635986,-0.004259065,-0.10390379999999999,0.35956326,-0.19692993,-0.106414795,-0.19628906000000002,0.031238139,-0.06874643,0.35202712,-0.25372314,-0.111968994,-0.17401123000000002,0.09895234,-0.083609104,0.2986291,-0.30511475,-0.08544922,-0.039306640000000004,0.16093989,-0.11214525,0.14447886000000001,-0.13995361,-0.014587402000000001,-0.048553467,0.0036646575,-0.18045846000000001,0.13794029,0.060272217,-0.031280518,-0.10317993,-0.1817074,-0.14667565,0.16973671,0.14047241,-0.057891846000000004,-0.12994385,-0.24196622,-0.08741916,0.17819178,0.029724121000000003,-0.09197998,-0.07815552,-0.10874173000000001,-0.007216215000000001,0.11897272,-0.0107421875,-0.10348511,-0.06060791,-0.051852405000000004,0.038185418000000006,0.09865713,-0.023895264000000003,-0.09786987,-0.067352295,-0.033482254,0.042829372000000004,0.1050753,-0.034698486,-0.06625366,-0.07211304,-0.00669764,0.045945868,0.11235535,-0.029968262000000002,-0.063934326,-0.07943725600000001,-0.009033442000000001,0.050218828,0.12123352,0.028289795000000003,-0.045806885000000006,-0.16635132,-0.061335266000000006,0.059762426,0.22192279,0.028869629,-0.05508423,-0.16625977,-0.06289147,0.0783569,0.23085949,0.028564453,-0.055419922,-0.17025757,-0.06279057,0.08053911500000001,0.23680717,0.03250122,-0.06851196,-0.20895386,-0.06745155,0.09861009,0.28107753,0.035827637,-0.04248047,-0.2571411,-0.072550714,0.071251415,0.33208138,-0.0105896,0.020477295000000003,-0.3267212,-0.037642956000000005,-0.01413662,0.40313792,检查1#变、2变、开闭所有进线、出线地刀在拉开位置。
-0.13665771000000002,-0.044036865,-0.20788574,-0.006099373,-0.07778652,0.35000217,-0.15338135,-0.047943115,-0.20635986,-0.004259065,-0.10390379999999999,0.35956326,-0.19692993,-0.106414795,-0.19628906000000002,0.031238139,-0.06874643,0.35202712,-0.25372314,-0.111968994,-0.17401123000000002,0.09895234,-0.083609104,0.2986291,-0.30511475,-0.08544922,-0.039306640000000004,0.16093989,-0.11214525,0.14447886000000001,-0.13995361,-0.014587402000000001,-0.048553467,0.0036646575,-0.18045846000000001,0.13794029,0.060272217,-0.031280518,-0.10317993,-0.1817074,-0.14667565,0.16973671,0.14047241,-0.057891846000000004,-0.12994385,-0.24196622,-0.08741916,0.17819178,0.029724121000000003,-0.09197998,-0.07815552,-0.10874173000000001,-0.007216215000000001,0.11897272,-0.0107421875,-0.10348511,-0.06060791,-0.051852405000000004,0.038185418000000006,0.09865713,-0.023895264000000003,-0.09786987,-0.067352295,-0.033482254,0.042829372000000004,0.1050753,-0.034698486,-0.06625366,-0.07211304,-0.00669764,0.045945868,0.11235535,-0.029968262000000002,-0.063934326,-0.07943725600000001,-0.009033442000000001,0.050218828,0.12123352,0.028289795000000003,-0.045806885000000006,-0.16635132,-0.061335266000000006,0.059762426,0.22192279,0.028869629,-0.05508423,-0.16625977,-0.06289147,0.0783569,0.23085949,0.028564453,-0.055419922,-0.17025757,-0.06279057,0.08053911500000001,0.23680717,0.03250122,-0.06851196,-0.20895386,-0.06745155,0.09861009,0.28107753,0.035827637,-0.04248047,-0.2571411,-0.072550714,0.071251415,0.33208138,-0.0105896,0.020477295000000003,-0.3267212,-0.037642956000000005,-0.01413662,0.40313792,-0.022247314,0.02154541,-0.31970215,-0.036888227,-0.024328813,0.40547353,检查1#变、2变、开闭所有进线、出线地刀在拉开位置。
-0.15338135,-0.047943115,-0.20635986,-0.004259065,-0.10390379999999999,0.35956326,-0.19692993,-0.106414795,-0.19628906000000002,0.031238139,-0.06874643,0.35202712,-0.25372314,-0.111968994,-0.17401123000000002,0.09895234,-0.083609104,0.2986291,-0.30511475,-0.08544922,-0.039306640000000004,0.16093989,-0.11214525,0.14447886000000001,-0.13995361,-0.014587402000000001,-0.048553467,0.0036646575,-0.18045846000000001,0.13794029,0.060272217,-0.031280518,-0.10317993,-0.1817074,-0.14667565,0.16973671,0.14047241,-0.057891846000000004,-0.12994385,-0.24196622,-0.08741916,0.17819178,0.029724121000000003,-0.09197998,-0.07815552,-0.10874173000000001,-0.007216215000000001,0.11897272,-0.0107421875,-0.10348511,-0.06060791,-0.051852405000000004,0.038185418000000006,0.09865713,-0.023895264000000003,-0.09786987,-0.067352295,-0.033482254,0.042829372000000004,0.1050753,-0.034698486,-0.06625366,-0.07211304,-0.00669764,0.045945868,0.11235535,-0.029968262000000002,-0.063934326,-0.07943725600000001,-0.009033442000000001,0.050218828,0.12123352,0.028289795000000003,-0.045806885000000006,-0.16635132,-0.061335266000000006,0.059762426,0.22192279,0.028869629,-0.05508423,-0.16625977,-0.06289147,0.0783569,0.23085949,0.028564453,-0.055419922,-0.17025757,-0.06279057,0.08053911500000001,0.23680717,0.03250122,-0.06851196,-0.20895386,-0.06745155,0.09861009,0.28107753,0.035827637,-0.04248047,-0.2571411,-0.072550714,0.071251415,0.33208138,-0.0105896,0.020477295000000003,-0.3267212,-0.037642956000000005,-0.01413662,0.40313792,-0.022247314,0.02154541,-0.31970215,-0.036888227,-0.024328813,0.40547353,-0.01184082,0.1895752,-0.28845215,-0.056345508,-0.18323955,0.40123284000000004,检查1#变、2变、开闭所有进线、出线地刀在拉开位置。
-0.19692993,-0.106414795,-0.19628906000000002,0.031238139,-0.06874643,0.35202712,-0.25372314,-0.111968994,-0.17401123000000002,0.09895234,-0.083609104,0.2986291,-0.30511475,-0.08544922,-0.039306640000000004,0.16093989,-0.11214525,0.14447886000000001,-0.13995361,-0.014587402000000001,-0.048553467,0.0036646575,-0.18045846000000001,0.13794029,0.060272217,-0.031280518,-0.10317993,-0.1817074,-0.14667565,0.16973671,0.14047241,-0.057891846000000004,-0.12994385,-0.24196622,-0.08741916,0.17819178,0.029724121000000003,-0.09197998,-0.07815552,-0.10874173000000001,-0.007216215000000001,0.11897272,-0.0107421875,-0.10348511,-0.06060791,-0.051852405000000004,0.038185418000000006,0.09865713,-0.023895264000000003,-0.09786987,-0.067352295,-0.033482254,0.042829372000000004,0.1050753,-0.034698486,-0.06625366,-0.07211304,-0.00669764,0.045945868,0.11235535,-0.029968262000000002,-0.063934326,-0.07943725600000001,-0.009033442000000001,0.050218828,0.12123352,0.028289795000000003,-0.045806885000000006,-0.16635132,-0.061335266000000006,0.059762426,0.22192279,0.028869629,-0.05508423,-0.16625977,-0.06289147,0.0783569,0.23085949,0.028564453,-0.055419922,-0.17025757,-0.06279057,0.08053911500000001,0.23680717,0.03250122,-0.06851196,-0.20895386,-0.06745155,0.09861009,0.28107753,0.035827637,-0.04248047,-0.2571411,-0.072550714,0.071251415,0.33208138,-0.0105896,0.020477295000000003,-0.3267212,-0.037642956000000005,-0.01413662,0.40313792,-0.022247314,0.02154541,-0.31970215,-0.036888227,-0.024328813,0.40547353,-0.01184082,0.1895752,-0.28845215,-0.056345508,-0.18323955,0.40123284000000004,0.008117676,0.23226929000000002,-0.19378662,-0.071633816,-0.201094,0.32197922,检查1#变、2变、开闭所有进线、出线地刀在拉开位置。
-0.25372314,-0.111968994,-0.17401123000000002,0.09895234,-0.083609104,0.2986291,-0.30511475,-0.08544922,-0.039306640000000004,0.16093989,-0.11214525,0.14447886000000001,-0.13995361,-0.014587402000000001,-0.048553467,0.0036646575,-0.18045846000000001,0.13794029,0.060272217,-0.031280518,-0.10317993,-0.1817074,-0.14667565,0.16973671,0.14047241,-0.057891846000000004,-0.12994385,-0.24196622,-0.08741916,0.17819178,0.029724121000000003,-0.09197998,-0.07815552,-0.10874173000000001,-0.007216215000000001,0.11897272,-0.0107421875,-0.10348511,-0.06060791,-0.051852405000000004,0.038185418000000006,0.09865713,-0.023895264000000003,-0.09786987,-0.067352295,-0.033482254,0.042829372000000004,0.1050753,-0.034698486,-0.06625366,-0.07211304,-0.00669764,0.045945868,0.11235535,-0.029968262000000002,-0.063934326,-0.07943725600000001,-0.009033442000000001,0.050218828,0.12123352,0.028289795000000003,-0.045806885000000006,-0.16635132,-0.061335266000000006,0.059762426,0.22192279,0.028869629,-0.05508423,-0.16625977,-0.06289147,0.0783569,0.23085949,0.028564453,-0.055419922,-0.17025757,-0.06279057,0.08053911500000001,0.23680717,0.03250122,-0.06851196,-0.20895386,-0.06745155,0.09861009,0.28107753,0.035827637,-0.04248047,-0.2571411,-0.072550714,0.071251415,0.33208138,-0.0105896,0.020477295000000003,-0.3267212,-0.037642956000000005,-0.01413662,0.40313792,-0.022247314,0.02154541,-0.31970215,-0.036888227,-0.024328813,0.40547353,-0.01184082,0.1895752,-0.28845215,-0.056345508,-0.18323955,0.40123284000000004,0.008117676,0.23226929000000002,-0.19378662,-0.071633816,-0.201094,0.32197922,0.045288086000000005,0.25753784,-0.20230103,-0.08496362,-0.18676329,0.33143455,检查1#变、2变、开闭所有进线、出线地刀在拉开位置。
-0.30511475,-0.08544922,-0.039306640000000004,0.16093989,-0.11214525,0.14447886000000001,-0.13995361,-0.014587402000000001,-0.048553467,0.0036646575,-0.18045846000000001,0.13794029,0.060272217,-0.031280518,-0.10317993,-0.1817074,-0.14667565,0.16973671,0.14047241,-0.057891846000000004,-0.12994385,-0.24196622,-0.08741916,0.17819178,0.029724121000000003,-0.09197998,-0.07815552,-0.10874173000000001,-0.007216215000000001,0.11897272,-0.0107421875,-0.10348511,-0.06060791,-0.051852405000000004,0.038185418000000006,0.09865713,-0.023895264000000003,-0.09786987,-0.067352295,-0.033482254,0.042829372000000004,0.1050753,-0.034698486,-0.06625366,-0.07211304,-0.00669764,0.045945868,0.11235535,-0.029968262000000002,-0.063934326,-0.07943725600000001,-0.009033442000000001,0.050218828,0.12123352,0.028289795000000003,-0.045806885000000006,-0.16635132,-0.061335266000000006,0.059762426,0.22192279,0.028869629,-0.05508423,-0.16625977,-0.06289147,0.0783569,0.23085949,0.028564453,-0.055419922,-0.17025757,-0.06279057,0.08053911500000001,0.23680717,0.03250122,-0.06851196,-0.20895386,-0.06745155,0.09861009,0.28107753,0.035827637,-0.04248047,-0.2571411,-0.072550714,0.071251415,0.33208138,-0.0105896,0.020477295000000003,-0.3267212,-0.037642956000000005,-0.01413662,0.40313792,-0.022247314,0.02154541,-0.31970215,-0.036888227,-0.024328813,0.40547353,-0.01184082,0.1895752,-0.28845215,-0.056345508,-0.18323955,0.40123284000000004,0.008117676,0.23226929000000002,-0.19378662,-0.071633816,-0.201094,0.32197922,0.045288086000000005,0.25753784,-0.20230103,-0.08496362,-0.18676329,0.33143455,0.045288086000000005,0.25753784,-0.20230103,-0.08496362,-0.18676329,0.33143455,检查1#变、2变、开闭所有进线、出线地刀在拉开位置。
-0.13995361,-0.014587402000000001,-0.048553467,0.0036646575,-0.18045846000000001,0.13794029,0.060272217,-0.031280518,-0.10317993,-0.1817074,-0.14667565,0.16973671,0.14047241,-0.057891846000000004,-0.12994385,-0.24196622,-0.08741916,0.17819178,0.029724121000000003,-0.09197998,-0.07815552,-0.10874173000000001,-0.007216215000000001,0.11897272,-0.0107421875,-0.10348511,-0.06060791,-0.051852405000000004,0.038185418000000006,0.09865713,-0.023895264000000003,-0.09786987,-0.067352295,-0.033482254,0.042829372000000004,0.1050753,-0.034698486,-0.06625366,-0.07211304,-0.00669764,0.045945868,0.11235535,-0.029968262000000002,-0.063934326,-0.07943725600000001,-0.009033442000000001,0.050218828,0.12123352,0.028289795000000003,-0.045806885000000006,-0.16635132,-0.061335266000000006,0.059762426,0.22192279,0.028869629,-0.05508423,-0.16625977,-0.06289147,0.0783569,0.23085949,0.028564453,-0.055419922,-0.17025757,-0.06279057,0.08053911500000001,0.23680717,0.03250122,-0.06851196,-0.20895386,-0.06745155,0.09861009,0.28107753,0.035827637,-0.04248047,-0.2571411,-0.072550714,0.071251415,0.33208138,-0.0105896,0.020477295000000003,-0.3267212,-0.037642956000000005,-0.01413662,0.40313792,-0.022247314,0.02154541,-0.31970215,-0.036888227,-0.024328813,0.40547353,-0.01184082,0.1895752,-0.28845215,-0.056345508,-0.18323955,0.40123284000000004,0.008117676,0.23226929000000002,-0.19378662,-0.071633816,-0.201094,0.32197922,0.045288086000000005,0.25753784,-0.20230103,-0.08496362,-0.18676329,0.33143455,0.045288086000000005,0.25753784,-0.20230103,-0.08496362,-0.18676329,0.33143455,0.06536865,0.19775389999999998,-0.18939209,-0.09244314000000001,-0.11011743,0.31372377,检查1#变、2变、开闭所有进线、出线地刀在拉开位置。
0.060272217,-0.031280518,-0.10317993,-0.1817074,-0.14667565,0.16973671,0.14047241,-0.057891846000000004,-0.12994385,-0.24196622,-0.08741916,0.17819178,0.029724121000000003,-0.09197998,-0.07815552,-0.10874173000000001,-0.007216215000000001,0.11897272,-0.0107421875,-0.10348511,-0.06060791,-0.051852405000000004,0.038185418000000006,0.09865713,-0.023895264000000003,-0.09786987,-0.067352295,-0.033482254,0.042829372000000004,0.1050753,-0.034698486,-0.06625366,-0.07211304,-0.00669764,0.045945868,0.11235535,-0.029968262000000002,-0.063934326,-0.07943725600000001,-0.009033442000000001,0.050218828,0.12123352,0.028289795000000003,-0.045806885000000006,-0.16635132,-0.061335266000000006,0.059762426,0.22192279,0.028869629,-0.05508423,-0.16625977,-0.06289147,0.0783569,0.23085949,0.028564453,-0.055419922,-0.17025757,-0.06279057,0.08053911500000001,0.23680717,0.03250122,-0.06851196,-0.20895386,-0.06745155,0.09861009,0.28107753,0.035827637,-0.04248047,-0.2571411,-0.072550714,0.071251415,0.33208138,-0.0105896,0.020477295000000003,-0.3267212,-0.037642956000000005,-0.01413662,0.40313792,-0.022247314,0.02154541,-0.31970215,-0.036888227,-0.024328813,0.40547353,-0.01184082,0.1895752,-0.28845215,-0.056345508,-0.18323955,0.40123284000000004,0.008117676,0.23226929000000002,-0.19378662,-0.071633816,-0.201094,0.32197922,0.045288086000000005,0.25753784,-0.20230103,-0.08496362,-0.18676329,0.33143455,0.045288086000000005,0.25753784,-0.20230103,-0.08496362,-0.18676329,0.33143455,0.06536865,0.19775389999999998,-0.18939209,-0.09244314000000001,-0.11011743,0.31372377,0.06951904,0.2286377,-0.18960571,-0.07095003,-0.113199376,0.30554676000000003,检查1#变、2变、开闭所有进线、出线地刀在拉开位置。
0.14047241,-0.057891846000000004,-0.12994385,-0.24196622,-0.08741916,0.17819178,0.029724121000000003,-0.09197998,-0.07815552,-0.10874173000000001,-0.007216215000000001,0.11897272,-0.0107421875,-0.10348511,-0.06060791,-0.051852405000000004,0.038185418000000006,0.09865713,-0.023895264000000003,-0.09786987,-0.067352295,-0.033482254,0.042829372000000004,0.1050753,-0.034698486,-0.06625366,-0.07211304,-0.00669764,0.045945868,0.11235535,-0.029968262000000002,-0.063934326,-0.07943725600000001,-0.009033442000000001,0.050218828,0.12123352,0.028289795000000003,-0.045806885000000006,-0.16635132,-0.061335266000000006,0.059762426,0.22192279,0.028869629,-0.05508423,-0.16625977,-0.06289147,0.0783569,0.23085949,0.028564453,-0.055419922,-0.17025757,-0.06279057,0.08053911500000001,0.23680717,0.03250122,-0.06851196,-0.20895386,-0.06745155,0.09861009,0.28107753,0.035827637,-0.04248047,-0.2571411,-0.072550714,0.071251415,0.33208138,-0.0105896,0.020477295000000003,-0.3267212,-0.037642956000000005,-0.01413662,0.40313792,-0.022247314,0.02154541,-0.31970215,-0.036888227,-0.024328813,0.40547353,-0.01184082,0.1895752,-0.28845215,-0.056345508,-0.18323955,0.40123284000000004,0.008117676,0.23226929000000002,-0.19378662,-0.071633816,-0.201094,0.32197922,0.045288086000000005,0.25753784,-0.20230103,-0.08496362,-0.18676329,0.33143455,0.045288086000000005,0.25753784,-0.20230103,-0.08496362,-0.18676329,0.33143455,0.06536865,0.19775389999999998,-0.18939209,-0.09244314000000001,-0.11011743,0.31372377,0.06951904,0.2286377,-0.18960571,-0.07095003,-0.113199376,0.30554676000000003,0.034210205,0.30166626,-0.13482666000000001,-0.0052344054,-0.16875896,0.22729617,检查1#变、2变、开闭所有进线、出线地刀在拉开位置。
0.029724121000000003,-0.09197998,-0.07815552,-0.10874173000000001,-0.007216215000000001,0.11897272,-0.0107421875,-0.10348511,-0.06060791,-0.051852405000000004,0.038185418000000006,0.09865713,-0.023895264000000003,-0.09786987,-0.067352295,-0.033482254,0.042829372000000004,0.1050753,-0.034698486,-0.06625366,-0.07211304,-0.00669764,0.045945868,0.11235535,-0.029968262000000002,-0.063934326,-0.07943725600000001,-0.009033442000000001,0.050218828,0.12123352,0.028289795000000003,-0.045806885000000006,-0.16635132,-0.061335266000000006,0.059762426,0.22192279,0.028869629,-0.05508423,-0.16625977,-0.06289147,0.0783569,0.23085949,0.028564453,-0.055419922,-0.17025757,-0.06279057,0.08053911500000001,0.23680717,0.03250122,-0.06851196,-0.20895386,-0.06745155,0.09861009,0.28107753,0.035827637,-0.04248047,-0.2571411,-0.072550714,0.071251415,0.33208138,-0.0105896,0.020477295000000003,-0.3267212,-0.037642956000000005,-0.01413662,0.40313792,-0.022247314,0.02154541,-0.31970215,-0.036888227,-0.024328813,0.40547353,-0.01184082,0.1895752,-0.28845215,-0.056345508,-0.18323955,0.40123284000000004,0.008117676,0.23226929000000002,-0.19378662,-0.071633816,-0.201094,0.32197922,0.045288086000000005,0.25753784,-0.20230103,-0.08496362,-0.18676329,0.33143455,0.045288086000000005,0.25753784,-0.20230103,-0.08496362,-0.18676329,0.33143455,0.06536865,0.19775389999999998,-0.18939209,-0.09244314000000001,-0.11011743,0.31372377,0.06951904,0.2286377,-0.18960571,-0.07095003,-0.113199376,0.30554676000000003,0.034210205,0.30166626,-0.13482666000000001,-0.0052344054,-0.16875896,0.22729617,0.050994873,0.53933716,-0.30725098,0.00500305,-0.42289713,0.35535115,检查1#变、2变、开闭所有进线、出线地刀在拉开位置。
-0.0107421875,-0.10348511,-0.06060791,-0.051852405000000004,0.038185418000000006,0.09865713,-0.023895264000000003,-0.09786987,-0.067352295,-0.033482254,0.042829372000000004,0.1050753,-0.034698486,-0.06625366,-0.07211304,-0.00669764,0.045945868,0.11235535,-0.029968262000000002,-0.063934326,-0.07943725600000001,-0.009033442000000001,0.050218828,0.12123352,0.028289795000000003,-0.045806885000000006,-0.16635132,-0.061335266000000006,0.059762426,0.22192279,0.028869629,-0.05508423,-0.16625977,-0.06289147,0.0783569,0.23085949,0.028564453,-0.055419922,-0.17025757,-0.06279057,0.08053911500000001,0.23680717,0.03250122,-0.06851196,-0.20895386,-0.06745155,0.09861009,0.28107753,0.035827637,-0.04248047,-0.2571411,-0.072550714,0.071251415,0.33208138,-0.0105896,0.020477295000000003,-0.3267212,-0.037642956000000005,-0.01413662,0.40313792,-0.022247314,0.02154541,-0.31970215,-0.036888227,-0.024328813,0.40547353,-0.01184082,0.1895752,-0.28845215,-0.056345508,-0.18323955,0.40123284000000004,0.008117676,0.23226929000000002,-0.19378662,-0.071633816,-0.201094,0.32197922,0.045288086000000005,0.25753784,-0.20230103,-0.08496362,-0.18676329,0.33143455,0.045288086000000005,0.25753784,-0.20230103,-0.08496362,-0.18676329,0.33143455,0.06536865,0.19775389999999998,-0.18939209,-0.09244314000000001,-0.11011743,0.31372377,0.06951904,0.2286377,-0.18960571,-0.07095003,-0.113199376,0.30554676000000003,0.034210205,0.30166626,-0.13482666000000001,-0.0052344054,-0.16875896,0.22729617,0.050994873,0.53933716,-0.30725098,0.00500305,-0.42289713,0.35535115,0.10232544,0.48486328,-0.24038696,-0.029341683,-0.38473517,0.24897552,检查1#变、2变、开闭所有进线、出线地刀在拉开位置。
-0.023895264000000003,-0.09786987,-0.067352295,-0.033482254,0.042829372000000004,0.1050753,-0.034698486,-0.06625366,-0.07211304,-0.00669764,0.045945868,0.11235535,-0.029968262000000002,-0.063934326,-0.07943725600000001,-0.009033442000000001,0.050218828,0.12123352,0.028289795000000003,-0.045806885000000006,-0.16635132,-0.061335266000000006,0.059762426,0.22192279,0.028869629,-0.05508423,-0.16625977,-0.06289147,0.0783569,0.23085949,0.028564453,-0.055419922,-0.17025757,-0.06279057,0.08053911500000001,0.23680717,0.03250122,-0.06851196,-0.20895386,-0.06745155,0.09861009,0.28107753,0.035827637,-0.04248047,-0.2571411,-0.072550714,0.071251415,0.33208138,-0.0105896,0.020477295000000003,-0.3267212,-0.037642956000000005,-0.01413662,0.40313792,-0.022247314,0.02154541,-0.31970215,-0.036888227,-0.024328813,0.40547353,-0.01184082,0.1895752,-0.28845215,-0.056345508,-0.18323955,0.40123284000000004,0.008117676,0.23226929000000002,-0.19378662,-0.071633816,-0.201094,0.32197922,0.045288086000000005,0.25753784,-0.20230103,-0.08496362,-0.18676329,0.33143455,0.045288086000000005,0.25753784,-0.20230103,-0.08496362,-0.18676329,0.33143455,0.06536865,0.19775389999999998,-0.18939209,-0.09244314000000001,-0.11011743,0.31372377,0.06951904,0.2286377,-0.18960571,-0.07095003,-0.113199376,0.30554676000000003,0.034210205,0.30166626,-0.13482666000000001,-0.0052344054,-0.16875896,0.22729617,0.050994873,0.53933716,-0.30725098,0.00500305,-0.42289713,0.35535115,0.10232544,0.48486328,-0.24038696,-0.029341683,-0.38473517,0.24897552,-0.11407471,0.5060425,-0.17471313,0.22984079999999998,-0.41094749999999997,0.13605279,检查1#变、2变、开闭所有进线、出线地刀在拉开位置。
-0.034698486,-0.06625366,-0.07211304,-0.00669764,0.045945868,0.11235535,-0.029968262000000002,-0.063934326,-0.07943725600000001,-0.009033442000000001,0.050218828,0.12123352,0.028289795000000003,-0.045806885000000006,-0.16635132,-0.061335266000000006,0.059762426,0.22192279,0.028869629,-0.05508423,-0.16625977,-0.06289147,0.0783569,0.23085949,0.028564453,-0.055419922,-0.17025757,-0.06279057,0.08053911500000001,0.23680717,0.03250122,-0.06851196,-0.20895386,-0.06745155,0.09861009,0.28107753,0.035827637,-0.04248047,-0.2571411,-0.072550714,0.071251415,0.33208138,-0.0105896,0.020477295000000003,-0.3267212,-0.037642956000000005,-0.01413662,0.40313792,-0.022247314,0.02154541,-0.31970215,-0.036888227,-0.024328813,0.40547353,-0.01184082,0.1895752,-0.28845215,-0.056345508,-0.18323955,0.40123284000000004,0.008117676,0.23226929000000002,-0.19378662,-0.071633816,-0.201094,0.32197922,0.045288086000000005,0.25753784,-0.20230103,-0.08496362,-0.18676329,0.33143455,0.045288086000000005,0.25753784,-0.20230103,-0.08496362,-0.18676329,0.33143455,0.06536865,0.19775389999999998,-0.18939209,-0.09244314000000001,-0.11011743,0.31372377,0.06951904,0.2286377,-0.18960571,-0.07095003,-0.113199376,0.30554676000000003,0.034210205,0.30166626,-0.13482666000000001,-0.0052344054,-0.16875896,0.22729617,0.050994873,0.53933716,-0.30725098,0.00500305,-0.42289713,0.35535115,0.10232544,0.48486328,-0.24038696,-0.029341683,-0.38473517,0.24897552,-0.11407471,0.5060425,-0.17471313,0.22984079999999998,-0.41094749999999997,0.13605279,-0.18762207,0.35333252,-0.08685303,0.35120779999999996,-0.2528648,0.005418837,检查1#变、2变、开闭所有进线、出线地刀在拉开位置。
-0.029968262000000002,-0.063934326,-0.07943725600000001,-0.009033442000000001,0.050218828,0.12123352,0.028289795000000003,-0.045806885000000006,-0.16635132,-0.061335266000000006,0.059762426,0.22192279,0.028869629,-0.05508423,-0.16625977,-0.06289147,0.0783569,0.23085949,0.028564453,-0.055419922,-0.17025757,-0.06279057,0.08053911500000001,0.23680717,0.03250122,-0.06851196,-0.20895386,-0.06745155,0.09861009,0.28107753,0.035827637,-0.04248047,-0.2571411,-0.072550714,0.071251415,0.33208138,-0.0105896,0.020477295000000003,-0.3267212,-0.037642956000000005,-0.01413662,0.40313792,-0.022247314,0.02154541,-0.31970215,-0.036888227,-0.024328813,0.40547353,-0.01184082,0.1895752,-0.28845215,-0.056345508,-0.18323955,0.40123284000000004,0.008117676,0.23226929000000002,-0.19378662,-0.071633816,-0.201094,0.32197922,0.045288086000000005,0.25753784,-0.20230103,-0.08496362,-0.18676329,0.33143455,0.045288086000000005,0.25753784,-0.20230103,-0.08496362,-0.18676329,0.33143455,0.06536865,0.19775389999999998,-0.18939209,-0.09244314000000001,-0.11011743,0.31372377,0.06951904,0.2286377,-0.18960571,-0.07095003,-0.113199376,0.30554676000000003,0.034210205,0.30166626,-0.13482666000000001,-0.0052344054,-0.16875896,0.22729617,0.050994873,0.53933716,-0.30725098,0.00500305,-0.42289713,0.35535115,0.10232544,0.48486328,-0.24038696,-0.029341683,-0.38473517,0.24897552,-0.11407471,0.5060425,-0.17471313,0.22984079999999998,-0.41094749999999997,0.13605279,-0.18762207,0.35333252,-0.08685303,0.35120779999999996,-0.2528648,0.005418837,-0.12585449,0.15560913,-0.119262695,0.40666944,-0.038041897000000005,-0.03647548,检查1#变、2变、开闭所有进线、出线地刀在拉开位置。
0.028289795000000003,-0.045806885000000006,-0.16635132,-0.061335266000000006,0.059762426,0.22192279,0.028869629,-0.05508423,-0.16625977,-0.06289147,0.0783569,0.23085949,0.028564453,-0.055419922,-0.17025757,-0.06279057,0.08053911500000001,0.23680717,0.03250122,-0.06851196,-0.20895386,-0.06745155,0.09861009,0.28107753,0.035827637,-0.04248047,-0.2571411,-0.072550714,0.071251415,0.33208138,-0.0105896,0.020477295000000003,-0.3267212,-0.037642956000000005,-0.01413662,0.40313792,-0.022247314,0.02154541,-0.31970215,-0.036888227,-0.024328813,0.40547353,-0.01184082,0.1895752,-0.28845215,-0.056345508,-0.18323955,0.40123284000000004,0.008117676,0.23226929000000002,-0.19378662,-0.071633816,-0.201094,0.32197922,0.045288086000000005,0.25753784,-0.20230103,-0.08496362,-0.18676329,0.33143455,0.045288086000000005,0.25753784,-0.20230103,-0.08496362,-0.18676329,0.33143455,0.06536865,0.19775389999999998,-0.18939209,-0.09244314000000001,-0.11011743,0.31372377,0.06951904,0.2286377,-0.18960571,-0.07095003,-0.113199376,0.30554676000000003,0.034210205,0.30166626,-0.13482666000000001,-0.0052344054,-0.16875896,0.22729617,0.050994873,0.53933716,-0.30725098,0.00500305,-0.42289713,0.35535115,0.10232544,0.48486328,-0.24038696,-0.029341683,-0.38473517,0.24897552,-0.11407471,0.5060425,-0.17471313,0.22984079999999998,-0.41094749999999997,0.13605279,-0.18762207,0.35333252,-0.08685303,0.35120779999999996,-0.2528648,0.005418837,-0.12585449,0.15560913,-0.119262695,0.40666944,-0.038041897000000005,-0.03647548,-0.03918457,0.06558227500000001,-0.12786865,0.37523907,0.06292739,-0.05222261,检查1#变、2变、开闭所有进线、出线地刀在拉开位置。
0.028869629,-0.05508423,-0.16625977,-0.06289147,0.0783569,0.23085949,0.028564453,-0.055419922,-0.17025757,-0.06279057,0.08053911500000001,0.23680717,0.03250122,-0.06851196,-0.20895386,-0.06745155,0.09861009,0.28107753,0.035827637,-0.04248047,-0.2571411,-0.072550714,0.071251415,0.33208138,-0.0105896,0.020477295000000003,-0.3267212,-0.037642956000000005,-0.01413662,0.40313792,-0.022247314,0.02154541,-0.31970215,-0.036888227,-0.024328813,0.40547353,-0.01184082,0.1895752,-0.28845215,-0.056345508,-0.18323955,0.40123284000000004,0.008117676,0.23226929000000002,-0.19378662,-0.071633816,-0.201094,0.32197922,0.045288086000000005,0.25753784,-0.20230103,-0.08496362,-0.18676329,0.33143455,0.045288086000000005,0.25753784,-0.20230103,-0.08496362,-0.18676329,0.33143455,0.06536865,0.19775389999999998,-0.18939209,-0.09244314000000001,-0.11011743,0.31372377,0.06951904,0.2286377,-0.18960571,-0.07095003,-0.113199376,0.30554676000000003,0.034210205,0.30166626,-0.13482666000000001,-0.0052344054,-0.16875896,0.22729617,0.050994873,0.53933716,-0.30725098,0.00500305,-0.42289713,0.35535115,0.10232544,0.48486328,-0.24038696,-0.029341683,-0.38473517,0.24897552,-0.11407471,0.5060425,-0.17471313,0.22984079999999998,-0.41094749999999997,0.13605279,-0.18762207,0.35333252,-0.08685303,0.35120779999999996,-0.2528648,0.005418837,-0.12585449,0.15560913,-0.119262695,0.40666944,-0.038041897000000005,-0.03647548,-0.03918457,0.06558227500000001,-0.12786865,0.37523907,0.06292739,-0.05222261,0.17999268000000002,-0.039764404,-0.18661499,0.2699889,0.20472562,-0.016266644,检查1#变、2变、开闭所有进线、出线地刀在拉开位置。
0.028564453,-0.055419922,-0.17025757,-0.06279057,0.08053911500000001,0.23680717,0.03250122,-0.06851196,-0.20895386,-0.06745155,0.09861009,0.28107753,0.035827637,-0.04248047,-0.2571411,-0.072550714,0.071251415,0.33208138,-0.0105896,0.020477295000000003,-0.3267212,-0.037642956000000005,-0.01413662,0.40313792,-0.022247314,0.02154541,-0.31970215,-0.036888227,-0.024328813,0.40547353,-0.01184082,0.1895752,-0.28845215,-0.056345508,-0.18323955,0.40123284000000004,0.008117676,0.23226929000000002,-0.19378662,-0.071633816,-0.201094,0.32197922,0.045288086000000005,0.25753784,-0.20230103,-0.08496362,-0.18676329,0.33143455,0.045288086000000005,0.25753784,-0.20230103,-0.08496362,-0.18676329,0.33143455,0.06536865,0.19775389999999998,-0.18939209,-0.09244314000000001,-0.11011743,0.31372377,0.06951904,0.2286377,-0.18960571,-0.07095003,-0.113199376,0.30554676000000003,0.034210205,0.30166626,-0.13482666000000001,-0.0052344054,-0.16875896,0.22729617,0.050994873,0.53933716,-0.30725098,0.00500305,-0.42289713,0.35535115,0.10232544,0.48486328,-0.24038696,-0.029341683,-0.38473517,0.24897552,-0.11407471,0.5060425,-0.17471313,0.22984079999999998,-0.41094749999999997,0.13605279,-0.18762207,0.35333252,-0.08685303,0.35120779999999996,-0.2528648,0.005418837,-0.12585449,0.15560913,-0.119262695,0.40666944,-0.038041897000000005,-0.03647548,-0.03918457,0.06558227500000001,-0.12786865,0.37523907,0.06292739,-0.05222261,0.17999268000000002,-0.039764404,-0.18661499,0.2699889,0.20472562,-0.016266644,0.30386353,0.009094238000000001,-0.25839233,0.22307079,0.19075015,0.062089562,检查1#变、2变、开闭所有进线、出线地刀在拉开位置。
0.03250122,-0.06851196,-0.20895386,-0.06745155,0.09861009,0.28107753,0.035827637,-0.04248047,-0.2571411,-0.072550714,0.071251415,0.33208138,-0.0105896,0.020477295000000003,-0.3267212,-0.037642956000000005,-0.01413662,0.40313792,-0.022247314,0.02154541,-0.31970215,-0.036888227,-0.024328813,0.40547353,-0.01184082,0.1895752,-0.28845215,-0.056345508,-0.18323955,0.40123284000000004,0.008117676,0.23226929000000002,-0.19378662,-0.071633816,-0.201094,0.32197922,0.045288086000000005,0.25753784,-0.20230103,-0.08496362,-0.18676329,0.33143455,0.045288086000000005,0.25753784,-0.20230103,-0.08496362,-0.18676329,0.33143455,0.06536865,0.19775389999999998,-0.18939209,-0.09244314000000001,-0.11011743,0.31372377,0.06951904,0.2286377,-0.18960571,-0.07095003,-0.113199376,0.30554676000000003,0.034210205,0.30166626,-0.13482666000000001,-0.0052344054,-0.16875896,0.22729617,0.050994873,0.53933716,-0.30725098,0.00500305,-0.42289713,0.35535115,0.10232544,0.48486328,-0.24038696,-0.029341683,-0.38473517,0.24897552,-0.11407471,0.5060425,-0.17471313,0.22984079999999998,-0.41094749999999997,0.13605279,-0.18762207,0.35333252,-0.08685303,0.35120779999999996,-0.2528648,0.005418837,-0.12585449,0.15560913,-0.119262695,0.40666944,-0.038041897000000005,-0.03647548,-0.03918457,0.06558227500000001,-0.12786865,0.37523907,0.06292739,-0.05222261,0.17999268000000002,-0.039764404,-0.18661499,0.2699889,0.20472562,-0.016266644,0.30386353,0.009094238000000001,-0.25839233,0.22307079,0.19075015,0.062089562,0.43878174000000003,-0.028167725,-0.26904297,0.17893945,0.27231646,0.09353995,检查1#变、2变、开闭所有进线、出线地刀在拉开位置。
0.035827637,-0.04248047,-0.2571411,-0.072550714,0.071251415,0.33208138,-0.0105896,0.020477295000000003,-0.3267212,-0.037642956000000005,-0.01413662,0.40313792,-0.022247314,0.02154541,-0.31970215,-0.036888227,-0.024328813,0.40547353,-0.01184082,0.1895752,-0.28845215,-0.056345508,-0.18323955,0.40123284000000004,0.008117676,0.23226929000000002,-0.19378662,-0.071633816,-0.201094,0.32197922,0.045288086000000005,0.25753784,-0.20230103,-0.08496362,-0.18676329,0.33143455,0.045288086000000005,0.25753784,-0.20230103,-0.08496362,-0.18676329,0.33143455,0.06536865,0.19775389999999998,-0.18939209,-0.09244314000000001,-0.11011743,0.31372377,0.06951904,0.2286377,-0.18960571,-0.07095003,-0.113199376,0.30554676000000003,0.034210205,0.30166626,-0.13482666000000001,-0.0052344054,-0.16875896,0.22729617,0.050994873,0.53933716,-0.30725098,0.00500305,-0.42289713,0.35535115,0.10232544,0.48486328,-0.24038696,-0.029341683,-0.38473517,0.24897552,-0.11407471,0.5060425,-0.17471313,0.22984079999999998,-0.41094749999999997,0.13605279,-0.18762207,0.35333252,-0.08685303,0.35120779999999996,-0.2528648,0.005418837,-0.12585449,0.15560913,-0.119262695,0.40666944,-0.038041897000000005,-0.03647548,-0.03918457,0.06558227500000001,-0.12786865,0.37523907,0.06292739,-0.05222261,0.17999268000000002,-0.039764404,-0.18661499,0.2699889,0.20472562,-0.016266644,0.30386353,0.009094238000000001,-0.25839233,0.22307079,0.19075015,0.062089562,0.43878174000000003,-0.028167725,-0.26904297,0.17893945,0.27231646,0.09353995,0.5296936,-0.14376831,-0.26913452,0.112931505,0.40950808,0.10915071,检查1#变、2变、开闭所有进线、出线地刀在拉开位置。
-0.0105896,0.020477295000000003,-0.3267212,-0.037642956000000005,-0.01413662,0.40313792,-0.022247314,0.02154541,-0.31970215,-0.036888227,-0.024328813,0.40547353,-0.01184082,0.1895752,-0.28845215,-0.056345508,-0.18323955,0.40123284000000004,0.008117676,0.23226929000000002,-0.19378662,-0.071633816,-0.201094,0.32197922,0.045288086000000005,0.25753784,-0.20230103,-0.08496362,-0.18676329,0.33143455,0.045288086000000005,0.25753784,-0.20230103,-0.08496362,-0.18676329,0.33143455,0.06536865,0.19775389999999998,-0.18939209,-0.09244314000000001,-0.11011743,0.31372377,0.06951904,0.2286377,-0.18960571,-0.07095003,-0.113199376,0.30554676000000003,0.034210205,0.30166626,-0.13482666000000001,-0.0052344054,-0.16875896,0.22729617,0.050994873,0.53933716,-0.30725098,0.00500305,-0.42289713,0.35535115,0.10232544,0.48486328,-0.24038696,-0.029341683,-0.38473517,0.24897552,-0.11407471,0.5060425,-0.17471313,0.22984079999999998,-0.41094749999999997,0.13605279,-0.18762207,0.35333252,-0.08685303,0.35120779999999996,-0.2528648,0.005418837,-0.12585449,0.15560913,-0.119262695,0.40666944,-0.038041897000000005,-0.03647548,-0.03918457,0.06558227500000001,-0.12786865,0.37523907,0.06292739,-0.05222261,0.17999268000000002,-0.039764404,-0.18661499,0.2699889,0.20472562,-0.016266644,0.30386353,0.009094238000000001,-0.25839233,0.22307079,0.19075015,0.062089562,0.43878174000000003,-0.028167725,-0.26904297,0.17893945,0.27231646,0.09353995,0.5296936,-0.14376831,-0.26913452,0.112931505,0.40950808,0.10915071,0.5404663,-0.16540527,-0.28237915,0.095605955,0.44209057,0.13341463,检查1#变、2变、开闭所有进线、出线地刀在拉开位置。
-0.022247314,0.02154541,-0.31970215,-0.036888227,-0.024328813,0.40547353,-0.01184082,0.1895752,-0.28845215,-0.056345508,-0.18323955,0.40123284000000004,0.008117676,0.23226929000000002,-0.19378662,-0.071633816,-0.201094,0.32197922,0.045288086000000005,0.25753784,-0.20230103,-0.08496362,-0.18676329,0.33143455,0.045288086000000005,0.25753784,-0.20230103,-0.08496362,-0.18676329,0.33143455,0.06536865,0.19775389999999998,-0.18939209,-0.09244314000000001,-0.11011743,0.31372377,0.06951904,0.2286377,-0.18960571,-0.07095003,-0.113199376,0.30554676000000003,0.034210205,0.30166626,-0.13482666000000001,-0.0052344054,-0.16875896,0.22729617,0.050994873,0.53933716,-0.30725098,0.00500305,-0.42289713,0.35535115,0.10232544,0.48486328,-0.24038696,-0.029341683,-0.38473517,0.24897552,-0.11407471,0.5060425,-0.17471313,0.22984079999999998,-0.41094749999999997,0.13605279,-0.18762207,0.35333252,-0.08685303,0.35120779999999996,-0.2528648,0.005418837,-0.12585449,0.15560913,-0.119262695,0.40666944,-0.038041897000000005,-0.03647548,-0.03918457,0.06558227500000001,-0.12786865,0.37523907,0.06292739,-0.05222261,0.17999268000000002,-0.039764404,-0.18661499,0.2699889,0.20472562,-0.016266644,0.30386353,0.009094238000000001,-0.25839233,0.22307079,0.19075015,0.062089562,0.43878174000000003,-0.028167725,-0.26904297,0.17893945,0.27231646,0.09353995,0.5296936,-0.14376831,-0.26913452,0.112931505,0.40950808,0.10915071,0.5404663,-0.16540527,-0.28237915,0.095605955,0.44209057,0.13341463,0.42352295,-0.15988159,-0.29489136,0.17192219,0.42242998,0.13788736000000001,检查1#变、2变、开闭所有进线、出线地刀在拉开位置。
-0.01184082,0.1895752,-0.28845215,-0.056345508,-0.18323955,0.40123284000000004,0.008117676,0.23226929000000002,-0.19378662,-0.071633816,-0.201094,0.32197922,0.045288086000000005,0.25753784,-0.20230103,-0.08496362,-0.18676329,0.33143455,0.045288086000000005,0.25753784,-0.20230103,-0.08496362,-0.18676329,0.33143455,0.06536865,0.19775389999999998,-0.18939209,-0.09244314000000001,-0.11011743,0.31372377,0.06951904,0.2286377,-0.18960571,-0.07095003,-0.113199376,0.30554676000000003,0.034210205,0.30166626,-0.13482666000000001,-0.0052344054,-0.16875896,0.22729617,0.050994873,0.53933716,-0.30725098,0.00500305,-0.42289713,0.35535115,0.10232544,0.48486328,-0.24038696,-0.029341683,-0.38473517,0.24897552,-0.11407471,0.5060425,-0.17471313,0.22984079999999998,-0.41094749999999997,0.13605279,-0.18762207,0.35333252,-0.08685303,0.35120779999999996,-0.2528648,0.005418837,-0.12585449,0.15560913,-0.119262695,0.40666944,-0.038041897000000005,-0.03647548,-0.03918457,0.06558227500000001,-0.12786865,0.37523907,0.06292739,-0.05222261,0.17999268000000002,-0.039764404,-0.18661499,0.2699889,0.20472562,-0.016266644,0.30386353,0.009094238000000001,-0.25839233,0.22307079,0.19075015,0.062089562,0.43878174000000003,-0.028167725,-0.26904297,0.17893945,0.27231646,0.09353995,0.5296936,-0.14376831,-0.26913452,0.112931505,0.40950808,0.10915071,0.5404663,-0.16540527,-0.28237915,0.095605955,0.44209057,0.13341463,0.42352295,-0.15988159,-0.29489136,0.17192219,0.42242998,0.13788736000000001,0.29580688,-0.21734619,-0.28237915,0.25748217,0.44914338000000004,0.10433352,检查1#变、2变、开闭所有进线、出线地刀在拉开位置。
0.008117676,0.23226929000000002,-0.19378662,-0.071633816,-0.201094,0.32197922,0.045288086000000005,0.25753784,-0.20230103,-0.08496362,-0.18676329,0.33143455,0.045288086000000005,0.25753784,-0.20230103,-0.08496362,-0.18676329,0.33143455,0.06536865,0.19775389999999998,-0.18939209,-0.09244314000000001,-0.11011743,0.31372377,0.06951904,0.2286377,-0.18960571,-0.07095003,-0.113199376,0.30554676000000003,0.034210205,0.30166626,-0.13482666000000001,-0.0052344054,-0.16875896,0.22729617,0.050994873,0.53933716,-0.30725098,0.00500305,-0.42289713,0.35535115,0.10232544,0.48486328,-0.24038696,-0.029341683,-0.38473517,0.24897552,-0.11407471,0.5060425,-0.17471313,0.22984079999999998,-0.41094749999999997,0.13605279,-0.18762207,0.35333252,-0.08685303,0.35120779999999996,-0.2528648,0.005418837,-0.12585449,0.15560913,-0.119262695,0.40666944,-0.038041897000000005,-0.03647548,-0.03918457,0.06558227500000001,-0.12786865,0.37523907,0.06292739,-0.05222261,0.17999268000000002,-0.039764404,-0.18661499,0.2699889,0.20472562,-0.016266644,0.30386353,0.009094238000000001,-0.25839233,0.22307079,0.19075015,0.062089562,0.43878174000000003,-0.028167725,-0.26904297,0.17893945,0.27231646,0.09353995,0.5296936,-0.14376831,-0.26913452,0.112931505,0.40950808,0.10915071,0.5404663,-0.16540527,-0.28237915,0.095605955,0.44209057,0.13341463,0.42352295,-0.15988159,-0.29489136,0.17192219,0.42242998,0.13788736000000001,0.29580688,-0.21734619,-0.28237915,0.25748217,0.44914338000000004,0.10433352,0.081451416,-0.3025818,-0.21353149999999999,0.38708943,0.48767972,0.017410815,检查1#变、2变、开闭所有进线、出线地刀在拉开位置。
0.045288086000000005,0.25753784,-0.20230103,-0.08496362,-0.18676329,0.33143455,0.045288086000000005,0.25753784,-0.20230103,-0.08496362,-0.18676329,0.33143455,0.06536865,0.19775389999999998,-0.18939209,-0.09244314000000001,-0.11011743,0.31372377,0.06951904,0.2286377,-0.18960571,-0.07095003,-0.113199376,0.30554676000000003,0.034210205,0.30166626,-0.13482666000000001,-0.0052344054,-0.16875896,0.22729617,0.050994873,0.53933716,-0.30725098,0.00500305,-0.42289713,0.35535115,0.10232544,0.48486328,-0.24038696,-0.029341683,-0.38473517,0.24897552,-0.11407471,0.5060425,-0.17471313,0.22984079999999998,-0.41094749999999997,0.13605279,-0.18762207,0.35333252,-0.08685303,0.35120779999999996,-0.2528648,0.005418837,-0.12585449,0.15560913,-0.119262695,0.40666944,-0.038041897000000005,-0.03647548,-0.03918457,0.06558227500000001,-0.12786865,0.37523907,0.06292739,-0.05222261,0.17999268000000002,-0.039764404,-0.18661499,0.2699889,0.20472562,-0.016266644,0.30386353,0.009094238000000001,-0.25839233,0.22307079,0.19075015,0.062089562,0.43878174000000003,-0.028167725,-0.26904297,0.17893945,0.27231646,0.09353995,0.5296936,-0.14376831,-0.26913452,0.112931505,0.40950808,0.10915071,0.5404663,-0.16540527,-0.28237915,0.095605955,0.44209057,0.13341463,0.42352295,-0.15988159,-0.29489136,0.17192219,0.42242998,0.13788736000000001,0.29580688,-0.21734619,-0.28237915,0.25748217,0.44914338000000004,0.10433352,0.081451416,-0.3025818,-0.21353149999999999,0.38708943,0.48767972,0.017410815,-0.20837402,-0.29882813,-0.12799072,0.5950008999999999,0.45617303000000003,-0.058526397,检查1#变、2变、开闭所有进线、出线地刀在拉开位置。
0.045288086000000005,0.25753784,-0.20230103,-0.08496362,-0.18676329,0.33143455,0.06536865,0.19775389999999998,-0.18939209,-0.09244314000000001,-0.11011743,0.31372377,0.06951904,0.2286377,-0.18960571,-0.07095003,-0.113199376,0.30554676000000003,0.034210205,0.30166626,-0.13482666000000001,-0.0052344054,-0.16875896,0.22729617,0.050994873,0.53933716,-0.30725098,0.00500305,-0.42289713,0.35535115,0.10232544,0.48486328,-0.24038696,-0.029341683,-0.38473517,0.24897552,-0.11407471,0.5060425,-0.17471313,0.22984079999999998,-0.41094749999999997,0.13605279,-0.18762207,0.35333252,-0.08685303,0.35120779999999996,-0.2528648,0.005418837,-0.12585449,0.15560913,-0.119262695,0.40666944,-0.038041897000000005,-0.03647548,-0.03918457,0.06558227500000001,-0.12786865,0.37523907,0.06292739,-0.05222261,0.17999268000000002,-0.039764404,-0.18661499,0.2699889,0.20472562,-0.016266644,0.30386353,0.009094238000000001,-0.25839233,0.22307079,0.19075015,0.062089562,0.43878174000000003,-0.028167725,-0.26904297,0.17893945,0.27231646,0.09353995,0.5296936,-0.14376831,-0.26913452,0.112931505,0.40950808,0.10915071,0.5404663,-0.16540527,-0.28237915,0.095605955,0.44209057,0.13341463,0.42352295,-0.15988159,-0.29489136,0.17192219,0.42242998,0.13788736000000001,0.29580688,-0.21734619,-0.28237915,0.25748217,0.44914338000000004,0.10433352,0.081451416,-0.3025818,-0.21353149999999999,0.38708943,0.48767972,0.017410815,-0.20837402,-0.29882813,-0.12799072,0.5950008999999999,0.45617303000000003,-0.058526397,-0.41653442,-0.23236084,-6.1035156e-05,0.7109679600000001,0.36783879999999997,-0.15592945,检查1#变、2变、开闭所有进线、出线地刀在拉开位置。
0.06536865,0.19775389999999998,-0.18939209,-0.09244314000000001,-0.11011743,0.31372377,0.06951904,0.2286377,-0.18960571,-0.07095003,-0.113199376,0.30554676000000003,0.034210205,0.30166626,-0.13482666000000001,-0.0052344054,-0.16875896,0.22729617,0.050994873,0.53933716,-0.30725098,0.00500305,-0.42289713,0.35535115,0.10232544,0.48486328,-0.24038696,-0.029341683,-0.38473517,0.24897552,-0.11407471,0.5060425,-0.17471313,0.22984079999999998,-0.41094749999999997,0.13605279,-0.18762207,0.35333252,-0.08685303,0.35120779999999996,-0.2528648,0.005418837,-0.12585449,0.15560913,-0.119262695,0.40666944,-0.038041897000000005,-0.03647548,-0.03918457,0.06558227500000001,-0.12786865,0.37523907,0.06292739,-0.05222261,0.17999268000000002,-0.039764404,-0.18661499,0.2699889,0.20472562,-0.016266644,0.30386353,0.009094238000000001,-0.25839233,0.22307079,0.19075015,0.062089562,0.43878174000000003,-0.028167725,-0.26904297,0.17893945,0.27231646,0.09353995,0.5296936,-0.14376831,-0.26913452,0.112931505,0.40950808,0.10915071,0.5404663,-0.16540527,-0.28237915,0.095605955,0.44209057,0.13341463,0.42352295,-0.15988159,-0.29489136,0.17192219,0.42242998,0.13788736000000001,0.29580688,-0.21734619,-0.28237915,0.25748217,0.44914338000000004,0.10433352,0.081451416,-0.3025818,-0.21353149999999999,0.38708943,0.48767972,0.017410815,-0.20837402,-0.29882813,-0.12799072,0.5950008999999999,0.45617303000000003,-0.058526397,-0.41653442,-0.23236084,-6.1035156e-05,0.7109679600000001,0.36783879999999997,-0.15592945,-0.6805114999999999,-0.07266235,0.07885742,0.82235366,0.16705754,-0.15078205,检查1#变、2变、开闭所有进线、出线地刀在拉开位置。
0.06951904,0.2286377,-0.18960571,-0.07095003,-0.113199376,0.30554676000000003,0.034210205,0.30166626,-0.13482666000000001,-0.0052344054,-0.16875896,0.22729617,0.050994873,0.53933716,-0.30725098,0.00500305,-0.42289713,0.35535115,0.10232544,0.48486328,-0.24038696,-0.029341683,-0.38473517,0.24897552,-0.11407471,0.5060425,-0.17471313,0.22984079999999998,-0.41094749999999997,0.13605279,-0.18762207,0.35333252,-0.08685303,0.35120779999999996,-0.2528648,0.005418837,-0.12585449,0.15560913,-0.119262695,0.40666944,-0.038041897000000005,-0.03647548,-0.03918457,0.06558227500000001,-0.12786865,0.37523907,0.06292739,-0.05222261,0.17999268000000002,-0.039764404,-0.18661499,0.2699889,0.20472562,-0.016266644,0.30386353,0.009094238000000001,-0.25839233,0.22307079,0.19075015,0.062089562,0.43878174000000003,-0.028167725,-0.26904297,0.17893945,0.27231646,0.09353995,0.5296936,-0.14376831,-0.26913452,0.112931505,0.40950808,0.10915071,0.5404663,-0.16540527,-0.28237915,0.095605955,0.44209057,0.13341463,0.42352295,-0.15988159,-0.29489136,0.17192219,0.42242998,0.13788736000000001,0.29580688,-0.21734619,-0.28237915,0.25748217,0.44914338000000004,0.10433352,0.081451416,-0.3025818,-0.21353149999999999,0.38708943,0.48767972,0.017410815,-0.20837402,-0.29882813,-0.12799072,0.5950008999999999,0.45617303000000003,-0.058526397,-0.41653442,-0.23236084,-6.1035156e-05,0.7109679600000001,0.36783879999999997,-0.15592945,-0.6805114999999999,-0.07266235,0.07885742,0.82235366,0.16705754,-0.15078205,-0.6304320999999999,0.056274414,-0.05987549,0.6607725999999999,-0.029179737,0.055900812,检查1#变、2变、开闭所有进线、出线地刀在拉开位置。
0.034210205,0.30166626,-0.13482666000000001,-0.0052344054,-0.16875896,0.22729617,0.050994873,0.53933716,-0.30725098,0.00500305,-0.42289713,0.35535115,0.10232544,0.48486328,-0.24038696,-0.029341683,-0.38473517,0.24897552,-0.11407471,0.5060425,-0.17471313,0.22984079999999998,-0.41094749999999997,0.13605279,-0.18762207,0.35333252,-0.08685303,0.35120779999999996,-0.2528648,0.005418837,-0.12585449,0.15560913,-0.119262695,0.40666944,-0.038041897000000005,-0.03647548,-0.03918457,0.06558227500000001,-0.12786865,0.37523907,0.06292739,-0.05222261,0.17999268000000002,-0.039764404,-0.18661499,0.2699889,0.20472562,-0.016266644,0.30386353,0.009094238000000001,-0.25839233,0.22307079,0.19075015,0.062089562,0.43878174000000003,-0.028167725,-0.26904297,0.17893945,0.27231646,0.09353995,0.5296936,-0.14376831,-0.26913452,0.112931505,0.40950808,0.10915071,0.5404663,-0.16540527,-0.28237915,0.095605955,0.44209057,0.13341463,0.42352295,-0.15988159,-0.29489136,0.17192219,0.42242998,0.13788736000000001,0.29580688,-0.21734619,-0.28237915,0.25748217,0.44914338000000004,0.10433352,0.081451416,-0.3025818,-0.21353149999999999,0.38708943,0.48767972,0.017410815,-0.20837402,-0.29882813,-0.12799072,0.5950008999999999,0.45617303000000003,-0.058526397,-0.41653442,-0.23236084,-6.1035156e-05,0.7109679600000001,0.36783879999999997,-0.15592945,-0.6805114999999999,-0.07266235,0.07885742,0.82235366,0.16705754,-0.15078205,-0.6304320999999999,0.056274414,-0.05987549,0.6607725999999999,-0.029179737,0.055900812,-0.50494385,0.12185669,-0.1614685,0.48504764,-0.14499348,0.18494534,检查1#变、2变、开闭所有进线、出线地刀在拉开位置。
0.050994873,0.53933716,-0.30725098,0.00500305,-0.42289713,0.35535115,0.10232544,0.48486328,-0.24038696,-0.029341683,-0.38473517,0.24897552,-0.11407471,0.5060425,-0.17471313,0.22984079999999998,-0.41094749999999997,0.13605279,-0.18762207,0.35333252,-0.08685303,0.35120779999999996,-0.2528648,0.005418837,-0.12585449,0.15560913,-0.119262695,0.40666944,-0.038041897000000005,-0.03647548,-0.03918457,0.06558227500000001,-0.12786865,0.37523907,0.06292739,-0.05222261,0.17999268000000002,-0.039764404,-0.18661499,0.2699889,0.20472562,-0.016266644,0.30386353,0.009094238000000001,-0.25839233,0.22307079,0.19075015,0.062089562,0.43878174000000003,-0.028167725,-0.26904297,0.17893945,0.27231646,0.09353995,0.5296936,-0.14376831,-0.26913452,0.112931505,0.40950808,0.10915071,0.5404663,-0.16540527,-0.28237915,0.095605955,0.44209057,0.13341463,0.42352295,-0.15988159,-0.29489136,0.17192219,0.42242998,0.13788736000000001,0.29580688,-0.21734619,-0.28237915,0.25748217,0.44914338000000004,0.10433352,0.081451416,-0.3025818,-0.21353149999999999,0.38708943,0.48767972,0.017410815,-0.20837402,-0.29882813,-0.12799072,0.5950008999999999,0.45617303000000003,-0.058526397,-0.41653442,-0.23236084,-6.1035156e-05,0.7109679600000001,0.36783879999999997,-0.15592945,-0.6805114999999999,-0.07266235,0.07885742,0.82235366,0.16705754,-0.15078205,-0.6304320999999999,0.056274414,-0.05987549,0.6607725999999999,-0.029179737,0.055900812,-0.50494385,0.12185669,-0.1614685,0.48504764,-0.14499348,0.18494534,-0.42993164,0.14831543,-0.22589111,0.36757463,-0.22954345,0.27016833,检查1#变、2变、开闭所有进线、出线地刀在拉开位置。
0.10232544,0.48486328,-0.24038696,-0.029341683,-0.38473517,0.24897552,-0.11407471,0.5060425,-0.17471313,0.22984079999999998,-0.41094749999999997,0.13605279,-0.18762207,0.35333252,-0.08685303,0.35120779999999996,-0.2528648,0.005418837,-0.12585449,0.15560913,-0.119262695,0.40666944,-0.038041897000000005,-0.03647548,-0.03918457,0.06558227500000001,-0.12786865,0.37523907,0.06292739,-0.05222261,0.17999268000000002,-0.039764404,-0.18661499,0.2699889,0.20472562,-0.016266644,0.30386353,0.009094238000000001,-0.25839233,0.22307079,0.19075015,0.062089562,0.43878174000000003,-0.028167725,-0.26904297,0.17893945,0.27231646,0.09353995,0.5296936,-0.14376831,-0.26913452,0.112931505,0.40950808,0.10915071,0.5404663,-0.16540527,-0.28237915,0.095605955,0.44209057,0.13341463,0.42352295,-0.15988159,-0.29489136,0.17192219,0.42242998,0.13788736000000001,0.29580688,-0.21734619,-0.28237915,0.25748217,0.44914338000000004,0.10433352,0.081451416,-0.3025818,-0.21353149999999999,0.38708943,0.48767972,0.017410815,-0.20837402,-0.29882813,-0.12799072,0.5950008999999999,0.45617303000000003,-0.058526397,-0.41653442,-0.23236084,-6.1035156e-05,0.7109679600000001,0.36783879999999997,-0.15592945,-0.6805114999999999,-0.07266235,0.07885742,0.82235366,0.16705754,-0.15078205,-0.6304320999999999,0.056274414,-0.05987549,0.6607725999999999,-0.029179737,0.055900812,-0.50494385,0.12185669,-0.1614685,0.48504764,-0.14499348,0.18494534,-0.42993164,0.14831543,-0.22589111,0.36757463,-0.22954345,0.27016833,-0.42507935,0.23254395,-0.3531494,0.33087128,-0.37952274,0.41119853,检查1#变、2变、开闭所有进线、出线地刀在拉开位置。
-0.11407471,0.5060425,-0.17471313,0.22984079999999998,-0.41094749999999997,0.13605279,-0.18762207,0.35333252,-0.08685303,0.35120779999999996,-0.2528648,0.005418837,-0.12585449,0.15560913,-0.119262695,0.40666944,-0.038041897000000005,-0.03647548,-0.03918457,0.06558227500000001,-0.12786865,0.37523907,0.06292739,-0.05222261,0.17999268000000002,-0.039764404,-0.18661499,0.2699889,0.20472562,-0.016266644,0.30386353,0.009094238000000001,-0.25839233,0.22307079,0.19075015,0.062089562,0.43878174000000003,-0.028167725,-0.26904297,0.17893945,0.27231646,0.09353995,0.5296936,-0.14376831,-0.26913452,0.112931505,0.40950808,0.10915071,0.5404663,-0.16540527,-0.28237915,0.095605955,0.44209057,0.13341463,0.42352295,-0.15988159,-0.29489136,0.17192219,0.42242998,0.13788736000000001,0.29580688,-0.21734619,-0.28237915,0.25748217,0.44914338000000004,0.10433352,0.081451416,-0.3025818,-0.21353149999999999,0.38708943,0.48767972,0.017410815,-0.20837402,-0.29882813,-0.12799072,0.5950008999999999,0.45617303000000003,-0.058526397,-0.41653442,-0.23236084,-6.1035156e-05,0.7109679600000001,0.36783879999999997,-0.15592945,-0.6805114999999999,-0.07266235,0.07885742,0.82235366,0.16705754,-0.15078205,-0.6304320999999999,0.056274414,-0.05987549,0.6607725999999999,-0.029179737,0.055900812,-0.50494385,0.12185669,-0.1614685,0.48504764,-0.14499348,0.18494534,-0.42993164,0.14831543,-0.22589111,0.36757463,-0.22954345,0.27016833,-0.42507935,0.23254395,-0.3531494,0.33087128,-0.37952274,0.41119853,-0.4402771,0.24893188,-0.3328247,0.31455964000000003,-0.49430054,0.40038276,检查1#变、2变、开闭所有进线、出线地刀在拉开位置。
-0.18762207,0.35333252,-0.08685303,0.35120779999999996,-0.2528648,0.005418837,-0.12585449,0.15560913,-0.119262695,0.40666944,-0.038041897000000005,-0.03647548,-0.03918457,0.06558227500000001,-0.12786865,0.37523907,0.06292739,-0.05222261,0.17999268000000002,-0.039764404,-0.18661499,0.2699889,0.20472562,-0.016266644,0.30386353,0.009094238000000001,-0.25839233,0.22307079,0.19075015,0.062089562,0.43878174000000003,-0.028167725,-0.26904297,0.17893945,0.27231646,0.09353995,0.5296936,-0.14376831,-0.26913452,0.112931505,0.40950808,0.10915071,0.5404663,-0.16540527,-0.28237915,0.095605955,0.44209057,0.13341463,0.42352295,-0.15988159,-0.29489136,0.17192219,0.42242998,0.13788736000000001,0.29580688,-0.21734619,-0.28237915,0.25748217,0.44914338000000004,0.10433352,0.081451416,-0.3025818,-0.21353149999999999,0.38708943,0.48767972,0.017410815,-0.20837402,-0.29882813,-0.12799072,0.5950008999999999,0.45617303000000003,-0.058526397,-0.41653442,-0.23236084,-6.1035156e-05,0.7109679600000001,0.36783879999999997,-0.15592945,-0.6805114999999999,-0.07266235,0.07885742,0.82235366,0.16705754,-0.15078205,-0.6304320999999999,0.056274414,-0.05987549,0.6607725999999999,-0.029179737,0.055900812,-0.50494385,0.12185669,-0.1614685,0.48504764,-0.14499348,0.18494534,-0.42993164,0.14831543,-0.22589111,0.36757463,-0.22954345,0.27016833,-0.42507935,0.23254395,-0.3531494,0.33087128,-0.37952274,0.41119853,-0.4402771,0.24893188,-0.3328247,0.31455964000000003,-0.49430054,0.40038276,-0.42529297,0.13259888,-0.11071777000000001,0.2856601,-0.43424693000000003,0.18265632,检查1#变、2变、开闭所有进线、出线地刀在拉开位置。
-0.12585449,0.15560913,-0.119262695,0.40666944,-0.038041897000000005,-0.03647548,-0.03918457,0.06558227500000001,-0.12786865,0.37523907,0.06292739,-0.05222261,0.17999268000000002,-0.039764404,-0.18661499,0.2699889,0.20472562,-0.016266644,0.30386353,0.009094238000000001,-0.25839233,0.22307079,0.19075015,0.062089562,0.43878174000000003,-0.028167725,-0.26904297,0.17893945,0.27231646,0.09353995,0.5296936,-0.14376831,-0.26913452,0.112931505,0.40950808,0.10915071,0.5404663,-0.16540527,-0.28237915,0.095605955,0.44209057,0.13341463,0.42352295,-0.15988159,-0.29489136,0.17192219,0.42242998,0.13788736000000001,0.29580688,-0.21734619,-0.28237915,0.25748217,0.44914338000000004,0.10433352,0.081451416,-0.3025818,-0.21353149999999999,0.38708943,0.48767972,0.017410815,-0.20837402,-0.29882813,-0.12799072,0.5950008999999999,0.45617303000000003,-0.058526397,-0.41653442,-0.23236084,-6.1035156e-05,0.7109679600000001,0.36783879999999997,-0.15592945,-0.6805114999999999,-0.07266235,0.07885742,0.82235366,0.16705754,-0.15078205,-0.6304320999999999,0.056274414,-0.05987549,0.6607725999999999,-0.029179737,0.055900812,-0.50494385,0.12185669,-0.1614685,0.48504764,-0.14499348,0.18494534,-0.42993164,0.14831543,-0.22589111,0.36757463,-0.22954345,0.27016833,-0.42507935,0.23254395,-0.3531494,0.33087128,-0.37952274,0.41119853,-0.4402771,0.24893188,-0.3328247,0.31455964000000003,-0.49430054,0.40038276,-0.42529297,0.13259888,-0.11071777000000001,0.2856601,-0.43424693000000003,0.18265632,-0.41610718,-0.024475098,0.117370605,0.2686646,-0.34304875,-0.04505551,检查1#变、2变、开闭所有进线、出线地刀在拉开位置。
-0.03918457,0.06558227500000001,-0.12786865,0.37523907,0.06292739,-0.05222261,0.17999268000000002,-0.039764404,-0.18661499,0.2699889,0.20472562,-0.016266644,0.30386353,0.009094238000000001,-0.25839233,0.22307079,0.19075015,0.062089562,0.43878174000000003,-0.028167725,-0.26904297,0.17893945,0.27231646,0.09353995,0.5296936,-0.14376831,-0.26913452,0.112931505,0.40950808,0.10915071,0.5404663,-0.16540527,-0.28237915,0.095605955,0.44209057,0.13341463,0.42352295,-0.15988159,-0.29489136,0.17192219,0.42242998,0.13788736000000001,0.29580688,-0.21734619,-0.28237915,0.25748217,0.44914338000000004,0.10433352,0.081451416,-0.3025818,-0.21353149999999999,0.38708943,0.48767972,0.017410815,-0.20837402,-0.29882813,-0.12799072,0.5950008999999999,0.45617303000000003,-0.058526397,-0.41653442,-0.23236084,-6.1035156e-05,0.7109679600000001,0.36783879999999997,-0.15592945,-0.6805114999999999,-0.07266235,0.07885742,0.82235366,0.16705754,-0.15078205,-0.6304320999999999,0.056274414,-0.05987549,0.6607725999999999,-0.029179737,0.055900812,-0.50494385,0.12185669,-0.1614685,0.48504764,-0.14499348,0.18494534,-0.42993164,0.14831543,-0.22589111,0.36757463,-0.22954345,0.27016833,-0.42507935,0.23254395,-0.3531494,0.33087128,-0.37952274,0.41119853,-0.4402771,0.24893188,-0.3328247,0.31455964000000003,-0.49430054,0.40038276,-0.42529297,0.13259888,-0.11071777000000001,0.2856601,-0.43424693000000003,0.18265632,-0.41610718,-0.024475098,0.117370605,0.2686646,-0.34304875,-0.04505551,-0.08859253,-0.0942688,0.06201172,-0.023186117000000003,-0.32200049999999997,-0.058110714,检查1#变、2变、开闭所有进线、出线地刀在拉开位置。
0.17999268000000002,-0.039764404,-0.18661499,0.2699889,0.20472562,-0.016266644,0.30386353,0.009094238000000001,-0.25839233,0.22307079,0.19075015,0.062089562,0.43878174000000003,-0.028167725,-0.26904297,0.17893945,0.27231646,0.09353995,0.5296936,-0.14376831,-0.26913452,0.112931505,0.40950808,0.10915071,0.5404663,-0.16540527,-0.28237915,0.095605955,0.44209057,0.13341463,0.42352295,-0.15988159,-0.29489136,0.17192219,0.42242998,0.13788736000000001,0.29580688,-0.21734619,-0.28237915,0.25748217,0.44914338000000004,0.10433352,0.081451416,-0.3025818,-0.21353149999999999,0.38708943,0.48767972,0.017410815,-0.20837402,-0.29882813,-0.12799072,0.5950008999999999,0.45617303000000003,-0.058526397,-0.41653442,-0.23236084,-6.1035156e-05,0.7109679600000001,0.36783879999999997,-0.15592945,-0.6805114999999999,-0.07266235,0.07885742,0.82235366,0.16705754,-0.15078205,-0.6304320999999999,0.056274414,-0.05987549,0.6607725999999999,-0.029179737,0.055900812,-0.50494385,0.12185669,-0.1614685,0.48504764,-0.14499348,0.18494534,-0.42993164,0.14831543,-0.22589111,0.36757463,-0.22954345,0.27016833,-0.42507935,0.23254395,-0.3531494,0.33087128,-0.37952274,0.41119853,-0.4402771,0.24893188,-0.3328247,0.31455964000000003,-0.49430054,0.40038276,-0.42529297,0.13259888,-0.11071777000000001,0.2856601,-0.43424693000000003,0.18265632,-0.41610718,-0.024475098,0.117370605,0.2686646,-0.34304875,-0.04505551,-0.08859253,-0.0942688,0.06201172,-0.023186117000000003,-0.32200049999999997,-0.058110714,0.024536133,-0.047180176000000004,0.0064697266000000005,-0.10001831,-0.34875333000000003,-0.05418217,检查1#变、2变、开闭所有进线、出线地刀在拉开位置。
0.30386353,0.009094238000000001,-0.25839233,0.22307079,0.19075015,0.062089562,0.43878174000000003,-0.028167725,-0.26904297,0.17893945,0.27231646,0.09353995,0.5296936,-0.14376831,-0.26913452,0.112931505,0.40950808,0.10915071,0.5404663,-0.16540527,-0.28237915,0.095605955,0.44209057,0.13341463,0.42352295,-0.15988159,-0.29489136,0.17192219,0.42242998,0.13788736000000001,0.29580688,-0.21734619,-0.28237915,0.25748217,0.44914338000000004,0.10433352,0.081451416,-0.3025818,-0.21353149999999999,0.38708943,0.48767972,0.017410815,-0.20837402,-0.29882813,-0.12799072,0.5950008999999999,0.45617303000000003,-0.058526397,-0.41653442,-0.23236084,-6.1035156e-05,0.7109679600000001,0.36783879999999997,-0.15592945,-0.6805114999999999,-0.07266235,0.07885742,0.82235366,0.16705754,-0.15078205,-0.6304320999999999,0.056274414,-0.05987549,0.6607725999999999,-0.029179737,0.055900812,-0.50494385,0.12185669,-0.1614685,0.48504764,-0.14499348,0.18494534,-0.42993164,0.14831543,-0.22589111,0.36757463,-0.22954345,0.27016833,-0.42507935,0.23254395,-0.3531494,0.33087128,-0.37952274,0.41119853,-0.4402771,0.24893188,-0.3328247,0.31455964000000003,-0.49430054,0.40038276,-0.42529297,0.13259888,-0.11071777000000001,0.2856601,-0.43424693000000003,0.18265632,-0.41610718,-0.024475098,0.117370605,0.2686646,-0.34304875,-0.04505551,-0.08859253,-0.0942688,0.06201172,-0.023186117000000003,-0.32200049999999997,-0.058110714,0.024536133,-0.047180176000000004,0.0064697266000000005,-0.10001831,-0.34875333000000003,-0.05418217,0.051086426000000004,0.00045776367000000006,-0.028564453,-0.09393728,-0.36558008000000003,-0.05710709,检查1#变、2变、开闭所有进线、出线地刀在拉开位置。
0.43878174000000003,-0.028167725,-0.26904297,0.17893945,0.27231646,0.09353995,0.5296936,-0.14376831,-0.26913452,0.112931505,0.40950808,0.10915071,0.5404663,-0.16540527,-0.28237915,0.095605955,0.44209057,0.13341463,0.42352295,-0.15988159,-0.29489136,0.17192219,0.42242998,0.13788736000000001,0.29580688,-0.21734619,-0.28237915,0.25748217,0.44914338000000004,0.10433352,0.081451416,-0.3025818,-0.21353149999999999,0.38708943,0.48767972,0.017410815,-0.20837402,-0.29882813,-0.12799072,0.5950008999999999,0.45617303000000003,-0.058526397,-0.41653442,-0.23236084,-6.1035156e-05,0.7109679600000001,0.36783879999999997,-0.15592945,-0.6805114999999999,-0.07266235,0.07885742,0.82235366,0.16705754,-0.15078205,-0.6304320999999999,0.056274414,-0.05987549,0.6607725999999999,-0.029179737,0.055900812,-0.50494385,0.12185669,-0.1614685,0.48504764,-0.14499348,0.18494534,-0.42993164,0.14831543,-0.22589111,0.36757463,-0.22954345,0.27016833,-0.42507935,0.23254395,-0.3531494,0.33087128,-0.37952274,0.41119853,-0.4402771,0.24893188,-0.3328247,0.31455964000000003,-0.49430054,0.40038276,-0.42529297,0.13259888,-0.11071777000000001,0.2856601,-0.43424693000000003,0.18265632,-0.41610718,-0.024475098,0.117370605,0.2686646,-0.34304875,-0.04505551,-0.08859253,-0.0942688,0.06201172,-0.023186117000000003,-0.32200049999999997,-0.058110714,0.024536133,-0.047180176000000004,0.0064697266000000005,-0.10001831,-0.34875333000000003,-0.05418217,0.051086426000000004,0.00045776367000000006,-0.028564453,-0.09393728,-0.36558008000000003,-0.05710709,0.055908203000000004,0.040130615,0.049682617000000005,-0.06993306,-0.37945979999999996,-0.16472417,检查1#变、2变、开闭所有进线、出线地刀在拉开位置。
0.5296936,-0.14376831,-0.26913452,0.112931505,0.40950808,0.10915071,0.5404663,-0.16540527,-0.28237915,0.095605955,0.44209057,0.13341463,0.42352295,-0.15988159,-0.29489136,0.17192219,0.42242998,0.13788736000000001,0.29580688,-0.21734619,-0.28237915,0.25748217,0.44914338000000004,0.10433352,0.081451416,-0.3025818,-0.21353149999999999,0.38708943,0.48767972,0.017410815,-0.20837402,-0.29882813,-0.12799072,0.5950008999999999,0.45617303000000003,-0.058526397,-0.41653442,-0.23236084,-6.1035156e-05,0.7109679600000001,0.36783879999999997,-0.15592945,-0.6805114999999999,-0.07266235,0.07885742,0.82235366,0.16705754,-0.15078205,-0.6304320999999999,0.056274414,-0.05987549,0.6607725999999999,-0.029179737,0.055900812,-0.50494385,0.12185669,-0.1614685,0.48504764,-0.14499348,0.18494534,-0.42993164,0.14831543,-0.22589111,0.36757463,-0.22954345,0.27016833,-0.42507935,0.23254395,-0.3531494,0.33087128,-0.37952274,0.41119853,-0.4402771,0.24893188,-0.3328247,0.31455964000000003,-0.49430054,0.40038276,-0.42529297,0.13259888,-0.11071777000000001,0.2856601,-0.43424693000000003,0.18265632,-0.41610718,-0.024475098,0.117370605,0.2686646,-0.34304875,-0.04505551,-0.08859253,-0.0942688,0.06201172,-0.023186117000000003,-0.32200049999999997,-0.058110714,0.024536133,-0.047180176000000004,0.0064697266000000005,-0.10001831,-0.34875333000000003,-0.05418217,0.051086426000000004,0.00045776367000000006,-0.028564453,-0.09393728,-0.36558008000000003,-0.05710709,0.055908203000000004,0.040130615,0.049682617000000005,-0.06993306,-0.37945979999999996,-0.16472417,0.043701172,0.1005249,0.06628418,-0.04281597,-0.45324066,-0.19708145,检查1#变、2变、开闭所有进线、出线地刀在拉开位置。
0.5404663,-0.16540527,-0.28237915,0.095605955,0.44209057,0.13341463,0.42352295,-0.15988159,-0.29489136,0.17192219,0.42242998,0.13788736000000001,0.29580688,-0.21734619,-0.28237915,0.25748217,0.44914338000000004,0.10433352,0.081451416,-0.3025818,-0.21353149999999999,0.38708943,0.48767972,0.017410815,-0.20837402,-0.29882813,-0.12799072,0.5950008999999999,0.45617303000000003,-0.058526397,-0.41653442,-0.23236084,-6.1035156e-05,0.7109679600000001,0.36783879999999997,-0.15592945,-0.6805114999999999,-0.07266235,0.07885742,0.82235366,0.16705754,-0.15078205,-0.6304320999999999,0.056274414,-0.05987549,0.6607725999999999,-0.029179737,0.055900812,-0.50494385,0.12185669,-0.1614685,0.48504764,-0.14499348,0.18494534,-0.42993164,0.14831543,-0.22589111,0.36757463,-0.22954345,0.27016833,-0.42507935,0.23254395,-0.3531494,0.33087128,-0.37952274,0.41119853,-0.4402771,0.24893188,-0.3328247,0.31455964000000003,-0.49430054,0.40038276,-0.42529297,0.13259888,-0.11071777000000001,0.2856601,-0.43424693000000003,0.18265632,-0.41610718,-0.024475098,0.117370605,0.2686646,-0.34304875,-0.04505551,-0.08859253,-0.0942688,0.06201172,-0.023186117000000003,-0.32200049999999997,-0.058110714,0.024536133,-0.047180176000000004,0.0064697266000000005,-0.10001831,-0.34875333000000003,-0.05418217,0.051086426000000004,0.00045776367000000006,-0.028564453,-0.09393728,-0.36558008000000003,-0.05710709,0.055908203000000004,0.040130615,0.049682617000000005,-0.06993306,-0.37945979999999996,-0.16472417,0.043701172,0.1005249,0.06628418,-0.04281597,-0.45324066,-0.19708145,0.049438477,0.088775635,0.06866455,-0.042227477,-0.45962662,-0.20735765,检查1#变、2变、开闭所有进线、出线地刀在拉开位置。
0.42352295,-0.15988159,-0.29489136,0.17192219,0.42242998,0.13788736000000001,0.29580688,-0.21734619,-0.28237915,0.25748217,0.44914338000000004,0.10433352,0.081451416,-0.3025818,-0.21353149999999999,0.38708943,0.48767972,0.017410815,-0.20837402,-0.29882813,-0.12799072,0.5950008999999999,0.45617303000000003,-0.058526397,-0.41653442,-0.23236084,-6.1035156e-05,0.7109679600000001,0.36783879999999997,-0.15592945,-0.6805114999999999,-0.07266235,0.07885742,0.82235366,0.16705754,-0.15078205,-0.6304320999999999,0.056274414,-0.05987549,0.6607725999999999,-0.029179737,0.055900812,-0.50494385,0.12185669,-0.1614685,0.48504764,-0.14499348,0.18494534,-0.42993164,0.14831543,-0.22589111,0.36757463,-0.22954345,0.27016833,-0.42507935,0.23254395,-0.3531494,0.33087128,-0.37952274,0.41119853,-0.4402771,0.24893188,-0.3328247,0.31455964000000003,-0.49430054,0.40038276,-0.42529297,0.13259888,-0.11071777000000001,0.2856601,-0.43424693000000003,0.18265632,-0.41610718,-0.024475098,0.117370605,0.2686646,-0.34304875,-0.04505551,-0.08859253,-0.0942688,0.06201172,-0.023186117000000003,-0.32200049999999997,-0.058110714,0.024536133,-0.047180176000000004,0.0064697266000000005,-0.10001831,-0.34875333000000003,-0.05418217,0.051086426000000004,0.00045776367000000006,-0.028564453,-0.09393728,-0.36558008000000003,-0.05710709,0.055908203000000004,0.040130615,0.049682617000000005,-0.06993306,-0.37945979999999996,-0.16472417,0.043701172,0.1005249,0.06628418,-0.04281597,-0.45324066,-0.19708145,0.049438477,0.088775635,0.06866455,-0.042227477,-0.45962662,-0.20735765,0.0032653809000000003,-0.002960205,0.09793091,0.008680686,-0.40611455,-0.24240613,检查1#变、2变、开闭所有进线、出线地刀在拉开位置。
0.29580688,-0.21734619,-0.28237915,0.25748217,0.44914338000000004,0.10433352,0.081451416,-0.3025818,-0.21353149999999999,0.38708943,0.48767972,0.017410815,-0.20837402,-0.29882813,-0.12799072,0.5950008999999999,0.45617303000000003,-0.058526397,-0.41653442,-0.23236084,-6.1035156e-05,0.7109679600000001,0.36783879999999997,-0.15592945,-0.6805114999999999,-0.07266235,0.07885742,0.82235366,0.16705754,-0.15078205,-0.6304320999999999,0.056274414,-0.05987549,0.6607725999999999,-0.029179737,0.055900812,-0.50494385,0.12185669,-0.1614685,0.48504764,-0.14499348,0.18494534,-0.42993164,0.14831543,-0.22589111,0.36757463,-0.22954345,0.27016833,-0.42507935,0.23254395,-0.3531494,0.33087128,-0.37952274,0.41119853,-0.4402771,0.24893188,-0.3328247,0.31455964000000003,-0.49430054,0.40038276,-0.42529297,0.13259888,-0.11071777000000001,0.2856601,-0.43424693000000003,0.18265632,-0.41610718,-0.024475098,0.117370605,0.2686646,-0.34304875,-0.04505551,-0.08859253,-0.0942688,0.06201172,-0.023186117000000003,-0.32200049999999997,-0.058110714,0.024536133,-0.047180176000000004,0.0064697266000000005,-0.10001831,-0.34875333000000003,-0.05418217,0.051086426000000004,0.00045776367000000006,-0.028564453,-0.09393728,-0.36558008000000003,-0.05710709,0.055908203000000004,0.040130615,0.049682617000000005,-0.06993306,-0.37945979999999996,-0.16472417,0.043701172,0.1005249,0.06628418,-0.04281597,-0.45324066,-0.19708145,0.049438477,0.088775635,0.06866455,-0.042227477,-0.45962662,-0.20735765,0.0032653809000000003,-0.002960205,0.09793091,0.008680686,-0.40611455,-0.24240613,0.0032653809000000003,-0.002960205,0.09793091,0.008680686,-0.40611455,-0.24240613,检查1#变、2变、开闭所有进线、出线地刀在拉开位置。
0.081451416,-0.3025818,-0.21353149999999999,0.38708943,0.48767972,0.017410815,-0.20837402,-0.29882813,-0.12799072,0.5950008999999999,0.45617303000000003,-0.058526397,-0.41653442,-0.23236084,-6.1035156e-05,0.7109679600000001,0.36783879999999997,-0.15592945,-0.6805114999999999,-0.07266235,0.07885742,0.82235366,0.16705754,-0.15078205,-0.6304320999999999,0.056274414,-0.05987549,0.6607725999999999,-0.029179737,0.055900812,-0.50494385,0.12185669,-0.1614685,0.48504764,-0.14499348,0.18494534,-0.42993164,0.14831543,-0.22589111,0.36757463,-0.22954345,0.27016833,-0.42507935,0.23254395,-0.3531494,0.33087128,-0.37952274,0.41119853,-0.4402771,0.24893188,-0.3328247,0.31455964000000003,-0.49430054,0.40038276,-0.42529297,0.13259888,-0.11071777000000001,0.2856601,-0.43424693000000003,0.18265632,-0.41610718,-0.024475098,0.117370605,0.2686646,-0.34304875,-0.04505551,-0.08859253,-0.0942688,0.06201172,-0.023186117000000003,-0.32200049999999997,-0.058110714,0.024536133,-0.047180176000000004,0.0064697266000000005,-0.10001831,-0.34875333000000003,-0.05418217,0.051086426000000004,0.00045776367000000006,-0.028564453,-0.09393728,-0.36558008000000003,-0.05710709,0.055908203000000004,0.040130615,0.049682617000000005,-0.06993306,-0.37945979999999996,-0.16472417,0.043701172,0.1005249,0.06628418,-0.04281597,-0.45324066,-0.19708145,0.049438477,0.088775635,0.06866455,-0.042227477,-0.45962662,-0.20735765,0.0032653809000000003,-0.002960205,0.09793091,0.008680686,-0.40611455,-0.24240613,0.0032653809000000003,-0.002960205,0.09793091,0.008680686,-0.40611455,-0.24240613,-0.054351807,-0.042144775,0.10137939500000001,0.061809048000000005,-0.38326204,-0.2403121,检查1#变、2变、开闭所有进线、出线地刀在拉开位置。
-0.20837402,-0.29882813,-0.12799072,0.5950008999999999,0.45617303000000003,-0.058526397,-0.41653442,-0.23236084,-6.1035156e-05,0.7109679600000001,0.36783879999999997,-0.15592945,-0.6805114999999999,-0.07266235,0.07885742,0.82235366,0.16705754,-0.15078205,-0.6304320999999999,0.056274414,-0.05987549,0.6607725999999999,-0.029179737,0.055900812,-0.50494385,0.12185669,-0.1614685,0.48504764,-0.14499348,0.18494534,-0.42993164,0.14831543,-0.22589111,0.36757463,-0.22954345,0.27016833,-0.42507935,0.23254395,-0.3531494,0.33087128,-0.37952274,0.41119853,-0.4402771,0.24893188,-0.3328247,0.31455964000000003,-0.49430054,0.40038276,-0.42529297,0.13259888,-0.11071777000000001,0.2856601,-0.43424693000000003,0.18265632,-0.41610718,-0.024475098,0.117370605,0.2686646,-0.34304875,-0.04505551,-0.08859253,-0.0942688,0.06201172,-0.023186117000000003,-0.32200049999999997,-0.058110714,0.024536133,-0.047180176000000004,0.0064697266000000005,-0.10001831,-0.34875333000000003,-0.05418217,0.051086426000000004,0.00045776367000000006,-0.028564453,-0.09393728,-0.36558008000000003,-0.05710709,0.055908203000000004,0.040130615,0.049682617000000005,-0.06993306,-0.37945979999999996,-0.16472417,0.043701172,0.1005249,0.06628418,-0.04281597,-0.45324066,-0.19708145,0.049438477,0.088775635,0.06866455,-0.042227477,-0.45962662,-0.20735765,0.0032653809000000003,-0.002960205,0.09793091,0.008680686,-0.40611455,-0.24240613,0.0032653809000000003,-0.002960205,0.09793091,0.008680686,-0.40611455,-0.24240613,-0.054351807,-0.042144775,0.10137939500000001,0.061809048000000005,-0.38326204,-0.2403121,-0.17370605,-0.103759766,0.10861206,0.16958533,-0.31311008,-0.23388958,检查1#变、2变、开闭所有进线、出线地刀在拉开位置。
-0.41653442,-0.23236084,-6.1035156e-05,0.7109679600000001,0.36783879999999997,-0.15592945,-0.6805114999999999,-0.07266235,0.07885742,0.82235366,0.16705754,-0.15078205,-0.6304320999999999,0.056274414,-0.05987549,0.6607725999999999,-0.029179737,0.055900812,-0.50494385,0.12185669,-0.1614685,0.48504764,-0.14499348,0.18494534,-0.42993164,0.14831543,-0.22589111,0.36757463,-0.22954345,0.27016833,-0.42507935,0.23254395,-0.3531494,0.33087128,-0.37952274,0.41119853,-0.4402771,0.24893188,-0.3328247,0.31455964000000003,-0.49430054,0.40038276,-0.42529297,0.13259888,-0.11071777000000001,0.2856601,-0.43424693000000003,0.18265632,-0.41610718,-0.024475098,0.117370605,0.2686646,-0.34304875,-0.04505551,-0.08859253,-0.0942688,0.06201172,-0.023186117000000003,-0.32200049999999997,-0.058110714,0.024536133,-0.047180176000000004,0.0064697266000000005,-0.10001831,-0.34875333000000003,-0.05418217,0.051086426000000004,0.00045776367000000006,-0.028564453,-0.09393728,-0.36558008000000003,-0.05710709,0.055908203000000004,0.040130615,0.049682617000000005,-0.06993306,-0.37945979999999996,-0.16472417,0.043701172,0.1005249,0.06628418,-0.04281597,-0.45324066,-0.19708145,0.049438477,0.088775635,0.06866455,-0.042227477,-0.45962662,-0.20735765,0.0032653809000000003,-0.002960205,0.09793091,0.008680686,-0.40611455,-0.24240613,0.0032653809000000003,-0.002960205,0.09793091,0.008680686,-0.40611455,-0.24240613,-0.054351807,-0.042144775,0.10137939500000001,0.061809048000000005,-0.38326204,-0.2403121,-0.17370605,-0.103759766,0.10861206,0.16958533,-0.31311008,-0.23388958,-0.5303955,0.03475952,0.08920288,0.48567122,-0.34870026,-0.15330523000000001,检查1#变、2变、开闭所有进线、出线地刀在拉开位置。
-0.6805114999999999,-0.07266235,0.07885742,0.82235366,0.16705754,-0.15078205,-0.6304320999999999,0.056274414,-0.05987549,0.6607725999999999,-0.029179737,0.055900812,-0.50494385,0.12185669,-0.1614685,0.48504764,-0.14499348,0.18494534,-0.42993164,0.14831543,-0.22589111,0.36757463,-0.22954345,0.27016833,-0.42507935,0.23254395,-0.3531494,0.33087128,-0.37952274,0.41119853,-0.4402771,0.24893188,-0.3328247,0.31455964000000003,-0.49430054,0.40038276,-0.42529297,0.13259888,-0.11071777000000001,0.2856601,-0.43424693000000003,0.18265632,-0.41610718,-0.024475098,0.117370605,0.2686646,-0.34304875,-0.04505551,-0.08859253,-0.0942688,0.06201172,-0.023186117000000003,-0.32200049999999997,-0.058110714,0.024536133,-0.047180176000000004,0.0064697266000000005,-0.10001831,-0.34875333000000003,-0.05418217,0.051086426000000004,0.00045776367000000006,-0.028564453,-0.09393728,-0.36558008000000003,-0.05710709,0.055908203000000004,0.040130615,0.049682617000000005,-0.06993306,-0.37945979999999996,-0.16472417,0.043701172,0.1005249,0.06628418,-0.04281597,-0.45324066,-0.19708145,0.049438477,0.088775635,0.06866455,-0.042227477,-0.45962662,-0.20735765,0.0032653809000000003,-0.002960205,0.09793091,0.008680686,-0.40611455,-0.24240613,0.0032653809000000003,-0.002960205,0.09793091,0.008680686,-0.40611455,-0.24240613,-0.054351807,-0.042144775,0.10137939500000001,0.061809048000000005,-0.38326204,-0.2403121,-0.17370605,-0.103759766,0.10861206,0.16958533,-0.31311008,-0.23388958,-0.5303955,0.03475952,0.08920288,0.48567122,-0.34870026,-0.15330523000000001,-0.47546387,-0.068725586,0.18734741,0.40600377,-0.08423709,-0.17808616,检查1#变、2变、开闭所有进线、出线地刀在拉开位置。
-0.6304320999999999,0.056274414,-0.05987549,0.6607725999999999,-0.029179737,0.055900812,-0.50494385,0.12185669,-0.1614685,0.48504764,-0.14499348,0.18494534,-0.42993164,0.14831543,-0.22589111,0.36757463,-0.22954345,0.27016833,-0.42507935,0.23254395,-0.3531494,0.33087128,-0.37952274,0.41119853,-0.4402771,0.24893188,-0.3328247,0.31455964000000003,-0.49430054,0.40038276,-0.42529297,0.13259888,-0.11071777000000001,0.2856601,-0.43424693000000003,0.18265632,-0.41610718,-0.024475098,0.117370605,0.2686646,-0.34304875,-0.04505551,-0.08859253,-0.0942688,0.06201172,-0.023186117000000003,-0.32200049999999997,-0.058110714,0.024536133,-0.047180176000000004,0.0064697266000000005,-0.10001831,-0.34875333000000003,-0.05418217,0.051086426000000004,0.00045776367000000006,-0.028564453,-0.09393728,-0.36558008000000003,-0.05710709,0.055908203000000004,0.040130615,0.049682617000000005,-0.06993306,-0.37945979999999996,-0.16472417,0.043701172,0.1005249,0.06628418,-0.04281597,-0.45324066,-0.19708145,0.049438477,0.088775635,0.06866455,-0.042227477,-0.45962662,-0.20735765,0.0032653809000000003,-0.002960205,0.09793091,0.008680686,-0.40611455,-0.24240613,0.0032653809000000003,-0.002960205,0.09793091,0.008680686,-0.40611455,-0.24240613,-0.054351807,-0.042144775,0.10137939500000001,0.061809048000000005,-0.38326204,-0.2403121,-0.17370605,-0.103759766,0.10861206,0.16958533,-0.31311008,-0.23388958,-0.5303955,0.03475952,0.08920288,0.48567122,-0.34870026,-0.15330523000000001,-0.47546387,-0.068725586,0.18734741,0.40600377,-0.08423709,-0.17808616,-0.44451904000000003,-0.10534668,0.1739502,0.41166872,0.0848765,-0.14156508,检查1#变、2变、开闭所有进线、出线地刀在拉开位置。
-0.50494385,0.12185669,-0.1614685,0.48504764,-0.14499348,0.18494534,-0.42993164,0.14831543,-0.22589111,0.36757463,-0.22954345,0.27016833,-0.42507935,0.23254395,-0.3531494,0.33087128,-0.37952274,0.41119853,-0.4402771,0.24893188,-0.3328247,0.31455964000000003,-0.49430054,0.40038276,-0.42529297,0.13259888,-0.11071777000000001,0.2856601,-0.43424693000000003,0.18265632,-0.41610718,-0.024475098,0.117370605,0.2686646,-0.34304875,-0.04505551,-0.08859253,-0.0942688,0.06201172,-0.023186117000000003,-0.32200049999999997,-0.058110714,0.024536133,-0.047180176000000004,0.0064697266000000005,-0.10001831,-0.34875333000000003,-0.05418217,0.051086426000000004,0.00045776367000000006,-0.028564453,-0.09393728,-0.36558008000000003,-0.05710709,0.055908203000000004,0.040130615,0.049682617000000005,-0.06993306,-0.37945979999999996,-0.16472417,0.043701172,0.1005249,0.06628418,-0.04281597,-0.45324066,-0.19708145,0.049438477,0.088775635,0.06866455,-0.042227477,-0.45962662,-0.20735765,0.0032653809000000003,-0.002960205,0.09793091,0.008680686,-0.40611455,-0.24240613,0.0032653809000000003,-0.002960205,0.09793091,0.008680686,-0.40611455,-0.24240613,-0.054351807,-0.042144775,0.10137939500000001,0.061809048000000005,-0.38326204,-0.2403121,-0.17370605,-0.103759766,0.10861206,0.16958533,-0.31311008,-0.23388958,-0.5303955,0.03475952,0.08920288,0.48567122,-0.34870026,-0.15330523000000001,-0.47546387,-0.068725586,0.18734741,0.40600377,-0.08423709,-0.17808616,-0.44451904000000003,-0.10534668,0.1739502,0.41166872,0.0848765,-0.14156508,-0.38259888000000003,-0.1468811,0.0921936,0.41949093,0.24266493,-0.05833596,检查1#变、2变、开闭所有进线、出线地刀在拉开位置。
-0.42993164,0.14831543,-0.22589111,0.36757463,-0.22954345,0.27016833,-0.42507935,0.23254395,-0.3531494,0.33087128,-0.37952274,0.41119853,-0.4402771,0.24893188,-0.3328247,0.31455964000000003,-0.49430054,0.40038276,-0.42529297,0.13259888,-0.11071777000000001,0.2856601,-0.43424693000000003,0.18265632,-0.41610718,-0.024475098,0.117370605,0.2686646,-0.34304875,-0.04505551,-0.08859253,-0.0942688,0.06201172,-0.023186117000000003,-0.32200049999999997,-0.058110714,0.024536133,-0.047180176000000004,0.0064697266000000005,-0.10001831,-0.34875333000000003,-0.05418217,0.051086426000000004,0.00045776367000000006,-0.028564453,-0.09393728,-0.36558008000000003,-0.05710709,0.055908203000000004,0.040130615,0.049682617000000005,-0.06993306,-0.37945979999999996,-0.16472417,0.043701172,0.1005249,0.06628418,-0.04281597,-0.45324066,-0.19708145,0.049438477,0.088775635,0.06866455,-0.042227477,-0.45962662,-0.20735765,0.0032653809000000003,-0.002960205,0.09793091,0.008680686,-0.40611455,-0.24240613,0.0032653809000000003,-0.002960205,0.09793091,0.008680686,-0.40611455,-0.24240613,-0.054351807,-0.042144775,0.10137939500000001,0.061809048000000005,-0.38326204,-0.2403121,-0.17370605,-0.103759766,0.10861206,0.16958533,-0.31311008,-0.23388958,-0.5303955,0.03475952,0.08920288,0.48567122,-0.34870026,-0.15330523000000001,-0.47546387,-0.068725586,0.18734741,0.40600377,-0.08423709,-0.17808616,-0.44451904000000003,-0.10534668,0.1739502,0.41166872,0.0848765,-0.14156508,-0.38259888000000003,-0.1468811,0.0921936,0.41949093,0.24266493,-0.05833596,-0.2897644,-0.15011597000000002,0.07357788,0.3723302,0.3041637,-0.039215624000000004,检查1#变、2变、开闭所有进线、出线地刀在拉开位置。
-0.42507935,0.23254395,-0.3531494,0.33087128,-0.37952274,0.41119853,-0.4402771,0.24893188,-0.3328247,0.31455964000000003,-0.49430054,0.40038276,-0.42529297,0.13259888,-0.11071777000000001,0.2856601,-0.43424693000000003,0.18265632,-0.41610718,-0.024475098,0.117370605,0.2686646,-0.34304875,-0.04505551,-0.08859253,-0.0942688,0.06201172,-0.023186117000000003,-0.32200049999999997,-0.058110714,0.024536133,-0.047180176000000004,0.0064697266000000005,-0.10001831,-0.34875333000000003,-0.05418217,0.051086426000000004,0.00045776367000000006,-0.028564453,-0.09393728,-0.36558008000000003,-0.05710709,0.055908203000000004,0.040130615,0.049682617000000005,-0.06993306,-0.37945979999999996,-0.16472417,0.043701172,0.1005249,0.06628418,-0.04281597,-0.45324066,-0.19708145,0.049438477,0.088775635,0.06866455,-0.042227477,-0.45962662,-0.20735765,0.0032653809000000003,-0.002960205,0.09793091,0.008680686,-0.40611455,-0.24240613,0.0032653809000000003,-0.002960205,0.09793091,0.008680686,-0.40611455,-0.24240613,-0.054351807,-0.042144775,0.10137939500000001,0.061809048000000005,-0.38326204,-0.2403121,-0.17370605,-0.103759766,0.10861206,0.16958533,-0.31311008,-0.23388958,-0.5303955,0.03475952,0.08920288,0.48567122,-0.34870026,-0.15330523000000001,-0.47546387,-0.068725586,0.18734741,0.40600377,-0.08423709,-0.17808616,-0.44451904000000003,-0.10534668,0.1739502,0.41166872,0.0848765,-0.14156508,-0.38259888000000003,-0.1468811,0.0921936,0.41949093,0.24266493,-0.05833596,-0.2897644,-0.15011597000000002,0.07357788,0.3723302,0.3041637,-0.039215624000000004,-0.23928833,-0.15487671,0.11642456,0.38747257,0.37686529999999996,-0.08185983000000001,检查1#变、2变、开闭所有进线、出线地刀在拉开位置。
-0.4402771,0.24893188,-0.3328247,0.31455964000000003,-0.49430054,0.40038276,-0.42529297,0.13259888,-0.11071777000000001,0.2856601,-0.43424693000000003,0.18265632,-0.41610718,-0.024475098,0.117370605,0.2686646,-0.34304875,-0.04505551,-0.08859253,-0.0942688,0.06201172,-0.023186117000000003,-0.32200049999999997,-0.058110714,0.024536133,-0.047180176000000004,0.0064697266000000005,-0.10001831,-0.34875333000000003,-0.05418217,0.051086426000000004,0.00045776367000000006,-0.028564453,-0.09393728,-0.36558008000000003,-0.05710709,0.055908203000000004,0.040130615,0.049682617000000005,-0.06993306,-0.37945979999999996,-0.16472417,0.043701172,0.1005249,0.06628418,-0.04281597,-0.45324066,-0.19708145,0.049438477,0.088775635,0.06866455,-0.042227477,-0.45962662,-0.20735765,0.0032653809000000003,-0.002960205,0.09793091,0.008680686,-0.40611455,-0.24240613,0.0032653809000000003,-0.002960205,0.09793091,0.008680686,-0.40611455,-0.24240613,-0.054351807,-0.042144775,0.10137939500000001,0.061809048000000005,-0.38326204,-0.2403121,-0.17370605,-0.103759766,0.10861206,0.16958533,-0.31311008,-0.23388958,-0.5303955,0.03475952,0.08920288,0.48567122,-0.34870026,-0.15330523000000001,-0.47546387,-0.068725586,0.18734741,0.40600377,-0.08423709,-0.17808616,-0.44451904000000003,-0.10534668,0.1739502,0.41166872,0.0848765,-0.14156508,-0.38259888000000003,-0.1468811,0.0921936,0.41949093,0.24266493,-0.05833596,-0.2897644,-0.15011597000000002,0.07357788,0.3723302,0.3041637,-0.039215624000000004,-0.23928833,-0.15487671,0.11642456,0.38747257,0.37686529999999996,-0.08185983000000001,-0.15567017,-0.17385864,0.16125488000000002,0.37654686,0.4472292,-0.13804603000000001,检查1#变、2变、开闭所有进线、出线地刀在拉开位置。
-0.42529297,0.13259888,-0.11071777000000001,0.2856601,-0.43424693000000003,0.18265632,-0.41610718,-0.024475098,0.117370605,0.2686646,-0.34304875,-0.04505551,-0.08859253,-0.0942688,0.06201172,-0.023186117000000003,-0.32200049999999997,-0.058110714,0.024536133,-0.047180176000000004,0.0064697266000000005,-0.10001831,-0.34875333000000003,-0.05418217,0.051086426000000004,0.00045776367000000006,-0.028564453,-0.09393728,-0.36558008000000003,-0.05710709,0.055908203000000004,0.040130615,0.049682617000000005,-0.06993306,-0.37945979999999996,-0.16472417,0.043701172,0.1005249,0.06628418,-0.04281597,-0.45324066,-0.19708145,0.049438477,0.088775635,0.06866455,-0.042227477,-0.45962662,-0.20735765,0.0032653809000000003,-0.002960205,0.09793091,0.008680686,-0.40611455,-0.24240613,0.0032653809000000003,-0.002960205,0.09793091,0.008680686,-0.40611455,-0.24240613,-0.054351807,-0.042144775,0.10137939500000001,0.061809048000000005,-0.38326204,-0.2403121,-0.17370605,-0.103759766,0.10861206,0.16958533,-0.31311008,-0.23388958,-0.5303955,0.03475952,0.08920288,0.48567122,-0.34870026,-0.15330523000000001,-0.47546387,-0.068725586,0.18734741,0.40600377,-0.08423709,-0.17808616,-0.44451904000000003,-0.10534668,0.1739502,0.41166872,0.0848765,-0.14156508,-0.38259888000000003,-0.1468811,0.0921936,0.41949093,0.24266493,-0.05833596,-0.2897644,-0.15011597000000002,0.07357788,0.3723302,0.3041637,-0.039215624000000004,-0.23928833,-0.15487671,0.11642456,0.38747257,0.37686529999999996,-0.08185983000000001,-0.15567017,-0.17385864,0.16125488000000002,0.37654686,0.4472292,-0.13804603000000001,-0.0418396,-0.24536133000000002,0.14199829,0.33732074,0.5531435,-0.13868892,检查1#变、2变、开闭所有进线、出线地刀在拉开位置。
-0.41610718,-0.024475098,0.117370605,0.2686646,-0.34304875,-0.04505551,-0.08859253,-0.0942688,0.06201172,-0.023186117000000003,-0.32200049999999997,-0.058110714,0.024536133,-0.047180176000000004,0.0064697266000000005,-0.10001831,-0.34875333000000003,-0.05418217,0.051086426000000004,0.00045776367000000006,-0.028564453,-0.09393728,-0.36558008000000003,-0.05710709,0.055908203000000004,0.040130615,0.049682617000000005,-0.06993306,-0.37945979999999996,-0.16472417,0.043701172,0.1005249,0.06628418,-0.04281597,-0.45324066,-0.19708145,0.049438477,0.088775635,0.06866455,-0.042227477,-0.45962662,-0.20735765,0.0032653809000000003,-0.002960205,0.09793091,0.008680686,-0.40611455,-0.24240613,0.0032653809000000003,-0.002960205,0.09793091,0.008680686,-0.40611455,-0.24240613,-0.054351807,-0.042144775,0.10137939500000001,0.061809048000000005,-0.38326204,-0.2403121,-0.17370605,-0.103759766,0.10861206,0.16958533,-0.31311008,-0.23388958,-0.5303955,0.03475952,0.08920288,0.48567122,-0.34870026,-0.15330523000000001,-0.47546387,-0.068725586,0.18734741,0.40600377,-0.08423709,-0.17808616,-0.44451904000000003,-0.10534668,0.1739502,0.41166872,0.0848765,-0.14156508,-0.38259888000000003,-0.1468811,0.0921936,0.41949093,0.24266493,-0.05833596,-0.2897644,-0.15011597000000002,0.07357788,0.3723302,0.3041637,-0.039215624000000004,-0.23928833,-0.15487671,0.11642456,0.38747257,0.37686529999999996,-0.08185983000000001,-0.15567017,-0.17385864,0.16125488000000002,0.37654686,0.4472292,-0.13804603000000001,-0.0418396,-0.24536133000000002,0.14199829,0.33732074,0.5531435,-0.13868892,0.070495605,-0.35198975,0.037200928,0.28819907,0.68832827,-0.040315032,检查1#变、2变、开闭所有进线、出线地刀在拉开位置。
-0.08859253,-0.0942688,0.06201172,-0.023186117000000003,-0.32200049999999997,-0.058110714,0.024536133,-0.047180176000000004,0.0064697266000000005,-0.10001831,-0.34875333000000003,-0.05418217,0.051086426000000004,0.00045776367000000006,-0.028564453,-0.09393728,-0.36558008000000003,-0.05710709,0.055908203000000004,0.040130615,0.049682617000000005,-0.06993306,-0.37945979999999996,-0.16472417,0.043701172,0.1005249,0.06628418,-0.04281597,-0.45324066,-0.19708145,0.049438477,0.088775635,0.06866455,-0.042227477,-0.45962662,-0.20735765,0.0032653809000000003,-0.002960205,0.09793091,0.008680686,-0.40611455,-0.24240613,0.0032653809000000003,-0.002960205,0.09793091,0.008680686,-0.40611455,-0.24240613,-0.054351807,-0.042144775,0.10137939500000001,0.061809048000000005,-0.38326204,-0.2403121,-0.17370605,-0.103759766,0.10861206,0.16958533,-0.31311008,-0.23388958,-0.5303955,0.03475952,0.08920288,0.48567122,-0.34870026,-0.15330523000000001,-0.47546387,-0.068725586,0.18734741,0.40600377,-0.08423709,-0.17808616,-0.44451904000000003,-0.10534668,0.1739502,0.41166872,0.0848765,-0.14156508,-0.38259888000000003,-0.1468811,0.0921936,0.41949093,0.24266493,-0.05833596,-0.2897644,-0.15011597000000002,0.07357788,0.3723302,0.3041637,-0.039215624000000004,-0.23928833,-0.15487671,0.11642456,0.38747257,0.37686529999999996,-0.08185983000000001,-0.15567017,-0.17385864,0.16125488000000002,0.37654686,0.4472292,-0.13804603000000001,-0.0418396,-0.24536133000000002,0.14199829,0.33732074,0.5531435,-0.13868892,0.070495605,-0.35198975,0.037200928,0.28819907,0.68832827,-0.040315032,0.14794922,-0.38827515,-0.14614868,0.2525422,0.7481051,0.15397447,检查1#变、2变、开闭所有进线、出线地刀在拉开位置。
0.024536133,-0.047180176000000004,0.0064697266000000005,-0.10001831,-0.34875333000000003,-0.05418217,0.051086426000000004,0.00045776367000000006,-0.028564453,-0.09393728,-0.36558008000000003,-0.05710709,0.055908203000000004,0.040130615,0.049682617000000005,-0.06993306,-0.37945979999999996,-0.16472417,0.043701172,0.1005249,0.06628418,-0.04281597,-0.45324066,-0.19708145,0.049438477,0.088775635,0.06866455,-0.042227477,-0.45962662,-0.20735765,0.0032653809000000003,-0.002960205,0.09793091,0.008680686,-0.40611455,-0.24240613,0.0032653809000000003,-0.002960205,0.09793091,0.008680686,-0.40611455,-0.24240613,-0.054351807,-0.042144775,0.10137939500000001,0.061809048000000005,-0.38326204,-0.2403121,-0.17370605,-0.103759766,0.10861206,0.16958533,-0.31311008,-0.23388958,-0.5303955,0.03475952,0.08920288,0.48567122,-0.34870026,-0.15330523000000001,-0.47546387,-0.068725586,0.18734741,0.40600377,-0.08423709,-0.17808616,-0.44451904000000003,-0.10534668,0.1739502,0.41166872,0.0848765,-0.14156508,-0.38259888000000003,-0.1468811,0.0921936,0.41949093,0.24266493,-0.05833596,-0.2897644,-0.15011597000000002,0.07357788,0.3723302,0.3041637,-0.039215624000000004,-0.23928833,-0.15487671,0.11642456,0.38747257,0.37686529999999996,-0.08185983000000001,-0.15567017,-0.17385864,0.16125488000000002,0.37654686,0.4472292,-0.13804603000000001,-0.0418396,-0.24536133000000002,0.14199829,0.33732074,0.5531435,-0.13868892,0.070495605,-0.35198975,0.037200928,0.28819907,0.68832827,-0.040315032,0.14794922,-0.38827515,-0.14614868,0.2525422,0.7481051,0.15397447,0.04675293,-0.26419067,-0.23236084,0.36788172,0.6213466999999999,0.23461041,检查1#变、2变、开闭所有进线、出线地刀在拉开位置。
0.051086426000000004,0.00045776367000000006,-0.028564453,-0.09393728,-0.36558008000000003,-0.05710709,0.055908203000000004,0.040130615,0.049682617000000005,-0.06993306,-0.37945979999999996,-0.16472417,0.043701172,0.1005249,0.06628418,-0.04281597,-0.45324066,-0.19708145,0.049438477,0.088775635,0.06866455,-0.042227477,-0.45962662,-0.20735765,0.0032653809000000003,-0.002960205,0.09793091,0.008680686,-0.40611455,-0.24240613,0.0032653809000000003,-0.002960205,0.09793091,0.008680686,-0.40611455,-0.24240613,-0.054351807,-0.042144775,0.10137939500000001,0.061809048000000005,-0.38326204,-0.2403121,-0.17370605,-0.103759766,0.10861206,0.16958533,-0.31311008,-0.23388958,-0.5303955,0.03475952,0.08920288,0.48567122,-0.34870026,-0.15330523000000001,-0.47546387,-0.068725586,0.18734741,0.40600377,-0.08423709,-0.17808616,-0.44451904000000003,-0.10534668,0.1739502,0.41166872,0.0848765,-0.14156508,-0.38259888000000003,-0.1468811,0.0921936,0.41949093,0.24266493,-0.05833596,-0.2897644,-0.15011597000000002,0.07357788,0.3723302,0.3041637,-0.039215624000000004,-0.23928833,-0.15487671,0.11642456,0.38747257,0.37686529999999996,-0.08185983000000001,-0.15567017,-0.17385864,0.16125488000000002,0.37654686,0.4472292,-0.13804603000000001,-0.0418396,-0.24536133000000002,0.14199829,0.33732074,0.5531435,-0.13868892,0.070495605,-0.35198975,0.037200928,0.28819907,0.68832827,-0.040315032,0.14794922,-0.38827515,-0.14614868,0.2525422,0.7481051,0.15397447,0.04675293,-0.26419067,-0.23236084,0.36788172,0.6213466999999999,0.23461041,-0.06906128,-0.39358519999999997,-0.24160767,0.47145319999999996,0.7128122,0.19974965,检查1#变、2变、开闭所有进线、出线地刀在拉开位置。
0.055908203000000004,0.040130615,0.049682617000000005,-0.06993306,-0.37945979999999996,-0.16472417,0.043701172,0.1005249,0.06628418,-0.04281597,-0.45324066,-0.19708145,0.049438477,0.088775635,0.06866455,-0.042227477,-0.45962662,-0.20735765,0.0032653809000000003,-0.002960205,0.09793091,0.008680686,-0.40611455,-0.24240613,0.0032653809000000003,-0.002960205,0.09793091,0.008680686,-0.40611455,-0.24240613,-0.054351807,-0.042144775,0.10137939500000001,0.061809048000000005,-0.38326204,-0.2403121,-0.17370605,-0.103759766,0.10861206,0.16958533,-0.31311008,-0.23388958,-0.5303955,0.03475952,0.08920288,0.48567122,-0.34870026,-0.15330523000000001,-0.47546387,-0.068725586,0.18734741,0.40600377,-0.08423709,-0.17808616,-0.44451904000000003,-0.10534668,0.1739502,0.41166872,0.0848765,-0.14156508,-0.38259888000000003,-0.1468811,0.0921936,0.41949093,0.24266493,-0.05833596,-0.2897644,-0.15011597000000002,0.07357788,0.3723302,0.3041637,-0.039215624000000004,-0.23928833,-0.15487671,0.11642456,0.38747257,0.37686529999999996,-0.08185983000000001,-0.15567017,-0.17385864,0.16125488000000002,0.37654686,0.4472292,-0.13804603000000001,-0.0418396,-0.24536133000000002,0.14199829,0.33732074,0.5531435,-0.13868892,0.070495605,-0.35198975,0.037200928,0.28819907,0.68832827,-0.040315032,0.14794922,-0.38827515,-0.14614868,0.2525422,0.7481051,0.15397447,0.04675293,-0.26419067,-0.23236084,0.36788172,0.6213466999999999,0.23461041,-0.06906128,-0.39358519999999997,-0.24160767,0.47145319999999996,0.7128122,0.19974965,-0.20193481,-0.46282959999999995,-0.16455078,0.5548719999999999,0.7195345,0.07769722,检查1#变、2变、开闭所有进线、出线地刀在拉开位置。
0.043701172,0.1005249,0.06628418,-0.04281597,-0.45324066,-0.19708145,0.049438477,0.088775635,0.06866455,-0.042227477,-0.45962662,-0.20735765,0.0032653809000000003,-0.002960205,0.09793091,0.008680686,-0.40611455,-0.24240613,0.0032653809000000003,-0.002960205,0.09793091,0.008680686,-0.40611455,-0.24240613,-0.054351807,-0.042144775,0.10137939500000001,0.061809048000000005,-0.38326204,-0.2403121,-0.17370605,-0.103759766,0.10861206,0.16958533,-0.31311008,-0.23388958,-0.5303955,0.03475952,0.08920288,0.48567122,-0.34870026,-0.15330523000000001,-0.47546387,-0.068725586,0.18734741,0.40600377,-0.08423709,-0.17808616,-0.44451904000000003,-0.10534668,0.1739502,0.41166872,0.0848765,-0.14156508,-0.38259888000000003,-0.1468811,0.0921936,0.41949093,0.24266493,-0.05833596,-0.2897644,-0.15011597000000002,0.07357788,0.3723302,0.3041637,-0.039215624000000004,-0.23928833,-0.15487671,0.11642456,0.38747257,0.37686529999999996,-0.08185983000000001,-0.15567017,-0.17385864,0.16125488000000002,0.37654686,0.4472292,-0.13804603000000001,-0.0418396,-0.24536133000000002,0.14199829,0.33732074,0.5531435,-0.13868892,0.070495605,-0.35198975,0.037200928,0.28819907,0.68832827,-0.040315032,0.14794922,-0.38827515,-0.14614868,0.2525422,0.7481051,0.15397447,0.04675293,-0.26419067,-0.23236084,0.36788172,0.6213466999999999,0.23461041,-0.06906128,-0.39358519999999997,-0.24160767,0.47145319999999996,0.7128122,0.19974965,-0.20193481,-0.46282959999999995,-0.16455078,0.5548719999999999,0.7195345,0.07769722,-0.30065918,-0.37234497,-0.18185425,0.59539396,0.5772880300000001,0.08212429,检查1#变、2变、开闭所有进线、出线地刀在拉开位置。
0.049438477,0.088775635,0.06866455,-0.042227477,-0.45962662,-0.20735765,0.0032653809000000003,-0.002960205,0.09793091,0.008680686,-0.40611455,-0.24240613,0.0032653809000000003,-0.002960205,0.09793091,0.008680686,-0.40611455,-0.24240613,-0.054351807,-0.042144775,0.10137939500000001,0.061809048000000005,-0.38326204,-0.2403121,-0.17370605,-0.103759766,0.10861206,0.16958533,-0.31311008,-0.23388958,-0.5303955,0.03475952,0.08920288,0.48567122,-0.34870026,-0.15330523000000001,-0.47546387,-0.068725586,0.18734741,0.40600377,-0.08423709,-0.17808616,-0.44451904000000003,-0.10534668,0.1739502,0.41166872,0.0848765,-0.14156508,-0.38259888000000003,-0.1468811,0.0921936,0.41949093,0.24266493,-0.05833596,-0.2897644,-0.15011597000000002,0.07357788,0.3723302,0.3041637,-0.039215624000000004,-0.23928833,-0.15487671,0.11642456,0.38747257,0.37686529999999996,-0.08185983000000001,-0.15567017,-0.17385864,0.16125488000000002,0.37654686,0.4472292,-0.13804603000000001,-0.0418396,-0.24536133000000002,0.14199829,0.33732074,0.5531435,-0.13868892,0.070495605,-0.35198975,0.037200928,0.28819907,0.68832827,-0.040315032,0.14794922,-0.38827515,-0.14614868,0.2525422,0.7481051,0.15397447,0.04675293,-0.26419067,-0.23236084,0.36788172,0.6213466999999999,0.23461041,-0.06906128,-0.39358519999999997,-0.24160767,0.47145319999999996,0.7128122,0.19974965,-0.20193481,-0.46282959999999995,-0.16455078,0.5548719999999999,0.7195345,0.07769722,-0.30065918,-0.37234497,-0.18185425,0.59539396,0.5772880300000001,0.08212429,-0.3105774,-0.34173584,-0.14758301000000001,0.48641258,0.45936105,0.058538437000000006,检查1#变、2变、开闭所有进线、出线地刀在拉开位置。
0.0032653809000000003,-0.002960205,0.09793091,0.008680686,-0.40611455,-0.24240613,0.0032653809000000003,-0.002960205,0.09793091,0.008680686,-0.40611455,-0.24240613,-0.054351807,-0.042144775,0.10137939500000001,0.061809048000000005,-0.38326204,-0.2403121,-0.17370605,-0.103759766,0.10861206,0.16958533,-0.31311008,-0.23388958,-0.5303955,0.03475952,0.08920288,0.48567122,-0.34870026,-0.15330523000000001,-0.47546387,-0.068725586,0.18734741,0.40600377,-0.08423709,-0.17808616,-0.44451904000000003,-0.10534668,0.1739502,0.41166872,0.0848765,-0.14156508,-0.38259888000000003,-0.1468811,0.0921936,0.41949093,0.24266493,-0.05833596,-0.2897644,-0.15011597000000002,0.07357788,0.3723302,0.3041637,-0.039215624000000004,-0.23928833,-0.15487671,0.11642456,0.38747257,0.37686529999999996,-0.08185983000000001,-0.15567017,-0.17385864,0.16125488000000002,0.37654686,0.4472292,-0.13804603000000001,-0.0418396,-0.24536133000000002,0.14199829,0.33732074,0.5531435,-0.13868892,0.070495605,-0.35198975,0.037200928,0.28819907,0.68832827,-0.040315032,0.14794922,-0.38827515,-0.14614868,0.2525422,0.7481051,0.15397447,0.04675293,-0.26419067,-0.23236084,0.36788172,0.6213466999999999,0.23461041,-0.06906128,-0.39358519999999997,-0.24160767,0.47145319999999996,0.7128122,0.19974965,-0.20193481,-0.46282959999999995,-0.16455078,0.5548719999999999,0.7195345,0.07769722,-0.30065918,-0.37234497,-0.18185425,0.59539396,0.5772880300000001,0.08212429,-0.3105774,-0.34173584,-0.14758301000000001,0.48641258,0.45936105,0.058538437000000006,-0.39163208,-0.28573608,-0.10168457,0.5220824,0.36985385,0.026860893,检查1#变、2变、开闭所有进线、出线地刀在拉开位置。
0.0032653809000000003,-0.002960205,0.09793091,0.008680686,-0.40611455,-0.24240613,-0.054351807,-0.042144775,0.10137939500000001,0.061809048000000005,-0.38326204,-0.2403121,-0.17370605,-0.103759766,0.10861206,0.16958533,-0.31311008,-0.23388958,-0.5303955,0.03475952,0.08920288,0.48567122,-0.34870026,-0.15330523000000001,-0.47546387,-0.068725586,0.18734741,0.40600377,-0.08423709,-0.17808616,-0.44451904000000003,-0.10534668,0.1739502,0.41166872,0.0848765,-0.14156508,-0.38259888000000003,-0.1468811,0.0921936,0.41949093,0.24266493,-0.05833596,-0.2897644,-0.15011597000000002,0.07357788,0.3723302,0.3041637,-0.039215624000000004,-0.23928833,-0.15487671,0.11642456,0.38747257,0.37686529999999996,-0.08185983000000001,-0.15567017,-0.17385864,0.16125488000000002,0.37654686,0.4472292,-0.13804603000000001,-0.0418396,-0.24536133000000002,0.14199829,0.33732074,0.5531435,-0.13868892,0.070495605,-0.35198975,0.037200928,0.28819907,0.68832827,-0.040315032,0.14794922,-0.38827515,-0.14614868,0.2525422,0.7481051,0.15397447,0.04675293,-0.26419067,-0.23236084,0.36788172,0.6213466999999999,0.23461041,-0.06906128,-0.39358519999999997,-0.24160767,0.47145319999999996,0.7128122,0.19974965,-0.20193481,-0.46282959999999995,-0.16455078,0.5548719999999999,0.7195345,0.07769722,-0.30065918,-0.37234497,-0.18185425,0.59539396,0.5772880300000001,0.08212429,-0.3105774,-0.34173584,-0.14758301000000001,0.48641258,0.45936105,0.058538437000000006,-0.39163208,-0.28573608,-0.10168457,0.5220824,0.36985385,0.026860893,-0.4316101,-0.15682983,-0.13067627,0.48640633,0.16671044000000002,0.08044249,检查1#变、2变、开闭所有进线、出线地刀在拉开位置。
-0.054351807,-0.042144775,0.10137939500000001,0.061809048000000005,-0.38326204,-0.2403121,-0.17370605,-0.103759766,0.10861206,0.16958533,-0.31311008,-0.23388958,-0.5303955,0.03475952,0.08920288,0.48567122,-0.34870026,-0.15330523000000001,-0.47546387,-0.068725586,0.18734741,0.40600377,-0.08423709,-0.17808616,-0.44451904000000003,-0.10534668,0.1739502,0.41166872,0.0848765,-0.14156508,-0.38259888000000003,-0.1468811,0.0921936,0.41949093,0.24266493,-0.05833596,-0.2897644,-0.15011597000000002,0.07357788,0.3723302,0.3041637,-0.039215624000000004,-0.23928833,-0.15487671,0.11642456,0.38747257,0.37686529999999996,-0.08185983000000001,-0.15567017,-0.17385864,0.16125488000000002,0.37654686,0.4472292,-0.13804603000000001,-0.0418396,-0.24536133000000002,0.14199829,0.33732074,0.5531435,-0.13868892,0.070495605,-0.35198975,0.037200928,0.28819907,0.68832827,-0.040315032,0.14794922,-0.38827515,-0.14614868,0.2525422,0.7481051,0.15397447,0.04675293,-0.26419067,-0.23236084,0.36788172,0.6213466999999999,0.23461041,-0.06906128,-0.39358519999999997,-0.24160767,0.47145319999999996,0.7128122,0.19974965,-0.20193481,-0.46282959999999995,-0.16455078,0.5548719999999999,0.7195345,0.07769722,-0.30065918,-0.37234497,-0.18185425,0.59539396,0.5772880300000001,0.08212429,-0.3105774,-0.34173584,-0.14758301000000001,0.48641258,0.45936105,0.058538437000000006,-0.39163208,-0.28573608,-0.10168457,0.5220824,0.36985385,0.026860893,-0.4316101,-0.15682983,-0.13067627,0.48640633,0.16671044000000002,0.08044249,-0.49124146,-0.03024292,-0.19647217,0.48995239999999995,-0.048360765,0.15966383,检查1#变、2变、开闭所有进线、出线地刀在拉开位置。
-0.17370605,-0.103759766,0.10861206,0.16958533,-0.31311008,-0.23388958,-0.5303955,0.03475952,0.08920288,0.48567122,-0.34870026,-0.15330523000000001,-0.47546387,-0.068725586,0.18734741,0.40600377,-0.08423709,-0.17808616,-0.44451904000000003,-0.10534668,0.1739502,0.41166872,0.0848765,-0.14156508,-0.38259888000000003,-0.1468811,0.0921936,0.41949093,0.24266493,-0.05833596,-0.2897644,-0.15011597000000002,0.07357788,0.3723302,0.3041637,-0.039215624000000004,-0.23928833,-0.15487671,0.11642456,0.38747257,0.37686529999999996,-0.08185983000000001,-0.15567017,-0.17385864,0.16125488000000002,0.37654686,0.4472292,-0.13804603000000001,-0.0418396,-0.24536133000000002,0.14199829,0.33732074,0.5531435,-0.13868892,0.070495605,-0.35198975,0.037200928,0.28819907,0.68832827,-0.040315032,0.14794922,-0.38827515,-0.14614868,0.2525422,0.7481051,0.15397447,0.04675293,-0.26419067,-0.23236084,0.36788172,0.6213466999999999,0.23461041,-0.06906128,-0.39358519999999997,-0.24160767,0.47145319999999996,0.7128122,0.19974965,-0.20193481,-0.46282959999999995,-0.16455078,0.5548719999999999,0.7195345,0.07769722,-0.30065918,-0.37234497,-0.18185425,0.59539396,0.5772880300000001,0.08212429,-0.3105774,-0.34173584,-0.14758301000000001,0.48641258,0.45936105,0.058538437000000006,-0.39163208,-0.28573608,-0.10168457,0.5220824,0.36985385,0.026860893,-0.4316101,-0.15682983,-0.13067627,0.48640633,0.16671044000000002,0.08044249,-0.49124146,-0.03024292,-0.19647217,0.48995239999999995,-0.048360765,0.15966383,-0.38385009999999997,-0.016235352,-0.22024536,0.33923793,-0.17038125,0.18525341,检查1#变、2变、开闭所有进线、出线地刀在拉开位置。
-0.5303955,0.03475952,0.08920288,0.48567122,-0.34870026,-0.15330523000000001,-0.47546387,-0.068725586,0.18734741,0.40600377,-0.08423709,-0.17808616,-0.44451904000000003,-0.10534668,0.1739502,0.41166872,0.0848765,-0.14156508,-0.38259888000000003,-0.1468811,0.0921936,0.41949093,0.24266493,-0.05833596,-0.2897644,-0.15011597000000002,0.07357788,0.3723302,0.3041637,-0.039215624000000004,-0.23928833,-0.15487671,0.11642456,0.38747257,0.37686529999999996,-0.08185983000000001,-0.15567017,-0.17385864,0.16125488000000002,0.37654686,0.4472292,-0.13804603000000001,-0.0418396,-0.24536133000000002,0.14199829,0.33732074,0.5531435,-0.13868892,0.070495605,-0.35198975,0.037200928,0.28819907,0.68832827,-0.040315032,0.14794922,-0.38827515,-0.14614868,0.2525422,0.7481051,0.15397447,0.04675293,-0.26419067,-0.23236084,0.36788172,0.6213466999999999,0.23461041,-0.06906128,-0.39358519999999997,-0.24160767,0.47145319999999996,0.7128122,0.19974965,-0.20193481,-0.46282959999999995,-0.16455078,0.5548719999999999,0.7195345,0.07769722,-0.30065918,-0.37234497,-0.18185425,0.59539396,0.5772880300000001,0.08212429,-0.3105774,-0.34173584,-0.14758301000000001,0.48641258,0.45936105,0.058538437000000006,-0.39163208,-0.28573608,-0.10168457,0.5220824,0.36985385,0.026860893,-0.4316101,-0.15682983,-0.13067627,0.48640633,0.16671044000000002,0.08044249,-0.49124146,-0.03024292,-0.19647217,0.48995239999999995,-0.048360765,0.15966383,-0.38385009999999997,-0.016235352,-0.22024536,0.33923793,-0.17038125,0.18525341,-0.35818479999999997,-0.029632568,-0.19790649999999999,0.29969352,-0.21381065,0.16128784000000002,检查1#变、2变、开闭所有进线、出线地刀在拉开位置。
-0.47546387,-0.068725586,0.18734741,0.40600377,-0.08423709,-0.17808616,-0.44451904000000003,-0.10534668,0.1739502,0.41166872,0.0848765,-0.14156508,-0.38259888000000003,-0.1468811,0.0921936,0.41949093,0.24266493,-0.05833596,-0.2897644,-0.15011597000000002,0.07357788,0.3723302,0.3041637,-0.039215624000000004,-0.23928833,-0.15487671,0.11642456,0.38747257,0.37686529999999996,-0.08185983000000001,-0.15567017,-0.17385864,0.16125488000000002,0.37654686,0.4472292,-0.13804603000000001,-0.0418396,-0.24536133000000002,0.14199829,0.33732074,0.5531435,-0.13868892,0.070495605,-0.35198975,0.037200928,0.28819907,0.68832827,-0.040315032,0.14794922,-0.38827515,-0.14614868,0.2525422,0.7481051,0.15397447,0.04675293,-0.26419067,-0.23236084,0.36788172,0.6213466999999999,0.23461041,-0.06906128,-0.39358519999999997,-0.24160767,0.47145319999999996,0.7128122,0.19974965,-0.20193481,-0.46282959999999995,-0.16455078,0.5548719999999999,0.7195345,0.07769722,-0.30065918,-0.37234497,-0.18185425,0.59539396,0.5772880300000001,0.08212429,-0.3105774,-0.34173584,-0.14758301000000001,0.48641258,0.45936105,0.058538437000000006,-0.39163208,-0.28573608,-0.10168457,0.5220824,0.36985385,0.026860893,-0.4316101,-0.15682983,-0.13067627,0.48640633,0.16671044000000002,0.08044249,-0.49124146,-0.03024292,-0.19647217,0.48995239999999995,-0.048360765,0.15966383,-0.38385009999999997,-0.016235352,-0.22024536,0.33923793,-0.17038125,0.18525341,-0.35818479999999997,-0.029632568,-0.19790649999999999,0.29969352,-0.21381065,0.16128784000000002,-0.35977173,-0.0029907227,-0.12658691,0.2979378,-0.36869797,0.07336938400000001,检查1#变、2变、开闭所有进线、出线地刀在拉开位置。
-0.44451904000000003,-0.10534668,0.1739502,0.41166872,0.0848765,-0.14156508,-0.38259888000000003,-0.1468811,0.0921936,0.41949093,0.24266493,-0.05833596,-0.2897644,-0.15011597000000002,0.07357788,0.3723302,0.3041637,-0.039215624000000004,-0.23928833,-0.15487671,0.11642456,0.38747257,0.37686529999999996,-0.08185983000000001,-0.15567017,-0.17385864,0.16125488000000002,0.37654686,0.4472292,-0.13804603000000001,-0.0418396,-0.24536133000000002,0.14199829,0.33732074,0.5531435,-0.13868892,0.070495605,-0.35198975,0.037200928,0.28819907,0.68832827,-0.040315032,0.14794922,-0.38827515,-0.14614868,0.2525422,0.7481051,0.15397447,0.04675293,-0.26419067,-0.23236084,0.36788172,0.6213466999999999,0.23461041,-0.06906128,-0.39358519999999997,-0.24160767,0.47145319999999996,0.7128122,0.19974965,-0.20193481,-0.46282959999999995,-0.16455078,0.5548719999999999,0.7195345,0.07769722,-0.30065918,-0.37234497,-0.18185425,0.59539396,0.5772880300000001,0.08212429,-0.3105774,-0.34173584,-0.14758301000000001,0.48641258,0.45936105,0.058538437000000006,-0.39163208,-0.28573608,-0.10168457,0.5220824,0.36985385,0.026860893,-0.4316101,-0.15682983,-0.13067627,0.48640633,0.16671044000000002,0.08044249,-0.49124146,-0.03024292,-0.19647217,0.48995239999999995,-0.048360765,0.15966383,-0.38385009999999997,-0.016235352,-0.22024536,0.33923793,-0.17038125,0.18525341,-0.35818479999999997,-0.029632568,-0.19790649999999999,0.29969352,-0.21381065,0.16128784000000002,-0.35977173,-0.0029907227,-0.12658691,0.2979378,-0.36869797,0.07336938400000001,-0.22164917,0.101989746,-0.19735718,0.18768357,-0.5488744999999999,0.10898852,检查1#变、2变、开闭所有进线、出线地刀在拉开位置。
-0.38259888000000003,-0.1468811,0.0921936,0.41949093,0.24266493,-0.05833596,-0.2897644,-0.15011597000000002,0.07357788,0.3723302,0.3041637,-0.039215624000000004,-0.23928833,-0.15487671,0.11642456,0.38747257,0.37686529999999996,-0.08185983000000001,-0.15567017,-0.17385864,0.16125488000000002,0.37654686,0.4472292,-0.13804603000000001,-0.0418396,-0.24536133000000002,0.14199829,0.33732074,0.5531435,-0.13868892,0.070495605,-0.35198975,0.037200928,0.28819907,0.68832827,-0.040315032,0.14794922,-0.38827515,-0.14614868,0.2525422,0.7481051,0.15397447,0.04675293,-0.26419067,-0.23236084,0.36788172,0.6213466999999999,0.23461041,-0.06906128,-0.39358519999999997,-0.24160767,0.47145319999999996,0.7128122,0.19974965,-0.20193481,-0.46282959999999995,-0.16455078,0.5548719999999999,0.7195345,0.07769722,-0.30065918,-0.37234497,-0.18185425,0.59539396,0.5772880300000001,0.08212429,-0.3105774,-0.34173584,-0.14758301000000001,0.48641258,0.45936105,0.058538437000000006,-0.39163208,-0.28573608,-0.10168457,0.5220824,0.36985385,0.026860893,-0.4316101,-0.15682983,-0.13067627,0.48640633,0.16671044000000002,0.08044249,-0.49124146,-0.03024292,-0.19647217,0.48995239999999995,-0.048360765,0.15966383,-0.38385009999999997,-0.016235352,-0.22024536,0.33923793,-0.17038125,0.18525341,-0.35818479999999997,-0.029632568,-0.19790649999999999,0.29969352,-0.21381065,0.16128784000000002,-0.35977173,-0.0029907227,-0.12658691,0.2979378,-0.36869797,0.07336938400000001,-0.22164917,0.101989746,-0.19735718,0.18768357,-0.5488744999999999,0.10898852,-0.20321655,0.11593628,-0.21371459999999998,0.1793677,-0.5756709999999999,0.11456829,检查1#变、2变、开闭所有进线、出线地刀在拉开位置。
-0.2897644,-0.15011597000000002,0.07357788,0.3723302,0.3041637,-0.039215624000000004,-0.23928833,-0.15487671,0.11642456,0.38747257,0.37686529999999996,-0.08185983000000001,-0.15567017,-0.17385864,0.16125488000000002,0.37654686,0.4472292,-0.13804603000000001,-0.0418396,-0.24536133000000002,0.14199829,0.33732074,0.5531435,-0.13868892,0.070495605,-0.35198975,0.037200928,0.28819907,0.68832827,-0.040315032,0.14794922,-0.38827515,-0.14614868,0.2525422,0.7481051,0.15397447,0.04675293,-0.26419067,-0.23236084,0.36788172,0.6213466999999999,0.23461041,-0.06906128,-0.39358519999999997,-0.24160767,0.47145319999999996,0.7128122,0.19974965,-0.20193481,-0.46282959999999995,-0.16455078,0.5548719999999999,0.7195345,0.07769722,-0.30065918,-0.37234497,-0.18185425,0.59539396,0.5772880300000001,0.08212429,-0.3105774,-0.34173584,-0.14758301000000001,0.48641258,0.45936105,0.058538437000000006,-0.39163208,-0.28573608,-0.10168457,0.5220824,0.36985385,0.026860893,-0.4316101,-0.15682983,-0.13067627,0.48640633,0.16671044000000002,0.08044249,-0.49124146,-0.03024292,-0.19647217,0.48995239999999995,-0.048360765,0.15966383,-0.38385009999999997,-0.016235352,-0.22024536,0.33923793,-0.17038125,0.18525341,-0.35818479999999997,-0.029632568,-0.19790649999999999,0.29969352,-0.21381065,0.16128784000000002,-0.35977173,-0.0029907227,-0.12658691,0.2979378,-0.36869797,0.07336938400000001,-0.22164917,0.101989746,-0.19735718,0.18768357,-0.5488744999999999,0.10898852,-0.20321655,0.11593628,-0.21371459999999998,0.1793677,-0.5756709999999999,0.11456829,0.0017089844000000001,0.16912842,-0.109680176,0.05500503,-0.66064143,-0.06993562,检查1#变、2变、开闭所有进线、出线地刀在拉开位置。
-0.23928833,-0.15487671,0.11642456,0.38747257,0.37686529999999996,-0.08185983000000001,-0.15567017,-0.17385864,0.16125488000000002,0.37654686,0.4472292,-0.13804603000000001,-0.0418396,-0.24536133000000002,0.14199829,0.33732074,0.5531435,-0.13868892,0.070495605,-0.35198975,0.037200928,0.28819907,0.68832827,-0.040315032,0.14794922,-0.38827515,-0.14614868,0.2525422,0.7481051,0.15397447,0.04675293,-0.26419067,-0.23236084,0.36788172,0.6213466999999999,0.23461041,-0.06906128,-0.39358519999999997,-0.24160767,0.47145319999999996,0.7128122,0.19974965,-0.20193481,-0.46282959999999995,-0.16455078,0.5548719999999999,0.7195345,0.07769722,-0.30065918,-0.37234497,-0.18185425,0.59539396,0.5772880300000001,0.08212429,-0.3105774,-0.34173584,-0.14758301000000001,0.48641258,0.45936105,0.058538437000000006,-0.39163208,-0.28573608,-0.10168457,0.5220824,0.36985385,0.026860893,-0.4316101,-0.15682983,-0.13067627,0.48640633,0.16671044000000002,0.08044249,-0.49124146,-0.03024292,-0.19647217,0.48995239999999995,-0.048360765,0.15966383,-0.38385009999999997,-0.016235352,-0.22024536,0.33923793,-0.17038125,0.18525341,-0.35818479999999997,-0.029632568,-0.19790649999999999,0.29969352,-0.21381065,0.16128784000000002,-0.35977173,-0.0029907227,-0.12658691,0.2979378,-0.36869797,0.07336938400000001,-0.22164917,0.101989746,-0.19735718,0.18768357,-0.5488744999999999,0.10898852,-0.20321655,0.11593628,-0.21371459999999998,0.1793677,-0.5756709999999999,0.11456829,0.0017089844000000001,0.16912842,-0.109680176,0.05500503,-0.66064143,-0.06993562,-0.021697998000000003,0.20391846,-0.026245117000000002,0.13004811,-0.6813532,-0.19613492,检查1#变、2变、开闭所有进线、出线地刀在拉开位置。
-0.15567017,-0.17385864,0.16125488000000002,0.37654686,0.4472292,-0.13804603000000001,-0.0418396,-0.24536133000000002,0.14199829,0.33732074,0.5531435,-0.13868892,0.070495605,-0.35198975,0.037200928,0.28819907,0.68832827,-0.040315032,0.14794922,-0.38827515,-0.14614868,0.2525422,0.7481051,0.15397447,0.04675293,-0.26419067,-0.23236084,0.36788172,0.6213466999999999,0.23461041,-0.06906128,-0.39358519999999997,-0.24160767,0.47145319999999996,0.7128122,0.19974965,-0.20193481,-0.46282959999999995,-0.16455078,0.5548719999999999,0.7195345,0.07769722,-0.30065918,-0.37234497,-0.18185425,0.59539396,0.5772880300000001,0.08212429,-0.3105774,-0.34173584,-0.14758301000000001,0.48641258,0.45936105,0.058538437000000006,-0.39163208,-0.28573608,-0.10168457,0.5220824,0.36985385,0.026860893,-0.4316101,-0.15682983,-0.13067627,0.48640633,0.16671044000000002,0.08044249,-0.49124146,-0.03024292,-0.19647217,0.48995239999999995,-0.048360765,0.15966383,-0.38385009999999997,-0.016235352,-0.22024536,0.33923793,-0.17038125,0.18525341,-0.35818479999999997,-0.029632568,-0.19790649999999999,0.29969352,-0.21381065,0.16128784000000002,-0.35977173,-0.0029907227,-0.12658691,0.2979378,-0.36869797,0.07336938400000001,-0.22164917,0.101989746,-0.19735718,0.18768357,-0.5488744999999999,0.10898852,-0.20321655,0.11593628,-0.21371459999999998,0.1793677,-0.5756709999999999,0.11456829,0.0017089844000000001,0.16912842,-0.109680176,0.05500503,-0.66064143,-0.06993562,-0.021697998000000003,0.20391846,-0.026245117000000002,0.13004811,-0.6813532,-0.19613492,-0.05947876,0.24777222000000002,0.003540039,0.20796324,-0.713248,-0.2548437,检查1#变、2变、开闭所有进线、出线地刀在拉开位置。
-0.0418396,-0.24536133000000002,0.14199829,0.33732074,0.5531435,-0.13868892,0.070495605,-0.35198975,0.037200928,0.28819907,0.68832827,-0.040315032,0.14794922,-0.38827515,-0.14614868,0.2525422,0.7481051,0.15397447,0.04675293,-0.26419067,-0.23236084,0.36788172,0.6213466999999999,0.23461041,-0.06906128,-0.39358519999999997,-0.24160767,0.47145319999999996,0.7128122,0.19974965,-0.20193481,-0.46282959999999995,-0.16455078,0.5548719999999999,0.7195345,0.07769722,-0.30065918,-0.37234497,-0.18185425,0.59539396,0.5772880300000001,0.08212429,-0.3105774,-0.34173584,-0.14758301000000001,0.48641258,0.45936105,0.058538437000000006,-0.39163208,-0.28573608,-0.10168457,0.5220824,0.36985385,0.026860893,-0.4316101,-0.15682983,-0.13067627,0.48640633,0.16671044000000002,0.08044249,-0.49124146,-0.03024292,-0.19647217,0.48995239999999995,-0.048360765,0.15966383,-0.38385009999999997,-0.016235352,-0.22024536,0.33923793,-0.17038125,0.18525341,-0.35818479999999997,-0.029632568,-0.19790649999999999,0.29969352,-0.21381065,0.16128784000000002,-0.35977173,-0.0029907227,-0.12658691,0.2979378,-0.36869797,0.07336938400000001,-0.22164917,0.101989746,-0.19735718,0.18768357,-0.5488744999999999,0.10898852,-0.20321655,0.11593628,-0.21371459999999998,0.1793677,-0.5756709999999999,0.11456829,0.0017089844000000001,0.16912842,-0.109680176,0.05500503,-0.66064143,-0.06993562,-0.021697998000000003,0.20391846,-0.026245117000000002,0.13004811,-0.6813532,-0.19613492,-0.05947876,0.24777222000000002,0.003540039,0.20796324,-0.713248,-0.2548437,-0.14724731,0.28326416,0.15869139999999998,0.34252936,-0.7330477,-0.43972015000000003,检查1#变、2变、开闭所有进线、出线地刀在拉开位置。
0.070495605,-0.35198975,0.037200928,0.28819907,0.68832827,-0.040315032,0.14794922,-0.38827515,-0.14614868,0.2525422,0.7481051,0.15397447,0.04675293,-0.26419067,-0.23236084,0.36788172,0.6213466999999999,0.23461041,-0.06906128,-0.39358519999999997,-0.24160767,0.47145319999999996,0.7128122,0.19974965,-0.20193481,-0.46282959999999995,-0.16455078,0.5548719999999999,0.7195345,0.07769722,-0.30065918,-0.37234497,-0.18185425,0.59539396,0.5772880300000001,0.08212429,-0.3105774,-0.34173584,-0.14758301000000001,0.48641258,0.45936105,0.058538437000000006,-0.39163208,-0.28573608,-0.10168457,0.5220824,0.36985385,0.026860893,-0.4316101,-0.15682983,-0.13067627,0.48640633,0.16671044000000002,0.08044249,-0.49124146,-0.03024292,-0.19647217,0.48995239999999995,-0.048360765,0.15966383,-0.38385009999999997,-0.016235352,-0.22024536,0.33923793,-0.17038125,0.18525341,-0.35818479999999997,-0.029632568,-0.19790649999999999,0.29969352,-0.21381065,0.16128784000000002,-0.35977173,-0.0029907227,-0.12658691,0.2979378,-0.36869797,0.07336938400000001,-0.22164917,0.101989746,-0.19735718,0.18768357,-0.5488744999999999,0.10898852,-0.20321655,0.11593628,-0.21371459999999998,0.1793677,-0.5756709999999999,0.11456829,0.0017089844000000001,0.16912842,-0.109680176,0.05500503,-0.66064143,-0.06993562,-0.021697998000000003,0.20391846,-0.026245117000000002,0.13004811,-0.6813532,-0.19613492,-0.05947876,0.24777222000000002,0.003540039,0.20796324,-0.713248,-0.2548437,-0.14724731,0.28326416,0.15869139999999998,0.34252936,-0.7330477,-0.43972015000000003,0.03677368,0.32958984,-0.027404785,0.1778381,-0.76950693,-0.26799439999999997,检查1#变、2变、开闭所有进线、出线地刀在拉开位置。
0.14794922,-0.38827515,-0.14614868,0.2525422,0.7481051,0.15397447,0.04675293,-0.26419067,-0.23236084,0.36788172,0.6213466999999999,0.23461041,-0.06906128,-0.39358519999999997,-0.24160767,0.47145319999999996,0.7128122,0.19974965,-0.20193481,-0.46282959999999995,-0.16455078,0.5548719999999999,0.7195345,0.07769722,-0.30065918,-0.37234497,-0.18185425,0.59539396,0.5772880300000001,0.08212429,-0.3105774,-0.34173584,-0.14758301000000001,0.48641258,0.45936105,0.058538437000000006,-0.39163208,-0.28573608,-0.10168457,0.5220824,0.36985385,0.026860893,-0.4316101,-0.15682983,-0.13067627,0.48640633,0.16671044000000002,0.08044249,-0.49124146,-0.03024292,-0.19647217,0.48995239999999995,-0.048360765,0.15966383,-0.38385009999999997,-0.016235352,-0.22024536,0.33923793,-0.17038125,0.18525341,-0.35818479999999997,-0.029632568,-0.19790649999999999,0.29969352,-0.21381065,0.16128784000000002,-0.35977173,-0.0029907227,-0.12658691,0.2979378,-0.36869797,0.07336938400000001,-0.22164917,0.101989746,-0.19735718,0.18768357,-0.5488744999999999,0.10898852,-0.20321655,0.11593628,-0.21371459999999998,0.1793677,-0.5756709999999999,0.11456829,0.0017089844000000001,0.16912842,-0.109680176,0.05500503,-0.66064143,-0.06993562,-0.021697998000000003,0.20391846,-0.026245117000000002,0.13004811,-0.6813532,-0.19613492,-0.05947876,0.24777222000000002,0.003540039,0.20796324,-0.713248,-0.2548437,-0.14724731,0.28326416,0.15869139999999998,0.34252936,-0.7330477,-0.43972015000000003,0.03677368,0.32958984,-0.027404785,0.1778381,-0.76950693,-0.26799439999999997,0.00015258789,-0.051544190000000004,-0.02029419,0.20679395,-0.3503094,-0.27284765,检查1#变、2变、开闭所有进线、出线地刀在拉开位置。
0.04675293,-0.26419067,-0.23236084,0.36788172,0.6213466999999999,0.23461041,-0.06906128,-0.39358519999999997,-0.24160767,0.47145319999999996,0.7128122,0.19974965,-0.20193481,-0.46282959999999995,-0.16455078,0.5548719999999999,0.7195345,0.07769722,-0.30065918,-0.37234497,-0.18185425,0.59539396,0.5772880300000001,0.08212429,-0.3105774,-0.34173584,-0.14758301000000001,0.48641258,0.45936105,0.058538437000000006,-0.39163208,-0.28573608,-0.10168457,0.5220824,0.36985385,0.026860893,-0.4316101,-0.15682983,-0.13067627,0.48640633,0.16671044000000002,0.08044249,-0.49124146,-0.03024292,-0.19647217,0.48995239999999995,-0.048360765,0.15966383,-0.38385009999999997,-0.016235352,-0.22024536,0.33923793,-0.17038125,0.18525341,-0.35818479999999997,-0.029632568,-0.19790649999999999,0.29969352,-0.21381065,0.16128784000000002,-0.35977173,-0.0029907227,-0.12658691,0.2979378,-0.36869797,0.07336938400000001,-0.22164917,0.101989746,-0.19735718,0.18768357,-0.5488744999999999,0.10898852,-0.20321655,0.11593628,-0.21371459999999998,0.1793677,-0.5756709999999999,0.11456829,0.0017089844000000001,0.16912842,-0.109680176,0.05500503,-0.66064143,-0.06993562,-0.021697998000000003,0.20391846,-0.026245117000000002,0.13004811,-0.6813532,-0.19613492,-0.05947876,0.24777222000000002,0.003540039,0.20796324,-0.713248,-0.2548437,-0.14724731,0.28326416,0.15869139999999998,0.34252936,-0.7330477,-0.43972015000000003,0.03677368,0.32958984,-0.027404785,0.1778381,-0.76950693,-0.26799439999999997,0.00015258789,-0.051544190000000004,-0.02029419,0.20679395,-0.3503094,-0.27284765,-0.26678467,0.03829956,-0.0010986328,0.43462902000000003,-0.37792719999999996,-0.25965732,检查1#变、2变、开闭所有进线、出线地刀在拉开位置。
-0.06906128,-0.39358519999999997,-0.24160767,0.47145319999999996,0.7128122,0.19974965,-0.20193481,-0.46282959999999995,-0.16455078,0.5548719999999999,0.7195345,0.07769722,-0.30065918,-0.37234497,-0.18185425,0.59539396,0.5772880300000001,0.08212429,-0.3105774,-0.34173584,-0.14758301000000001,0.48641258,0.45936105,0.058538437000000006,-0.39163208,-0.28573608,-0.10168457,0.5220824,0.36985385,0.026860893,-0.4316101,-0.15682983,-0.13067627,0.48640633,0.16671044000000002,0.08044249,-0.49124146,-0.03024292,-0.19647217,0.48995239999999995,-0.048360765,0.15966383,-0.38385009999999997,-0.016235352,-0.22024536,0.33923793,-0.17038125,0.18525341,-0.35818479999999997,-0.029632568,-0.19790649999999999,0.29969352,-0.21381065,0.16128784000000002,-0.35977173,-0.0029907227,-0.12658691,0.2979378,-0.36869797,0.07336938400000001,-0.22164917,0.101989746,-0.19735718,0.18768357,-0.5488744999999999,0.10898852,-0.20321655,0.11593628,-0.21371459999999998,0.1793677,-0.5756709999999999,0.11456829,0.0017089844000000001,0.16912842,-0.109680176,0.05500503,-0.66064143,-0.06993562,-0.021697998000000003,0.20391846,-0.026245117000000002,0.13004811,-0.6813532,-0.19613492,-0.05947876,0.24777222000000002,0.003540039,0.20796324,-0.713248,-0.2548437,-0.14724731,0.28326416,0.15869139999999998,0.34252936,-0.7330477,-0.43972015000000003,0.03677368,0.32958984,-0.027404785,0.1778381,-0.76950693,-0.26799439999999997,0.00015258789,-0.051544190000000004,-0.02029419,0.20679395,-0.3503094,-0.27284765,-0.26678467,0.03829956,-0.0010986328,0.43462902000000003,-0.37792719999999996,-0.25965732,-0.5182800000000001,0.09262085,0.07403564500000001,0.6504095,-0.37171139999999997,-0.29821008,检查1#变、2变、开闭所有进线、出线地刀在拉开位置。
-0.20193481,-0.46282959999999995,-0.16455078,0.5548719999999999,0.7195345,0.07769722,-0.30065918,-0.37234497,-0.18185425,0.59539396,0.5772880300000001,0.08212429,-0.3105774,-0.34173584,-0.14758301000000001,0.48641258,0.45936105,0.058538437000000006,-0.39163208,-0.28573608,-0.10168457,0.5220824,0.36985385,0.026860893,-0.4316101,-0.15682983,-0.13067627,0.48640633,0.16671044000000002,0.08044249,-0.49124146,-0.03024292,-0.19647217,0.48995239999999995,-0.048360765,0.15966383,-0.38385009999999997,-0.016235352,-0.22024536,0.33923793,-0.17038125,0.18525341,-0.35818479999999997,-0.029632568,-0.19790649999999999,0.29969352,-0.21381065,0.16128784000000002,-0.35977173,-0.0029907227,-0.12658691,0.2979378,-0.36869797,0.07336938400000001,-0.22164917,0.101989746,-0.19735718,0.18768357,-0.5488744999999999,0.10898852,-0.20321655,0.11593628,-0.21371459999999998,0.1793677,-0.5756709999999999,0.11456829,0.0017089844000000001,0.16912842,-0.109680176,0.05500503,-0.66064143,-0.06993562,-0.021697998000000003,0.20391846,-0.026245117000000002,0.13004811,-0.6813532,-0.19613492,-0.05947876,0.24777222000000002,0.003540039,0.20796324,-0.713248,-0.2548437,-0.14724731,0.28326416,0.15869139999999998,0.34252936,-0.7330477,-0.43972015000000003,0.03677368,0.32958984,-0.027404785,0.1778381,-0.76950693,-0.26799439999999997,0.00015258789,-0.051544190000000004,-0.02029419,0.20679395,-0.3503094,-0.27284765,-0.26678467,0.03829956,-0.0010986328,0.43462902000000003,-0.37792719999999996,-0.25965732,-0.5182800000000001,0.09262085,0.07403564500000001,0.6504095,-0.37171139999999997,-0.29821008,-0.5182800000000001,0.09262085,0.07403564500000001,0.6504095,-0.37171139999999997,-0.29821008,检查1#变、2变、开闭所有进线、出线地刀在拉开位置。
-0.30065918,-0.37234497,-0.18185425,0.59539396,0.5772880300000001,0.08212429,-0.3105774,-0.34173584,-0.14758301000000001,0.48641258,0.45936105,0.058538437000000006,-0.39163208,-0.28573608,-0.10168457,0.5220824,0.36985385,0.026860893,-0.4316101,-0.15682983,-0.13067627,0.48640633,0.16671044000000002,0.08044249,-0.49124146,-0.03024292,-0.19647217,0.48995239999999995,-0.048360765,0.15966383,-0.38385009999999997,-0.016235352,-0.22024536,0.33923793,-0.17038125,0.18525341,-0.35818479999999997,-0.029632568,-0.19790649999999999,0.29969352,-0.21381065,0.16128784000000002,-0.35977173,-0.0029907227,-0.12658691,0.2979378,-0.36869797,0.07336938400000001,-0.22164917,0.101989746,-0.19735718,0.18768357,-0.5488744999999999,0.10898852,-0.20321655,0.11593628,-0.21371459999999998,0.1793677,-0.5756709999999999,0.11456829,0.0017089844000000001,0.16912842,-0.109680176,0.05500503,-0.66064143,-0.06993562,-0.021697998000000003,0.20391846,-0.026245117000000002,0.13004811,-0.6813532,-0.19613492,-0.05947876,0.24777222000000002,0.003540039,0.20796324,-0.713248,-0.2548437,-0.14724731,0.28326416,0.15869139999999998,0.34252936,-0.7330477,-0.43972015000000003,0.03677368,0.32958984,-0.027404785,0.1778381,-0.76950693,-0.26799439999999997,0.00015258789,-0.051544190000000004,-0.02029419,0.20679395,-0.3503094,-0.27284765,-0.26678467,0.03829956,-0.0010986328,0.43462902000000003,-0.37792719999999996,-0.25965732,-0.5182800000000001,0.09262085,0.07403564500000001,0.6504095,-0.37171139999999997,-0.29821008,-0.5182800000000001,0.09262085,0.07403564500000001,0.6504095,-0.37171139999999997,-0.29821008,-0.85443115,0.040039063,0.21582031000000002,0.95397514,-0.22008416,-0.38819718000000003,检查1#变、2变、开闭所有进线、出线地刀在拉开位置。
-0.3105774,-0.34173584,-0.14758301000000001,0.48641258,0.45936105,0.058538437000000006,-0.39163208,-0.28573608,-0.10168457,0.5220824,0.36985385,0.026860893,-0.4316101,-0.15682983,-0.13067627,0.48640633,0.16671044000000002,0.08044249,-0.49124146,-0.03024292,-0.19647217,0.48995239999999995,-0.048360765,0.15966383,-0.38385009999999997,-0.016235352,-0.22024536,0.33923793,-0.17038125,0.18525341,-0.35818479999999997,-0.029632568,-0.19790649999999999,0.29969352,-0.21381065,0.16128784000000002,-0.35977173,-0.0029907227,-0.12658691,0.2979378,-0.36869797,0.07336938400000001,-0.22164917,0.101989746,-0.19735718,0.18768357,-0.5488744999999999,0.10898852,-0.20321655,0.11593628,-0.21371459999999998,0.1793677,-0.5756709999999999,0.11456829,0.0017089844000000001,0.16912842,-0.109680176,0.05500503,-0.66064143,-0.06993562,-0.021697998000000003,0.20391846,-0.026245117000000002,0.13004811,-0.6813532,-0.19613492,-0.05947876,0.24777222000000002,0.003540039,0.20796324,-0.713248,-0.2548437,-0.14724731,0.28326416,0.15869139999999998,0.34252936,-0.7330477,-0.43972015000000003,0.03677368,0.32958984,-0.027404785,0.1778381,-0.76950693,-0.26799439999999997,0.00015258789,-0.051544190000000004,-0.02029419,0.20679395,-0.3503094,-0.27284765,-0.26678467,0.03829956,-0.0010986328,0.43462902000000003,-0.37792719999999996,-0.25965732,-0.5182800000000001,0.09262085,0.07403564500000001,0.6504095,-0.37171139999999997,-0.29821008,-0.5182800000000001,0.09262085,0.07403564500000001,0.6504095,-0.37171139999999997,-0.29821008,-0.85443115,0.040039063,0.21582031000000002,0.95397514,-0.22008416,-0.38819718000000003,-1.002655,-0.12460327,0.30804443,1.1044537,0.06057696,-0.4396236,检查1#变、2变、开闭所有进线、出线地刀在拉开位置。
-0.39163208,-0.28573608,-0.10168457,0.5220824,0.36985385,0.026860893,-0.4316101,-0.15682983,-0.13067627,0.48640633,0.16671044000000002,0.08044249,-0.49124146,-0.03024292,-0.19647217,0.48995239999999995,-0.048360765,0.15966383,-0.38385009999999997,-0.016235352,-0.22024536,0.33923793,-0.17038125,0.18525341,-0.35818479999999997,-0.029632568,-0.19790649999999999,0.29969352,-0.21381065,0.16128784000000002,-0.35977173,-0.0029907227,-0.12658691,0.2979378,-0.36869797,0.07336938400000001,-0.22164917,0.101989746,-0.19735718,0.18768357,-0.5488744999999999,0.10898852,-0.20321655,0.11593628,-0.21371459999999998,0.1793677,-0.5756709999999999,0.11456829,0.0017089844000000001,0.16912842,-0.109680176,0.05500503,-0.66064143,-0.06993562,-0.021697998000000003,0.20391846,-0.026245117000000002,0.13004811,-0.6813532,-0.19613492,-0.05947876,0.24777222000000002,0.003540039,0.20796324,-0.713248,-0.2548437,-0.14724731,0.28326416,0.15869139999999998,0.34252936,-0.7330477,-0.43972015000000003,0.03677368,0.32958984,-0.027404785,0.1778381,-0.76950693,-0.26799439999999997,0.00015258789,-0.051544190000000004,-0.02029419,0.20679395,-0.3503094,-0.27284765,-0.26678467,0.03829956,-0.0010986328,0.43462902000000003,-0.37792719999999996,-0.25965732,-0.5182800000000001,0.09262085,0.07403564500000001,0.6504095,-0.37171139999999997,-0.29821008,-0.5182800000000001,0.09262085,0.07403564500000001,0.6504095,-0.37171139999999997,-0.29821008,-0.85443115,0.040039063,0.21582031000000002,0.95397514,-0.22008416,-0.38819718000000003,-1.002655,-0.12460327,0.30804443,1.1044537,0.06057696,-0.4396236,-0.6297302,-0.17578125,0.12710571,0.80987865,0.3244062,-0.1917814,检查1#变、2变、开闭所有进线、出线地刀在拉开位置。
0.0,0.0,0.0,0.0,0.0,0.0,1.4467773,-0.6725464,-0.19976807,-0.9604410999999999,0.5403813,0.2358382,1.381073,-0.40979004,-0.14172363,-0.87416786,0.27362525,0.21686041,1.1159363,-0.40530396,-0.039855957000000004,-0.63546747,0.29834569,0.16527964,1.0175476,-0.3789673,-0.06503296,-0.5708821,0.29401398,0.22418217000000001,1.0093994,-0.31558228,-0.04220581,-0.6340868,0.26527727,0.2503547,0.87731934,-0.15444946,0.043731690000000004,-0.5878844,0.13619316,0.20580658000000002,0.7012634,-0.04788208,0.11471557600000001,-0.48200655000000003,0.049681485000000004,0.15413281,0.5003356999999999,0.04849243,0.20407104,-0.36008799999999996,-0.030294478000000003,0.07302090500000001,0.27597046000000003,0.09561157,0.29052734,-0.27711797,-0.06539386500000001,-0.03606409,-0.10015869000000001,0.16955566,0.35394287,-0.05750000500000001,-0.15196717,-0.15501155,-0.6092529,0.1564331,0.5185852,0.2826953,-0.18696672,-0.39953464,-0.7579956,0.15304565,0.5393066400000001,0.37350488,-0.21151304,-0.44893879999999997,-1.3702393,0.17752075,0.62820435,0.81617355,-0.35620199999999996,-0.6174807,-1.9595642,0.23370361,0.7809448,1.25735,-0.59089744,-0.8397228,-1.9595642,0.23370361,0.7809448,1.25735,-0.59089744,-0.8397228,-2.1390686,0.27124023,0.82754517,1.3977393999999999,-0.69982064,-0.9084315,-2.0021973,0.7449951,1.1400451999999999,1.2021897,-1.6322005,-1.3998482,-1.0760498,0.14431763,0.23873901,0.38284683,-1.1987112,-0.6664567,-0.67645264,0.16674805,0.6616211,0.07855344,-1.192604,-1.1907485,检查1变、2变高压侧进出线开关在分闸位置，开闭站201、202断路器在工作位置。
1.4467773,-0.6725464,-0.19976807,-0.9604410999999999,0.5403813,0.2358382,1.381073,-0.40979004,-0.14172363,-0.87416786,0.27362525,0.21686041,1.1159363,-0.40530396,-0.039855957000000004,-0.63546747,0.29834569,0.16527964,1.0175476,-0.3789673,-0.06503296,-0.5708821,0.29401398,0.22418217000000001,1.0093994,-0.31558228,-0.04220581,-0.6340868,0.26527727,0.2503547,0.87731934,-0.15444946,0.043731690000000004,-0.5878844,0.13619316,0.20580658000000002,0.7012634,-0.04788208,0.11471557600000001,-0.48200655000000003,0.049681485000000004,0.15413281,0.5003356999999999,0.04849243,0.20407104,-0.36008799999999996,-0.030294478000000003,0.07302090500000001,0.27597046000000003,0.09561157,0.29052734,-0.27711797,-0.06539386500000001,-0.03606409,-0.10015869000000001,0.16955566,0.35394287,-0.05750000500000001,-0.15196717,-0.15501155,-0.6092529,0.1564331,0.5185852,0.2826953,-0.18696672,-0.39953464,-0.7579956,0.15304565,0.5393066400000001,0.37350488,-0.21151304,-0.44893879999999997,-1.3702393,0.17752075,0.62820435,0.81617355,-0.35620199999999996,-0.6174807,-1.9595642,0.23370361,0.7809448,1.25735,-0.59089744,-0.8397228,-1.9595642,0.23370361,0.7809448,1.25735,-0.59089744,-0.8397228,-2.1390686,0.27124023,0.82754517,1.3977393999999999,-0.69982064,-0.9084315,-2.0021973,0.7449951,1.1400451999999999,1.2021897,-1.6322005,-1.3998482,-1.0760498,0.14431763,0.23873901,0.38284683,-1.1987112,-0.6664567,-0.67645264,0.16674805,0.6616211,0.07855344,-1.192604,-1.1907485,-0.5845032,0.2574768,0.8506469999999999,0.01290226,-1.2512867,-1.4042656,检查1变、2变高压侧进出线开关在分闸位置，开闭站201、202断路器在工作位置。
1.381073,-0.40979004,-0.14172363,-0.87416786,0.27362525,0.21686041,1.1159363,-0.40530396,-0.039855957000000004,-0.63546747,0.29834569,0.16527964,1.0175476,-0.3789673,-0.06503296,-0.5708821,0.29401398,0.22418217000000001,1.0093994,-0.31558228,-0.04220581,-0.6340868,0.26527727,0.2503547,0.87731934,-0.15444946,0.043731690000000004,-0.5878844,0.13619316,0.20580658000000002,0.7012634,-0.04788208,0.11471557600000001,-0.48200655000000003,0.049681485000000004,0.15413281,0.5003356999999999,0.04849243,0.20407104,-0.36008799999999996,-0.030294478000000003,0.07302090500000001,0.27597046000000003,0.09561157,0.29052734,-0.27711797,-0.06539386500000001,-0.03606409,-0.10015869000000001,0.16955566,0.35394287,-0.05750000500000001,-0.15196717,-0.15501155,-0.6092529,0.1564331,0.5185852,0.2826953,-0.18696672,-0.39953464,-0.7579956,0.15304565,0.5393066400000001,0.37350488,-0.21151304,-0.44893879999999997,-1.3702393,0.17752075,0.62820435,0.81617355,-0.35620199999999996,-0.6174807,-1.9595642,0.23370361,0.7809448,1.25735,-0.59089744,-0.8397228,-1.9595642,0.23370361,0.7809448,1.25735,-0.59089744,-0.8397228,-2.1390686,0.27124023,0.82754517,1.3977393999999999,-0.69982064,-0.9084315,-2.0021973,0.7449951,1.1400451999999999,1.2021897,-1.6322005,-1.3998482,-1.0760498,0.14431763,0.23873901,0.38284683,-1.1987112,-0.6664567,-0.67645264,0.16674805,0.6616211,0.07855344,-1.192604,-1.1907485,-0.5845032,0.2574768,0.8506469999999999,0.01290226,-1.2512867,-1.4042656,0.021118164000000002,0.20825195,1.1204529,-0.4823668,-0.95671904,-1.7350376,检查1变、2变高压侧进出线开关在分闸位置，开闭站201、202断路器在工作位置。
1.1159363,-0.40530396,-0.039855957000000004,-0.63546747,0.29834569,0.16527964,1.0175476,-0.3789673,-0.06503296,-0.5708821,0.29401398,0.22418217000000001,1.0093994,-0.31558228,-0.04220581,-0.6340868,0.26527727,0.2503547,0.87731934,-0.15444946,0.043731690000000004,-0.5878844,0.13619316,0.20580658000000002,0.7012634,-0.04788208,0.11471557600000001,-0.48200655000000003,0.049681485000000004,0.15413281,0.5003356999999999,0.04849243,0.20407104,-0.36008799999999996,-0.030294478000000003,0.07302090500000001,0.27597046000000003,0.09561157,0.29052734,-0.27711797,-0.06539386500000001,-0.03606409,-0.10015869000000001,0.16955566,0.35394287,-0.05750000500000001,-0.15196717,-0.15501155,-0.6092529,0.1564331,0.5185852,0.2826953,-0.18696672,-0.39953464,-0.7579956,0.15304565,0.5393066400000001,0.37350488,-0.21151304,-0.44893879999999997,-1.3702393,0.17752075,0.62820435,0.81617355,-0.35620199999999996,-0.6174807,-1.9595642,0.23370361,0.7809448,1.25735,-0.59089744,-0.8397228,-1.9595642,0.23370361,0.7809448,1.25735,-0.59089744,-0.8397228,-2.1390686,0.27124023,0.82754517,1.3977393999999999,-0.69982064,-0.9084315,-2.0021973,0.7449951,1.1400451999999999,1.2021897,-1.6322005,-1.3998482,-1.0760498,0.14431763,0.23873901,0.38284683,-1.1987112,-0.6664567,-0.67645264,0.16674805,0.6616211,0.07855344,-1.192604,-1.1907485,-0.5845032,0.2574768,0.8506469999999999,0.01290226,-1.2512867,-1.4042656,0.021118164000000002,0.20825195,1.1204529,-0.4823668,-0.95671904,-1.7350376,0.414917,-0.031402588,1.2322083,-0.803238,-0.5234582,-1.8246905999999998,检查1变、2变高压侧进出线开关在分闸位置，开闭站201、202断路器在工作位置。
1.0175476,-0.3789673,-0.06503296,-0.5708821,0.29401398,0.22418217000000001,1.0093994,-0.31558228,-0.04220581,-0.6340868,0.26527727,0.2503547,0.87731934,-0.15444946,0.043731690000000004,-0.5878844,0.13619316,0.20580658000000002,0.7012634,-0.04788208,0.11471557600000001,-0.48200655000000003,0.049681485000000004,0.15413281,0.5003356999999999,0.04849243,0.20407104,-0.36008799999999996,-0.030294478000000003,0.07302090500000001,0.27597046000000003,0.09561157,0.29052734,-0.27711797,-0.06539386500000001,-0.03606409,-0.10015869000000001,0.16955566,0.35394287,-0.05750000500000001,-0.15196717,-0.15501155,-0.6092529,0.1564331,0.5185852,0.2826953,-0.18696672,-0.39953464,-0.7579956,0.15304565,0.5393066400000001,0.37350488,-0.21151304,-0.44893879999999997,-1.3702393,0.17752075,0.62820435,0.81617355,-0.35620199999999996,-0.6174807,-1.9595642,0.23370361,0.7809448,1.25735,-0.59089744,-0.8397228,-1.9595642,0.23370361,0.7809448,1.25735,-0.59089744,-0.8397228,-2.1390686,0.27124023,0.82754517,1.3977393999999999,-0.69982064,-0.9084315,-2.0021973,0.7449951,1.1400451999999999,1.2021897,-1.6322005,-1.3998482,-1.0760498,0.14431763,0.23873901,0.38284683,-1.1987112,-0.6664567,-0.67645264,0.16674805,0.6616211,0.07855344,-1.192604,-1.1907485,-0.5845032,0.2574768,0.8506469999999999,0.01290226,-1.2512867,-1.4042656,0.021118164000000002,0.20825195,1.1204529,-0.4823668,-0.95671904,-1.7350376,0.414917,-0.031402588,1.2322083,-0.803238,-0.5234582,-1.8246905999999998,0.7470397999999999,-0.06518555,0.94921875,-1.0843515,-0.37425834,-1.4992678,检查1变、2变高压侧进出线开关在分闸位置，开闭站201、202断路器在工作位置。
1.0093994,-0.31558228,-0.04220581,-0.6340868,0.26527727,0.2503547,0.87731934,-0.15444946,0.043731690000000004,-0.5878844,0.13619316,0.20580658000000002,0.7012634,-0.04788208,0.11471557600000001,-0.48200655000000003,0.049681485000000004,0.15413281,0.5003356999999999,0.04849243,0.20407104,-0.36008799999999996,-0.030294478000000003,0.07302090500000001,0.27597046000000003,0.09561157,0.29052734,-0.27711797,-0.06539386500000001,-0.03606409,-0.10015869000000001,0.16955566,0.35394287,-0.05750000500000001,-0.15196717,-0.15501155,-0.6092529,0.1564331,0.5185852,0.2826953,-0.18696672,-0.39953464,-0.7579956,0.15304565,0.5393066400000001,0.37350488,-0.21151304,-0.44893879999999997,-1.3702393,0.17752075,0.62820435,0.81617355,-0.35620199999999996,-0.6174807,-1.9595642,0.23370361,0.7809448,1.25735,-0.59089744,-0.8397228,-1.9595642,0.23370361,0.7809448,1.25735,-0.59089744,-0.8397228,-2.1390686,0.27124023,0.82754517,1.3977393999999999,-0.69982064,-0.9084315,-2.0021973,0.7449951,1.1400451999999999,1.2021897,-1.6322005,-1.3998482,-1.0760498,0.14431763,0.23873901,0.38284683,-1.1987112,-0.6664567,-0.67645264,0.16674805,0.6616211,0.07855344,-1.192604,-1.1907485,-0.5845032,0.2574768,0.8506469999999999,0.01290226,-1.2512867,-1.4042656,0.021118164000000002,0.20825195,1.1204529,-0.4823668,-0.95671904,-1.7350376,0.414917,-0.031402588,1.2322083,-0.803238,-0.5234582,-1.8246905999999998,0.7470397999999999,-0.06518555,0.94921875,-1.0843515,-0.37425834,-1.4992678,0.9169616700000001,0.09603882,0.75738525,-1.1947969,-0.40695685,-1.2256615,检查1变、2变高压侧进出线开关在分闸位置，开闭站201、202断路器在工作位置。
0.87731934,-0.15444946,0.043731690000000004,-0.5878844,0.13619316,0.20580658000000002,0.7012634,-0.04788208,0.11471557600000001,-0.48200655000000003,0.049681485000000004,0.15413281,0.5003356999999999,0.04849243,0.20407104,-0.36008799999999996,-0.030294478000000003,0.07302090500000001,0.27597046000000003,0.09561157,0.29052734,-0.27711797,-0.06539386500000001,-0.03606409,-0.10015869000000001,0.16955566,0.35394287,-0.05750000500000001,-0.15196717,-0.15501155,-0.6092529,0.1564331,0.5185852,0.2826953,-0.18696672,-0.39953464,-0.7579956,0.15304565,0.5393066400000001,0.37350488,-0.21151304,-0.44893879999999997,-1.3702393,0.17752075,0.62820435,0.81617355,-0.35620199999999996,-0.6174807,-1.9595642,0.23370361,0.7809448,1.25735,-0.59089744,-0.8397228,-1.9595642,0.23370361,0.7809448,1.25735,-0.59089744,-0.8397228,-2.1390686,0.27124023,0.82754517,1.3977393999999999,-0.69982064,-0.9084315,-2.0021973,0.7449951,1.1400451999999999,1.2021897,-1.6322005,-1.3998482,-1.0760498,0.14431763,0.23873901,0.38284683,-1.1987112,-0.6664567,-0.67645264,0.16674805,0.6616211,0.07855344,-1.192604,-1.1907485,-0.5845032,0.2574768,0.8506469999999999,0.01290226,-1.2512867,-1.4042656,0.021118164000000002,0.20825195,1.1204529,-0.4823668,-0.95671904,-1.7350376,0.414917,-0.031402588,1.2322083,-0.803238,-0.5234582,-1.8246905999999998,0.7470397999999999,-0.06518555,0.94921875,-1.0843515,-0.37425834,-1.4992678,0.9169616700000001,0.09603882,0.75738525,-1.1947969,-0.40695685,-1.2256615,0.8609314,-0.011688232000000002,0.8016052,-1.1053104,-0.23654681,-1.2220693,检查1变、2变高压侧进出线开关在分闸位置，开闭站201、202断路器在工作位置。
0.7012634,-0.04788208,0.11471557600000001,-0.48200655000000003,0.049681485000000004,0.15413281,0.5003356999999999,0.04849243,0.20407104,-0.36008799999999996,-0.030294478000000003,0.07302090500000001,0.27597046000000003,0.09561157,0.29052734,-0.27711797,-0.06539386500000001,-0.03606409,-0.10015869000000001,0.16955566,0.35394287,-0.05750000500000001,-0.15196717,-0.15501155,-0.6092529,0.1564331,0.5185852,0.2826953,-0.18696672,-0.39953464,-0.7579956,0.15304565,0.5393066400000001,0.37350488,-0.21151304,-0.44893879999999997,-1.3702393,0.17752075,0.62820435,0.81617355,-0.35620199999999996,-0.6174807,-1.9595642,0.23370361,0.7809448,1.25735,-0.59089744,-0.8397228,-1.9595642,0.23370361,0.7809448,1.25735,-0.59089744,-0.8397228,-2.1390686,0.27124023,0.82754517,1.3977393999999999,-0.69982064,-0.9084315,-2.0021973,0.7449951,1.1400451999999999,1.2021897,-1.6322005,-1.3998482,-1.0760498,0.14431763,0.23873901,0.38284683,-1.1987112,-0.6664567,-0.67645264,0.16674805,0.6616211,0.07855344,-1.192604,-1.1907485,-0.5845032,0.2574768,0.8506469999999999,0.01290226,-1.2512867,-1.4042656,0.021118164000000002,0.20825195,1.1204529,-0.4823668,-0.95671904,-1.7350376,0.414917,-0.031402588,1.2322083,-0.803238,-0.5234582,-1.8246905999999998,0.7470397999999999,-0.06518555,0.94921875,-1.0843515,-0.37425834,-1.4992678,0.9169616700000001,0.09603882,0.75738525,-1.1947969,-0.40695685,-1.2256615,0.8609314,-0.011688232000000002,0.8016052,-1.1053104,-0.23654681,-1.2220693,0.95840454,-0.121520996,0.73617554,-1.1937349,-0.14047384000000002,-1.1758561,检查1变、2变高压侧进出线开关在分闸位置，开闭站201、202断路器在工作位置。
0.5003356999999999,0.04849243,0.20407104,-0.36008799999999996,-0.030294478000000003,0.07302090500000001,0.27597046000000003,0.09561157,0.29052734,-0.27711797,-0.06539386500000001,-0.03606409,-0.10015869000000001,0.16955566,0.35394287,-0.05750000500000001,-0.15196717,-0.15501155,-0.6092529,0.1564331,0.5185852,0.2826953,-0.18696672,-0.39953464,-0.7579956,0.15304565,0.5393066400000001,0.37350488,-0.21151304,-0.44893879999999997,-1.3702393,0.17752075,0.62820435,0.81617355,-0.35620199999999996,-0.6174807,-1.9595642,0.23370361,0.7809448,1.25735,-0.59089744,-0.8397228,-1.9595642,0.23370361,0.7809448,1.25735,-0.59089744,-0.8397228,-2.1390686,0.27124023,0.82754517,1.3977393999999999,-0.69982064,-0.9084315,-2.0021973,0.7449951,1.1400451999999999,1.2021897,-1.6322005,-1.3998482,-1.0760498,0.14431763,0.23873901,0.38284683,-1.1987112,-0.6664567,-0.67645264,0.16674805,0.6616211,0.07855344,-1.192604,-1.1907485,-0.5845032,0.2574768,0.8506469999999999,0.01290226,-1.2512867,-1.4042656,0.021118164000000002,0.20825195,1.1204529,-0.4823668,-0.95671904,-1.7350376,0.414917,-0.031402588,1.2322083,-0.803238,-0.5234582,-1.8246905999999998,0.7470397999999999,-0.06518555,0.94921875,-1.0843515,-0.37425834,-1.4992678,0.9169616700000001,0.09603882,0.75738525,-1.1947969,-0.40695685,-1.2256615,0.8609314,-0.011688232000000002,0.8016052,-1.1053104,-0.23654681,-1.2220693,0.95840454,-0.121520996,0.73617554,-1.1937349,-0.14047384000000002,-1.1758561,0.8861389,-0.19979858,0.7097167999999999,-1.1217976,-0.090786695,-1.1787286,检查1变、2变高压侧进出线开关在分闸位置，开闭站201、202断路器在工作位置。
0.27597046000000003,0.09561157,0.29052734,-0.27711797,-0.06539386500000001,-0.03606409,-0.10015869000000001,0.16955566,0.35394287,-0.05750000500000001,-0.15196717,-0.15501155,-0.6092529,0.1564331,0.5185852,0.2826953,-0.18696672,-0.39953464,-0.7579956,0.15304565,0.5393066400000001,0.37350488,-0.21151304,-0.44893879999999997,-1.3702393,0.17752075,0.62820435,0.81617355,-0.35620199999999996,-0.6174807,-1.9595642,0.23370361,0.7809448,1.25735,-0.59089744,-0.8397228,-1.9595642,0.23370361,0.7809448,1.25735,-0.59089744,-0.8397228,-2.1390686,0.27124023,0.82754517,1.3977393999999999,-0.69982064,-0.9084315,-2.0021973,0.7449951,1.1400451999999999,1.2021897,-1.6322005,-1.3998482,-1.0760498,0.14431763,0.23873901,0.38284683,-1.1987112,-0.6664567,-0.67645264,0.16674805,0.6616211,0.07855344,-1.192604,-1.1907485,-0.5845032,0.2574768,0.8506469999999999,0.01290226,-1.2512867,-1.4042656,0.021118164000000002,0.20825195,1.1204529,-0.4823668,-0.95671904,-1.7350376,0.414917,-0.031402588,1.2322083,-0.803238,-0.5234582,-1.8246905999999998,0.7470397999999999,-0.06518555,0.94921875,-1.0843515,-0.37425834,-1.4992678,0.9169616700000001,0.09603882,0.75738525,-1.1947969,-0.40695685,-1.2256615,0.8609314,-0.011688232000000002,0.8016052,-1.1053104,-0.23654681,-1.2220693,0.95840454,-0.121520996,0.73617554,-1.1937349,-0.14047384000000002,-1.1758561,0.8861389,-0.19979858,0.7097167999999999,-1.1217976,-0.090786695,-1.1787286,0.787323,-0.19769287,0.6866455,-1.0452346,-0.15225327,-1.199924,检查1变、2变高压侧进出线开关在分闸位置，开闭站201、202断路器在工作位置。
-0.10015869000000001,0.16955566,0.35394287,-0.05750000500000001,-0.15196717,-0.15501155,-0.6092529,0.1564331,0.5185852,0.2826953,-0.18696672,-0.39953464,-0.7579956,0.15304565,0.5393066400000001,0.37350488,-0.21151304,-0.44893879999999997,-1.3702393,0.17752075,0.62820435,0.81617355,-0.35620199999999996,-0.6174807,-1.9595642,0.23370361,0.7809448,1.25735,-0.59089744,-0.8397228,-1.9595642,0.23370361,0.7809448,1.25735,-0.59089744,-0.8397228,-2.1390686,0.27124023,0.82754517,1.3977393999999999,-0.69982064,-0.9084315,-2.0021973,0.7449951,1.1400451999999999,1.2021897,-1.6322005,-1.3998482,-1.0760498,0.14431763,0.23873901,0.38284683,-1.1987112,-0.6664567,-0.67645264,0.16674805,0.6616211,0.07855344,-1.192604,-1.1907485,-0.5845032,0.2574768,0.8506469999999999,0.01290226,-1.2512867,-1.4042656,0.021118164000000002,0.20825195,1.1204529,-0.4823668,-0.95671904,-1.7350376,0.414917,-0.031402588,1.2322083,-0.803238,-0.5234582,-1.8246905999999998,0.7470397999999999,-0.06518555,0.94921875,-1.0843515,-0.37425834,-1.4992678,0.9169616700000001,0.09603882,0.75738525,-1.1947969,-0.40695685,-1.2256615,0.8609314,-0.011688232000000002,0.8016052,-1.1053104,-0.23654681,-1.2220693,0.95840454,-0.121520996,0.73617554,-1.1937349,-0.14047384000000002,-1.1758561,0.8861389,-0.19979858,0.7097167999999999,-1.1217976,-0.090786695,-1.1787286,0.787323,-0.19769287,0.6866455,-1.0452346,-0.15225327,-1.199924,0.44113159999999996,-0.04663086,0.6014404,-0.7687341999999999,-0.38307009999999997,-1.1408928999999999,检查1变、2变高压侧进出线开关在分闸位置，开闭站201、202断路器在工作位置。
-0.6092529,0.1564331,0.5185852,0.2826953,-0.18696672,-0.39953464,-0.7579956,0.15304565,0.5393066400000001,0.37350488,-0.21151304,-0.44893879999999997,-1.3702393,0.17752075,0.62820435,0.81617355,-0.35620199999999996,-0.6174807,-1.9595642,0.23370361,0.7809448,1.25735,-0.59089744,-0.8397228,-1.9595642,0.23370361,0.7809448,1.25735,-0.59089744,-0.8397228,-2.1390686,0.27124023,0.82754517,1.3977393999999999,-0.69982064,-0.9084315,-2.0021973,0.7449951,1.1400451999999999,1.2021897,-1.6322005,-1.3998482,-1.0760498,0.14431763,0.23873901,0.38284683,-1.1987112,-0.6664567,-0.67645264,0.16674805,0.6616211,0.07855344,-1.192604,-1.1907485,-0.5845032,0.2574768,0.8506469999999999,0.01290226,-1.2512867,-1.4042656,0.021118164000000002,0.20825195,1.1204529,-0.4823668,-0.95671904,-1.7350376,0.414917,-0.031402588,1.2322083,-0.803238,-0.5234582,-1.8246905999999998,0.7470397999999999,-0.06518555,0.94921875,-1.0843515,-0.37425834,-1.4992678,0.9169616700000001,0.09603882,0.75738525,-1.1947969,-0.40695685,-1.2256615,0.8609314,-0.011688232000000002,0.8016052,-1.1053104,-0.23654681,-1.2220693,0.95840454,-0.121520996,0.73617554,-1.1937349,-0.14047384000000002,-1.1758561,0.8861389,-0.19979858,0.7097167999999999,-1.1217976,-0.090786695,-1.1787286,0.787323,-0.19769287,0.6866455,-1.0452346,-0.15225327,-1.199924,0.44113159999999996,-0.04663086,0.6014404,-0.7687341999999999,-0.38307009999999997,-1.1408928999999999,0.27282715,0.021484375,0.5932007,-0.65258116,-0.48968697,-1.1306734,检查1变、2变高压侧进出线开关在分闸位置，开闭站201、202断路器在工作位置。
-0.7579956,0.15304565,0.5393066400000001,0.37350488,-0.21151304,-0.44893879999999997,-1.3702393,0.17752075,0.62820435,0.81617355,-0.35620199999999996,-0.6174807,-1.9595642,0.23370361,0.7809448,1.25735,-0.59089744,-0.8397228,-1.9595642,0.23370361,0.7809448,1.25735,-0.59089744,-0.8397228,-2.1390686,0.27124023,0.82754517,1.3977393999999999,-0.69982064,-0.9084315,-2.0021973,0.7449951,1.1400451999999999,1.2021897,-1.6322005,-1.3998482,-1.0760498,0.14431763,0.23873901,0.38284683,-1.1987112,-0.6664567,-0.67645264,0.16674805,0.6616211,0.07855344,-1.192604,-1.1907485,-0.5845032,0.2574768,0.8506469999999999,0.01290226,-1.2512867,-1.4042656,0.021118164000000002,0.20825195,1.1204529,-0.4823668,-0.95671904,-1.7350376,0.414917,-0.031402588,1.2322083,-0.803238,-0.5234582,-1.8246905999999998,0.7470397999999999,-0.06518555,0.94921875,-1.0843515,-0.37425834,-1.4992678,0.9169616700000001,0.09603882,0.75738525,-1.1947969,-0.40695685,-1.2256615,0.8609314,-0.011688232000000002,0.8016052,-1.1053104,-0.23654681,-1.2220693,0.95840454,-0.121520996,0.73617554,-1.1937349,-0.14047384000000002,-1.1758561,0.8861389,-0.19979858,0.7097167999999999,-1.1217976,-0.090786695,-1.1787286,0.787323,-0.19769287,0.6866455,-1.0452346,-0.15225327,-1.199924,0.44113159999999996,-0.04663086,0.6014404,-0.7687341999999999,-0.38307009999999997,-1.1408928999999999,0.27282715,0.021484375,0.5932007,-0.65258116,-0.48968697,-1.1306734,-0.016204834,0.08911133,0.62701416,-0.4609853,-0.6161331999999999,-1.1392611,检查1变、2变高压侧进出线开关在分闸位置，开闭站201、202断路器在工作位置。
-1.3702393,0.17752075,0.62820435,0.81617355,-0.35620199999999996,-0.6174807,-1.9595642,0.23370361,0.7809448,1.25735,-0.59089744,-0.8397228,-1.9595642,0.23370361,0.7809448,1.25735,-0.59089744,-0.8397228,-2.1390686,0.27124023,0.82754517,1.3977393999999999,-0.69982064,-0.9084315,-2.0021973,0.7449951,1.1400451999999999,1.2021897,-1.6322005,-1.3998482,-1.0760498,0.14431763,0.23873901,0.38284683,-1.1987112,-0.6664567,-0.67645264,0.16674805,0.6616211,0.07855344,-1.192604,-1.1907485,-0.5845032,0.2574768,0.8506469999999999,0.01290226,-1.2512867,-1.4042656,0.021118164000000002,0.20825195,1.1204529,-0.4823668,-0.95671904,-1.7350376,0.414917,-0.031402588,1.2322083,-0.803238,-0.5234582,-1.8246905999999998,0.7470397999999999,-0.06518555,0.94921875,-1.0843515,-0.37425834,-1.4992678,0.9169616700000001,0.09603882,0.75738525,-1.1947969,-0.40695685,-1.2256615,0.8609314,-0.011688232000000002,0.8016052,-1.1053104,-0.23654681,-1.2220693,0.95840454,-0.121520996,0.73617554,-1.1937349,-0.14047384000000002,-1.1758561,0.8861389,-0.19979858,0.7097167999999999,-1.1217976,-0.090786695,-1.1787286,0.787323,-0.19769287,0.6866455,-1.0452346,-0.15225327,-1.199924,0.44113159999999996,-0.04663086,0.6014404,-0.7687341999999999,-0.38307009999999997,-1.1408928999999999,0.27282715,0.021484375,0.5932007,-0.65258116,-0.48968697,-1.1306734,-0.016204834,0.08911133,0.62701416,-0.4609853,-0.6161331999999999,-1.1392611,-0.44848633,0.18524169999999998,0.6841735999999999,-0.13920236,-0.7680427999999999,-1.1354368,检查1变、2变高压侧进出线开关在分闸位置，开闭站201、202断路器在工作位置。
-1.9595642,0.23370361,0.7809448,1.25735,-0.59089744,-0.8397228,-1.9595642,0.23370361,0.7809448,1.25735,-0.59089744,-0.8397228,-2.1390686,0.27124023,0.82754517,1.3977393999999999,-0.69982064,-0.9084315,-2.0021973,0.7449951,1.1400451999999999,1.2021897,-1.6322005,-1.3998482,-1.0760498,0.14431763,0.23873901,0.38284683,-1.1987112,-0.6664567,-0.67645264,0.16674805,0.6616211,0.07855344,-1.192604,-1.1907485,-0.5845032,0.2574768,0.8506469999999999,0.01290226,-1.2512867,-1.4042656,0.021118164000000002,0.20825195,1.1204529,-0.4823668,-0.95671904,-1.7350376,0.414917,-0.031402588,1.2322083,-0.803238,-0.5234582,-1.8246905999999998,0.7470397999999999,-0.06518555,0.94921875,-1.0843515,-0.37425834,-1.4992678,0.9169616700000001,0.09603882,0.75738525,-1.1947969,-0.40695685,-1.2256615,0.8609314,-0.011688232000000002,0.8016052,-1.1053104,-0.23654681,-1.2220693,0.95840454,-0.121520996,0.73617554,-1.1937349,-0.14047384000000002,-1.1758561,0.8861389,-0.19979858,0.7097167999999999,-1.1217976,-0.090786695,-1.1787286,0.787323,-0.19769287,0.6866455,-1.0452346,-0.15225327,-1.199924,0.44113159999999996,-0.04663086,0.6014404,-0.7687341999999999,-0.38307009999999997,-1.1408928999999999,0.27282715,0.021484375,0.5932007,-0.65258116,-0.48968697,-1.1306734,-0.016204834,0.08911133,0.62701416,-0.4609853,-0.6161331999999999,-1.1392611,-0.44848633,0.18524169999999998,0.6841735999999999,-0.13920236,-0.7680427999999999,-1.1354368,-0.6808776999999999,0.2987976,0.6711425999999999,-0.019467830000000002,-0.9400139,-1.0301063,检查1变、2变高压侧进出线开关在分闸位置，开闭站201、202断路器在工作位置。
-1.9595642,0.23370361,0.7809448,1.25735,-0.59089744,-0.8397228,-2.1390686,0.27124023,0.82754517,1.3977393999999999,-0.69982064,-0.9084315,-2.0021973,0.7449951,1.1400451999999999,1.2021897,-1.6322005,-1.3998482,-1.0760498,0.14431763,0.23873901,0.38284683,-1.1987112,-0.6664567,-0.67645264,0.16674805,0.6616211,0.07855344,-1.192604,-1.1907485,-0.5845032,0.2574768,0.8506469999999999,0.01290226,-1.2512867,-1.4042656,0.021118164000000002,0.20825195,1.1204529,-0.4823668,-0.95671904,-1.7350376,0.414917,-0.031402588,1.2322083,-0.803238,-0.5234582,-1.8246905999999998,0.7470397999999999,-0.06518555,0.94921875,-1.0843515,-0.37425834,-1.4992678,0.9169616700000001,0.09603882,0.75738525,-1.1947969,-0.40695685,-1.2256615,0.8609314,-0.011688232000000002,0.8016052,-1.1053104,-0.23654681,-1.2220693,0.95840454,-0.121520996,0.73617554,-1.1937349,-0.14047384000000002,-1.1758561,0.8861389,-0.19979858,0.7097167999999999,-1.1217976,-0.090786695,-1.1787286,0.787323,-0.19769287,0.6866455,-1.0452346,-0.15225327,-1.199924,0.44113159999999996,-0.04663086,0.6014404,-0.7687341999999999,-0.38307009999999997,-1.1408928999999999,0.27282715,0.021484375,0.5932007,-0.65258116,-0.48968697,-1.1306734,-0.016204834,0.08911133,0.62701416,-0.4609853,-0.6161331999999999,-1.1392611,-0.44848633,0.18524169999999998,0.6841735999999999,-0.13920236,-0.7680427999999999,-1.1354368,-0.6808776999999999,0.2987976,0.6711425999999999,-0.019467830000000002,-0.9400139,-1.0301063,-0.8151244999999999,0.2927246,0.6651306,0.04577589,-0.96723247,-0.9451366,检查1变、2变高压侧进出线开关在分闸位置，开闭站201、202断路器在工作位置。
-2.1390686,0.27124023,0.82754517,1.3977393999999999,-0.69982064,-0.9084315,-2.0021973,0.7449951,1.1400451999999999,1.2021897,-1.6322005,-1.3998482,-1.0760498,0.14431763,0.23873901,0.38284683,-1.1987112,-0.6664567,-0.67645264,0.16674805,0.6616211,0.07855344,-1.192604,-1.1907485,-0.5845032,0.2574768,0.8506469999999999,0.01290226,-1.2512867,-1.4042656,0.021118164000000002,0.20825195,1.1204529,-0.4823668,-0.95671904,-1.7350376,0.414917,-0.031402588,1.2322083,-0.803238,-0.5234582,-1.8246905999999998,0.7470397999999999,-0.06518555,0.94921875,-1.0843515,-0.37425834,-1.4992678,0.9169616700000001,0.09603882,0.75738525,-1.1947969,-0.40695685,-1.2256615,0.8609314,-0.011688232000000002,0.8016052,-1.1053104,-0.23654681,-1.2220693,0.95840454,-0.121520996,0.73617554,-1.1937349,-0.14047384000000002,-1.1758561,0.8861389,-0.19979858,0.7097167999999999,-1.1217976,-0.090786695,-1.1787286,0.787323,-0.19769287,0.6866455,-1.0452346,-0.15225327,-1.199924,0.44113159999999996,-0.04663086,0.6014404,-0.7687341999999999,-0.38307009999999997,-1.1408928999999999,0.27282715,0.021484375,0.5932007,-0.65258116,-0.48968697,-1.1306734,-0.016204834,0.08911133,0.62701416,-0.4609853,-0.6161331999999999,-1.1392611,-0.44848633,0.18524169999999998,0.6841735999999999,-0.13920236,-0.7680427999999999,-1.1354368,-0.6808776999999999,0.2987976,0.6711425999999999,-0.019467830000000002,-0.9400139,-1.0301063,-0.8151244999999999,0.2927246,0.6651306,0.04577589,-0.96723247,-0.9451366,-0.88739014,0.30947876,0.65390015,0.08727479,-0.9957824,-0.88811916,检查1变、2变高压侧进出线开关在分闸位置，开闭站201、202断路器在工作位置。
-2.0021973,0.7449951,1.1400451999999999,1.2021897,-1.6322005,-1.3998482,-1.0760498,0.14431763,0.23873901,0.38284683,-1.1987112,-0.6664567,-0.67645264,0.16674805,0.6616211,0.07855344,-1.192604,-1.1907485,-0.5845032,0.2574768,0.8506469999999999,0.01290226,-1.2512867,-1.4042656,0.021118164000000002,0.20825195,1.1204529,-0.4823668,-0.95671904,-1.7350376,0.414917,-0.031402588,1.2322083,-0.803238,-0.5234582,-1.8246905999999998,0.7470397999999999,-0.06518555,0.94921875,-1.0843515,-0.37425834,-1.4992678,0.9169616700000001,0.09603882,0.75738525,-1.1947969,-0.40695685,-1.2256615,0.8609314,-0.011688232000000002,0.8016052,-1.1053104,-0.23654681,-1.2220693,0.95840454,-0.121520996,0.73617554,-1.1937349,-0.14047384000000002,-1.1758561,0.8861389,-0.19979858,0.7097167999999999,-1.1217976,-0.090786695,-1.1787286,0.787323,-0.19769287,0.6866455,-1.0452346,-0.15225327,-1.199924,0.44113159999999996,-0.04663086,0.6014404,-0.7687341999999999,-0.38307009999999997,-1.1408928999999999,0.27282715,0.021484375,0.5932007,-0.65258116,-0.48968697,-1.1306734,-0.016204834,0.08911133,0.62701416,-0.4609853,-0.6161331999999999,-1.1392611,-0.44848633,0.18524169999999998,0.6841735999999999,-0.13920236,-0.7680427999999999,-1.1354368,-0.6808776999999999,0.2987976,0.6711425999999999,-0.019467830000000002,-0.9400139,-1.0301063,-0.8151244999999999,0.2927246,0.6651306,0.04577589,-0.96723247,-0.9451366,-0.88739014,0.30947876,0.65390015,0.08727479,-0.9957824,-0.88811916,-1.0686951,0.39230347,0.7690735,0.19744635,-1.0817599,-0.8445781,检查1变、2变高压侧进出线开关在分闸位置，开闭站201、202断路器在工作位置。
-1.0760498,0.14431763,0.23873901,0.38284683,-1.1987112,-0.6664567,-0.67645264,0.16674805,0.6616211,0.07855344,-1.192604,-1.1907485,-0.5845032,0.2574768,0.8506469999999999,0.01290226,-1.2512867,-1.4042656,0.021118164000000002,0.20825195,1.1204529,-0.4823668,-0.95671904,-1.7350376,0.414917,-0.031402588,1.2322083,-0.803238,-0.5234582,-1.8246905999999998,0.7470397999999999,-0.06518555,0.94921875,-1.0843515,-0.37425834,-1.4992678,0.9169616700000001,0.09603882,0.75738525,-1.1947969,-0.40695685,-1.2256615,0.8609314,-0.011688232000000002,0.8016052,-1.1053104,-0.23654681,-1.2220693,0.95840454,-0.121520996,0.73617554,-1.1937349,-0.14047384000000002,-1.1758561,0.8861389,-0.19979858,0.7097167999999999,-1.1217976,-0.090786695,-1.1787286,0.787323,-0.19769287,0.6866455,-1.0452346,-0.15225327,-1.199924,0.44113159999999996,-0.04663086,0.6014404,-0.7687341999999999,-0.38307009999999997,-1.1408928999999999,0.27282715,0.021484375,0.5932007,-0.65258116,-0.48968697,-1.1306734,-0.016204834,0.08911133,0.62701416,-0.4609853,-0.6161331999999999,-1.1392611,-0.44848633,0.18524169999999998,0.6841735999999999,-0.13920236,-0.7680427999999999,-1.1354368,-0.6808776999999999,0.2987976,0.6711425999999999,-0.019467830000000002,-0.9400139,-1.0301063,-0.8151244999999999,0.2927246,0.6651306,0.04577589,-0.96723247,-0.9451366,-0.88739014,0.30947876,0.65390015,0.08727479,-0.9957824,-0.88811916,-1.0686951,0.39230347,0.7690735,0.19744635,-1.0817599,-0.8445781,-1.2050781,0.32592773,0.7961731,0.310264,-0.9839673600000001,-0.75597614,检查1变、2变高压侧进出线开关在分闸位置，开闭站201、202断路器在工作位置。
-0.67645264,0.16674805,0.6616211,0.07855344,-1.192604,-1.1907485,-0.5845032,0.2574768,0.8506469999999999,0.01290226,-1.2512867,-1.4042656,0.021118164000000002,0.20825195,1.1204529,-0.4823668,-0.95671904,-1.7350376,0.414917,-0.031402588,1.2322083,-0.803238,-0.5234582,-1.8246905999999998,0.7470397999999999,-0.06518555,0.94921875,-1.0843515,-0.37425834,-1.4992678,0.9169616700000001,0.09603882,0.75738525,-1.1947969,-0.40695685,-1.2256615,0.8609314,-0.011688232000000002,0.8016052,-1.1053104,-0.23654681,-1.2220693,0.95840454,-0.121520996,0.73617554,-1.1937349,-0.14047384000000002,-1.1758561,0.8861389,-0.19979858,0.7097167999999999,-1.1217976,-0.090786695,-1.1787286,0.787323,-0.19769287,0.6866455,-1.0452346,-0.15225327,-1.199924,0.44113159999999996,-0.04663086,0.6014404,-0.7687341999999999,-0.38307009999999997,-1.1408928999999999,0.27282715,0.021484375,0.5932007,-0.65258116,-0.48968697,-1.1306734,-0.016204834,0.08911133,0.62701416,-0.4609853,-0.6161331999999999,-1.1392611,-0.44848633,0.18524169999999998,0.6841735999999999,-0.13920236,-0.7680427999999999,-1.1354368,-0.6808776999999999,0.2987976,0.6711425999999999,-0.019467830000000002,-0.9400139,-1.0301063,-0.8151244999999999,0.2927246,0.6651306,0.04577589,-0.96723247,-0.9451366,-0.88739014,0.30947876,0.65390015,0.08727479,-0.9957824,-0.88811916,-1.0686951,0.39230347,0.7690735,0.19744635,-1.0817599,-0.8445781,-1.2050781,0.32592773,0.7961731,0.310264,-0.9839673600000001,-0.75597614,-1.1873779,0.51641846,0.649292,0.29536307,-1.120085,-0.49603224,检查1变、2变高压侧进出线开关在分闸位置，开闭站201、202断路器在工作位置。
-0.5845032,0.2574768,0.8506469999999999,0.01290226,-1.2512867,-1.4042656,0.021118164000000002,0.20825195,1.1204529,-0.4823668,-0.95671904,-1.7350376,0.414917,-0.031402588,1.2322083,-0.803238,-0.5234582,-1.8246905999999998,0.7470397999999999,-0.06518555,0.94921875,-1.0843515,-0.37425834,-1.4992678,0.9169616700000001,0.09603882,0.75738525,-1.1947969,-0.40695685,-1.2256615,0.8609314,-0.011688232000000002,0.8016052,-1.1053104,-0.23654681,-1.2220693,0.95840454,-0.121520996,0.73617554,-1.1937349,-0.14047384000000002,-1.1758561,0.8861389,-0.19979858,0.7097167999999999,-1.1217976,-0.090786695,-1.1787286,0.787323,-0.19769287,0.6866455,-1.0452346,-0.15225327,-1.199924,0.44113159999999996,-0.04663086,0.6014404,-0.7687341999999999,-0.38307009999999997,-1.1408928999999999,0.27282715,0.021484375,0.5932007,-0.65258116,-0.48968697,-1.1306734,-0.016204834,0.08911133,0.62701416,-0.4609853,-0.6161331999999999,-1.1392611,-0.44848633,0.18524169999999998,0.6841735999999999,-0.13920236,-0.7680427999999999,-1.1354368,-0.6808776999999999,0.2987976,0.6711425999999999,-0.019467830000000002,-0.9400139,-1.0301063,-0.8151244999999999,0.2927246,0.6651306,0.04577589,-0.96723247,-0.9451366,-0.88739014,0.30947876,0.65390015,0.08727479,-0.9957824,-0.88811916,-1.0686951,0.39230347,0.7690735,0.19744635,-1.0817599,-0.8445781,-1.2050781,0.32592773,0.7961731,0.310264,-0.9839673600000001,-0.75597614,-1.1873779,0.51641846,0.649292,0.29536307,-1.120085,-0.49603224,-0.8800049,0.44735718,0.7269591999999999,0.015538096000000001,-0.9662563999999999,-0.47832749999999996,检查1变、2变高压侧进出线开关在分闸位置，开闭站201、202断路器在工作位置。
0.021118164000000002,0.20825195,1.1204529,-0.4823668,-0.95671904,-1.7350376,0.414917,-0.031402588,1.2322083,-0.803238,-0.5234582,-1.8246905999999998,0.7470397999999999,-0.06518555,0.94921875,-1.0843515,-0.37425834,-1.4992678,0.9169616700000001,0.09603882,0.75738525,-1.1947969,-0.40695685,-1.2256615,0.8609314,-0.011688232000000002,0.8016052,-1.1053104,-0.23654681,-1.2220693,0.95840454,-0.121520996,0.73617554,-1.1937349,-0.14047384000000002,-1.1758561,0.8861389,-0.19979858,0.7097167999999999,-1.1217976,-0.090786695,-1.1787286,0.787323,-0.19769287,0.6866455,-1.0452346,-0.15225327,-1.199924,0.44113159999999996,-0.04663086,0.6014404,-0.7687341999999999,-0.38307009999999997,-1.1408928999999999,0.27282715,0.021484375,0.5932007,-0.65258116,-0.48968697,-1.1306734,-0.016204834,0.08911133,0.62701416,-0.4609853,-0.6161331999999999,-1.1392611,-0.44848633,0.18524169999999998,0.6841735999999999,-0.13920236,-0.7680427999999999,-1.1354368,-0.6808776999999999,0.2987976,0.6711425999999999,-0.019467830000000002,-0.9400139,-1.0301063,-0.8151244999999999,0.2927246,0.6651306,0.04577589,-0.96723247,-0.9451366,-0.88739014,0.30947876,0.65390015,0.08727479,-0.9957824,-0.88811916,-1.0686951,0.39230347,0.7690735,0.19744635,-1.0817599,-0.8445781,-1.2050781,0.32592773,0.7961731,0.310264,-0.9839673600000001,-0.75597614,-1.1873779,0.51641846,0.649292,0.29536307,-1.120085,-0.49603224,-0.8800049,0.44735718,0.7269591999999999,0.015538096000000001,-0.9662563999999999,-0.47832749999999996,-0.8800049,0.44735718,0.7269591999999999,0.015538096000000001,-0.9662563999999999,-0.47832749999999996,检查1变、2变高压侧进出线开关在分闸位置，开闭站201、202断路器在工作位置。
0.414917,-0.031402588,1.2322083,-0.803238,-0.5234582,-1.8246905999999998,0.7470397999999999,-0.06518555,0.94921875,-1.0843515,-0.37425834,-1.4992678,0.9169616700000001,0.09603882,0.75738525,-1.1947969,-0.40695685,-1.2256615,0.8609314,-0.011688232000000002,0.8016052,-1.1053104,-0.23654681,-1.2220693,0.95840454,-0.121520996,0.73617554,-1.1937349,-0.14047384000000002,-1.1758561,0.8861389,-0.19979858,0.7097167999999999,-1.1217976,-0.090786695,-1.1787286,0.787323,-0.19769287,0.6866455,-1.0452346,-0.15225327,-1.199924,0.44113159999999996,-0.04663086,0.6014404,-0.7687341999999999,-0.38307009999999997,-1.1408928999999999,0.27282715,0.021484375,0.5932007,-0.65258116,-0.48968697,-1.1306734,-0.016204834,0.08911133,0.62701416,-0.4609853,-0.6161331999999999,-1.1392611,-0.44848633,0.18524169999999998,0.6841735999999999,-0.13920236,-0.7680427999999999,-1.1354368,-0.6808776999999999,0.2987976,0.6711425999999999,-0.019467830000000002,-0.9400139,-1.0301063,-0.8151244999999999,0.2927246,0.6651306,0.04577589,-0.96723247,-0.9451366,-0.88739014,0.30947876,0.65390015,0.08727479,-0.9957824,-0.88811916,-1.0686951,0.39230347,0.7690735,0.19744635,-1.0817599,-0.8445781,-1.2050781,0.32592773,0.7961731,0.310264,-0.9839673600000001,-0.75597614,-1.1873779,0.51641846,0.649292,0.29536307,-1.120085,-0.49603224,-0.8800049,0.44735718,0.7269591999999999,0.015538096000000001,-0.9662563999999999,-0.47832749999999996,-0.8800049,0.44735718,0.7269591999999999,0.015538096000000001,-0.9662563999999999,-0.47832749999999996,-0.6765441999999999,0.21066284000000002,0.86380005,-0.10975420500000001,-0.6001978,-0.49426335,检查1变、2变高压侧进出线开关在分闸位置，开闭站201、202断路器在工作位置。
0.7470397999999999,-0.06518555,0.94921875,-1.0843515,-0.37425834,-1.4992678,0.9169616700000001,0.09603882,0.75738525,-1.1947969,-0.40695685,-1.2256615,0.8609314,-0.011688232000000002,0.8016052,-1.1053104,-0.23654681,-1.2220693,0.95840454,-0.121520996,0.73617554,-1.1937349,-0.14047384000000002,-1.1758561,0.8861389,-0.19979858,0.7097167999999999,-1.1217976,-0.090786695,-1.1787286,0.787323,-0.19769287,0.6866455,-1.0452346,-0.15225327,-1.199924,0.44113159999999996,-0.04663086,0.6014404,-0.7687341999999999,-0.38307009999999997,-1.1408928999999999,0.27282715,0.021484375,0.5932007,-0.65258116,-0.48968697,-1.1306734,-0.016204834,0.08911133,0.62701416,-0.4609853,-0.6161331999999999,-1.1392611,-0.44848633,0.18524169999999998,0.6841735999999999,-0.13920236,-0.7680427999999999,-1.1354368,-0.6808776999999999,0.2987976,0.6711425999999999,-0.019467830000000002,-0.9400139,-1.0301063,-0.8151244999999999,0.2927246,0.6651306,0.04577589,-0.96723247,-0.9451366,-0.88739014,0.30947876,0.65390015,0.08727479,-0.9957824,-0.88811916,-1.0686951,0.39230347,0.7690735,0.19744635,-1.0817599,-0.8445781,-1.2050781,0.32592773,0.7961731,0.310264,-0.9839673600000001,-0.75597614,-1.1873779,0.51641846,0.649292,0.29536307,-1.120085,-0.49603224,-0.8800049,0.44735718,0.7269591999999999,0.015538096000000001,-0.9662563999999999,-0.47832749999999996,-0.8800049,0.44735718,0.7269591999999999,0.015538096000000001,-0.9662563999999999,-0.47832749999999996,-0.6765441999999999,0.21066284000000002,0.86380005,-0.10975420500000001,-0.6001978,-0.49426335,-0.5617675999999999,0.5684509,0.7907715,-0.16135216,-0.9033827,-0.34870654,检查1变、2变高压侧进出线开关在分闸位置，开闭站201、202断路器在工作位置。
0.9169616700000001,0.09603882,0.75738525,-1.1947969,-0.40695685,-1.2256615,0.8609314,-0.011688232000000002,0.8016052,-1.1053104,-0.23654681,-1.2220693,0.95840454,-0.121520996,0.73617554,-1.1937349,-0.14047384000000002,-1.1758561,0.8861389,-0.19979858,0.7097167999999999,-1.1217976,-0.090786695,-1.1787286,0.787323,-0.19769287,0.6866455,-1.0452346,-0.15225327,-1.199924,0.44113159999999996,-0.04663086,0.6014404,-0.7687341999999999,-0.38307009999999997,-1.1408928999999999,0.27282715,0.021484375,0.5932007,-0.65258116,-0.48968697,-1.1306734,-0.016204834,0.08911133,0.62701416,-0.4609853,-0.6161331999999999,-1.1392611,-0.44848633,0.18524169999999998,0.6841735999999999,-0.13920236,-0.7680427999999999,-1.1354368,-0.6808776999999999,0.2987976,0.6711425999999999,-0.019467830000000002,-0.9400139,-1.0301063,-0.8151244999999999,0.2927246,0.6651306,0.04577589,-0.96723247,-0.9451366,-0.88739014,0.30947876,0.65390015,0.08727479,-0.9957824,-0.88811916,-1.0686951,0.39230347,0.7690735,0.19744635,-1.0817599,-0.8445781,-1.2050781,0.32592773,0.7961731,0.310264,-0.9839673600000001,-0.75597614,-1.1873779,0.51641846,0.649292,0.29536307,-1.120085,-0.49603224,-0.8800049,0.44735718,0.7269591999999999,0.015538096000000001,-0.9662563999999999,-0.47832749999999996,-0.8800049,0.44735718,0.7269591999999999,0.015538096000000001,-0.9662563999999999,-0.47832749999999996,-0.6765441999999999,0.21066284000000002,0.86380005,-0.10975420500000001,-0.6001978,-0.49426335,-0.5617675999999999,0.5684509,0.7907715,-0.16135216,-0.9033827,-0.34870654,-0.5617675999999999,0.5684509,0.7907715,-0.16135216,-0.9033827,-0.34870654,检查1变、2变高压侧进出线开关在分闸位置，开闭站201、202断路器在工作位置。
0.8609314,-0.011688232000000002,0.8016052,-1.1053104,-0.23654681,-1.2220693,0.95840454,-0.121520996,0.73617554,-1.1937349,-0.14047384000000002,-1.1758561,0.8861389,-0.19979858,0.7097167999999999,-1.1217976,-0.090786695,-1.1787286,0.787323,-0.19769287,0.6866455,-1.0452346,-0.15225327,-1.199924,0.44113159999999996,-0.04663086,0.6014404,-0.7687341999999999,-0.38307009999999997,-1.1408928999999999,0.27282715,0.021484375,0.5932007,-0.65258116,-0.48968697,-1.1306734,-0.016204834,0.08911133,0.62701416,-0.4609853,-0.6161331999999999,-1.1392611,-0.44848633,0.18524169999999998,0.6841735999999999,-0.13920236,-0.7680427999999999,-1.1354368,-0.6808776999999999,0.2987976,0.6711425999999999,-0.019467830000000002,-0.9400139,-1.0301063,-0.8151244999999999,0.2927246,0.6651306,0.04577589,-0.96723247,-0.9451366,-0.88739014,0.30947876,0.65390015,0.08727479,-0.9957824,-0.88811916,-1.0686951,0.39230347,0.7690735,0.19744635,-1.0817599,-0.8445781,-1.2050781,0.32592773,0.7961731,0.310264,-0.9839673600000001,-0.75597614,-1.1873779,0.51641846,0.649292,0.29536307,-1.120085,-0.49603224,-0.8800049,0.44735718,0.7269591999999999,0.015538096000000001,-0.9662563999999999,-0.47832749999999996,-0.8800049,0.44735718,0.7269591999999999,0.015538096000000001,-0.9662563999999999,-0.47832749999999996,-0.6765441999999999,0.21066284000000002,0.86380005,-0.10975420500000001,-0.6001978,-0.49426335,-0.5617675999999999,0.5684509,0.7907715,-0.16135216,-0.9033827,-0.34870654,-0.5617675999999999,0.5684509,0.7907715,-0.16135216,-0.9033827,-0.34870654,-0.054260254,0.15777588,0.36880493000000003,-0.42313087,-0.2835958,0.08711512,检查1变、2变高压侧进出线开关在分闸位置，开闭站201、202断路器在工作位置。
0.95840454,-0.121520996,0.73617554,-1.1937349,-0.14047384000000002,-1.1758561,0.8861389,-0.19979858,0.7097167999999999,-1.1217976,-0.090786695,-1.1787286,0.787323,-0.19769287,0.6866455,-1.0452346,-0.15225327,-1.199924,0.44113159999999996,-0.04663086,0.6014404,-0.7687341999999999,-0.38307009999999997,-1.1408928999999999,0.27282715,0.021484375,0.5932007,-0.65258116,-0.48968697,-1.1306734,-0.016204834,0.08911133,0.62701416,-0.4609853,-0.6161331999999999,-1.1392611,-0.44848633,0.18524169999999998,0.6841735999999999,-0.13920236,-0.7680427999999999,-1.1354368,-0.6808776999999999,0.2987976,0.6711425999999999,-0.019467830000000002,-0.9400139,-1.0301063,-0.8151244999999999,0.2927246,0.6651306,0.04577589,-0.96723247,-0.9451366,-0.88739014,0.30947876,0.65390015,0.08727479,-0.9957824,-0.88811916,-1.0686951,0.39230347,0.7690735,0.19744635,-1.0817599,-0.8445781,-1.2050781,0.32592773,0.7961731,0.310264,-0.9839673600000001,-0.75597614,-1.1873779,0.51641846,0.649292,0.29536307,-1.120085,-0.49603224,-0.8800049,0.44735718,0.7269591999999999,0.015538096000000001,-0.9662563999999999,-0.47832749999999996,-0.8800049,0.44735718,0.7269591999999999,0.015538096000000001,-0.9662563999999999,-0.47832749999999996,-0.6765441999999999,0.21066284000000002,0.86380005,-0.10975420500000001,-0.6001978,-0.49426335,-0.5617675999999999,0.5684509,0.7907715,-0.16135216,-0.9033827,-0.34870654,-0.5617675999999999,0.5684509,0.7907715,-0.16135216,-0.9033827,-0.34870654,-0.054260254,0.15777588,0.36880493000000003,-0.42313087,-0.2835958,0.08711512,-0.0025939941,0.10864258,0.38458252,-0.42859262000000004,-0.20350957,0.052546920000000004,检查1变、2变高压侧进出线开关在分闸位置，开闭站201、202断路器在工作位置。
0.8861389,-0.19979858,0.7097167999999999,-1.1217976,-0.090786695,-1.1787286,0.787323,-0.19769287,0.6866455,-1.0452346,-0.15225327,-1.199924,0.44113159999999996,-0.04663086,0.6014404,-0.7687341999999999,-0.38307009999999997,-1.1408928999999999,0.27282715,0.021484375,0.5932007,-0.65258116,-0.48968697,-1.1306734,-0.016204834,0.08911133,0.62701416,-0.4609853,-0.6161331999999999,-1.1392611,-0.44848633,0.18524169999999998,0.6841735999999999,-0.13920236,-0.7680427999999999,-1.1354368,-0.6808776999999999,0.2987976,0.6711425999999999,-0.019467830000000002,-0.9400139,-1.0301063,-0.8151244999999999,0.2927246,0.6651306,0.04577589,-0.96723247,-0.9451366,-0.88739014,0.30947876,0.65390015,0.08727479,-0.9957824,-0.88811916,-1.0686951,0.39230347,0.7690735,0.19744635,-1.0817599,-0.8445781,-1.2050781,0.32592773,0.7961731,0.310264,-0.9839673600000001,-0.75597614,-1.1873779,0.51641846,0.649292,0.29536307,-1.120085,-0.49603224,-0.8800049,0.44735718,0.7269591999999999,0.015538096000000001,-0.9662563999999999,-0.47832749999999996,-0.8800049,0.44735718,0.7269591999999999,0.015538096000000001,-0.9662563999999999,-0.47832749999999996,-0.6765441999999999,0.21066284000000002,0.86380005,-0.10975420500000001,-0.6001978,-0.49426335,-0.5617675999999999,0.5684509,0.7907715,-0.16135216,-0.9033827,-0.34870654,-0.5617675999999999,0.5684509,0.7907715,-0.16135216,-0.9033827,-0.34870654,-0.054260254,0.15777588,0.36880493000000003,-0.42313087,-0.2835958,0.08711512,-0.0025939941,0.10864258,0.38458252,-0.42859262000000004,-0.20350957,0.052546920000000004,0.39160156,-0.22836304000000002,0.22174072,-0.63817304,0.21950078,0.13306443,检查1变、2变高压侧进出线开关在分闸位置，开闭站201、202断路器在工作位置。
0.787323,-0.19769287,0.6866455,-1.0452346,-0.15225327,-1.199924,0.44113159999999996,-0.04663086,0.6014404,-0.7687341999999999,-0.38307009999999997,-1.1408928999999999,0.27282715,0.021484375,0.5932007,-0.65258116,-0.48968697,-1.1306734,-0.016204834,0.08911133,0.62701416,-0.4609853,-0.6161331999999999,-1.1392611,-0.44848633,0.18524169999999998,0.6841735999999999,-0.13920236,-0.7680427999999999,-1.1354368,-0.6808776999999999,0.2987976,0.6711425999999999,-0.019467830000000002,-0.9400139,-1.0301063,-0.8151244999999999,0.2927246,0.6651306,0.04577589,-0.96723247,-0.9451366,-0.88739014,0.30947876,0.65390015,0.08727479,-0.9957824,-0.88811916,-1.0686951,0.39230347,0.7690735,0.19744635,-1.0817599,-0.8445781,-1.2050781,0.32592773,0.7961731,0.310264,-0.9839673600000001,-0.75597614,-1.1873779,0.51641846,0.649292,0.29536307,-1.120085,-0.49603224,-0.8800049,0.44735718,0.7269591999999999,0.015538096000000001,-0.9662563999999999,-0.47832749999999996,-0.8800049,0.44735718,0.7269591999999999,0.015538096000000001,-0.9662563999999999,-0.47832749999999996,-0.6765441999999999,0.21066284000000002,0.86380005,-0.10975420500000001,-0.6001978,-0.49426335,-0.5617675999999999,0.5684509,0.7907715,-0.16135216,-0.9033827,-0.34870654,-0.5617675999999999,0.5684509,0.7907715,-0.16135216,-0.9033827,-0.34870654,-0.054260254,0.15777588,0.36880493000000003,-0.42313087,-0.2835958,0.08711512,-0.0025939941,0.10864258,0.38458252,-0.42859262000000004,-0.20350957,0.052546920000000004,0.39160156,-0.22836304000000002,0.22174072,-0.63817304,0.21950078,0.13306443,0.83721924,-0.16720581,-0.14343262,-0.89048994,0.18558323000000002,0.35141152000000003,检查1变、2变高压侧进出线开关在分闸位置，开闭站201、202断路器在工作位置。
0.44113159999999996,-0.04663086,0.6014404,-0.7687341999999999,-0.38307009999999997,-1.1408928999999999,0.27282715,0.021484375,0.5932007,-0.65258116,-0.48968697,-1.1306734,-0.016204834,0.08911133,0.62701416,-0.4609853,-0.6161331999999999,-1.1392611,-0.44848633,0.18524169999999998,0.6841735999999999,-0.13920236,-0.7680427999999999,-1.1354368,-0.6808776999999999,0.2987976,0.6711425999999999,-0.019467830000000002,-0.9400139,-1.0301063,-0.8151244999999999,0.2927246,0.6651306,0.04577589,-0.96723247,-0.9451366,-0.88739014,0.30947876,0.65390015,0.08727479,-0.9957824,-0.88811916,-1.0686951,0.39230347,0.7690735,0.19744635,-1.0817599,-0.8445781,-1.2050781,0.32592773,0.7961731,0.310264,-0.9839673600000001,-0.75597614,-1.1873779,0.51641846,0.649292,0.29536307,-1.120085,-0.49603224,-0.8800049,0.44735718,0.7269591999999999,0.015538096000000001,-0.9662563999999999,-0.47832749999999996,-0.8800049,0.44735718,0.7269591999999999,0.015538096000000001,-0.9662563999999999,-0.47832749999999996,-0.6765441999999999,0.21066284000000002,0.86380005,-0.10975420500000001,-0.6001978,-0.49426335,-0.5617675999999999,0.5684509,0.7907715,-0.16135216,-0.9033827,-0.34870654,-0.5617675999999999,0.5684509,0.7907715,-0.16135216,-0.9033827,-0.34870654,-0.054260254,0.15777588,0.36880493000000003,-0.42313087,-0.2835958,0.08711512,-0.0025939941,0.10864258,0.38458252,-0.42859262000000004,-0.20350957,0.052546920000000004,0.39160156,-0.22836304000000002,0.22174072,-0.63817304,0.21950078,0.13306443,0.83721924,-0.16720581,-0.14343262,-0.89048994,0.18558323000000002,0.35141152000000003,0.8632202,-0.56729126,0.061645508,-0.8362467,0.57421803,-0.03683947,检查1变、2变高压侧进出线开关在分闸位置，开闭站201、202断路器在工作位置。
0.27282715,0.021484375,0.5932007,-0.65258116,-0.48968697,-1.1306734,-0.016204834,0.08911133,0.62701416,-0.4609853,-0.6161331999999999,-1.1392611,-0.44848633,0.18524169999999998,0.6841735999999999,-0.13920236,-0.7680427999999999,-1.1354368,-0.6808776999999999,0.2987976,0.6711425999999999,-0.019467830000000002,-0.9400139,-1.0301063,-0.8151244999999999,0.2927246,0.6651306,0.04577589,-0.96723247,-0.9451366,-0.88739014,0.30947876,0.65390015,0.08727479,-0.9957824,-0.88811916,-1.0686951,0.39230347,0.7690735,0.19744635,-1.0817599,-0.8445781,-1.2050781,0.32592773,0.7961731,0.310264,-0.9839673600000001,-0.75597614,-1.1873779,0.51641846,0.649292,0.29536307,-1.120085,-0.49603224,-0.8800049,0.44735718,0.7269591999999999,0.015538096000000001,-0.9662563999999999,-0.47832749999999996,-0.8800049,0.44735718,0.7269591999999999,0.015538096000000001,-0.9662563999999999,-0.47832749999999996,-0.6765441999999999,0.21066284000000002,0.86380005,-0.10975420500000001,-0.6001978,-0.49426335,-0.5617675999999999,0.5684509,0.7907715,-0.16135216,-0.9033827,-0.34870654,-0.5617675999999999,0.5684509,0.7907715,-0.16135216,-0.9033827,-0.34870654,-0.054260254,0.15777588,0.36880493000000003,-0.42313087,-0.2835958,0.08711512,-0.0025939941,0.10864258,0.38458252,-0.42859262000000004,-0.20350957,0.052546920000000004,0.39160156,-0.22836304000000002,0.22174072,-0.63817304,0.21950078,0.13306443,0.83721924,-0.16720581,-0.14343262,-0.89048994,0.18558323000000002,0.35141152000000003,0.8632202,-0.56729126,0.061645508,-0.8362467,0.57421803,-0.03683947,0.83047485,-0.45791626,-0.09106445,-0.80911857,0.43202472000000003,0.009014398,检查1变、2变高压侧进出线开关在分闸位置，开闭站201、202断路器在工作位置。
-0.016204834,0.08911133,0.62701416,-0.4609853,-0.6161331999999999,-1.1392611,-0.44848633,0.18524169999999998,0.6841735999999999,-0.13920236,-0.7680427999999999,-1.1354368,-0.6808776999999999,0.2987976,0.6711425999999999,-0.019467830000000002,-0.9400139,-1.0301063,-0.8151244999999999,0.2927246,0.6651306,0.04577589,-0.96723247,-0.9451366,-0.88739014,0.30947876,0.65390015,0.08727479,-0.9957824,-0.88811916,-1.0686951,0.39230347,0.7690735,0.19744635,-1.0817599,-0.8445781,-1.2050781,0.32592773,0.7961731,0.310264,-0.9839673600000001,-0.75597614,-1.1873779,0.51641846,0.649292,0.29536307,-1.120085,-0.49603224,-0.8800049,0.44735718,0.7269591999999999,0.015538096000000001,-0.9662563999999999,-0.47832749999999996,-0.8800049,0.44735718,0.7269591999999999,0.015538096000000001,-0.9662563999999999,-0.47832749999999996,-0.6765441999999999,0.21066284000000002,0.86380005,-0.10975420500000001,-0.6001978,-0.49426335,-0.5617675999999999,0.5684509,0.7907715,-0.16135216,-0.9033827,-0.34870654,-0.5617675999999999,0.5684509,0.7907715,-0.16135216,-0.9033827,-0.34870654,-0.054260254,0.15777588,0.36880493000000003,-0.42313087,-0.2835958,0.08711512,-0.0025939941,0.10864258,0.38458252,-0.42859262000000004,-0.20350957,0.052546920000000004,0.39160156,-0.22836304000000002,0.22174072,-0.63817304,0.21950078,0.13306443,0.83721924,-0.16720581,-0.14343262,-0.89048994,0.18558323000000002,0.35141152000000003,0.8632202,-0.56729126,0.061645508,-0.8362467,0.57421803,-0.03683947,0.83047485,-0.45791626,-0.09106445,-0.80911857,0.43202472000000003,0.009014398,0.65966797,-0.35391235,-0.027038574000000003,-0.6902872999999999,0.32032287,-0.07873131,检查1变、2变高压侧进出线开关在分闸位置，开闭站201、202断路器在工作位置。
-0.44848633,0.18524169999999998,0.6841735999999999,-0.13920236,-0.7680427999999999,-1.1354368,-0.6808776999999999,0.2987976,0.6711425999999999,-0.019467830000000002,-0.9400139,-1.0301063,-0.8151244999999999,0.2927246,0.6651306,0.04577589,-0.96723247,-0.9451366,-0.88739014,0.30947876,0.65390015,0.08727479,-0.9957824,-0.88811916,-1.0686951,0.39230347,0.7690735,0.19744635,-1.0817599,-0.8445781,-1.2050781,0.32592773,0.7961731,0.310264,-0.9839673600000001,-0.75597614,-1.1873779,0.51641846,0.649292,0.29536307,-1.120085,-0.49603224,-0.8800049,0.44735718,0.7269591999999999,0.015538096000000001,-0.9662563999999999,-0.47832749999999996,-0.8800049,0.44735718,0.7269591999999999,0.015538096000000001,-0.9662563999999999,-0.47832749999999996,-0.6765441999999999,0.21066284000000002,0.86380005,-0.10975420500000001,-0.6001978,-0.49426335,-0.5617675999999999,0.5684509,0.7907715,-0.16135216,-0.9033827,-0.34870654,-0.5617675999999999,0.5684509,0.7907715,-0.16135216,-0.9033827,-0.34870654,-0.054260254,0.15777588,0.36880493000000003,-0.42313087,-0.2835958,0.08711512,-0.0025939941,0.10864258,0.38458252,-0.42859262000000004,-0.20350957,0.052546920000000004,0.39160156,-0.22836304000000002,0.22174072,-0.63817304,0.21950078,0.13306443,0.83721924,-0.16720581,-0.14343262,-0.89048994,0.18558323000000002,0.35141152000000003,0.8632202,-0.56729126,0.061645508,-0.8362467,0.57421803,-0.03683947,0.83047485,-0.45791626,-0.09106445,-0.80911857,0.43202472000000003,0.009014398,0.65966797,-0.35391235,-0.027038574000000003,-0.6902872999999999,0.32032287,-0.07873131,0.55355835,-0.29519653,0.040832520000000004,-0.63469553,0.25809407,-0.14995809000000002,检查1变、2变高压侧进出线开关在分闸位置，开闭站201、202断路器在工作位置。
-0.6808776999999999,0.2987976,0.6711425999999999,-0.019467830000000002,-0.9400139,-1.0301063,-0.8151244999999999,0.2927246,0.6651306,0.04577589,-0.96723247,-0.9451366,-0.88739014,0.30947876,0.65390015,0.08727479,-0.9957824,-0.88811916,-1.0686951,0.39230347,0.7690735,0.19744635,-1.0817599,-0.8445781,-1.2050781,0.32592773,0.7961731,0.310264,-0.9839673600000001,-0.75597614,-1.1873779,0.51641846,0.649292,0.29536307,-1.120085,-0.49603224,-0.8800049,0.44735718,0.7269591999999999,0.015538096000000001,-0.9662563999999999,-0.47832749999999996,-0.8800049,0.44735718,0.7269591999999999,0.015538096000000001,-0.9662563999999999,-0.47832749999999996,-0.6765441999999999,0.21066284000000002,0.86380005,-0.10975420500000001,-0.6001978,-0.49426335,-0.5617675999999999,0.5684509,0.7907715,-0.16135216,-0.9033827,-0.34870654,-0.5617675999999999,0.5684509,0.7907715,-0.16135216,-0.9033827,-0.34870654,-0.054260254,0.15777588,0.36880493000000003,-0.42313087,-0.2835958,0.08711512,-0.0025939941,0.10864258,0.38458252,-0.42859262000000004,-0.20350957,0.052546920000000004,0.39160156,-0.22836304000000002,0.22174072,-0.63817304,0.21950078,0.13306443,0.83721924,-0.16720581,-0.14343262,-0.89048994,0.18558323000000002,0.35141152000000003,0.8632202,-0.56729126,0.061645508,-0.8362467,0.57421803,-0.03683947,0.83047485,-0.45791626,-0.09106445,-0.80911857,0.43202472000000003,0.009014398,0.65966797,-0.35391235,-0.027038574000000003,-0.6902872999999999,0.32032287,-0.07873131,0.55355835,-0.29519653,0.040832520000000004,-0.63469553,0.25809407,-0.14995809000000002,0.32666016000000003,-0.14593506,0.09738159,-0.49741745,0.095708966,-0.20637839,检查1变、2变高压侧进出线开关在分闸位置，开闭站201、202断路器在工作位置。
-0.8151244999999999,0.2927246,0.6651306,0.04577589,-0.96723247,-0.9451366,-0.88739014,0.30947876,0.65390015,0.08727479,-0.9957824,-0.88811916,-1.0686951,0.39230347,0.7690735,0.19744635,-1.0817599,-0.8445781,-1.2050781,0.32592773,0.7961731,0.310264,-0.9839673600000001,-0.75597614,-1.1873779,0.51641846,0.649292,0.29536307,-1.120085,-0.49603224,-0.8800049,0.44735718,0.7269591999999999,0.015538096000000001,-0.9662563999999999,-0.47832749999999996,-0.8800049,0.44735718,0.7269591999999999,0.015538096000000001,-0.9662563999999999,-0.47832749999999996,-0.6765441999999999,0.21066284000000002,0.86380005,-0.10975420500000001,-0.6001978,-0.49426335,-0.5617675999999999,0.5684509,0.7907715,-0.16135216,-0.9033827,-0.34870654,-0.5617675999999999,0.5684509,0.7907715,-0.16135216,-0.9033827,-0.34870654,-0.054260254,0.15777588,0.36880493000000003,-0.42313087,-0.2835958,0.08711512,-0.0025939941,0.10864258,0.38458252,-0.42859262000000004,-0.20350957,0.052546920000000004,0.39160156,-0.22836304000000002,0.22174072,-0.63817304,0.21950078,0.13306443,0.83721924,-0.16720581,-0.14343262,-0.89048994,0.18558323000000002,0.35141152000000003,0.8632202,-0.56729126,0.061645508,-0.8362467,0.57421803,-0.03683947,0.83047485,-0.45791626,-0.09106445,-0.80911857,0.43202472000000003,0.009014398,0.65966797,-0.35391235,-0.027038574000000003,-0.6902872999999999,0.32032287,-0.07873131,0.55355835,-0.29519653,0.040832520000000004,-0.63469553,0.25809407,-0.14995809000000002,0.32666016000000003,-0.14593506,0.09738159,-0.49741745,0.095708966,-0.20637839,0.074523926,-0.07040405,0.16116333,-0.35306245,-0.008153439,-0.27188873,检查1变、2变高压侧进出线开关在分闸位置，开闭站201、202断路器在工作位置。
-0.88739014,0.30947876,0.65390015,0.08727479,-0.9957824,-0.88811916,-1.0686951,0.39230347,0.7690735,0.19744635,-1.0817599,-0.8445781,-1.2050781,0.32592773,0.7961731,0.310264,-0.9839673600000001,-0.75597614,-1.1873779,0.51641846,0.649292,0.29536307,-1.120085,-0.49603224,-0.8800049,0.44735718,0.7269591999999999,0.015538096000000001,-0.9662563999999999,-0.47832749999999996,-0.8800049,0.44735718,0.7269591999999999,0.015538096000000001,-0.9662563999999999,-0.47832749999999996,-0.6765441999999999,0.21066284000000002,0.86380005,-0.10975420500000001,-0.6001978,-0.49426335,-0.5617675999999999,0.5684509,0.7907715,-0.16135216,-0.9033827,-0.34870654,-0.5617675999999999,0.5684509,0.7907715,-0.16135216,-0.9033827,-0.34870654,-0.054260254,0.15777588,0.36880493000000003,-0.42313087,-0.2835958,0.08711512,-0.0025939941,0.10864258,0.38458252,-0.42859262000000004,-0.20350957,0.052546920000000004,0.39160156,-0.22836304000000002,0.22174072,-0.63817304,0.21950078,0.13306443,0.83721924,-0.16720581,-0.14343262,-0.89048994,0.18558323000000002,0.35141152000000003,0.8632202,-0.56729126,0.061645508,-0.8362467,0.57421803,-0.03683947,0.83047485,-0.45791626,-0.09106445,-0.80911857,0.43202472000000003,0.009014398,0.65966797,-0.35391235,-0.027038574000000003,-0.6902872999999999,0.32032287,-0.07873131,0.55355835,-0.29519653,0.040832520000000004,-0.63469553,0.25809407,-0.14995809000000002,0.32666016000000003,-0.14593506,0.09738159,-0.49741745,0.095708966,-0.20637839,0.074523926,-0.07040405,0.16116333,-0.35306245,-0.008153439,-0.27188873,-0.04663086,-0.053405760000000004,0.2130127,-0.27107012,-0.038197220000000004,-0.32357627,检查1变、2变高压侧进出线开关在分闸位置，开闭站201、202断路器在工作位置。
-1.0686951,0.39230347,0.7690735,0.19744635,-1.0817599,-0.8445781,-1.2050781,0.32592773,0.7961731,0.310264,-0.9839673600000001,-0.75597614,-1.1873779,0.51641846,0.649292,0.29536307,-1.120085,-0.49603224,-0.8800049,0.44735718,0.7269591999999999,0.015538096000000001,-0.9662563999999999,-0.47832749999999996,-0.8800049,0.44735718,0.7269591999999999,0.015538096000000001,-0.9662563999999999,-0.47832749999999996,-0.6765441999999999,0.21066284000000002,0.86380005,-0.10975420500000001,-0.6001978,-0.49426335,-0.5617675999999999,0.5684509,0.7907715,-0.16135216,-0.9033827,-0.34870654,-0.5617675999999999,0.5684509,0.7907715,-0.16135216,-0.9033827,-0.34870654,-0.054260254,0.15777588,0.36880493000000003,-0.42313087,-0.2835958,0.08711512,-0.0025939941,0.10864258,0.38458252,-0.42859262000000004,-0.20350957,0.052546920000000004,0.39160156,-0.22836304000000002,0.22174072,-0.63817304,0.21950078,0.13306443,0.83721924,-0.16720581,-0.14343262,-0.89048994,0.18558323000000002,0.35141152000000003,0.8632202,-0.56729126,0.061645508,-0.8362467,0.57421803,-0.03683947,0.83047485,-0.45791626,-0.09106445,-0.80911857,0.43202472000000003,0.009014398,0.65966797,-0.35391235,-0.027038574000000003,-0.6902872999999999,0.32032287,-0.07873131,0.55355835,-0.29519653,0.040832520000000004,-0.63469553,0.25809407,-0.14995809000000002,0.32666016000000003,-0.14593506,0.09738159,-0.49741745,0.095708966,-0.20637839,0.074523926,-0.07040405,0.16116333,-0.35306245,-0.008153439,-0.27188873,-0.04663086,-0.053405760000000004,0.2130127,-0.27107012,-0.038197220000000004,-0.32357627,-0.2763672,0.024719238,0.28808594,-0.12476778000000001,-0.1524061,-0.3966124,检查1变、2变高压侧进出线开关在分闸位置，开闭站201、202断路器在工作位置。
-1.2050781,0.32592773,0.7961731,0.310264,-0.9839673600000001,-0.75597614,-1.1873779,0.51641846,0.649292,0.29536307,-1.120085,-0.49603224,-0.8800049,0.44735718,0.7269591999999999,0.015538096000000001,-0.9662563999999999,-0.47832749999999996,-0.8800049,0.44735718,0.7269591999999999,0.015538096000000001,-0.9662563999999999,-0.47832749999999996,-0.6765441999999999,0.21066284000000002,0.86380005,-0.10975420500000001,-0.6001978,-0.49426335,-0.5617675999999999,0.5684509,0.7907715,-0.16135216,-0.9033827,-0.34870654,-0.5617675999999999,0.5684509,0.7907715,-0.16135216,-0.9033827,-0.34870654,-0.054260254,0.15777588,0.36880493000000003,-0.42313087,-0.2835958,0.08711512,-0.0025939941,0.10864258,0.38458252,-0.42859262000000004,-0.20350957,0.052546920000000004,0.39160156,-0.22836304000000002,0.22174072,-0.63817304,0.21950078,0.13306443,0.83721924,-0.16720581,-0.14343262,-0.89048994,0.18558323000000002,0.35141152000000003,0.8632202,-0.56729126,0.061645508,-0.8362467,0.57421803,-0.03683947,0.83047485,-0.45791626,-0.09106445,-0.80911857,0.43202472000000003,0.009014398,0.65966797,-0.35391235,-0.027038574000000003,-0.6902872999999999,0.32032287,-0.07873131,0.55355835,-0.29519653,0.040832520000000004,-0.63469553,0.25809407,-0.14995809000000002,0.32666016000000003,-0.14593506,0.09738159,-0.49741745,0.095708966,-0.20637839,0.074523926,-0.07040405,0.16116333,-0.35306245,-0.008153439,-0.27188873,-0.04663086,-0.053405760000000004,0.2130127,-0.27107012,-0.038197220000000004,-0.32357627,-0.2763672,0.024719238,0.28808594,-0.12476778000000001,-0.1524061,-0.3966124,-0.6020812999999999,0.15979004,0.3591919,0.06960332400000001,-0.3706153,-0.46687102,检查1变、2变高压侧进出线开关在分闸位置，开闭站201、202断路器在工作位置。
-1.1873779,0.51641846,0.649292,0.29536307,-1.120085,-0.49603224,-0.8800049,0.44735718,0.7269591999999999,0.015538096000000001,-0.9662563999999999,-0.47832749999999996,-0.8800049,0.44735718,0.7269591999999999,0.015538096000000001,-0.9662563999999999,-0.47832749999999996,-0.6765441999999999,0.21066284000000002,0.86380005,-0.10975420500000001,-0.6001978,-0.49426335,-0.5617675999999999,0.5684509,0.7907715,-0.16135216,-0.9033827,-0.34870654,-0.5617675999999999,0.5684509,0.7907715,-0.16135216,-0.9033827,-0.34870654,-0.054260254,0.15777588,0.36880493000000003,-0.42313087,-0.2835958,0.08711512,-0.0025939941,0.10864258,0.38458252,-0.42859262000000004,-0.20350957,0.052546920000000004,0.39160156,-0.22836304000000002,0.22174072,-0.63817304,0.21950078,0.13306443,0.83721924,-0.16720581,-0.14343262,-0.89048994,0.18558323000000002,0.35141152000000003,0.8632202,-0.56729126,0.061645508,-0.8362467,0.57421803,-0.03683947,0.83047485,-0.45791626,-0.09106445,-0.80911857,0.43202472000000003,0.009014398,0.65966797,-0.35391235,-0.027038574000000003,-0.6902872999999999,0.32032287,-0.07873131,0.55355835,-0.29519653,0.040832520000000004,-0.63469553,0.25809407,-0.14995809000000002,0.32666016000000003,-0.14593506,0.09738159,-0.49741745,0.095708966,-0.20637839,0.074523926,-0.07040405,0.16116333,-0.35306245,-0.008153439,-0.27188873,-0.04663086,-0.053405760000000004,0.2130127,-0.27107012,-0.038197220000000004,-0.32357627,-0.2763672,0.024719238,0.28808594,-0.12476778000000001,-0.1524061,-0.3966124,-0.6020812999999999,0.15979004,0.3591919,0.06960332400000001,-0.3706153,-0.46687102,-1.0499268,0.24920654,0.4048462,0.35775626,-0.6303879,-0.5315321,检查1变、2变高压侧进出线开关在分闸位置，开闭站201、202断路器在工作位置。
-0.8800049,0.44735718,0.7269591999999999,0.015538096000000001,-0.9662563999999999,-0.47832749999999996,-0.8800049,0.44735718,0.7269591999999999,0.015538096000000001,-0.9662563999999999,-0.47832749999999996,-0.6765441999999999,0.21066284000000002,0.86380005,-0.10975420500000001,-0.6001978,-0.49426335,-0.5617675999999999,0.5684509,0.7907715,-0.16135216,-0.9033827,-0.34870654,-0.5617675999999999,0.5684509,0.7907715,-0.16135216,-0.9033827,-0.34870654,-0.054260254,0.15777588,0.36880493000000003,-0.42313087,-0.2835958,0.08711512,-0.0025939941,0.10864258,0.38458252,-0.42859262000000004,-0.20350957,0.052546920000000004,0.39160156,-0.22836304000000002,0.22174072,-0.63817304,0.21950078,0.13306443,0.83721924,-0.16720581,-0.14343262,-0.89048994,0.18558323000000002,0.35141152000000003,0.8632202,-0.56729126,0.061645508,-0.8362467,0.57421803,-0.03683947,0.83047485,-0.45791626,-0.09106445,-0.80911857,0.43202472000000003,0.009014398,0.65966797,-0.35391235,-0.027038574000000003,-0.6902872999999999,0.32032287,-0.07873131,0.55355835,-0.29519653,0.040832520000000004,-0.63469553,0.25809407,-0.14995809000000002,0.32666016000000003,-0.14593506,0.09738159,-0.49741745,0.095708966,-0.20637839,0.074523926,-0.07040405,0.16116333,-0.35306245,-0.008153439,-0.27188873,-0.04663086,-0.053405760000000004,0.2130127,-0.27107012,-0.038197220000000004,-0.32357627,-0.2763672,0.024719238,0.28808594,-0.12476778000000001,-0.1524061,-0.3966124,-0.6020812999999999,0.15979004,0.3591919,0.06960332400000001,-0.3706153,-0.46687102,-1.0499268,0.24920654,0.4048462,0.35775626,-0.6303879,-0.5315321,-1.1783447,0.2779541,0.44622803,0.4244628,-0.7684455,-0.59531176,检查1变、2变高压侧进出线开关在分闸位置，开闭站201、202断路器在工作位置。
-0.8800049,0.44735718,0.7269591999999999,0.015538096000000001,-0.9662563999999999,-0.47832749999999996,-0.6765441999999999,0.21066284000000002,0.86380005,-0.10975420500000001,-0.6001978,-0.49426335,-0.5617675999999999,0.5684509,0.7907715,-0.16135216,-0.9033827,-0.34870654,-0.5617675999999999,0.5684509,0.7907715,-0.16135216,-0.9033827,-0.34870654,-0.054260254,0.15777588,0.36880493000000003,-0.42313087,-0.2835958,0.08711512,-0.0025939941,0.10864258,0.38458252,-0.42859262000000004,-0.20350957,0.052546920000000004,0.39160156,-0.22836304000000002,0.22174072,-0.63817304,0.21950078,0.13306443,0.83721924,-0.16720581,-0.14343262,-0.89048994,0.18558323000000002,0.35141152000000003,0.8632202,-0.56729126,0.061645508,-0.8362467,0.57421803,-0.03683947,0.83047485,-0.45791626,-0.09106445,-0.80911857,0.43202472000000003,0.009014398,0.65966797,-0.35391235,-0.027038574000000003,-0.6902872999999999,0.32032287,-0.07873131,0.55355835,-0.29519653,0.040832520000000004,-0.63469553,0.25809407,-0.14995809000000002,0.32666016000000003,-0.14593506,0.09738159,-0.49741745,0.095708966,-0.20637839,0.074523926,-0.07040405,0.16116333,-0.35306245,-0.008153439,-0.27188873,-0.04663086,-0.053405760000000004,0.2130127,-0.27107012,-0.038197220000000004,-0.32357627,-0.2763672,0.024719238,0.28808594,-0.12476778000000001,-0.1524061,-0.3966124,-0.6020812999999999,0.15979004,0.3591919,0.06960332400000001,-0.3706153,-0.46687102,-1.0499268,0.24920654,0.4048462,0.35775626,-0.6303879,-0.5315321,-1.1783447,0.2779541,0.44622803,0.4244628,-0.7684455,-0.59531176,-1.3277893,0.41290283,0.49136353,0.5213535,-1.0871379,-0.6916730999999999,检查1变、2变高压侧进出线开关在分闸位置，开闭站201、202断路器在工作位置。
-0.6765441999999999,0.21066284000000002,0.86380005,-0.10975420500000001,-0.6001978,-0.49426335,-0.5617675999999999,0.5684509,0.7907715,-0.16135216,-0.9033827,-0.34870654,-0.5617675999999999,0.5684509,0.7907715,-0.16135216,-0.9033827,-0.34870654,-0.054260254,0.15777588,0.36880493000000003,-0.42313087,-0.2835958,0.08711512,-0.0025939941,0.10864258,0.38458252,-0.42859262000000004,-0.20350957,0.052546920000000004,0.39160156,-0.22836304000000002,0.22174072,-0.63817304,0.21950078,0.13306443,0.83721924,-0.16720581,-0.14343262,-0.89048994,0.18558323000000002,0.35141152000000003,0.8632202,-0.56729126,0.061645508,-0.8362467,0.57421803,-0.03683947,0.83047485,-0.45791626,-0.09106445,-0.80911857,0.43202472000000003,0.009014398,0.65966797,-0.35391235,-0.027038574000000003,-0.6902872999999999,0.32032287,-0.07873131,0.55355835,-0.29519653,0.040832520000000004,-0.63469553,0.25809407,-0.14995809000000002,0.32666016000000003,-0.14593506,0.09738159,-0.49741745,0.095708966,-0.20637839,0.074523926,-0.07040405,0.16116333,-0.35306245,-0.008153439,-0.27188873,-0.04663086,-0.053405760000000004,0.2130127,-0.27107012,-0.038197220000000004,-0.32357627,-0.2763672,0.024719238,0.28808594,-0.12476778000000001,-0.1524061,-0.3966124,-0.6020812999999999,0.15979004,0.3591919,0.06960332400000001,-0.3706153,-0.46687102,-1.0499268,0.24920654,0.4048462,0.35775626,-0.6303879,-0.5315321,-1.1783447,0.2779541,0.44622803,0.4244628,-0.7684455,-0.59531176,-1.3277893,0.41290283,0.49136353,0.5213535,-1.0871379,-0.6916730999999999,-1.3454895,0.3981018,0.65634155,0.53466547,-1.1935716,-0.90448874,检查1变、2变高压侧进出线开关在分闸位置，开闭站201、202断路器在工作位置。
-0.5617675999999999,0.5684509,0.7907715,-0.16135216,-0.9033827,-0.34870654,-0.5617675999999999,0.5684509,0.7907715,-0.16135216,-0.9033827,-0.34870654,-0.054260254,0.15777588,0.36880493000000003,-0.42313087,-0.2835958,0.08711512,-0.0025939941,0.10864258,0.38458252,-0.42859262000000004,-0.20350957,0.052546920000000004,0.39160156,-0.22836304000000002,0.22174072,-0.63817304,0.21950078,0.13306443,0.83721924,-0.16720581,-0.14343262,-0.89048994,0.18558323000000002,0.35141152000000003,0.8632202,-0.56729126,0.061645508,-0.8362467,0.57421803,-0.03683947,0.83047485,-0.45791626,-0.09106445,-0.80911857,0.43202472000000003,0.009014398,0.65966797,-0.35391235,-0.027038574000000003,-0.6902872999999999,0.32032287,-0.07873131,0.55355835,-0.29519653,0.040832520000000004,-0.63469553,0.25809407,-0.14995809000000002,0.32666016000000003,-0.14593506,0.09738159,-0.49741745,0.095708966,-0.20637839,0.074523926,-0.07040405,0.16116333,-0.35306245,-0.008153439,-0.27188873,-0.04663086,-0.053405760000000004,0.2130127,-0.27107012,-0.038197220000000004,-0.32357627,-0.2763672,0.024719238,0.28808594,-0.12476778000000001,-0.1524061,-0.3966124,-0.6020812999999999,0.15979004,0.3591919,0.06960332400000001,-0.3706153,-0.46687102,-1.0499268,0.24920654,0.4048462,0.35775626,-0.6303879,-0.5315321,-1.1783447,0.2779541,0.44622803,0.4244628,-0.7684455,-0.59531176,-1.3277893,0.41290283,0.49136353,0.5213535,-1.0871379,-0.6916730999999999,-1.3454895,0.3981018,0.65634155,0.53466547,-1.1935716,-0.90448874,-1.0393066,0.59936523,0.85739136,0.27143025,-1.5506847000000001,-1.1982738,检查1变、2变高压侧进出线开关在分闸位置，开闭站201、202断路器在工作位置。
-0.5617675999999999,0.5684509,0.7907715,-0.16135216,-0.9033827,-0.34870654,-0.054260254,0.15777588,0.36880493000000003,-0.42313087,-0.2835958,0.08711512,-0.0025939941,0.10864258,0.38458252,-0.42859262000000004,-0.20350957,0.052546920000000004,0.39160156,-0.22836304000000002,0.22174072,-0.63817304,0.21950078,0.13306443,0.83721924,-0.16720581,-0.14343262,-0.89048994,0.18558323000000002,0.35141152000000003,0.8632202,-0.56729126,0.061645508,-0.8362467,0.57421803,-0.03683947,0.83047485,-0.45791626,-0.09106445,-0.80911857,0.43202472000000003,0.009014398,0.65966797,-0.35391235,-0.027038574000000003,-0.6902872999999999,0.32032287,-0.07873131,0.55355835,-0.29519653,0.040832520000000004,-0.63469553,0.25809407,-0.14995809000000002,0.32666016000000003,-0.14593506,0.09738159,-0.49741745,0.095708966,-0.20637839,0.074523926,-0.07040405,0.16116333,-0.35306245,-0.008153439,-0.27188873,-0.04663086,-0.053405760000000004,0.2130127,-0.27107012,-0.038197220000000004,-0.32357627,-0.2763672,0.024719238,0.28808594,-0.12476778000000001,-0.1524061,-0.3966124,-0.6020812999999999,0.15979004,0.3591919,0.06960332400000001,-0.3706153,-0.46687102,-1.0499268,0.24920654,0.4048462,0.35775626,-0.6303879,-0.5315321,-1.1783447,0.2779541,0.44622803,0.4244628,-0.7684455,-0.59531176,-1.3277893,0.41290283,0.49136353,0.5213535,-1.0871379,-0.6916730999999999,-1.3454895,0.3981018,0.65634155,0.53466547,-1.1935716,-0.90448874,-1.0393066,0.59936523,0.85739136,0.27143025,-1.5506847000000001,-1.1982738,-1.0393066,0.59936523,0.85739136,0.27143025,-1.5506847000000001,-1.1982738,检查1变、2变高压侧进出线开关在分闸位置，开闭站201、202断路器在工作位置。
-0.054260254,0.15777588,0.36880493000000003,-0.42313087,-0.2835958,0.08711512,-0.0025939941,0.10864258,0.38458252,-0.42859262000000004,-0.20350957,0.052546920000000004,0.39160156,-0.22836304000000002,0.22174072,-0.63817304,0.21950078,0.13306443,0.83721924,-0.16720581,-0.14343262,-0.89048994,0.18558323000000002,0.35141152000000003,0.8632202,-0.56729126,0.061645508,-0.8362467,0.57421803,-0.03683947,0.83047485,-0.45791626,-0.09106445,-0.80911857,0.43202472000000003,0.009014398,0.65966797,-0.35391235,-0.027038574000000003,-0.6902872999999999,0.32032287,-0.07873131,0.55355835,-0.29519653,0.040832520000000004,-0.63469553,0.25809407,-0.14995809000000002,0.32666016000000003,-0.14593506,0.09738159,-0.49741745,0.095708966,-0.20637839,0.074523926,-0.07040405,0.16116333,-0.35306245,-0.008153439,-0.27188873,-0.04663086,-0.053405760000000004,0.2130127,-0.27107012,-0.038197220000000004,-0.32357627,-0.2763672,0.024719238,0.28808594,-0.12476778000000001,-0.1524061,-0.3966124,-0.6020812999999999,0.15979004,0.3591919,0.06960332400000001,-0.3706153,-0.46687102,-1.0499268,0.24920654,0.4048462,0.35775626,-0.6303879,-0.5315321,-1.1783447,0.2779541,0.44622803,0.4244628,-0.7684455,-0.59531176,-1.3277893,0.41290283,0.49136353,0.5213535,-1.0871379,-0.6916730999999999,-1.3454895,0.3981018,0.65634155,0.53466547,-1.1935716,-0.90448874,-1.0393066,0.59936523,0.85739136,0.27143025,-1.5506847000000001,-1.1982738,-1.0393066,0.59936523,0.85739136,0.27143025,-1.5506847000000001,-1.1982738,-1.0393066,0.59936523,0.85739136,0.27143025,-1.5506847000000001,-1.1982738,检查1变、2变高压侧进出线开关在分闸位置，开闭站201、202断路器在工作位置。
-0.0025939941,0.10864258,0.38458252,-0.42859262000000004,-0.20350957,0.052546920000000004,0.39160156,-0.22836304000000002,0.22174072,-0.63817304,0.21950078,0.13306443,0.83721924,-0.16720581,-0.14343262,-0.89048994,0.18558323000000002,0.35141152000000003,0.8632202,-0.56729126,0.061645508,-0.8362467,0.57421803,-0.03683947,0.83047485,-0.45791626,-0.09106445,-0.80911857,0.43202472000000003,0.009014398,0.65966797,-0.35391235,-0.027038574000000003,-0.6902872999999999,0.32032287,-0.07873131,0.55355835,-0.29519653,0.040832520000000004,-0.63469553,0.25809407,-0.14995809000000002,0.32666016000000003,-0.14593506,0.09738159,-0.49741745,0.095708966,-0.20637839,0.074523926,-0.07040405,0.16116333,-0.35306245,-0.008153439,-0.27188873,-0.04663086,-0.053405760000000004,0.2130127,-0.27107012,-0.038197220000000004,-0.32357627,-0.2763672,0.024719238,0.28808594,-0.12476778000000001,-0.1524061,-0.3966124,-0.6020812999999999,0.15979004,0.3591919,0.06960332400000001,-0.3706153,-0.46687102,-1.0499268,0.24920654,0.4048462,0.35775626,-0.6303879,-0.5315321,-1.1783447,0.2779541,0.44622803,0.4244628,-0.7684455,-0.59531176,-1.3277893,0.41290283,0.49136353,0.5213535,-1.0871379,-0.6916730999999999,-1.3454895,0.3981018,0.65634155,0.53466547,-1.1935716,-0.90448874,-1.0393066,0.59936523,0.85739136,0.27143025,-1.5506847000000001,-1.1982738,-1.0393066,0.59936523,0.85739136,0.27143025,-1.5506847000000001,-1.1982738,-1.0393066,0.59936523,0.85739136,0.27143025,-1.5506847000000001,-1.1982738,-0.49053955,0.08752441400000001,0.15115356,-0.17034578,-1.1248668,-0.62835485,检查1变、2变高压侧进出线开关在分闸位置，开闭站201、202断路器在工作位置。
0.39160156,-0.22836304000000002,0.22174072,-0.63817304,0.21950078,0.13306443,0.83721924,-0.16720581,-0.14343262,-0.89048994,0.18558323000000002,0.35141152000000003,0.8632202,-0.56729126,0.061645508,-0.8362467,0.57421803,-0.03683947,0.83047485,-0.45791626,-0.09106445,-0.80911857,0.43202472000000003,0.009014398,0.65966797,-0.35391235,-0.027038574000000003,-0.6902872999999999,0.32032287,-0.07873131,0.55355835,-0.29519653,0.040832520000000004,-0.63469553,0.25809407,-0.14995809000000002,0.32666016000000003,-0.14593506,0.09738159,-0.49741745,0.095708966,-0.20637839,0.074523926,-0.07040405,0.16116333,-0.35306245,-0.008153439,-0.27188873,-0.04663086,-0.053405760000000004,0.2130127,-0.27107012,-0.038197220000000004,-0.32357627,-0.2763672,0.024719238,0.28808594,-0.12476778000000001,-0.1524061,-0.3966124,-0.6020812999999999,0.15979004,0.3591919,0.06960332400000001,-0.3706153,-0.46687102,-1.0499268,0.24920654,0.4048462,0.35775626,-0.6303879,-0.5315321,-1.1783447,0.2779541,0.44622803,0.4244628,-0.7684455,-0.59531176,-1.3277893,0.41290283,0.49136353,0.5213535,-1.0871379,-0.6916730999999999,-1.3454895,0.3981018,0.65634155,0.53466547,-1.1935716,-0.90448874,-1.0393066,0.59936523,0.85739136,0.27143025,-1.5506847000000001,-1.1982738,-1.0393066,0.59936523,0.85739136,0.27143025,-1.5506847000000001,-1.1982738,-1.0393066,0.59936523,0.85739136,0.27143025,-1.5506847000000001,-1.1982738,-0.49053955,0.08752441400000001,0.15115356,-0.17034578,-1.1248668,-0.62835485,-0.18338013,0.23284912,0.48968506,-0.37242339999999996,-1.1876525,-1.0629449,检查1变、2变高压侧进出线开关在分闸位置，开闭站201、202断路器在工作位置。
0.83721924,-0.16720581,-0.14343262,-0.89048994,0.18558323000000002,0.35141152000000003,0.8632202,-0.56729126,0.061645508,-0.8362467,0.57421803,-0.03683947,0.83047485,-0.45791626,-0.09106445,-0.80911857,0.43202472000000003,0.009014398,0.65966797,-0.35391235,-0.027038574000000003,-0.6902872999999999,0.32032287,-0.07873131,0.55355835,-0.29519653,0.040832520000000004,-0.63469553,0.25809407,-0.14995809000000002,0.32666016000000003,-0.14593506,0.09738159,-0.49741745,0.095708966,-0.20637839,0.074523926,-0.07040405,0.16116333,-0.35306245,-0.008153439,-0.27188873,-0.04663086,-0.053405760000000004,0.2130127,-0.27107012,-0.038197220000000004,-0.32357627,-0.2763672,0.024719238,0.28808594,-0.12476778000000001,-0.1524061,-0.3966124,-0.6020812999999999,0.15979004,0.3591919,0.06960332400000001,-0.3706153,-0.46687102,-1.0499268,0.24920654,0.4048462,0.35775626,-0.6303879,-0.5315321,-1.1783447,0.2779541,0.44622803,0.4244628,-0.7684455,-0.59531176,-1.3277893,0.41290283,0.49136353,0.5213535,-1.0871379,-0.6916730999999999,-1.3454895,0.3981018,0.65634155,0.53466547,-1.1935716,-0.90448874,-1.0393066,0.59936523,0.85739136,0.27143025,-1.5506847000000001,-1.1982738,-1.0393066,0.59936523,0.85739136,0.27143025,-1.5506847000000001,-1.1982738,-1.0393066,0.59936523,0.85739136,0.27143025,-1.5506847000000001,-1.1982738,-0.49053955,0.08752441400000001,0.15115356,-0.17034578,-1.1248668,-0.62835485,-0.18338013,0.23284912,0.48968506,-0.37242339999999996,-1.1876525,-1.0629449,-0.016723633,0.29022217,0.31707764,-0.47193658,-1.11557,-0.92423946,检查1变、2变高压侧进出线开关在分闸位置，开闭站201、202断路器在工作位置。
0.8632202,-0.56729126,0.061645508,-0.8362467,0.57421803,-0.03683947,0.83047485,-0.45791626,-0.09106445,-0.80911857,0.43202472000000003,0.009014398,0.65966797,-0.35391235,-0.027038574000000003,-0.6902872999999999,0.32032287,-0.07873131,0.55355835,-0.29519653,0.040832520000000004,-0.63469553,0.25809407,-0.14995809000000002,0.32666016000000003,-0.14593506,0.09738159,-0.49741745,0.095708966,-0.20637839,0.074523926,-0.07040405,0.16116333,-0.35306245,-0.008153439,-0.27188873,-0.04663086,-0.053405760000000004,0.2130127,-0.27107012,-0.038197220000000004,-0.32357627,-0.2763672,0.024719238,0.28808594,-0.12476778000000001,-0.1524061,-0.3966124,-0.6020812999999999,0.15979004,0.3591919,0.06960332400000001,-0.3706153,-0.46687102,-1.0499268,0.24920654,0.4048462,0.35775626,-0.6303879,-0.5315321,-1.1783447,0.2779541,0.44622803,0.4244628,-0.7684455,-0.59531176,-1.3277893,0.41290283,0.49136353,0.5213535,-1.0871379,-0.6916730999999999,-1.3454895,0.3981018,0.65634155,0.53466547,-1.1935716,-0.90448874,-1.0393066,0.59936523,0.85739136,0.27143025,-1.5506847000000001,-1.1982738,-1.0393066,0.59936523,0.85739136,0.27143025,-1.5506847000000001,-1.1982738,-1.0393066,0.59936523,0.85739136,0.27143025,-1.5506847000000001,-1.1982738,-0.49053955,0.08752441400000001,0.15115356,-0.17034578,-1.1248668,-0.62835485,-0.18338013,0.23284912,0.48968506,-0.37242339999999996,-1.1876525,-1.0629449,-0.016723633,0.29022217,0.31707764,-0.47193658,-1.11557,-0.92423946,0.26107788,0.11569214,0.21981812,-0.68960935,-0.8445889999999999,-0.8439787999999999,检查1变、2变高压侧进出线开关在分闸位置，开闭站201、202断路器在工作位置。
0.83047485,-0.45791626,-0.09106445,-0.80911857,0.43202472000000003,0.009014398,0.65966797,-0.35391235,-0.027038574000000003,-0.6902872999999999,0.32032287,-0.07873131,0.55355835,-0.29519653,0.040832520000000004,-0.63469553,0.25809407,-0.14995809000000002,0.32666016000000003,-0.14593506,0.09738159,-0.49741745,0.095708966,-0.20637839,0.074523926,-0.07040405,0.16116333,-0.35306245,-0.008153439,-0.27188873,-0.04663086,-0.053405760000000004,0.2130127,-0.27107012,-0.038197220000000004,-0.32357627,-0.2763672,0.024719238,0.28808594,-0.12476778000000001,-0.1524061,-0.3966124,-0.6020812999999999,0.15979004,0.3591919,0.06960332400000001,-0.3706153,-0.46687102,-1.0499268,0.24920654,0.4048462,0.35775626,-0.6303879,-0.5315321,-1.1783447,0.2779541,0.44622803,0.4244628,-0.7684455,-0.59531176,-1.3277893,0.41290283,0.49136353,0.5213535,-1.0871379,-0.6916730999999999,-1.3454895,0.3981018,0.65634155,0.53466547,-1.1935716,-0.90448874,-1.0393066,0.59936523,0.85739136,0.27143025,-1.5506847000000001,-1.1982738,-1.0393066,0.59936523,0.85739136,0.27143025,-1.5506847000000001,-1.1982738,-1.0393066,0.59936523,0.85739136,0.27143025,-1.5506847000000001,-1.1982738,-0.49053955,0.08752441400000001,0.15115356,-0.17034578,-1.1248668,-0.62835485,-0.18338013,0.23284912,0.48968506,-0.37242339999999996,-1.1876525,-1.0629449,-0.016723633,0.29022217,0.31707764,-0.47193658,-1.11557,-0.92423946,0.26107788,0.11569214,0.21981812,-0.68960935,-0.8445889999999999,-0.8439787999999999,0.5298767,0.28005979999999997,0.35287476,-0.8630728999999999,-0.8900948999999999,-0.98228616,检查1变、2变高压侧进出线开关在分闸位置，开闭站201、202断路器在工作位置。
0.65966797,-0.35391235,-0.027038574000000003,-0.6902872999999999,0.32032287,-0.07873131,0.55355835,-0.29519653,0.040832520000000004,-0.63469553,0.25809407,-0.14995809000000002,0.32666016000000003,-0.14593506,0.09738159,-0.49741745,0.095708966,-0.20637839,0.074523926,-0.07040405,0.16116333,-0.35306245,-0.008153439,-0.27188873,-0.04663086,-0.053405760000000004,0.2130127,-0.27107012,-0.038197220000000004,-0.32357627,-0.2763672,0.024719238,0.28808594,-0.12476778000000001,-0.1524061,-0.3966124,-0.6020812999999999,0.15979004,0.3591919,0.06960332400000001,-0.3706153,-0.46687102,-1.0499268,0.24920654,0.4048462,0.35775626,-0.6303879,-0.5315321,-1.1783447,0.2779541,0.44622803,0.4244628,-0.7684455,-0.59531176,-1.3277893,0.41290283,0.49136353,0.5213535,-1.0871379,-0.6916730999999999,-1.3454895,0.3981018,0.65634155,0.53466547,-1.1935716,-0.90448874,-1.0393066,0.59936523,0.85739136,0.27143025,-1.5506847000000001,-1.1982738,-1.0393066,0.59936523,0.85739136,0.27143025,-1.5506847000000001,-1.1982738,-1.0393066,0.59936523,0.85739136,0.27143025,-1.5506847000000001,-1.1982738,-0.49053955,0.08752441400000001,0.15115356,-0.17034578,-1.1248668,-0.62835485,-0.18338013,0.23284912,0.48968506,-0.37242339999999996,-1.1876525,-1.0629449,-0.016723633,0.29022217,0.31707764,-0.47193658,-1.11557,-0.92423946,0.26107788,0.11569214,0.21981812,-0.68960935,-0.8445889999999999,-0.8439787999999999,0.5298767,0.28005979999999997,0.35287476,-0.8630728999999999,-0.8900948999999999,-0.98228616,0.67111206,0.33114624,0.28396606,-0.9332461400000001,-0.8714543,-0.90677255,检查1变、2变高压侧进出线开关在分闸位置，开闭站201、202断路器在工作位置。
0.55355835,-0.29519653,0.040832520000000004,-0.63469553,0.25809407,-0.14995809000000002,0.32666016000000003,-0.14593506,0.09738159,-0.49741745,0.095708966,-0.20637839,0.074523926,-0.07040405,0.16116333,-0.35306245,-0.008153439,-0.27188873,-0.04663086,-0.053405760000000004,0.2130127,-0.27107012,-0.038197220000000004,-0.32357627,-0.2763672,0.024719238,0.28808594,-0.12476778000000001,-0.1524061,-0.3966124,-0.6020812999999999,0.15979004,0.3591919,0.06960332400000001,-0.3706153,-0.46687102,-1.0499268,0.24920654,0.4048462,0.35775626,-0.6303879,-0.5315321,-1.1783447,0.2779541,0.44622803,0.4244628,-0.7684455,-0.59531176,-1.3277893,0.41290283,0.49136353,0.5213535,-1.0871379,-0.6916730999999999,-1.3454895,0.3981018,0.65634155,0.53466547,-1.1935716,-0.90448874,-1.0393066,0.59936523,0.85739136,0.27143025,-1.5506847000000001,-1.1982738,-1.0393066,0.59936523,0.85739136,0.27143025,-1.5506847000000001,-1.1982738,-1.0393066,0.59936523,0.85739136,0.27143025,-1.5506847000000001,-1.1982738,-0.49053955,0.08752441400000001,0.15115356,-0.17034578,-1.1248668,-0.62835485,-0.18338013,0.23284912,0.48968506,-0.37242339999999996,-1.1876525,-1.0629449,-0.016723633,0.29022217,0.31707764,-0.47193658,-1.11557,-0.92423946,0.26107788,0.11569214,0.21981812,-0.68960935,-0.8445889999999999,-0.8439787999999999,0.5298767,0.28005979999999997,0.35287476,-0.8630728999999999,-0.8900948999999999,-0.98228616,0.67111206,0.33114624,0.28396606,-0.9332461400000001,-0.8714543,-0.90677255,0.75775146,0.24880981,0.29177856,-0.9818349999999999,-0.75185335,-0.90788954,检查1变、2变高压侧进出线开关在分闸位置，开闭站201、202断路器在工作位置。
0.32666016000000003,-0.14593506,0.09738159,-0.49741745,0.095708966,-0.20637839,0.074523926,-0.07040405,0.16116333,-0.35306245,-0.008153439,-0.27188873,-0.04663086,-0.053405760000000004,0.2130127,-0.27107012,-0.038197220000000004,-0.32357627,-0.2763672,0.024719238,0.28808594,-0.12476778000000001,-0.1524061,-0.3966124,-0.6020812999999999,0.15979004,0.3591919,0.06960332400000001,-0.3706153,-0.46687102,-1.0499268,0.24920654,0.4048462,0.35775626,-0.6303879,-0.5315321,-1.1783447,0.2779541,0.44622803,0.4244628,-0.7684455,-0.59531176,-1.3277893,0.41290283,0.49136353,0.5213535,-1.0871379,-0.6916730999999999,-1.3454895,0.3981018,0.65634155,0.53466547,-1.1935716,-0.90448874,-1.0393066,0.59936523,0.85739136,0.27143025,-1.5506847000000001,-1.1982738,-1.0393066,0.59936523,0.85739136,0.27143025,-1.5506847000000001,-1.1982738,-1.0393066,0.59936523,0.85739136,0.27143025,-1.5506847000000001,-1.1982738,-0.49053955,0.08752441400000001,0.15115356,-0.17034578,-1.1248668,-0.62835485,-0.18338013,0.23284912,0.48968506,-0.37242339999999996,-1.1876525,-1.0629449,-0.016723633,0.29022217,0.31707764,-0.47193658,-1.11557,-0.92423946,0.26107788,0.11569214,0.21981812,-0.68960935,-0.8445889999999999,-0.8439787999999999,0.5298767,0.28005979999999997,0.35287476,-0.8630728999999999,-0.8900948999999999,-0.98228616,0.67111206,0.33114624,0.28396606,-0.9332461400000001,-0.8714543,-0.90677255,0.75775146,0.24880981,0.29177856,-0.9818349999999999,-0.75185335,-0.90788954,0.868103,0.21713257,0.29934692,-1.0473816,-0.6761562999999999,-0.90214485,检查1变、2变高压侧进出线开关在分闸位置，开闭站201、202断路器在工作位置。
0.074523926,-0.07040405,0.16116333,-0.35306245,-0.008153439,-0.27188873,-0.04663086,-0.053405760000000004,0.2130127,-0.27107012,-0.038197220000000004,-0.32357627,-0.2763672,0.024719238,0.28808594,-0.12476778000000001,-0.1524061,-0.3966124,-0.6020812999999999,0.15979004,0.3591919,0.06960332400000001,-0.3706153,-0.46687102,-1.0499268,0.24920654,0.4048462,0.35775626,-0.6303879,-0.5315321,-1.1783447,0.2779541,0.44622803,0.4244628,-0.7684455,-0.59531176,-1.3277893,0.41290283,0.49136353,0.5213535,-1.0871379,-0.6916730999999999,-1.3454895,0.3981018,0.65634155,0.53466547,-1.1935716,-0.90448874,-1.0393066,0.59936523,0.85739136,0.27143025,-1.5506847000000001,-1.1982738,-1.0393066,0.59936523,0.85739136,0.27143025,-1.5506847000000001,-1.1982738,-1.0393066,0.59936523,0.85739136,0.27143025,-1.5506847000000001,-1.1982738,-0.49053955,0.08752441400000001,0.15115356,-0.17034578,-1.1248668,-0.62835485,-0.18338013,0.23284912,0.48968506,-0.37242339999999996,-1.1876525,-1.0629449,-0.016723633,0.29022217,0.31707764,-0.47193658,-1.11557,-0.92423946,0.26107788,0.11569214,0.21981812,-0.68960935,-0.8445889999999999,-0.8439787999999999,0.5298767,0.28005979999999997,0.35287476,-0.8630728999999999,-0.8900948999999999,-0.98228616,0.67111206,0.33114624,0.28396606,-0.9332461400000001,-0.8714543,-0.90677255,0.75775146,0.24880981,0.29177856,-0.9818349999999999,-0.75185335,-0.90788954,0.868103,0.21713257,0.29934692,-1.0473816,-0.6761562999999999,-0.90214485,0.8944397,0.21707153,0.3540039,-1.055174,-0.651863,-0.9464029700000001,检查1变、2变高压侧进出线开关在分闸位置，开闭站201、202断路器在工作位置。
-0.04663086,-0.053405760000000004,0.2130127,-0.27107012,-0.038197220000000004,-0.32357627,-0.2763672,0.024719238,0.28808594,-0.12476778000000001,-0.1524061,-0.3966124,-0.6020812999999999,0.15979004,0.3591919,0.06960332400000001,-0.3706153,-0.46687102,-1.0499268,0.24920654,0.4048462,0.35775626,-0.6303879,-0.5315321,-1.1783447,0.2779541,0.44622803,0.4244628,-0.7684455,-0.59531176,-1.3277893,0.41290283,0.49136353,0.5213535,-1.0871379,-0.6916730999999999,-1.3454895,0.3981018,0.65634155,0.53466547,-1.1935716,-0.90448874,-1.0393066,0.59936523,0.85739136,0.27143025,-1.5506847000000001,-1.1982738,-1.0393066,0.59936523,0.85739136,0.27143025,-1.5506847000000001,-1.1982738,-1.0393066,0.59936523,0.85739136,0.27143025,-1.5506847000000001,-1.1982738,-0.49053955,0.08752441400000001,0.15115356,-0.17034578,-1.1248668,-0.62835485,-0.18338013,0.23284912,0.48968506,-0.37242339999999996,-1.1876525,-1.0629449,-0.016723633,0.29022217,0.31707764,-0.47193658,-1.11557,-0.92423946,0.26107788,0.11569214,0.21981812,-0.68960935,-0.8445889999999999,-0.8439787999999999,0.5298767,0.28005979999999997,0.35287476,-0.8630728999999999,-0.8900948999999999,-0.98228616,0.67111206,0.33114624,0.28396606,-0.9332461400000001,-0.8714543,-0.90677255,0.75775146,0.24880981,0.29177856,-0.9818349999999999,-0.75185335,-0.90788954,0.868103,0.21713257,0.29934692,-1.0473816,-0.6761562999999999,-0.90214485,0.8944397,0.21707153,0.3540039,-1.055174,-0.651863,-0.9464029700000001,0.8995055999999999,0.21890259,0.38970947,-1.046241,-0.63765544,-0.9747686,检查1变、2变高压侧进出线开关在分闸位置，开闭站201、202断路器在工作位置。
-0.2763672,0.024719238,0.28808594,-0.12476778000000001,-0.1524061,-0.3966124,-0.6020812999999999,0.15979004,0.3591919,0.06960332400000001,-0.3706153,-0.46687102,-1.0499268,0.24920654,0.4048462,0.35775626,-0.6303879,-0.5315321,-1.1783447,0.2779541,0.44622803,0.4244628,-0.7684455,-0.59531176,-1.3277893,0.41290283,0.49136353,0.5213535,-1.0871379,-0.6916730999999999,-1.3454895,0.3981018,0.65634155,0.53466547,-1.1935716,-0.90448874,-1.0393066,0.59936523,0.85739136,0.27143025,-1.5506847000000001,-1.1982738,-1.0393066,0.59936523,0.85739136,0.27143025,-1.5506847000000001,-1.1982738,-1.0393066,0.59936523,0.85739136,0.27143025,-1.5506847000000001,-1.1982738,-0.49053955,0.08752441400000001,0.15115356,-0.17034578,-1.1248668,-0.62835485,-0.18338013,0.23284912,0.48968506,-0.37242339999999996,-1.1876525,-1.0629449,-0.016723633,0.29022217,0.31707764,-0.47193658,-1.11557,-0.92423946,0.26107788,0.11569214,0.21981812,-0.68960935,-0.8445889999999999,-0.8439787999999999,0.5298767,0.28005979999999997,0.35287476,-0.8630728999999999,-0.8900948999999999,-0.98228616,0.67111206,0.33114624,0.28396606,-0.9332461400000001,-0.8714543,-0.90677255,0.75775146,0.24880981,0.29177856,-0.9818349999999999,-0.75185335,-0.90788954,0.868103,0.21713257,0.29934692,-1.0473816,-0.6761562999999999,-0.90214485,0.8944397,0.21707153,0.3540039,-1.055174,-0.651863,-0.9464029700000001,0.8995055999999999,0.21890259,0.38970947,-1.046241,-0.63765544,-0.9747686,0.95806885,0.15969849,0.34960938,-1.0926654,-0.5710073999999999,-0.9321088,检查1变、2变高压侧进出线开关在分闸位置，开闭站201、202断路器在工作位置。
-0.6020812999999999,0.15979004,0.3591919,0.06960332400000001,-0.3706153,-0.46687102,-1.0499268,0.24920654,0.4048462,0.35775626,-0.6303879,-0.5315321,-1.1783447,0.2779541,0.44622803,0.4244628,-0.7684455,-0.59531176,-1.3277893,0.41290283,0.49136353,0.5213535,-1.0871379,-0.6916730999999999,-1.3454895,0.3981018,0.65634155,0.53466547,-1.1935716,-0.90448874,-1.0393066,0.59936523,0.85739136,0.27143025,-1.5506847000000001,-1.1982738,-1.0393066,0.59936523,0.85739136,0.27143025,-1.5506847000000001,-1.1982738,-1.0393066,0.59936523,0.85739136,0.27143025,-1.5506847000000001,-1.1982738,-0.49053955,0.08752441400000001,0.15115356,-0.17034578,-1.1248668,-0.62835485,-0.18338013,0.23284912,0.48968506,-0.37242339999999996,-1.1876525,-1.0629449,-0.016723633,0.29022217,0.31707764,-0.47193658,-1.11557,-0.92423946,0.26107788,0.11569214,0.21981812,-0.68960935,-0.8445889999999999,-0.8439787999999999,0.5298767,0.28005979999999997,0.35287476,-0.8630728999999999,-0.8900948999999999,-0.98228616,0.67111206,0.33114624,0.28396606,-0.9332461400000001,-0.8714543,-0.90677255,0.75775146,0.24880981,0.29177856,-0.9818349999999999,-0.75185335,-0.90788954,0.868103,0.21713257,0.29934692,-1.0473816,-0.6761562999999999,-0.90214485,0.8944397,0.21707153,0.3540039,-1.055174,-0.651863,-0.9464029700000001,0.8995055999999999,0.21890259,0.38970947,-1.046241,-0.63765544,-0.9747686,0.95806885,0.15969849,0.34960938,-1.0926654,-0.5710073999999999,-0.9321088,0.9300231999999999,0.26516724,0.25491333,-1.0706952,-0.68919754,-0.84201497,检查1变、2变高压侧进出线开关在分闸位置，开闭站201、202断路器在工作位置。
-1.0499268,0.24920654,0.4048462,0.35775626,-0.6303879,-0.5315321,-1.1783447,0.2779541,0.44622803,0.4244628,-0.7684455,-0.59531176,-1.3277893,0.41290283,0.49136353,0.5213535,-1.0871379,-0.6916730999999999,-1.3454895,0.3981018,0.65634155,0.53466547,-1.1935716,-0.90448874,-1.0393066,0.59936523,0.85739136,0.27143025,-1.5506847000000001,-1.1982738,-1.0393066,0.59936523,0.85739136,0.27143025,-1.5506847000000001,-1.1982738,-1.0393066,0.59936523,0.85739136,0.27143025,-1.5506847000000001,-1.1982738,-0.49053955,0.08752441400000001,0.15115356,-0.17034578,-1.1248668,-0.62835485,-0.18338013,0.23284912,0.48968506,-0.37242339999999996,-1.1876525,-1.0629449,-0.016723633,0.29022217,0.31707764,-0.47193658,-1.11557,-0.92423946,0.26107788,0.11569214,0.21981812,-0.68960935,-0.8445889999999999,-0.8439787999999999,0.5298767,0.28005979999999997,0.35287476,-0.8630728999999999,-0.8900948999999999,-0.98228616,0.67111206,0.33114624,0.28396606,-0.9332461400000001,-0.8714543,-0.90677255,0.75775146,0.24880981,0.29177856,-0.9818349999999999,-0.75185335,-0.90788954,0.868103,0.21713257,0.29934692,-1.0473816,-0.6761562999999999,-0.90214485,0.8944397,0.21707153,0.3540039,-1.055174,-0.651863,-0.9464029700000001,0.8995055999999999,0.21890259,0.38970947,-1.046241,-0.63765544,-0.9747686,0.95806885,0.15969849,0.34960938,-1.0926654,-0.5710073999999999,-0.9321088,0.9300231999999999,0.26516724,0.25491333,-1.0706952,-0.68919754,-0.84201497,0.8831787,0.31051636,0.24710083,-1.043257,-0.7480544,-0.8384904,检查1变、2变高压侧进出线开关在分闸位置，开闭站201、202断路器在工作位置。
-1.1783447,0.2779541,0.44622803,0.4244628,-0.7684455,-0.59531176,-1.3277893,0.41290283,0.49136353,0.5213535,-1.0871379,-0.6916730999999999,-1.3454895,0.3981018,0.65634155,0.53466547,-1.1935716,-0.90448874,-1.0393066,0.59936523,0.85739136,0.27143025,-1.5506847000000001,-1.1982738,-1.0393066,0.59936523,0.85739136,0.27143025,-1.5506847000000001,-1.1982738,-1.0393066,0.59936523,0.85739136,0.27143025,-1.5506847000000001,-1.1982738,-0.49053955,0.08752441400000001,0.15115356,-0.17034578,-1.1248668,-0.62835485,-0.18338013,0.23284912,0.48968506,-0.37242339999999996,-1.1876525,-1.0629449,-0.016723633,0.29022217,0.31707764,-0.47193658,-1.11557,-0.92423946,0.26107788,0.11569214,0.21981812,-0.68960935,-0.8445889999999999,-0.8439787999999999,0.5298767,0.28005979999999997,0.35287476,-0.8630728999999999,-0.8900948999999999,-0.98228616,0.67111206,0.33114624,0.28396606,-0.9332461400000001,-0.8714543,-0.90677255,0.75775146,0.24880981,0.29177856,-0.9818349999999999,-0.75185335,-0.90788954,0.868103,0.21713257,0.29934692,-1.0473816,-0.6761562999999999,-0.90214485,0.8944397,0.21707153,0.3540039,-1.055174,-0.651863,-0.9464029700000001,0.8995055999999999,0.21890259,0.38970947,-1.046241,-0.63765544,-0.9747686,0.95806885,0.15969849,0.34960938,-1.0926654,-0.5710073999999999,-0.9321088,0.9300231999999999,0.26516724,0.25491333,-1.0706952,-0.68919754,-0.84201497,0.8831787,0.31051636,0.24710083,-1.043257,-0.7480544,-0.8384904,0.77578735,0.32080078,0.265625,-0.97958016,-0.7911422,-0.8670379500000001,检查1变、2变高压侧进出线开关在分闸位置，开闭站201、202断路器在工作位置。
-1.3277893,0.41290283,0.49136353,0.5213535,-1.0871379,-0.6916730999999999,-1.3454895,0.3981018,0.65634155,0.53466547,-1.1935716,-0.90448874,-1.0393066,0.59936523,0.85739136,0.27143025,-1.5506847000000001,-1.1982738,-1.0393066,0.59936523,0.85739136,0.27143025,-1.5506847000000001,-1.1982738,-1.0393066,0.59936523,0.85739136,0.27143025,-1.5506847000000001,-1.1982738,-0.49053955,0.08752441400000001,0.15115356,-0.17034578,-1.1248668,-0.62835485,-0.18338013,0.23284912,0.48968506,-0.37242339999999996,-1.1876525,-1.0629449,-0.016723633,0.29022217,0.31707764,-0.47193658,-1.11557,-0.92423946,0.26107788,0.11569214,0.21981812,-0.68960935,-0.8445889999999999,-0.8439787999999999,0.5298767,0.28005979999999997,0.35287476,-0.8630728999999999,-0.8900948999999999,-0.98228616,0.67111206,0.33114624,0.28396606,-0.9332461400000001,-0.8714543,-0.90677255,0.75775146,0.24880981,0.29177856,-0.9818349999999999,-0.75185335,-0.90788954,0.868103,0.21713257,0.29934692,-1.0473816,-0.6761562999999999,-0.90214485,0.8944397,0.21707153,0.3540039,-1.055174,-0.651863,-0.9464029700000001,0.8995055999999999,0.21890259,0.38970947,-1.046241,-0.63765544,-0.9747686,0.95806885,0.15969849,0.34960938,-1.0926654,-0.5710073999999999,-0.9321088,0.9300231999999999,0.26516724,0.25491333,-1.0706952,-0.68919754,-0.84201497,0.8831787,0.31051636,0.24710083,-1.043257,-0.7480544,-0.8384904,0.77578735,0.32080078,0.265625,-0.97958016,-0.7911422,-0.8670379500000001,0.54174805,0.27062988,0.41555786,-0.799798,-0.7878579,-1.0289398,检查1变、2变高压侧进出线开关在分闸位置，开闭站201、202断路器在工作位置。
-1.3454895,0.3981018,0.65634155,0.53466547,-1.1935716,-0.90448874,-1.0393066,0.59936523,0.85739136,0.27143025,-1.5506847000000001,-1.1982738,-1.0393066,0.59936523,0.85739136,0.27143025,-1.5506847000000001,-1.1982738,-1.0393066,0.59936523,0.85739136,0.27143025,-1.5506847000000001,-1.1982738,-0.49053955,0.08752441400000001,0.15115356,-0.17034578,-1.1248668,-0.62835485,-0.18338013,0.23284912,0.48968506,-0.37242339999999996,-1.1876525,-1.0629449,-0.016723633,0.29022217,0.31707764,-0.47193658,-1.11557,-0.92423946,0.26107788,0.11569214,0.21981812,-0.68960935,-0.8445889999999999,-0.8439787999999999,0.5298767,0.28005979999999997,0.35287476,-0.8630728999999999,-0.8900948999999999,-0.98228616,0.67111206,0.33114624,0.28396606,-0.9332461400000001,-0.8714543,-0.90677255,0.75775146,0.24880981,0.29177856,-0.9818349999999999,-0.75185335,-0.90788954,0.868103,0.21713257,0.29934692,-1.0473816,-0.6761562999999999,-0.90214485,0.8944397,0.21707153,0.3540039,-1.055174,-0.651863,-0.9464029700000001,0.8995055999999999,0.21890259,0.38970947,-1.046241,-0.63765544,-0.9747686,0.95806885,0.15969849,0.34960938,-1.0926654,-0.5710073999999999,-0.9321088,0.9300231999999999,0.26516724,0.25491333,-1.0706952,-0.68919754,-0.84201497,0.8831787,0.31051636,0.24710083,-1.043257,-0.7480544,-0.8384904,0.77578735,0.32080078,0.265625,-0.97958016,-0.7911422,-0.8670379500000001,0.54174805,0.27062988,0.41555786,-0.799798,-0.7878579,-1.0289398,0.2947998,0.35339355,0.37991333,-0.6319999,-0.9727937999999999,-1.0084901,检查1变、2变高压侧进出线开关在分闸位置，开闭站201、202断路器在工作位置。
-1.0393066,0.59936523,0.85739136,0.27143025,-1.5506847000000001,-1.1982738,-1.0393066,0.59936523,0.85739136,0.27143025,-1.5506847000000001,-1.1982738,-1.0393066,0.59936523,0.85739136,0.27143025,-1.5506847000000001,-1.1982738,-0.49053955,0.08752441400000001,0.15115356,-0.17034578,-1.1248668,-0.62835485,-0.18338013,0.23284912,0.48968506,-0.37242339999999996,-1.1876525,-1.0629449,-0.016723633,0.29022217,0.31707764,-0.47193658,-1.11557,-0.92423946,0.26107788,0.11569214,0.21981812,-0.68960935,-0.8445889999999999,-0.8439787999999999,0.5298767,0.28005979999999997,0.35287476,-0.8630728999999999,-0.8900948999999999,-0.98228616,0.67111206,0.33114624,0.28396606,-0.9332461400000001,-0.8714543,-0.90677255,0.75775146,0.24880981,0.29177856,-0.9818349999999999,-0.75185335,-0.90788954,0.868103,0.21713257,0.29934692,-1.0473816,-0.6761562999999999,-0.90214485,0.8944397,0.21707153,0.3540039,-1.055174,-0.651863,-0.9464029700000001,0.8995055999999999,0.21890259,0.38970947,-1.046241,-0.63765544,-0.9747686,0.95806885,0.15969849,0.34960938,-1.0926654,-0.5710073999999999,-0.9321088,0.9300231999999999,0.26516724,0.25491333,-1.0706952,-0.68919754,-0.84201497,0.8831787,0.31051636,0.24710083,-1.043257,-0.7480544,-0.8384904,0.77578735,0.32080078,0.265625,-0.97958016,-0.7911422,-0.8670379500000001,0.54174805,0.27062988,0.41555786,-0.799798,-0.7878579,-1.0289398,0.2947998,0.35339355,0.37991333,-0.6319999,-0.9727937999999999,-1.0084901,0.16503906000000002,0.42849729999999997,0.32141113,-0.54915154,-1.1113111,-0.9498494,检查1变、2变高压侧进出线开关在分闸位置，开闭站201、202断路器在工作位置。
-1.0393066,0.59936523,0.85739136,0.27143025,-1.5506847000000001,-1.1982738,-1.0393066,0.59936523,0.85739136,0.27143025,-1.5506847000000001,-1.1982738,-0.49053955,0.08752441400000001,0.15115356,-0.17034578,-1.1248668,-0.62835485,-0.18338013,0.23284912,0.48968506,-0.37242339999999996,-1.1876525,-1.0629449,-0.016723633,0.29022217,0.31707764,-0.47193658,-1.11557,-0.92423946,0.26107788,0.11569214,0.21981812,-0.68960935,-0.8445889999999999,-0.8439787999999999,0.5298767,0.28005979999999997,0.35287476,-0.8630728999999999,-0.8900948999999999,-0.98228616,0.67111206,0.33114624,0.28396606,-0.9332461400000001,-0.8714543,-0.90677255,0.75775146,0.24880981,0.29177856,-0.9818349999999999,-0.75185335,-0.90788954,0.868103,0.21713257,0.29934692,-1.0473816,-0.6761562999999999,-0.90214485,0.8944397,0.21707153,0.3540039,-1.055174,-0.651863,-0.9464029700000001,0.8995055999999999,0.21890259,0.38970947,-1.046241,-0.63765544,-0.9747686,0.95806885,0.15969849,0.34960938,-1.0926654,-0.5710073999999999,-0.9321088,0.9300231999999999,0.26516724,0.25491333,-1.0706952,-0.68919754,-0.84201497,0.8831787,0.31051636,0.24710083,-1.043257,-0.7480544,-0.8384904,0.77578735,0.32080078,0.265625,-0.97958016,-0.7911422,-0.8670379500000001,0.54174805,0.27062988,0.41555786,-0.799798,-0.7878579,-1.0289398,0.2947998,0.35339355,0.37991333,-0.6319999,-0.9727937999999999,-1.0084901,0.16503906000000002,0.42849729999999997,0.32141113,-0.54915154,-1.1113111,-0.9498494,-0.18981934,0.46975708,0.46023559999999997,-0.2855816,-1.2543739999999999,-1.0640376,检查1变、2变高压侧进出线开关在分闸位置，开闭站201、202断路器在工作位置。
-1.0393066,0.59936523,0.85739136,0.27143025,-1.5506847000000001,-1.1982738,-0.49053955,0.08752441400000001,0.15115356,-0.17034578,-1.1248668,-0.62835485,-0.18338013,0.23284912,0.48968506,-0.37242339999999996,-1.1876525,-1.0629449,-0.016723633,0.29022217,0.31707764,-0.47193658,-1.11557,-0.92423946,0.26107788,0.11569214,0.21981812,-0.68960935,-0.8445889999999999,-0.8439787999999999,0.5298767,0.28005979999999997,0.35287476,-0.8630728999999999,-0.8900948999999999,-0.98228616,0.67111206,0.33114624,0.28396606,-0.9332461400000001,-0.8714543,-0.90677255,0.75775146,0.24880981,0.29177856,-0.9818349999999999,-0.75185335,-0.90788954,0.868103,0.21713257,0.29934692,-1.0473816,-0.6761562999999999,-0.90214485,0.8944397,0.21707153,0.3540039,-1.055174,-0.651863,-0.9464029700000001,0.8995055999999999,0.21890259,0.38970947,-1.046241,-0.63765544,-0.9747686,0.95806885,0.15969849,0.34960938,-1.0926654,-0.5710073999999999,-0.9321088,0.9300231999999999,0.26516724,0.25491333,-1.0706952,-0.68919754,-0.84201497,0.8831787,0.31051636,0.24710083,-1.043257,-0.7480544,-0.8384904,0.77578735,0.32080078,0.265625,-0.97958016,-0.7911422,-0.8670379500000001,0.54174805,0.27062988,0.41555786,-0.799798,-0.7878579,-1.0289398,0.2947998,0.35339355,0.37991333,-0.6319999,-0.9727937999999999,-1.0084901,0.16503906000000002,0.42849729999999997,0.32141113,-0.54915154,-1.1113111,-0.9498494,-0.18981934,0.46975708,0.46023559999999997,-0.2855816,-1.2543739999999999,-1.0640376,-0.51742554,0.5178832999999999,0.5516052,-0.06149745,-1.3993088999999999,-1.0948579,检查1变、2变高压侧进出线开关在分闸位置，开闭站201、202断路器在工作位置。
-0.49053955,0.08752441400000001,0.15115356,-0.17034578,-1.1248668,-0.62835485,-0.18338013,0.23284912,0.48968506,-0.37242339999999996,-1.1876525,-1.0629449,-0.016723633,0.29022217,0.31707764,-0.47193658,-1.11557,-0.92423946,0.26107788,0.11569214,0.21981812,-0.68960935,-0.8445889999999999,-0.8439787999999999,0.5298767,0.28005979999999997,0.35287476,-0.8630728999999999,-0.8900948999999999,-0.98228616,0.67111206,0.33114624,0.28396606,-0.9332461400000001,-0.8714543,-0.90677255,0.75775146,0.24880981,0.29177856,-0.9818349999999999,-0.75185335,-0.90788954,0.868103,0.21713257,0.29934692,-1.0473816,-0.6761562999999999,-0.90214485,0.8944397,0.21707153,0.3540039,-1.055174,-0.651863,-0.9464029700000001,0.8995055999999999,0.21890259,0.38970947,-1.046241,-0.63765544,-0.9747686,0.95806885,0.15969849,0.34960938,-1.0926654,-0.5710073999999999,-0.9321088,0.9300231999999999,0.26516724,0.25491333,-1.0706952,-0.68919754,-0.84201497,0.8831787,0.31051636,0.24710083,-1.043257,-0.7480544,-0.8384904,0.77578735,0.32080078,0.265625,-0.97958016,-0.7911422,-0.8670379500000001,0.54174805,0.27062988,0.41555786,-0.799798,-0.7878579,-1.0289398,0.2947998,0.35339355,0.37991333,-0.6319999,-0.9727937999999999,-1.0084901,0.16503906000000002,0.42849729999999997,0.32141113,-0.54915154,-1.1113111,-0.9498494,-0.18981934,0.46975708,0.46023559999999997,-0.2855816,-1.2543739999999999,-1.0640376,-0.51742554,0.5178832999999999,0.5516052,-0.06149745,-1.3993088999999999,-1.0948579,-0.7260131999999999,0.48043823,0.5482178,0.07574308,-1.4059759,-1.0300517,检查1变、2变高压侧进出线开关在分闸位置，开闭站201、202断路器在工作位置。
-0.18338013,0.23284912,0.48968506,-0.37242339999999996,-1.1876525,-1.0629449,-0.016723633,0.29022217,0.31707764,-0.47193658,-1.11557,-0.92423946,0.26107788,0.11569214,0.21981812,-0.68960935,-0.8445889999999999,-0.8439787999999999,0.5298767,0.28005979999999997,0.35287476,-0.8630728999999999,-0.8900948999999999,-0.98228616,0.67111206,0.33114624,0.28396606,-0.9332461400000001,-0.8714543,-0.90677255,0.75775146,0.24880981,0.29177856,-0.9818349999999999,-0.75185335,-0.90788954,0.868103,0.21713257,0.29934692,-1.0473816,-0.6761562999999999,-0.90214485,0.8944397,0.21707153,0.3540039,-1.055174,-0.651863,-0.9464029700000001,0.8995055999999999,0.21890259,0.38970947,-1.046241,-0.63765544,-0.9747686,0.95806885,0.15969849,0.34960938,-1.0926654,-0.5710073999999999,-0.9321088,0.9300231999999999,0.26516724,0.25491333,-1.0706952,-0.68919754,-0.84201497,0.8831787,0.31051636,0.24710083,-1.043257,-0.7480544,-0.8384904,0.77578735,0.32080078,0.265625,-0.97958016,-0.7911422,-0.8670379500000001,0.54174805,0.27062988,0.41555786,-0.799798,-0.7878579,-1.0289398,0.2947998,0.35339355,0.37991333,-0.6319999,-0.9727937999999999,-1.0084901,0.16503906000000002,0.42849729999999997,0.32141113,-0.54915154,-1.1113111,-0.9498494,-0.18981934,0.46975708,0.46023559999999997,-0.2855816,-1.2543739999999999,-1.0640376,-0.51742554,0.5178832999999999,0.5516052,-0.06149745,-1.3993088999999999,-1.0948579,-0.7260131999999999,0.48043823,0.5482178,0.07574308,-1.4059759,-1.0300517,-0.8345946999999999,0.4590454,0.5623473999999999,0.14987159,-1.3943697,-1.0084441,检查1变、2变高压侧进出线开关在分闸位置，开闭站201、202断路器在工作位置。
-0.016723633,0.29022217,0.31707764,-0.47193658,-1.11557,-0.92423946,0.26107788,0.11569214,0.21981812,-0.68960935,-0.8445889999999999,-0.8439787999999999,0.5298767,0.28005979999999997,0.35287476,-0.8630728999999999,-0.8900948999999999,-0.98228616,0.67111206,0.33114624,0.28396606,-0.9332461400000001,-0.8714543,-0.90677255,0.75775146,0.24880981,0.29177856,-0.9818349999999999,-0.75185335,-0.90788954,0.868103,0.21713257,0.29934692,-1.0473816,-0.6761562999999999,-0.90214485,0.8944397,0.21707153,0.3540039,-1.055174,-0.651863,-0.9464029700000001,0.8995055999999999,0.21890259,0.38970947,-1.046241,-0.63765544,-0.9747686,0.95806885,0.15969849,0.34960938,-1.0926654,-0.5710073999999999,-0.9321088,0.9300231999999999,0.26516724,0.25491333,-1.0706952,-0.68919754,-0.84201497,0.8831787,0.31051636,0.24710083,-1.043257,-0.7480544,-0.8384904,0.77578735,0.32080078,0.265625,-0.97958016,-0.7911422,-0.8670379500000001,0.54174805,0.27062988,0.41555786,-0.799798,-0.7878579,-1.0289398,0.2947998,0.35339355,0.37991333,-0.6319999,-0.9727937999999999,-1.0084901,0.16503906000000002,0.42849729999999997,0.32141113,-0.54915154,-1.1113111,-0.9498494,-0.18981934,0.46975708,0.46023559999999997,-0.2855816,-1.2543739999999999,-1.0640376,-0.51742554,0.5178832999999999,0.5516052,-0.06149745,-1.3993088999999999,-1.0948579,-0.7260131999999999,0.48043823,0.5482178,0.07574308,-1.4059759,-1.0300517,-0.8345946999999999,0.4590454,0.5623473999999999,0.14987159,-1.3943697,-1.0084441,-1.3734131,0.23596191,0.8070984,0.5726781,-1.0544577,-1.0813038,检查1变、2变高压侧进出线开关在分闸位置，开闭站201、202断路器在工作位置。
0.26107788,0.11569214,0.21981812,-0.68960935,-0.8445889999999999,-0.8439787999999999,0.5298767,0.28005979999999997,0.35287476,-0.8630728999999999,-0.8900948999999999,-0.98228616,0.67111206,0.33114624,0.28396606,-0.9332461400000001,-0.8714543,-0.90677255,0.75775146,0.24880981,0.29177856,-0.9818349999999999,-0.75185335,-0.90788954,0.868103,0.21713257,0.29934692,-1.0473816,-0.6761562999999999,-0.90214485,0.8944397,0.21707153,0.3540039,-1.055174,-0.651863,-0.9464029700000001,0.8995055999999999,0.21890259,0.38970947,-1.046241,-0.63765544,-0.9747686,0.95806885,0.15969849,0.34960938,-1.0926654,-0.5710073999999999,-0.9321088,0.9300231999999999,0.26516724,0.25491333,-1.0706952,-0.68919754,-0.84201497,0.8831787,0.31051636,0.24710083,-1.043257,-0.7480544,-0.8384904,0.77578735,0.32080078,0.265625,-0.97958016,-0.7911422,-0.8670379500000001,0.54174805,0.27062988,0.41555786,-0.799798,-0.7878579,-1.0289398,0.2947998,0.35339355,0.37991333,-0.6319999,-0.9727937999999999,-1.0084901,0.16503906000000002,0.42849729999999997,0.32141113,-0.54915154,-1.1113111,-0.9498494,-0.18981934,0.46975708,0.46023559999999997,-0.2855816,-1.2543739999999999,-1.0640376,-0.51742554,0.5178832999999999,0.5516052,-0.06149745,-1.3993088999999999,-1.0948579,-0.7260131999999999,0.48043823,0.5482178,0.07574308,-1.4059759,-1.0300517,-0.8345946999999999,0.4590454,0.5623473999999999,0.14987159,-1.3943697,-1.0084441,-1.3734131,0.23596191,0.8070984,0.5726781,-1.0544577,-1.0813038,-1.4007568,0.044219970000000004,0.6411133,0.6101810999999999,-0.69835234,-0.8668013,检查1变、2变高压侧进出线开关在分闸位置，开闭站201、202断路器在工作位置。
0.5298767,0.28005979999999997,0.35287476,-0.8630728999999999,-0.8900948999999999,-0.98228616,0.67111206,0.33114624,0.28396606,-0.9332461400000001,-0.8714543,-0.90677255,0.75775146,0.24880981,0.29177856,-0.9818349999999999,-0.75185335,-0.90788954,0.868103,0.21713257,0.29934692,-1.0473816,-0.6761562999999999,-0.90214485,0.8944397,0.21707153,0.3540039,-1.055174,-0.651863,-0.9464029700000001,0.8995055999999999,0.21890259,0.38970947,-1.046241,-0.63765544,-0.9747686,0.95806885,0.15969849,0.34960938,-1.0926654,-0.5710073999999999,-0.9321088,0.9300231999999999,0.26516724,0.25491333,-1.0706952,-0.68919754,-0.84201497,0.8831787,0.31051636,0.24710083,-1.043257,-0.7480544,-0.8384904,0.77578735,0.32080078,0.265625,-0.97958016,-0.7911422,-0.8670379500000001,0.54174805,0.27062988,0.41555786,-0.799798,-0.7878579,-1.0289398,0.2947998,0.35339355,0.37991333,-0.6319999,-0.9727937999999999,-1.0084901,0.16503906000000002,0.42849729999999997,0.32141113,-0.54915154,-1.1113111,-0.9498494,-0.18981934,0.46975708,0.46023559999999997,-0.2855816,-1.2543739999999999,-1.0640376,-0.51742554,0.5178832999999999,0.5516052,-0.06149745,-1.3993088999999999,-1.0948579,-0.7260131999999999,0.48043823,0.5482178,0.07574308,-1.4059759,-1.0300517,-0.8345946999999999,0.4590454,0.5623473999999999,0.14987159,-1.3943697,-1.0084441,-1.3734131,0.23596191,0.8070984,0.5726781,-1.0544577,-1.0813038,-1.4007568,0.044219970000000004,0.6411133,0.6101810999999999,-0.69835234,-0.8668013,-1.3127746999999999,0.1413269,0.5097351,0.5612855,-0.68006265,-0.7146089,检查1变、2变高压侧进出线开关在分闸位置，开闭站201、202断路器在工作位置。
0.67111206,0.33114624,0.28396606,-0.9332461400000001,-0.8714543,-0.90677255,0.75775146,0.24880981,0.29177856,-0.9818349999999999,-0.75185335,-0.90788954,0.868103,0.21713257,0.29934692,-1.0473816,-0.6761562999999999,-0.90214485,0.8944397,0.21707153,0.3540039,-1.055174,-0.651863,-0.9464029700000001,0.8995055999999999,0.21890259,0.38970947,-1.046241,-0.63765544,-0.9747686,0.95806885,0.15969849,0.34960938,-1.0926654,-0.5710073999999999,-0.9321088,0.9300231999999999,0.26516724,0.25491333,-1.0706952,-0.68919754,-0.84201497,0.8831787,0.31051636,0.24710083,-1.043257,-0.7480544,-0.8384904,0.77578735,0.32080078,0.265625,-0.97958016,-0.7911422,-0.8670379500000001,0.54174805,0.27062988,0.41555786,-0.799798,-0.7878579,-1.0289398,0.2947998,0.35339355,0.37991333,-0.6319999,-0.9727937999999999,-1.0084901,0.16503906000000002,0.42849729999999997,0.32141113,-0.54915154,-1.1113111,-0.9498494,-0.18981934,0.46975708,0.46023559999999997,-0.2855816,-1.2543739999999999,-1.0640376,-0.51742554,0.5178832999999999,0.5516052,-0.06149745,-1.3993088999999999,-1.0948579,-0.7260131999999999,0.48043823,0.5482178,0.07574308,-1.4059759,-1.0300517,-0.8345946999999999,0.4590454,0.5623473999999999,0.14987159,-1.3943697,-1.0084441,-1.3734131,0.23596191,0.8070984,0.5726781,-1.0544577,-1.0813038,-1.4007568,0.044219970000000004,0.6411133,0.6101810999999999,-0.69835234,-0.8668013,-1.3127746999999999,0.1413269,0.5097351,0.5612855,-0.68006265,-0.7146089,-0.99035645,0.17224121,0.6324463,0.386212,-0.45326453,-0.7632365999999999,检查1变、2变高压侧进出线开关在分闸位置，开闭站201、202断路器在工作位置。
0.75775146,0.24880981,0.29177856,-0.9818349999999999,-0.75185335,-0.90788954,0.868103,0.21713257,0.29934692,-1.0473816,-0.6761562999999999,-0.90214485,0.8944397,0.21707153,0.3540039,-1.055174,-0.651863,-0.9464029700000001,0.8995055999999999,0.21890259,0.38970947,-1.046241,-0.63765544,-0.9747686,0.95806885,0.15969849,0.34960938,-1.0926654,-0.5710073999999999,-0.9321088,0.9300231999999999,0.26516724,0.25491333,-1.0706952,-0.68919754,-0.84201497,0.8831787,0.31051636,0.24710083,-1.043257,-0.7480544,-0.8384904,0.77578735,0.32080078,0.265625,-0.97958016,-0.7911422,-0.8670379500000001,0.54174805,0.27062988,0.41555786,-0.799798,-0.7878579,-1.0289398,0.2947998,0.35339355,0.37991333,-0.6319999,-0.9727937999999999,-1.0084901,0.16503906000000002,0.42849729999999997,0.32141113,-0.54915154,-1.1113111,-0.9498494,-0.18981934,0.46975708,0.46023559999999997,-0.2855816,-1.2543739999999999,-1.0640376,-0.51742554,0.5178832999999999,0.5516052,-0.06149745,-1.3993088999999999,-1.0948579,-0.7260131999999999,0.48043823,0.5482178,0.07574308,-1.4059759,-1.0300517,-0.8345946999999999,0.4590454,0.5623473999999999,0.14987159,-1.3943697,-1.0084441,-1.3734131,0.23596191,0.8070984,0.5726781,-1.0544577,-1.0813038,-1.4007568,0.044219970000000004,0.6411133,0.6101810999999999,-0.69835234,-0.8668013,-1.3127746999999999,0.1413269,0.5097351,0.5612855,-0.68006265,-0.7146089,-0.99035645,0.17224121,0.6324463,0.386212,-0.45326453,-0.7632365999999999,-0.7281189,0.050476074,0.5377197,0.19215345,-0.25237828,-0.6309148,检查1变、2变高压侧进出线开关在分闸位置，开闭站201、202断路器在工作位置。
0.868103,0.21713257,0.29934692,-1.0473816,-0.6761562999999999,-0.90214485,0.8944397,0.21707153,0.3540039,-1.055174,-0.651863,-0.9464029700000001,0.8995055999999999,0.21890259,0.38970947,-1.046241,-0.63765544,-0.9747686,0.95806885,0.15969849,0.34960938,-1.0926654,-0.5710073999999999,-0.9321088,0.9300231999999999,0.26516724,0.25491333,-1.0706952,-0.68919754,-0.84201497,0.8831787,0.31051636,0.24710083,-1.043257,-0.7480544,-0.8384904,0.77578735,0.32080078,0.265625,-0.97958016,-0.7911422,-0.8670379500000001,0.54174805,0.27062988,0.41555786,-0.799798,-0.7878579,-1.0289398,0.2947998,0.35339355,0.37991333,-0.6319999,-0.9727937999999999,-1.0084901,0.16503906000000002,0.42849729999999997,0.32141113,-0.54915154,-1.1113111,-0.9498494,-0.18981934,0.46975708,0.46023559999999997,-0.2855816,-1.2543739999999999,-1.0640376,-0.51742554,0.5178832999999999,0.5516052,-0.06149745,-1.3993088999999999,-1.0948579,-0.7260131999999999,0.48043823,0.5482178,0.07574308,-1.4059759,-1.0300517,-0.8345946999999999,0.4590454,0.5623473999999999,0.14987159,-1.3943697,-1.0084441,-1.3734131,0.23596191,0.8070984,0.5726781,-1.0544577,-1.0813038,-1.4007568,0.044219970000000004,0.6411133,0.6101810999999999,-0.69835234,-0.8668013,-1.3127746999999999,0.1413269,0.5097351,0.5612855,-0.68006265,-0.7146089,-0.99035645,0.17224121,0.6324463,0.386212,-0.45326453,-0.7632365999999999,-0.7281189,0.050476074,0.5377197,0.19215345,-0.25237828,-0.6309148,-0.31219482,0.010864258,0.40679932,-0.10951614400000001,-0.11743945,-0.43565643,检查1变、2变高压侧进出线开关在分闸位置，开闭站201、202断路器在工作位置。
0.8944397,0.21707153,0.3540039,-1.055174,-0.651863,-0.9464029700000001,0.8995055999999999,0.21890259,0.38970947,-1.046241,-0.63765544,-0.9747686,0.95806885,0.15969849,0.34960938,-1.0926654,-0.5710073999999999,-0.9321088,0.9300231999999999,0.26516724,0.25491333,-1.0706952,-0.68919754,-0.84201497,0.8831787,0.31051636,0.24710083,-1.043257,-0.7480544,-0.8384904,0.77578735,0.32080078,0.265625,-0.97958016,-0.7911422,-0.8670379500000001,0.54174805,0.27062988,0.41555786,-0.799798,-0.7878579,-1.0289398,0.2947998,0.35339355,0.37991333,-0.6319999,-0.9727937999999999,-1.0084901,0.16503906000000002,0.42849729999999997,0.32141113,-0.54915154,-1.1113111,-0.9498494,-0.18981934,0.46975708,0.46023559999999997,-0.2855816,-1.2543739999999999,-1.0640376,-0.51742554,0.5178832999999999,0.5516052,-0.06149745,-1.3993088999999999,-1.0948579,-0.7260131999999999,0.48043823,0.5482178,0.07574308,-1.4059759,-1.0300517,-0.8345946999999999,0.4590454,0.5623473999999999,0.14987159,-1.3943697,-1.0084441,-1.3734131,0.23596191,0.8070984,0.5726781,-1.0544577,-1.0813038,-1.4007568,0.044219970000000004,0.6411133,0.6101810999999999,-0.69835234,-0.8668013,-1.3127746999999999,0.1413269,0.5097351,0.5612855,-0.68006265,-0.7146089,-0.99035645,0.17224121,0.6324463,0.386212,-0.45326453,-0.7632365999999999,-0.7281189,0.050476074,0.5377197,0.19215345,-0.25237828,-0.6309148,-0.31219482,0.010864258,0.40679932,-0.10951614400000001,-0.11743945,-0.43565643,-0.05834961,-0.04043579,0.3421936,-0.2846216,-0.016957521,-0.32162893,检查1变、2变高压侧进出线开关在分闸位置，开闭站201、202断路器在工作位置。
0.8995055999999999,0.21890259,0.38970947,-1.046241,-0.63765544,-0.9747686,0.95806885,0.15969849,0.34960938,-1.0926654,-0.5710073999999999,-0.9321088,0.9300231999999999,0.26516724,0.25491333,-1.0706952,-0.68919754,-0.84201497,0.8831787,0.31051636,0.24710083,-1.043257,-0.7480544,-0.8384904,0.77578735,0.32080078,0.265625,-0.97958016,-0.7911422,-0.8670379500000001,0.54174805,0.27062988,0.41555786,-0.799798,-0.7878579,-1.0289398,0.2947998,0.35339355,0.37991333,-0.6319999,-0.9727937999999999,-1.0084901,0.16503906000000002,0.42849729999999997,0.32141113,-0.54915154,-1.1113111,-0.9498494,-0.18981934,0.46975708,0.46023559999999997,-0.2855816,-1.2543739999999999,-1.0640376,-0.51742554,0.5178832999999999,0.5516052,-0.06149745,-1.3993088999999999,-1.0948579,-0.7260131999999999,0.48043823,0.5482178,0.07574308,-1.4059759,-1.0300517,-0.8345946999999999,0.4590454,0.5623473999999999,0.14987159,-1.3943697,-1.0084441,-1.3734131,0.23596191,0.8070984,0.5726781,-1.0544577,-1.0813038,-1.4007568,0.044219970000000004,0.6411133,0.6101810999999999,-0.69835234,-0.8668013,-1.3127746999999999,0.1413269,0.5097351,0.5612855,-0.68006265,-0.7146089,-0.99035645,0.17224121,0.6324463,0.386212,-0.45326453,-0.7632365999999999,-0.7281189,0.050476074,0.5377197,0.19215345,-0.25237828,-0.6309148,-0.31219482,0.010864258,0.40679932,-0.10951614400000001,-0.11743945,-0.43565643,-0.05834961,-0.04043579,0.3421936,-0.2846216,-0.016957521,-0.32162893,0.29348755,-0.21847534000000002,0.19403076,-0.52502626,0.21002507,-0.102320775,检查1变、2变高压侧进出线开关在分闸位置，开闭站201、202断路器在工作位置。
0.95806885,0.15969849,0.34960938,-1.0926654,-0.5710073999999999,-0.9321088,0.9300231999999999,0.26516724,0.25491333,-1.0706952,-0.68919754,-0.84201497,0.8831787,0.31051636,0.24710083,-1.043257,-0.7480544,-0.8384904,0.77578735,0.32080078,0.265625,-0.97958016,-0.7911422,-0.8670379500000001,0.54174805,0.27062988,0.41555786,-0.799798,-0.7878579,-1.0289398,0.2947998,0.35339355,0.37991333,-0.6319999,-0.9727937999999999,-1.0084901,0.16503906000000002,0.42849729999999997,0.32141113,-0.54915154,-1.1113111,-0.9498494,-0.18981934,0.46975708,0.46023559999999997,-0.2855816,-1.2543739999999999,-1.0640376,-0.51742554,0.5178832999999999,0.5516052,-0.06149745,-1.3993088999999999,-1.0948579,-0.7260131999999999,0.48043823,0.5482178,0.07574308,-1.4059759,-1.0300517,-0.8345946999999999,0.4590454,0.5623473999999999,0.14987159,-1.3943697,-1.0084441,-1.3734131,0.23596191,0.8070984,0.5726781,-1.0544577,-1.0813038,-1.4007568,0.044219970000000004,0.6411133,0.6101810999999999,-0.69835234,-0.8668013,-1.3127746999999999,0.1413269,0.5097351,0.5612855,-0.68006265,-0.7146089,-0.99035645,0.17224121,0.6324463,0.386212,-0.45326453,-0.7632365999999999,-0.7281189,0.050476074,0.5377197,0.19215345,-0.25237828,-0.6309148,-0.31219482,0.010864258,0.40679932,-0.10951614400000001,-0.11743945,-0.43565643,-0.05834961,-0.04043579,0.3421936,-0.2846216,-0.016957521,-0.32162893,0.29348755,-0.21847534000000002,0.19403076,-0.52502626,0.21002507,-0.102320775,0.64071655,-0.2060852,0.08206177,-0.7758548,0.21738017,0.049397156000000005,检查1变、2变高压侧进出线开关在分闸位置，开闭站201、202断路器在工作位置。
0.9300231999999999,0.26516724,0.25491333,-1.0706952,-0.68919754,-0.84201497,0.8831787,0.31051636,0.24710083,-1.043257,-0.7480544,-0.8384904,0.77578735,0.32080078,0.265625,-0.97958016,-0.7911422,-0.8670379500000001,0.54174805,0.27062988,0.41555786,-0.799798,-0.7878579,-1.0289398,0.2947998,0.35339355,0.37991333,-0.6319999,-0.9727937999999999,-1.0084901,0.16503906000000002,0.42849729999999997,0.32141113,-0.54915154,-1.1113111,-0.9498494,-0.18981934,0.46975708,0.46023559999999997,-0.2855816,-1.2543739999999999,-1.0640376,-0.51742554,0.5178832999999999,0.5516052,-0.06149745,-1.3993088999999999,-1.0948579,-0.7260131999999999,0.48043823,0.5482178,0.07574308,-1.4059759,-1.0300517,-0.8345946999999999,0.4590454,0.5623473999999999,0.14987159,-1.3943697,-1.0084441,-1.3734131,0.23596191,0.8070984,0.5726781,-1.0544577,-1.0813038,-1.4007568,0.044219970000000004,0.6411133,0.6101810999999999,-0.69835234,-0.8668013,-1.3127746999999999,0.1413269,0.5097351,0.5612855,-0.68006265,-0.7146089,-0.99035645,0.17224121,0.6324463,0.386212,-0.45326453,-0.7632365999999999,-0.7281189,0.050476074,0.5377197,0.19215345,-0.25237828,-0.6309148,-0.31219482,0.010864258,0.40679932,-0.10951614400000001,-0.11743945,-0.43565643,-0.05834961,-0.04043579,0.3421936,-0.2846216,-0.016957521,-0.32162893,0.29348755,-0.21847534000000002,0.19403076,-0.52502626,0.21002507,-0.102320775,0.64071655,-0.2060852,0.08206177,-0.7758548,0.21738017,0.049397156000000005,0.6854553,-0.6059264999999999,-0.16967773,-0.7517457,0.62463295,0.29140222,检查1变、2变高压侧进出线开关在分闸位置，开闭站201、202断路器在工作位置。
0.8831787,0.31051636,0.24710083,-1.043257,-0.7480544,-0.8384904,0.77578735,0.32080078,0.265625,-0.97958016,-0.7911422,-0.8670379500000001,0.54174805,0.27062988,0.41555786,-0.799798,-0.7878579,-1.0289398,0.2947998,0.35339355,0.37991333,-0.6319999,-0.9727937999999999,-1.0084901,0.16503906000000002,0.42849729999999997,0.32141113,-0.54915154,-1.1113111,-0.9498494,-0.18981934,0.46975708,0.46023559999999997,-0.2855816,-1.2543739999999999,-1.0640376,-0.51742554,0.5178832999999999,0.5516052,-0.06149745,-1.3993088999999999,-1.0948579,-0.7260131999999999,0.48043823,0.5482178,0.07574308,-1.4059759,-1.0300517,-0.8345946999999999,0.4590454,0.5623473999999999,0.14987159,-1.3943697,-1.0084441,-1.3734131,0.23596191,0.8070984,0.5726781,-1.0544577,-1.0813038,-1.4007568,0.044219970000000004,0.6411133,0.6101810999999999,-0.69835234,-0.8668013,-1.3127746999999999,0.1413269,0.5097351,0.5612855,-0.68006265,-0.7146089,-0.99035645,0.17224121,0.6324463,0.386212,-0.45326453,-0.7632365999999999,-0.7281189,0.050476074,0.5377197,0.19215345,-0.25237828,-0.6309148,-0.31219482,0.010864258,0.40679932,-0.10951614400000001,-0.11743945,-0.43565643,-0.05834961,-0.04043579,0.3421936,-0.2846216,-0.016957521,-0.32162893,0.29348755,-0.21847534000000002,0.19403076,-0.52502626,0.21002507,-0.102320775,0.64071655,-0.2060852,0.08206177,-0.7758548,0.21738017,0.049397156000000005,0.6854553,-0.6059264999999999,-0.16967773,-0.7517457,0.62463295,0.29140222,0.5913695999999999,-0.9675292999999999,0.010925293,-0.6195052,0.9896841999999999,0.057935447,检查1变、2变高压侧进出线开关在分闸位置，开闭站201、202断路器在工作位置。
0.77578735,0.32080078,0.265625,-0.97958016,-0.7911422,-0.8670379500000001,0.54174805,0.27062988,0.41555786,-0.799798,-0.7878579,-1.0289398,0.2947998,0.35339355,0.37991333,-0.6319999,-0.9727937999999999,-1.0084901,0.16503906000000002,0.42849729999999997,0.32141113,-0.54915154,-1.1113111,-0.9498494,-0.18981934,0.46975708,0.46023559999999997,-0.2855816,-1.2543739999999999,-1.0640376,-0.51742554,0.5178832999999999,0.5516052,-0.06149745,-1.3993088999999999,-1.0948579,-0.7260131999999999,0.48043823,0.5482178,0.07574308,-1.4059759,-1.0300517,-0.8345946999999999,0.4590454,0.5623473999999999,0.14987159,-1.3943697,-1.0084441,-1.3734131,0.23596191,0.8070984,0.5726781,-1.0544577,-1.0813038,-1.4007568,0.044219970000000004,0.6411133,0.6101810999999999,-0.69835234,-0.8668013,-1.3127746999999999,0.1413269,0.5097351,0.5612855,-0.68006265,-0.7146089,-0.99035645,0.17224121,0.6324463,0.386212,-0.45326453,-0.7632365999999999,-0.7281189,0.050476074,0.5377197,0.19215345,-0.25237828,-0.6309148,-0.31219482,0.010864258,0.40679932,-0.10951614400000001,-0.11743945,-0.43565643,-0.05834961,-0.04043579,0.3421936,-0.2846216,-0.016957521,-0.32162893,0.29348755,-0.21847534000000002,0.19403076,-0.52502626,0.21002507,-0.102320775,0.64071655,-0.2060852,0.08206177,-0.7758548,0.21738017,0.049397156000000005,0.6854553,-0.6059264999999999,-0.16967773,-0.7517457,0.62463295,0.29140222,0.5913695999999999,-0.9675292999999999,0.010925293,-0.6195052,0.9896841999999999,0.057935447,0.46270752,-0.8685303,0.11218262,-0.48591852,0.886366,-0.075922474,检查1变、2变高压侧进出线开关在分闸位置，开闭站201、202断路器在工作位置。
0.54174805,0.27062988,0.41555786,-0.799798,-0.7878579,-1.0289398,0.2947998,0.35339355,0.37991333,-0.6319999,-0.9727937999999999,-1.0084901,0.16503906000000002,0.42849729999999997,0.32141113,-0.54915154,-1.1113111,-0.9498494,-0.18981934,0.46975708,0.46023559999999997,-0.2855816,-1.2543739999999999,-1.0640376,-0.51742554,0.5178832999999999,0.5516052,-0.06149745,-1.3993088999999999,-1.0948579,-0.7260131999999999,0.48043823,0.5482178,0.07574308,-1.4059759,-1.0300517,-0.8345946999999999,0.4590454,0.5623473999999999,0.14987159,-1.3943697,-1.0084441,-1.3734131,0.23596191,0.8070984,0.5726781,-1.0544577,-1.0813038,-1.4007568,0.044219970000000004,0.6411133,0.6101810999999999,-0.69835234,-0.8668013,-1.3127746999999999,0.1413269,0.5097351,0.5612855,-0.68006265,-0.7146089,-0.99035645,0.17224121,0.6324463,0.386212,-0.45326453,-0.7632365999999999,-0.7281189,0.050476074,0.5377197,0.19215345,-0.25237828,-0.6309148,-0.31219482,0.010864258,0.40679932,-0.10951614400000001,-0.11743945,-0.43565643,-0.05834961,-0.04043579,0.3421936,-0.2846216,-0.016957521,-0.32162893,0.29348755,-0.21847534000000002,0.19403076,-0.52502626,0.21002507,-0.102320775,0.64071655,-0.2060852,0.08206177,-0.7758548,0.21738017,0.049397156000000005,0.6854553,-0.6059264999999999,-0.16967773,-0.7517457,0.62463295,0.29140222,0.5913695999999999,-0.9675292999999999,0.010925293,-0.6195052,0.9896841999999999,0.057935447,0.46270752,-0.8685303,0.11218262,-0.48591852,0.886366,-0.075922474,0.42596436,-0.8458862300000001,0.122039795,-0.48961829999999995,0.85212624,-0.12877451,检查1变、2变高压侧进出线开关在分闸位置，开闭站201、202断路器在工作位置。
0.2947998,0.35339355,0.37991333,-0.6319999,-0.9727937999999999,-1.0084901,0.16503906000000002,0.42849729999999997,0.32141113,-0.54915154,-1.1113111,-0.9498494,-0.18981934,0.46975708,0.46023559999999997,-0.2855816,-1.2543739999999999,-1.0640376,-0.51742554,0.5178832999999999,0.5516052,-0.06149745,-1.3993088999999999,-1.0948579,-0.7260131999999999,0.48043823,0.5482178,0.07574308,-1.4059759,-1.0300517,-0.8345946999999999,0.4590454,0.5623473999999999,0.14987159,-1.3943697,-1.0084441,-1.3734131,0.23596191,0.8070984,0.5726781,-1.0544577,-1.0813038,-1.4007568,0.044219970000000004,0.6411133,0.6101810999999999,-0.69835234,-0.8668013,-1.3127746999999999,0.1413269,0.5097351,0.5612855,-0.68006265,-0.7146089,-0.99035645,0.17224121,0.6324463,0.386212,-0.45326453,-0.7632365999999999,-0.7281189,0.050476074,0.5377197,0.19215345,-0.25237828,-0.6309148,-0.31219482,0.010864258,0.40679932,-0.10951614400000001,-0.11743945,-0.43565643,-0.05834961,-0.04043579,0.3421936,-0.2846216,-0.016957521,-0.32162893,0.29348755,-0.21847534000000002,0.19403076,-0.52502626,0.21002507,-0.102320775,0.64071655,-0.2060852,0.08206177,-0.7758548,0.21738017,0.049397156000000005,0.6854553,-0.6059264999999999,-0.16967773,-0.7517457,0.62463295,0.29140222,0.5913695999999999,-0.9675292999999999,0.010925293,-0.6195052,0.9896841999999999,0.057935447,0.46270752,-0.8685303,0.11218262,-0.48591852,0.886366,-0.075922474,0.42596436,-0.8458862300000001,0.122039795,-0.48961829999999995,0.85212624,-0.12877451,0.39657593,-0.67996216,0.02758789,-0.50961953,0.67237103,-0.053734988000000004,检查1变、2变高压侧进出线开关在分闸位置，开闭站201、202断路器在工作位置。
0.16503906000000002,0.42849729999999997,0.32141113,-0.54915154,-1.1113111,-0.9498494,-0.18981934,0.46975708,0.46023559999999997,-0.2855816,-1.2543739999999999,-1.0640376,-0.51742554,0.5178832999999999,0.5516052,-0.06149745,-1.3993088999999999,-1.0948579,-0.7260131999999999,0.48043823,0.5482178,0.07574308,-1.4059759,-1.0300517,-0.8345946999999999,0.4590454,0.5623473999999999,0.14987159,-1.3943697,-1.0084441,-1.3734131,0.23596191,0.8070984,0.5726781,-1.0544577,-1.0813038,-1.4007568,0.044219970000000004,0.6411133,0.6101810999999999,-0.69835234,-0.8668013,-1.3127746999999999,0.1413269,0.5097351,0.5612855,-0.68006265,-0.7146089,-0.99035645,0.17224121,0.6324463,0.386212,-0.45326453,-0.7632365999999999,-0.7281189,0.050476074,0.5377197,0.19215345,-0.25237828,-0.6309148,-0.31219482,0.010864258,0.40679932,-0.10951614400000001,-0.11743945,-0.43565643,-0.05834961,-0.04043579,0.3421936,-0.2846216,-0.016957521,-0.32162893,0.29348755,-0.21847534000000002,0.19403076,-0.52502626,0.21002507,-0.102320775,0.64071655,-0.2060852,0.08206177,-0.7758548,0.21738017,0.049397156000000005,0.6854553,-0.6059264999999999,-0.16967773,-0.7517457,0.62463295,0.29140222,0.5913695999999999,-0.9675292999999999,0.010925293,-0.6195052,0.9896841999999999,0.057935447,0.46270752,-0.8685303,0.11218262,-0.48591852,0.886366,-0.075922474,0.42596436,-0.8458862300000001,0.122039795,-0.48961829999999995,0.85212624,-0.12877451,0.39657593,-0.67996216,0.02758789,-0.50961953,0.67237103,-0.053734988000000004,0.12304687500000001,-0.2671814,0.10192871,-0.33499122000000003,0.23142278,-0.15084256000000001,检查1变、2变高压侧进出线开关在分闸位置，开闭站201、202断路器在工作位置。
-0.18981934,0.46975708,0.46023559999999997,-0.2855816,-1.2543739999999999,-1.0640376,-0.51742554,0.5178832999999999,0.5516052,-0.06149745,-1.3993088999999999,-1.0948579,-0.7260131999999999,0.48043823,0.5482178,0.07574308,-1.4059759,-1.0300517,-0.8345946999999999,0.4590454,0.5623473999999999,0.14987159,-1.3943697,-1.0084441,-1.3734131,0.23596191,0.8070984,0.5726781,-1.0544577,-1.0813038,-1.4007568,0.044219970000000004,0.6411133,0.6101810999999999,-0.69835234,-0.8668013,-1.3127746999999999,0.1413269,0.5097351,0.5612855,-0.68006265,-0.7146089,-0.99035645,0.17224121,0.6324463,0.386212,-0.45326453,-0.7632365999999999,-0.7281189,0.050476074,0.5377197,0.19215345,-0.25237828,-0.6309148,-0.31219482,0.010864258,0.40679932,-0.10951614400000001,-0.11743945,-0.43565643,-0.05834961,-0.04043579,0.3421936,-0.2846216,-0.016957521,-0.32162893,0.29348755,-0.21847534000000002,0.19403076,-0.52502626,0.21002507,-0.102320775,0.64071655,-0.2060852,0.08206177,-0.7758548,0.21738017,0.049397156000000005,0.6854553,-0.6059264999999999,-0.16967773,-0.7517457,0.62463295,0.29140222,0.5913695999999999,-0.9675292999999999,0.010925293,-0.6195052,0.9896841999999999,0.057935447,0.46270752,-0.8685303,0.11218262,-0.48591852,0.886366,-0.075922474,0.42596436,-0.8458862300000001,0.122039795,-0.48961829999999995,0.85212624,-0.12877451,0.39657593,-0.67996216,0.02758789,-0.50961953,0.67237103,-0.053734988000000004,0.12304687500000001,-0.2671814,0.10192871,-0.33499122000000003,0.23142278,-0.15084256000000001,-0.12197876,-0.05947876,0.09503174,-0.2504537,-0.050288320000000004,-0.18875091,检查1变、2变高压侧进出线开关在分闸位置，开闭站201、202断路器在工作位置。
-0.51742554,0.5178832999999999,0.5516052,-0.06149745,-1.3993088999999999,-1.0948579,-0.7260131999999999,0.48043823,0.5482178,0.07574308,-1.4059759,-1.0300517,-0.8345946999999999,0.4590454,0.5623473999999999,0.14987159,-1.3943697,-1.0084441,-1.3734131,0.23596191,0.8070984,0.5726781,-1.0544577,-1.0813038,-1.4007568,0.044219970000000004,0.6411133,0.6101810999999999,-0.69835234,-0.8668013,-1.3127746999999999,0.1413269,0.5097351,0.5612855,-0.68006265,-0.7146089,-0.99035645,0.17224121,0.6324463,0.386212,-0.45326453,-0.7632365999999999,-0.7281189,0.050476074,0.5377197,0.19215345,-0.25237828,-0.6309148,-0.31219482,0.010864258,0.40679932,-0.10951614400000001,-0.11743945,-0.43565643,-0.05834961,-0.04043579,0.3421936,-0.2846216,-0.016957521,-0.32162893,0.29348755,-0.21847534000000002,0.19403076,-0.52502626,0.21002507,-0.102320775,0.64071655,-0.2060852,0.08206177,-0.7758548,0.21738017,0.049397156000000005,0.6854553,-0.6059264999999999,-0.16967773,-0.7517457,0.62463295,0.29140222,0.5913695999999999,-0.9675292999999999,0.010925293,-0.6195052,0.9896841999999999,0.057935447,0.46270752,-0.8685303,0.11218262,-0.48591852,0.886366,-0.075922474,0.42596436,-0.8458862300000001,0.122039795,-0.48961829999999995,0.85212624,-0.12877451,0.39657593,-0.67996216,0.02758789,-0.50961953,0.67237103,-0.053734988000000004,0.12304687500000001,-0.2671814,0.10192871,-0.33499122000000003,0.23142278,-0.15084256000000001,-0.12197876,-0.05947876,0.09503174,-0.2504537,-0.050288320000000004,-0.18875091,-0.6345824999999999,0.06964111,0.33883667,0.13612282,-0.26162803,-0.46113425,检查1变、2变高压侧进出线开关在分闸位置，开闭站201、202断路器在工作位置。
-0.7260131999999999,0.48043823,0.5482178,0.07574308,-1.4059759,-1.0300517,-0.8345946999999999,0.4590454,0.5623473999999999,0.14987159,-1.3943697,-1.0084441,-1.3734131,0.23596191,0.8070984,0.5726781,-1.0544577,-1.0813038,-1.4007568,0.044219970000000004,0.6411133,0.6101810999999999,-0.69835234,-0.8668013,-1.3127746999999999,0.1413269,0.5097351,0.5612855,-0.68006265,-0.7146089,-0.99035645,0.17224121,0.6324463,0.386212,-0.45326453,-0.7632365999999999,-0.7281189,0.050476074,0.5377197,0.19215345,-0.25237828,-0.6309148,-0.31219482,0.010864258,0.40679932,-0.10951614400000001,-0.11743945,-0.43565643,-0.05834961,-0.04043579,0.3421936,-0.2846216,-0.016957521,-0.32162893,0.29348755,-0.21847534000000002,0.19403076,-0.52502626,0.21002507,-0.102320775,0.64071655,-0.2060852,0.08206177,-0.7758548,0.21738017,0.049397156000000005,0.6854553,-0.6059264999999999,-0.16967773,-0.7517457,0.62463295,0.29140222,0.5913695999999999,-0.9675292999999999,0.010925293,-0.6195052,0.9896841999999999,0.057935447,0.46270752,-0.8685303,0.11218262,-0.48591852,0.886366,-0.075922474,0.42596436,-0.8458862300000001,0.122039795,-0.48961829999999995,0.85212624,-0.12877451,0.39657593,-0.67996216,0.02758789,-0.50961953,0.67237103,-0.053734988000000004,0.12304687500000001,-0.2671814,0.10192871,-0.33499122000000003,0.23142278,-0.15084256000000001,-0.12197876,-0.05947876,0.09503174,-0.2504537,-0.050288320000000004,-0.18875091,-0.6345824999999999,0.06964111,0.33883667,0.13612282,-0.26162803,-0.46113425,-0.9581603999999999,0.28094482,0.35705566,0.33835387,-0.60100865,-0.5155949,检查1变、2变高压侧进出线开关在分闸位置，开闭站201、202断路器在工作位置。
-0.8345946999999999,0.4590454,0.5623473999999999,0.14987159,-1.3943697,-1.0084441,-1.3734131,0.23596191,0.8070984,0.5726781,-1.0544577,-1.0813038,-1.4007568,0.044219970000000004,0.6411133,0.6101810999999999,-0.69835234,-0.8668013,-1.3127746999999999,0.1413269,0.5097351,0.5612855,-0.68006265,-0.7146089,-0.99035645,0.17224121,0.6324463,0.386212,-0.45326453,-0.7632365999999999,-0.7281189,0.050476074,0.5377197,0.19215345,-0.25237828,-0.6309148,-0.31219482,0.010864258,0.40679932,-0.10951614400000001,-0.11743945,-0.43565643,-0.05834961,-0.04043579,0.3421936,-0.2846216,-0.016957521,-0.32162893,0.29348755,-0.21847534000000002,0.19403076,-0.52502626,0.21002507,-0.102320775,0.64071655,-0.2060852,0.08206177,-0.7758548,0.21738017,0.049397156000000005,0.6854553,-0.6059264999999999,-0.16967773,-0.7517457,0.62463295,0.29140222,0.5913695999999999,-0.9675292999999999,0.010925293,-0.6195052,0.9896841999999999,0.057935447,0.46270752,-0.8685303,0.11218262,-0.48591852,0.886366,-0.075922474,0.42596436,-0.8458862300000001,0.122039795,-0.48961829999999995,0.85212624,-0.12877451,0.39657593,-0.67996216,0.02758789,-0.50961953,0.67237103,-0.053734988000000004,0.12304687500000001,-0.2671814,0.10192871,-0.33499122000000003,0.23142278,-0.15084256000000001,-0.12197876,-0.05947876,0.09503174,-0.2504537,-0.050288320000000004,-0.18875091,-0.6345824999999999,0.06964111,0.33883667,0.13612282,-0.26162803,-0.46113425,-0.9581603999999999,0.28094482,0.35705566,0.33835387,-0.60100865,-0.5155949,-1.1324158,0.39453125,0.27273559999999997,0.4443822,-0.8255904,-0.46401268,检查1变、2变高压侧进出线开关在分闸位置，开闭站201、202断路器在工作位置。
-1.3734131,0.23596191,0.8070984,0.5726781,-1.0544577,-1.0813038,-1.4007568,0.044219970000000004,0.6411133,0.6101810999999999,-0.69835234,-0.8668013,-1.3127746999999999,0.1413269,0.5097351,0.5612855,-0.68006265,-0.7146089,-0.99035645,0.17224121,0.6324463,0.386212,-0.45326453,-0.7632365999999999,-0.7281189,0.050476074,0.5377197,0.19215345,-0.25237828,-0.6309148,-0.31219482,0.010864258,0.40679932,-0.10951614400000001,-0.11743945,-0.43565643,-0.05834961,-0.04043579,0.3421936,-0.2846216,-0.016957521,-0.32162893,0.29348755,-0.21847534000000002,0.19403076,-0.52502626,0.21002507,-0.102320775,0.64071655,-0.2060852,0.08206177,-0.7758548,0.21738017,0.049397156000000005,0.6854553,-0.6059264999999999,-0.16967773,-0.7517457,0.62463295,0.29140222,0.5913695999999999,-0.9675292999999999,0.010925293,-0.6195052,0.9896841999999999,0.057935447,0.46270752,-0.8685303,0.11218262,-0.48591852,0.886366,-0.075922474,0.42596436,-0.8458862300000001,0.122039795,-0.48961829999999995,0.85212624,-0.12877451,0.39657593,-0.67996216,0.02758789,-0.50961953,0.67237103,-0.053734988000000004,0.12304687500000001,-0.2671814,0.10192871,-0.33499122000000003,0.23142278,-0.15084256000000001,-0.12197876,-0.05947876,0.09503174,-0.2504537,-0.050288320000000004,-0.18875091,-0.6345824999999999,0.06964111,0.33883667,0.13612282,-0.26162803,-0.46113425,-0.9581603999999999,0.28094482,0.35705566,0.33835387,-0.60100865,-0.5155949,-1.1324158,0.39453125,0.27273559999999997,0.4443822,-0.8255904,-0.46401268,-1.2889404,0.39904785,0.26626587,0.5466269,-0.9589814999999999,-0.49443144,检查1变、2变高压侧进出线开关在分闸位置，开闭站201、202断路器在工作位置。
-1.4007568,0.044219970000000004,0.6411133,0.6101810999999999,-0.69835234,-0.8668013,-1.3127746999999999,0.1413269,0.5097351,0.5612855,-0.68006265,-0.7146089,-0.99035645,0.17224121,0.6324463,0.386212,-0.45326453,-0.7632365999999999,-0.7281189,0.050476074,0.5377197,0.19215345,-0.25237828,-0.6309148,-0.31219482,0.010864258,0.40679932,-0.10951614400000001,-0.11743945,-0.43565643,-0.05834961,-0.04043579,0.3421936,-0.2846216,-0.016957521,-0.32162893,0.29348755,-0.21847534000000002,0.19403076,-0.52502626,0.21002507,-0.102320775,0.64071655,-0.2060852,0.08206177,-0.7758548,0.21738017,0.049397156000000005,0.6854553,-0.6059264999999999,-0.16967773,-0.7517457,0.62463295,0.29140222,0.5913695999999999,-0.9675292999999999,0.010925293,-0.6195052,0.9896841999999999,0.057935447,0.46270752,-0.8685303,0.11218262,-0.48591852,0.886366,-0.075922474,0.42596436,-0.8458862300000001,0.122039795,-0.48961829999999995,0.85212624,-0.12877451,0.39657593,-0.67996216,0.02758789,-0.50961953,0.67237103,-0.053734988000000004,0.12304687500000001,-0.2671814,0.10192871,-0.33499122000000003,0.23142278,-0.15084256000000001,-0.12197876,-0.05947876,0.09503174,-0.2504537,-0.050288320000000004,-0.18875091,-0.6345824999999999,0.06964111,0.33883667,0.13612282,-0.26162803,-0.46113425,-0.9581603999999999,0.28094482,0.35705566,0.33835387,-0.60100865,-0.5155949,-1.1324158,0.39453125,0.27273559999999997,0.4443822,-0.8255904,-0.46401268,-1.2889404,0.39904785,0.26626587,0.5466269,-0.9589814999999999,-0.49443144,-1.3368225,0.2876892,0.29101563,0.5274875,-1.2219231,-0.5665513,检查1变、2变高压侧进出线开关在分闸位置，开闭站201、202断路器在工作位置。
-1.3127746999999999,0.1413269,0.5097351,0.5612855,-0.68006265,-0.7146089,-0.99035645,0.17224121,0.6324463,0.386212,-0.45326453,-0.7632365999999999,-0.7281189,0.050476074,0.5377197,0.19215345,-0.25237828,-0.6309148,-0.31219482,0.010864258,0.40679932,-0.10951614400000001,-0.11743945,-0.43565643,-0.05834961,-0.04043579,0.3421936,-0.2846216,-0.016957521,-0.32162893,0.29348755,-0.21847534000000002,0.19403076,-0.52502626,0.21002507,-0.102320775,0.64071655,-0.2060852,0.08206177,-0.7758548,0.21738017,0.049397156000000005,0.6854553,-0.6059264999999999,-0.16967773,-0.7517457,0.62463295,0.29140222,0.5913695999999999,-0.9675292999999999,0.010925293,-0.6195052,0.9896841999999999,0.057935447,0.46270752,-0.8685303,0.11218262,-0.48591852,0.886366,-0.075922474,0.42596436,-0.8458862300000001,0.122039795,-0.48961829999999995,0.85212624,-0.12877451,0.39657593,-0.67996216,0.02758789,-0.50961953,0.67237103,-0.053734988000000004,0.12304687500000001,-0.2671814,0.10192871,-0.33499122000000003,0.23142278,-0.15084256000000001,-0.12197876,-0.05947876,0.09503174,-0.2504537,-0.050288320000000004,-0.18875091,-0.6345824999999999,0.06964111,0.33883667,0.13612282,-0.26162803,-0.46113425,-0.9581603999999999,0.28094482,0.35705566,0.33835387,-0.60100865,-0.5155949,-1.1324158,0.39453125,0.27273559999999997,0.4443822,-0.8255904,-0.46401268,-1.2889404,0.39904785,0.26626587,0.5466269,-0.9589814999999999,-0.49443144,-1.3368225,0.2876892,0.29101563,0.5274875,-1.2219231,-0.5665513,-1.018158,0.3361206,-0.09017944,0.22982025,-1.5606973,-0.16364665,检查1变、2变高压侧进出线开关在分闸位置，开闭站201、202断路器在工作位置。
-0.99035645,0.17224121,0.6324463,0.386212,-0.45326453,-0.7632365999999999,-0.7281189,0.050476074,0.5377197,0.19215345,-0.25237828,-0.6309148,-0.31219482,0.010864258,0.40679932,-0.10951614400000001,-0.11743945,-0.43565643,-0.05834961,-0.04043579,0.3421936,-0.2846216,-0.016957521,-0.32162893,0.29348755,-0.21847534000000002,0.19403076,-0.52502626,0.21002507,-0.102320775,0.64071655,-0.2060852,0.08206177,-0.7758548,0.21738017,0.049397156000000005,0.6854553,-0.6059264999999999,-0.16967773,-0.7517457,0.62463295,0.29140222,0.5913695999999999,-0.9675292999999999,0.010925293,-0.6195052,0.9896841999999999,0.057935447,0.46270752,-0.8685303,0.11218262,-0.48591852,0.886366,-0.075922474,0.42596436,-0.8458862300000001,0.122039795,-0.48961829999999995,0.85212624,-0.12877451,0.39657593,-0.67996216,0.02758789,-0.50961953,0.67237103,-0.053734988000000004,0.12304687500000001,-0.2671814,0.10192871,-0.33499122000000003,0.23142278,-0.15084256000000001,-0.12197876,-0.05947876,0.09503174,-0.2504537,-0.050288320000000004,-0.18875091,-0.6345824999999999,0.06964111,0.33883667,0.13612282,-0.26162803,-0.46113425,-0.9581603999999999,0.28094482,0.35705566,0.33835387,-0.60100865,-0.5155949,-1.1324158,0.39453125,0.27273559999999997,0.4443822,-0.8255904,-0.46401268,-1.2889404,0.39904785,0.26626587,0.5466269,-0.9589814999999999,-0.49443144,-1.3368225,0.2876892,0.29101563,0.5274875,-1.2219231,-0.5665513,-1.018158,0.3361206,-0.09017944,0.22982025,-1.5606973,-0.16364665,-0.8939208999999999,0.2736206,-0.14752197,0.11717045000000001,-1.5590489,-0.09577383,检查1变、2变高压侧进出线开关在分闸位置，开闭站201、202断路器在工作位置。
-0.7281189,0.050476074,0.5377197,0.19215345,-0.25237828,-0.6309148,-0.31219482,0.010864258,0.40679932,-0.10951614400000001,-0.11743945,-0.43565643,-0.05834961,-0.04043579,0.3421936,-0.2846216,-0.016957521,-0.32162893,0.29348755,-0.21847534000000002,0.19403076,-0.52502626,0.21002507,-0.102320775,0.64071655,-0.2060852,0.08206177,-0.7758548,0.21738017,0.049397156000000005,0.6854553,-0.6059264999999999,-0.16967773,-0.7517457,0.62463295,0.29140222,0.5913695999999999,-0.9675292999999999,0.010925293,-0.6195052,0.9896841999999999,0.057935447,0.46270752,-0.8685303,0.11218262,-0.48591852,0.886366,-0.075922474,0.42596436,-0.8458862300000001,0.122039795,-0.48961829999999995,0.85212624,-0.12877451,0.39657593,-0.67996216,0.02758789,-0.50961953,0.67237103,-0.053734988000000004,0.12304687500000001,-0.2671814,0.10192871,-0.33499122000000003,0.23142278,-0.15084256000000001,-0.12197876,-0.05947876,0.09503174,-0.2504537,-0.050288320000000004,-0.18875091,-0.6345824999999999,0.06964111,0.33883667,0.13612282,-0.26162803,-0.46113425,-0.9581603999999999,0.28094482,0.35705566,0.33835387,-0.60100865,-0.5155949,-1.1324158,0.39453125,0.27273559999999997,0.4443822,-0.8255904,-0.46401268,-1.2889404,0.39904785,0.26626587,0.5466269,-0.9589814999999999,-0.49443144,-1.3368225,0.2876892,0.29101563,0.5274875,-1.2219231,-0.5665513,-1.018158,0.3361206,-0.09017944,0.22982025,-1.5606973,-0.16364665,-0.8939208999999999,0.2736206,-0.14752197,0.11717045000000001,-1.5590489,-0.09577383,-0.8939208999999999,0.2736206,-0.14752197,0.11717045000000001,-1.5590489,-0.09577383,检查1变、2变高压侧进出线开关在分闸位置，开闭站201、202断路器在工作位置。
-0.31219482,0.010864258,0.40679932,-0.10951614400000001,-0.11743945,-0.43565643,-0.05834961,-0.04043579,0.3421936,-0.2846216,-0.016957521,-0.32162893,0.29348755,-0.21847534000000002,0.19403076,-0.52502626,0.21002507,-0.102320775,0.64071655,-0.2060852,0.08206177,-0.7758548,0.21738017,0.049397156000000005,0.6854553,-0.6059264999999999,-0.16967773,-0.7517457,0.62463295,0.29140222,0.5913695999999999,-0.9675292999999999,0.010925293,-0.6195052,0.9896841999999999,0.057935447,0.46270752,-0.8685303,0.11218262,-0.48591852,0.886366,-0.075922474,0.42596436,-0.8458862300000001,0.122039795,-0.48961829999999995,0.85212624,-0.12877451,0.39657593,-0.67996216,0.02758789,-0.50961953,0.67237103,-0.053734988000000004,0.12304687500000001,-0.2671814,0.10192871,-0.33499122000000003,0.23142278,-0.15084256000000001,-0.12197876,-0.05947876,0.09503174,-0.2504537,-0.050288320000000004,-0.18875091,-0.6345824999999999,0.06964111,0.33883667,0.13612282,-0.26162803,-0.46113425,-0.9581603999999999,0.28094482,0.35705566,0.33835387,-0.60100865,-0.5155949,-1.1324158,0.39453125,0.27273559999999997,0.4443822,-0.8255904,-0.46401268,-1.2889404,0.39904785,0.26626587,0.5466269,-0.9589814999999999,-0.49443144,-1.3368225,0.2876892,0.29101563,0.5274875,-1.2219231,-0.5665513,-1.018158,0.3361206,-0.09017944,0.22982025,-1.5606973,-0.16364665,-0.8939208999999999,0.2736206,-0.14752197,0.11717045000000001,-1.5590489,-0.09577383,-0.8939208999999999,0.2736206,-0.14752197,0.11717045000000001,-1.5590489,-0.09577383,-0.5501404,0.10366821,-0.09024048,-0.1783632,-1.533855,-0.12739797,检查1变、2变高压侧进出线开关在分闸位置，开闭站201、202断路器在工作位置。
-0.05834961,-0.04043579,0.3421936,-0.2846216,-0.016957521,-0.32162893,0.29348755,-0.21847534000000002,0.19403076,-0.52502626,0.21002507,-0.102320775,0.64071655,-0.2060852,0.08206177,-0.7758548,0.21738017,0.049397156000000005,0.6854553,-0.6059264999999999,-0.16967773,-0.7517457,0.62463295,0.29140222,0.5913695999999999,-0.9675292999999999,0.010925293,-0.6195052,0.9896841999999999,0.057935447,0.46270752,-0.8685303,0.11218262,-0.48591852,0.886366,-0.075922474,0.42596436,-0.8458862300000001,0.122039795,-0.48961829999999995,0.85212624,-0.12877451,0.39657593,-0.67996216,0.02758789,-0.50961953,0.67237103,-0.053734988000000004,0.12304687500000001,-0.2671814,0.10192871,-0.33499122000000003,0.23142278,-0.15084256000000001,-0.12197876,-0.05947876,0.09503174,-0.2504537,-0.050288320000000004,-0.18875091,-0.6345824999999999,0.06964111,0.33883667,0.13612282,-0.26162803,-0.46113425,-0.9581603999999999,0.28094482,0.35705566,0.33835387,-0.60100865,-0.5155949,-1.1324158,0.39453125,0.27273559999999997,0.4443822,-0.8255904,-0.46401268,-1.2889404,0.39904785,0.26626587,0.5466269,-0.9589814999999999,-0.49443144,-1.3368225,0.2876892,0.29101563,0.5274875,-1.2219231,-0.5665513,-1.018158,0.3361206,-0.09017944,0.22982025,-1.5606973,-0.16364665,-0.8939208999999999,0.2736206,-0.14752197,0.11717045000000001,-1.5590489,-0.09577383,-0.8939208999999999,0.2736206,-0.14752197,0.11717045000000001,-1.5590489,-0.09577383,-0.5501404,0.10366821,-0.09024048,-0.1783632,-1.533855,-0.12739797,-0.22796631,0.2875061,0.22262573,-0.42396802,-1.8068775,-0.4671995,检查1变、2变高压侧进出线开关在分闸位置，开闭站201、202断路器在工作位置。
0.29348755,-0.21847534000000002,0.19403076,-0.52502626,0.21002507,-0.102320775,0.64071655,-0.2060852,0.08206177,-0.7758548,0.21738017,0.049397156000000005,0.6854553,-0.6059264999999999,-0.16967773,-0.7517457,0.62463295,0.29140222,0.5913695999999999,-0.9675292999999999,0.010925293,-0.6195052,0.9896841999999999,0.057935447,0.46270752,-0.8685303,0.11218262,-0.48591852,0.886366,-0.075922474,0.42596436,-0.8458862300000001,0.122039795,-0.48961829999999995,0.85212624,-0.12877451,0.39657593,-0.67996216,0.02758789,-0.50961953,0.67237103,-0.053734988000000004,0.12304687500000001,-0.2671814,0.10192871,-0.33499122000000003,0.23142278,-0.15084256000000001,-0.12197876,-0.05947876,0.09503174,-0.2504537,-0.050288320000000004,-0.18875091,-0.6345824999999999,0.06964111,0.33883667,0.13612282,-0.26162803,-0.46113425,-0.9581603999999999,0.28094482,0.35705566,0.33835387,-0.60100865,-0.5155949,-1.1324158,0.39453125,0.27273559999999997,0.4443822,-0.8255904,-0.46401268,-1.2889404,0.39904785,0.26626587,0.5466269,-0.9589814999999999,-0.49443144,-1.3368225,0.2876892,0.29101563,0.5274875,-1.2219231,-0.5665513,-1.018158,0.3361206,-0.09017944,0.22982025,-1.5606973,-0.16364665,-0.8939208999999999,0.2736206,-0.14752197,0.11717045000000001,-1.5590489,-0.09577383,-0.8939208999999999,0.2736206,-0.14752197,0.11717045000000001,-1.5590489,-0.09577383,-0.5501404,0.10366821,-0.09024048,-0.1783632,-1.533855,-0.12739797,-0.22796631,0.2875061,0.22262573,-0.42396802,-1.8068775,-0.4671995,0.44747925,0.7624512,0.2138977,-0.9004344999999999,-2.2854843,-0.67169863,检查1变、2变高压侧进出线开关在分闸位置，开闭站201、202断路器在工作位置。
0.64071655,-0.2060852,0.08206177,-0.7758548,0.21738017,0.049397156000000005,0.6854553,-0.6059264999999999,-0.16967773,-0.7517457,0.62463295,0.29140222,0.5913695999999999,-0.9675292999999999,0.010925293,-0.6195052,0.9896841999999999,0.057935447,0.46270752,-0.8685303,0.11218262,-0.48591852,0.886366,-0.075922474,0.42596436,-0.8458862300000001,0.122039795,-0.48961829999999995,0.85212624,-0.12877451,0.39657593,-0.67996216,0.02758789,-0.50961953,0.67237103,-0.053734988000000004,0.12304687500000001,-0.2671814,0.10192871,-0.33499122000000003,0.23142278,-0.15084256000000001,-0.12197876,-0.05947876,0.09503174,-0.2504537,-0.050288320000000004,-0.18875091,-0.6345824999999999,0.06964111,0.33883667,0.13612282,-0.26162803,-0.46113425,-0.9581603999999999,0.28094482,0.35705566,0.33835387,-0.60100865,-0.5155949,-1.1324158,0.39453125,0.27273559999999997,0.4443822,-0.8255904,-0.46401268,-1.2889404,0.39904785,0.26626587,0.5466269,-0.9589814999999999,-0.49443144,-1.3368225,0.2876892,0.29101563,0.5274875,-1.2219231,-0.5665513,-1.018158,0.3361206,-0.09017944,0.22982025,-1.5606973,-0.16364665,-0.8939208999999999,0.2736206,-0.14752197,0.11717045000000001,-1.5590489,-0.09577383,-0.8939208999999999,0.2736206,-0.14752197,0.11717045000000001,-1.5590489,-0.09577383,-0.5501404,0.10366821,-0.09024048,-0.1783632,-1.533855,-0.12739797,-0.22796631,0.2875061,0.22262573,-0.42396802,-1.8068775,-0.4671995,0.44747925,0.7624512,0.2138977,-0.9004344999999999,-2.2854843,-0.67169863,0.60931396,0.8094177,0.33520508,-1.015341,-2.3007054,-0.8488222999999999,检查1变、2变高压侧进出线开关在分闸位置，开闭站201、202断路器在工作位置。
0.6854553,-0.6059264999999999,-0.16967773,-0.7517457,0.62463295,0.29140222,0.5913695999999999,-0.9675292999999999,0.010925293,-0.6195052,0.9896841999999999,0.057935447,0.46270752,-0.8685303,0.11218262,-0.48591852,0.886366,-0.075922474,0.42596436,-0.8458862300000001,0.122039795,-0.48961829999999995,0.85212624,-0.12877451,0.39657593,-0.67996216,0.02758789,-0.50961953,0.67237103,-0.053734988000000004,0.12304687500000001,-0.2671814,0.10192871,-0.33499122000000003,0.23142278,-0.15084256000000001,-0.12197876,-0.05947876,0.09503174,-0.2504537,-0.050288320000000004,-0.18875091,-0.6345824999999999,0.06964111,0.33883667,0.13612282,-0.26162803,-0.46113425,-0.9581603999999999,0.28094482,0.35705566,0.33835387,-0.60100865,-0.5155949,-1.1324158,0.39453125,0.27273559999999997,0.4443822,-0.8255904,-0.46401268,-1.2889404,0.39904785,0.26626587,0.5466269,-0.9589814999999999,-0.49443144,-1.3368225,0.2876892,0.29101563,0.5274875,-1.2219231,-0.5665513,-1.018158,0.3361206,-0.09017944,0.22982025,-1.5606973,-0.16364665,-0.8939208999999999,0.2736206,-0.14752197,0.11717045000000001,-1.5590489,-0.09577383,-0.8939208999999999,0.2736206,-0.14752197,0.11717045000000001,-1.5590489,-0.09577383,-0.5501404,0.10366821,-0.09024048,-0.1783632,-1.533855,-0.12739797,-0.22796631,0.2875061,0.22262573,-0.42396802,-1.8068775,-0.4671995,0.44747925,0.7624512,0.2138977,-0.9004344999999999,-2.2854843,-0.67169863,0.60931396,0.8094177,0.33520508,-1.015341,-2.3007054,-0.8488222999999999,0.6851195999999999,0.94747925,0.5332030999999999,-1.0469396,-2.3975854,-1.0969858,检查1变、2变高压侧进出线开关在分闸位置，开闭站201、202断路器在工作位置。
0.5913695999999999,-0.9675292999999999,0.010925293,-0.6195052,0.9896841999999999,0.057935447,0.46270752,-0.8685303,0.11218262,-0.48591852,0.886366,-0.075922474,0.42596436,-0.8458862300000001,0.122039795,-0.48961829999999995,0.85212624,-0.12877451,0.39657593,-0.67996216,0.02758789,-0.50961953,0.67237103,-0.053734988000000004,0.12304687500000001,-0.2671814,0.10192871,-0.33499122000000003,0.23142278,-0.15084256000000001,-0.12197876,-0.05947876,0.09503174,-0.2504537,-0.050288320000000004,-0.18875091,-0.6345824999999999,0.06964111,0.33883667,0.13612282,-0.26162803,-0.46113425,-0.9581603999999999,0.28094482,0.35705566,0.33835387,-0.60100865,-0.5155949,-1.1324158,0.39453125,0.27273559999999997,0.4443822,-0.8255904,-0.46401268,-1.2889404,0.39904785,0.26626587,0.5466269,-0.9589814999999999,-0.49443144,-1.3368225,0.2876892,0.29101563,0.5274875,-1.2219231,-0.5665513,-1.018158,0.3361206,-0.09017944,0.22982025,-1.5606973,-0.16364665,-0.8939208999999999,0.2736206,-0.14752197,0.11717045000000001,-1.5590489,-0.09577383,-0.8939208999999999,0.2736206,-0.14752197,0.11717045000000001,-1.5590489,-0.09577383,-0.5501404,0.10366821,-0.09024048,-0.1783632,-1.533855,-0.12739797,-0.22796631,0.2875061,0.22262573,-0.42396802,-1.8068775,-0.4671995,0.44747925,0.7624512,0.2138977,-0.9004344999999999,-2.2854843,-0.67169863,0.60931396,0.8094177,0.33520508,-1.015341,-2.3007054,-0.8488222999999999,0.6851195999999999,0.94747925,0.5332030999999999,-1.0469396,-2.3975854,-1.0969858,0.7770996,0.8556824,0.7041931,-1.1226312,-2.282642,-1.2897713,检查1变、2变高压侧进出线开关在分闸位置，开闭站201、202断路器在工作位置。
0.46270752,-0.8685303,0.11218262,-0.48591852,0.886366,-0.075922474,0.42596436,-0.8458862300000001,0.122039795,-0.48961829999999995,0.85212624,-0.12877451,0.39657593,-0.67996216,0.02758789,-0.50961953,0.67237103,-0.053734988000000004,0.12304687500000001,-0.2671814,0.10192871,-0.33499122000000003,0.23142278,-0.15084256000000001,-0.12197876,-0.05947876,0.09503174,-0.2504537,-0.050288320000000004,-0.18875091,-0.6345824999999999,0.06964111,0.33883667,0.13612282,-0.26162803,-0.46113425,-0.9581603999999999,0.28094482,0.35705566,0.33835387,-0.60100865,-0.5155949,-1.1324158,0.39453125,0.27273559999999997,0.4443822,-0.8255904,-0.46401268,-1.2889404,0.39904785,0.26626587,0.5466269,-0.9589814999999999,-0.49443144,-1.3368225,0.2876892,0.29101563,0.5274875,-1.2219231,-0.5665513,-1.018158,0.3361206,-0.09017944,0.22982025,-1.5606973,-0.16364665,-0.8939208999999999,0.2736206,-0.14752197,0.11717045000000001,-1.5590489,-0.09577383,-0.8939208999999999,0.2736206,-0.14752197,0.11717045000000001,-1.5590489,-0.09577383,-0.5501404,0.10366821,-0.09024048,-0.1783632,-1.533855,-0.12739797,-0.22796631,0.2875061,0.22262573,-0.42396802,-1.8068775,-0.4671995,0.44747925,0.7624512,0.2138977,-0.9004344999999999,-2.2854843,-0.67169863,0.60931396,0.8094177,0.33520508,-1.015341,-2.3007054,-0.8488222999999999,0.6851195999999999,0.94747925,0.5332030999999999,-1.0469396,-2.3975854,-1.0969858,0.7770996,0.8556824,0.7041931,-1.1226312,-2.282642,-1.2897713,0.8391723600000001,0.7048645,0.70373535,-1.1889068,-2.1018977,-1.3043659,检查1变、2变高压侧进出线开关在分闸位置，开闭站201、202断路器在工作位置。
0.42596436,-0.8458862300000001,0.122039795,-0.48961829999999995,0.85212624,-0.12877451,0.39657593,-0.67996216,0.02758789,-0.50961953,0.67237103,-0.053734988000000004,0.12304687500000001,-0.2671814,0.10192871,-0.33499122000000003,0.23142278,-0.15084256000000001,-0.12197876,-0.05947876,0.09503174,-0.2504537,-0.050288320000000004,-0.18875091,-0.6345824999999999,0.06964111,0.33883667,0.13612282,-0.26162803,-0.46113425,-0.9581603999999999,0.28094482,0.35705566,0.33835387,-0.60100865,-0.5155949,-1.1324158,0.39453125,0.27273559999999997,0.4443822,-0.8255904,-0.46401268,-1.2889404,0.39904785,0.26626587,0.5466269,-0.9589814999999999,-0.49443144,-1.3368225,0.2876892,0.29101563,0.5274875,-1.2219231,-0.5665513,-1.018158,0.3361206,-0.09017944,0.22982025,-1.5606973,-0.16364665,-0.8939208999999999,0.2736206,-0.14752197,0.11717045000000001,-1.5590489,-0.09577383,-0.8939208999999999,0.2736206,-0.14752197,0.11717045000000001,-1.5590489,-0.09577383,-0.5501404,0.10366821,-0.09024048,-0.1783632,-1.533855,-0.12739797,-0.22796631,0.2875061,0.22262573,-0.42396802,-1.8068775,-0.4671995,0.44747925,0.7624512,0.2138977,-0.9004344999999999,-2.2854843,-0.67169863,0.60931396,0.8094177,0.33520508,-1.015341,-2.3007054,-0.8488222999999999,0.6851195999999999,0.94747925,0.5332030999999999,-1.0469396,-2.3975854,-1.0969858,0.7770996,0.8556824,0.7041931,-1.1226312,-2.282642,-1.2897713,0.8391723600000001,0.7048645,0.70373535,-1.1889068,-2.1018977,-1.3043659,0.8391723600000001,0.7048645,0.70373535,-1.1889068,-2.1018977,-1.3043659,检查1变、2变高压侧进出线开关在分闸位置，开闭站201、202断路器在工作位置。
0.39657593,-0.67996216,0.02758789,-0.50961953,0.67237103,-0.053734988000000004,0.12304687500000001,-0.2671814,0.10192871,-0.33499122000000003,0.23142278,-0.15084256000000001,-0.12197876,-0.05947876,0.09503174,-0.2504537,-0.050288320000000004,-0.18875091,-0.6345824999999999,0.06964111,0.33883667,0.13612282,-0.26162803,-0.46113425,-0.9581603999999999,0.28094482,0.35705566,0.33835387,-0.60100865,-0.5155949,-1.1324158,0.39453125,0.27273559999999997,0.4443822,-0.8255904,-0.46401268,-1.2889404,0.39904785,0.26626587,0.5466269,-0.9589814999999999,-0.49443144,-1.3368225,0.2876892,0.29101563,0.5274875,-1.2219231,-0.5665513,-1.018158,0.3361206,-0.09017944,0.22982025,-1.5606973,-0.16364665,-0.8939208999999999,0.2736206,-0.14752197,0.11717045000000001,-1.5590489,-0.09577383,-0.8939208999999999,0.2736206,-0.14752197,0.11717045000000001,-1.5590489,-0.09577383,-0.5501404,0.10366821,-0.09024048,-0.1783632,-1.533855,-0.12739797,-0.22796631,0.2875061,0.22262573,-0.42396802,-1.8068775,-0.4671995,0.44747925,0.7624512,0.2138977,-0.9004344999999999,-2.2854843,-0.67169863,0.60931396,0.8094177,0.33520508,-1.015341,-2.3007054,-0.8488222999999999,0.6851195999999999,0.94747925,0.5332030999999999,-1.0469396,-2.3975854,-1.0969858,0.7770996,0.8556824,0.7041931,-1.1226312,-2.282642,-1.2897713,0.8391723600000001,0.7048645,0.70373535,-1.1889068,-2.1018977,-1.3043659,0.8391723600000001,0.7048645,0.70373535,-1.1889068,-2.1018977,-1.3043659,0.76797485,0.7149048,0.7366028,-1.1290243,-2.0972815,-1.337771,检查1变、2变高压侧进出线开关在分闸位置，开闭站201、202断路器在工作位置。
0.12304687500000001,-0.2671814,0.10192871,-0.33499122000000003,0.23142278,-0.15084256000000001,-0.12197876,-0.05947876,0.09503174,-0.2504537,-0.050288320000000004,-0.18875091,-0.6345824999999999,0.06964111,0.33883667,0.13612282,-0.26162803,-0.46113425,-0.9581603999999999,0.28094482,0.35705566,0.33835387,-0.60100865,-0.5155949,-1.1324158,0.39453125,0.27273559999999997,0.4443822,-0.8255904,-0.46401268,-1.2889404,0.39904785,0.26626587,0.5466269,-0.9589814999999999,-0.49443144,-1.3368225,0.2876892,0.29101563,0.5274875,-1.2219231,-0.5665513,-1.018158,0.3361206,-0.09017944,0.22982025,-1.5606973,-0.16364665,-0.8939208999999999,0.2736206,-0.14752197,0.11717045000000001,-1.5590489,-0.09577383,-0.8939208999999999,0.2736206,-0.14752197,0.11717045000000001,-1.5590489,-0.09577383,-0.5501404,0.10366821,-0.09024048,-0.1783632,-1.533855,-0.12739797,-0.22796631,0.2875061,0.22262573,-0.42396802,-1.8068775,-0.4671995,0.44747925,0.7624512,0.2138977,-0.9004344999999999,-2.2854843,-0.67169863,0.60931396,0.8094177,0.33520508,-1.015341,-2.3007054,-0.8488222999999999,0.6851195999999999,0.94747925,0.5332030999999999,-1.0469396,-2.3975854,-1.0969858,0.7770996,0.8556824,0.7041931,-1.1226312,-2.282642,-1.2897713,0.8391723600000001,0.7048645,0.70373535,-1.1889068,-2.1018977,-1.3043659,0.8391723600000001,0.7048645,0.70373535,-1.1889068,-2.1018977,-1.3043659,0.76797485,0.7149048,0.7366028,-1.1290243,-2.0972815,-1.337771,0.10372925000000001,0.7073058999999999,1.0588684,-0.51590157,-2.024095,-1.6490936,检查1变、2变高压侧进出线开关在分闸位置，开闭站201、202断路器在工作位置。
-0.12197876,-0.05947876,0.09503174,-0.2504537,-0.050288320000000004,-0.18875091,-0.6345824999999999,0.06964111,0.33883667,0.13612282,-0.26162803,-0.46113425,-0.9581603999999999,0.28094482,0.35705566,0.33835387,-0.60100865,-0.5155949,-1.1324158,0.39453125,0.27273559999999997,0.4443822,-0.8255904,-0.46401268,-1.2889404,0.39904785,0.26626587,0.5466269,-0.9589814999999999,-0.49443144,-1.3368225,0.2876892,0.29101563,0.5274875,-1.2219231,-0.5665513,-1.018158,0.3361206,-0.09017944,0.22982025,-1.5606973,-0.16364665,-0.8939208999999999,0.2736206,-0.14752197,0.11717045000000001,-1.5590489,-0.09577383,-0.8939208999999999,0.2736206,-0.14752197,0.11717045000000001,-1.5590489,-0.09577383,-0.5501404,0.10366821,-0.09024048,-0.1783632,-1.533855,-0.12739797,-0.22796631,0.2875061,0.22262573,-0.42396802,-1.8068775,-0.4671995,0.44747925,0.7624512,0.2138977,-0.9004344999999999,-2.2854843,-0.67169863,0.60931396,0.8094177,0.33520508,-1.015341,-2.3007054,-0.8488222999999999,0.6851195999999999,0.94747925,0.5332030999999999,-1.0469396,-2.3975854,-1.0969858,0.7770996,0.8556824,0.7041931,-1.1226312,-2.282642,-1.2897713,0.8391723600000001,0.7048645,0.70373535,-1.1889068,-2.1018977,-1.3043659,0.8391723600000001,0.7048645,0.70373535,-1.1889068,-2.1018977,-1.3043659,0.76797485,0.7149048,0.7366028,-1.1290243,-2.0972815,-1.337771,0.10372925000000001,0.7073058999999999,1.0588684,-0.51590157,-2.024095,-1.6490936,0.10372925000000001,0.7073058999999999,1.0588684,-0.51590157,-2.024095,-1.6490936,检查1变、2变高压侧进出线开关在分闸位置，开闭站201、202断路器在工作位置。
-0.6345824999999999,0.06964111,0.33883667,0.13612282,-0.26162803,-0.46113425,-0.9581603999999999,0.28094482,0.35705566,0.33835387,-0.60100865,-0.5155949,-1.1324158,0.39453125,0.27273559999999997,0.4443822,-0.8255904,-0.46401268,-1.2889404,0.39904785,0.26626587,0.5466269,-0.9589814999999999,-0.49443144,-1.3368225,0.2876892,0.29101563,0.5274875,-1.2219231,-0.5665513,-1.018158,0.3361206,-0.09017944,0.22982025,-1.5606973,-0.16364665,-0.8939208999999999,0.2736206,-0.14752197,0.11717045000000001,-1.5590489,-0.09577383,-0.8939208999999999,0.2736206,-0.14752197,0.11717045000000001,-1.5590489,-0.09577383,-0.5501404,0.10366821,-0.09024048,-0.1783632,-1.533855,-0.12739797,-0.22796631,0.2875061,0.22262573,-0.42396802,-1.8068775,-0.4671995,0.44747925,0.7624512,0.2138977,-0.9004344999999999,-2.2854843,-0.67169863,0.60931396,0.8094177,0.33520508,-1.015341,-2.3007054,-0.8488222999999999,0.6851195999999999,0.94747925,0.5332030999999999,-1.0469396,-2.3975854,-1.0969858,0.7770996,0.8556824,0.7041931,-1.1226312,-2.282642,-1.2897713,0.8391723600000001,0.7048645,0.70373535,-1.1889068,-2.1018977,-1.3043659,0.8391723600000001,0.7048645,0.70373535,-1.1889068,-2.1018977,-1.3043659,0.76797485,0.7149048,0.7366028,-1.1290243,-2.0972815,-1.337771,0.10372925000000001,0.7073058999999999,1.0588684,-0.51590157,-2.024095,-1.6490936,0.10372925000000001,0.7073058999999999,1.0588684,-0.51590157,-2.024095,-1.6490936,0.008361816000000001,0.49542236,0.8817748999999999,-0.47695088,-1.7561544,-1.4607587,检查1变、2变高压侧进出线开关在分闸位置，开闭站201、202断路器在工作位置。
-0.9581603999999999,0.28094482,0.35705566,0.33835387,-0.60100865,-0.5155949,-1.1324158,0.39453125,0.27273559999999997,0.4443822,-0.8255904,-0.46401268,-1.2889404,0.39904785,0.26626587,0.5466269,-0.9589814999999999,-0.49443144,-1.3368225,0.2876892,0.29101563,0.5274875,-1.2219231,-0.5665513,-1.018158,0.3361206,-0.09017944,0.22982025,-1.5606973,-0.16364665,-0.8939208999999999,0.2736206,-0.14752197,0.11717045000000001,-1.5590489,-0.09577383,-0.8939208999999999,0.2736206,-0.14752197,0.11717045000000001,-1.5590489,-0.09577383,-0.5501404,0.10366821,-0.09024048,-0.1783632,-1.533855,-0.12739797,-0.22796631,0.2875061,0.22262573,-0.42396802,-1.8068775,-0.4671995,0.44747925,0.7624512,0.2138977,-0.9004344999999999,-2.2854843,-0.67169863,0.60931396,0.8094177,0.33520508,-1.015341,-2.3007054,-0.8488222999999999,0.6851195999999999,0.94747925,0.5332030999999999,-1.0469396,-2.3975854,-1.0969858,0.7770996,0.8556824,0.7041931,-1.1226312,-2.282642,-1.2897713,0.8391723600000001,0.7048645,0.70373535,-1.1889068,-2.1018977,-1.3043659,0.8391723600000001,0.7048645,0.70373535,-1.1889068,-2.1018977,-1.3043659,0.76797485,0.7149048,0.7366028,-1.1290243,-2.0972815,-1.337771,0.10372925000000001,0.7073058999999999,1.0588684,-0.51590157,-2.024095,-1.6490936,0.10372925000000001,0.7073058999999999,1.0588684,-0.51590157,-2.024095,-1.6490936,0.008361816000000001,0.49542236,0.8817748999999999,-0.47695088,-1.7561544,-1.4607587,-0.52145386,0.5664977999999999,0.7147522,-0.051825285000000006,-1.7138612,-1.2438662,检查1变、2变高压侧进出线开关在分闸位置，开闭站201、202断路器在工作位置。
-1.1324158,0.39453125,0.27273559999999997,0.4443822,-0.8255904,-0.46401268,-1.2889404,0.39904785,0.26626587,0.5466269,-0.9589814999999999,-0.49443144,-1.3368225,0.2876892,0.29101563,0.5274875,-1.2219231,-0.5665513,-1.018158,0.3361206,-0.09017944,0.22982025,-1.5606973,-0.16364665,-0.8939208999999999,0.2736206,-0.14752197,0.11717045000000001,-1.5590489,-0.09577383,-0.8939208999999999,0.2736206,-0.14752197,0.11717045000000001,-1.5590489,-0.09577383,-0.5501404,0.10366821,-0.09024048,-0.1783632,-1.533855,-0.12739797,-0.22796631,0.2875061,0.22262573,-0.42396802,-1.8068775,-0.4671995,0.44747925,0.7624512,0.2138977,-0.9004344999999999,-2.2854843,-0.67169863,0.60931396,0.8094177,0.33520508,-1.015341,-2.3007054,-0.8488222999999999,0.6851195999999999,0.94747925,0.5332030999999999,-1.0469396,-2.3975854,-1.0969858,0.7770996,0.8556824,0.7041931,-1.1226312,-2.282642,-1.2897713,0.8391723600000001,0.7048645,0.70373535,-1.1889068,-2.1018977,-1.3043659,0.8391723600000001,0.7048645,0.70373535,-1.1889068,-2.1018977,-1.3043659,0.76797485,0.7149048,0.7366028,-1.1290243,-2.0972815,-1.337771,0.10372925000000001,0.7073058999999999,1.0588684,-0.51590157,-2.024095,-1.6490936,0.10372925000000001,0.7073058999999999,1.0588684,-0.51590157,-2.024095,-1.6490936,0.008361816000000001,0.49542236,0.8817748999999999,-0.47695088,-1.7561544,-1.4607587,-0.52145386,0.5664977999999999,0.7147522,-0.051825285000000006,-1.7138612,-1.2438662,-0.52145386,0.5664977999999999,0.7147522,-0.051825285000000006,-1.7138612,-1.2438662,检查1变、2变高压侧进出线开关在分闸位置，开闭站201、202断路器在工作位置。
-1.2889404,0.39904785,0.26626587,0.5466269,-0.9589814999999999,-0.49443144,-1.3368225,0.2876892,0.29101563,0.5274875,-1.2219231,-0.5665513,-1.018158,0.3361206,-0.09017944,0.22982025,-1.5606973,-0.16364665,-0.8939208999999999,0.2736206,-0.14752197,0.11717045000000001,-1.5590489,-0.09577383,-0.8939208999999999,0.2736206,-0.14752197,0.11717045000000001,-1.5590489,-0.09577383,-0.5501404,0.10366821,-0.09024048,-0.1783632,-1.533855,-0.12739797,-0.22796631,0.2875061,0.22262573,-0.42396802,-1.8068775,-0.4671995,0.44747925,0.7624512,0.2138977,-0.9004344999999999,-2.2854843,-0.67169863,0.60931396,0.8094177,0.33520508,-1.015341,-2.3007054,-0.8488222999999999,0.6851195999999999,0.94747925,0.5332030999999999,-1.0469396,-2.3975854,-1.0969858,0.7770996,0.8556824,0.7041931,-1.1226312,-2.282642,-1.2897713,0.8391723600000001,0.7048645,0.70373535,-1.1889068,-2.1018977,-1.3043659,0.8391723600000001,0.7048645,0.70373535,-1.1889068,-2.1018977,-1.3043659,0.76797485,0.7149048,0.7366028,-1.1290243,-2.0972815,-1.337771,0.10372925000000001,0.7073058999999999,1.0588684,-0.51590157,-2.024095,-1.6490936,0.10372925000000001,0.7073058999999999,1.0588684,-0.51590157,-2.024095,-1.6490936,0.008361816000000001,0.49542236,0.8817748999999999,-0.47695088,-1.7561544,-1.4607587,-0.52145386,0.5664977999999999,0.7147522,-0.051825285000000006,-1.7138612,-1.2438662,-0.52145386,0.5664977999999999,0.7147522,-0.051825285000000006,-1.7138612,-1.2438662,-1.7496033,0.43746948,0.83828735,0.9376564,-1.2465198,-1.0766246,检查1变、2变高压侧进出线开关在分闸位置，开闭站201、202断路器在工作位置。
-1.3368225,0.2876892,0.29101563,0.5274875,-1.2219231,-0.5665513,-1.018158,0.3361206,-0.09017944,0.22982025,-1.5606973,-0.16364665,-0.8939208999999999,0.2736206,-0.14752197,0.11717045000000001,-1.5590489,-0.09577383,-0.8939208999999999,0.2736206,-0.14752197,0.11717045000000001,-1.5590489,-0.09577383,-0.5501404,0.10366821,-0.09024048,-0.1783632,-1.533855,-0.12739797,-0.22796631,0.2875061,0.22262573,-0.42396802,-1.8068775,-0.4671995,0.44747925,0.7624512,0.2138977,-0.9004344999999999,-2.2854843,-0.67169863,0.60931396,0.8094177,0.33520508,-1.015341,-2.3007054,-0.8488222999999999,0.6851195999999999,0.94747925,0.5332030999999999,-1.0469396,-2.3975854,-1.0969858,0.7770996,0.8556824,0.7041931,-1.1226312,-2.282642,-1.2897713,0.8391723600000001,0.7048645,0.70373535,-1.1889068,-2.1018977,-1.3043659,0.8391723600000001,0.7048645,0.70373535,-1.1889068,-2.1018977,-1.3043659,0.76797485,0.7149048,0.7366028,-1.1290243,-2.0972815,-1.337771,0.10372925000000001,0.7073058999999999,1.0588684,-0.51590157,-2.024095,-1.6490936,0.10372925000000001,0.7073058999999999,1.0588684,-0.51590157,-2.024095,-1.6490936,0.008361816000000001,0.49542236,0.8817748999999999,-0.47695088,-1.7561544,-1.4607587,-0.52145386,0.5664977999999999,0.7147522,-0.051825285000000006,-1.7138612,-1.2438662,-0.52145386,0.5664977999999999,0.7147522,-0.051825285000000006,-1.7138612,-1.2438662,-1.7496033,0.43746948,0.83828735,0.9376564,-1.2465198,-1.0766246,-1.6851807,0.061889650000000004,0.8952941999999999,0.8634341,-0.57830733,-0.9158120999999999,检查1变、2变高压侧进出线开关在分闸位置，开闭站201、202断路器在工作位置。
-1.018158,0.3361206,-0.09017944,0.22982025,-1.5606973,-0.16364665,-0.8939208999999999,0.2736206,-0.14752197,0.11717045000000001,-1.5590489,-0.09577383,-0.8939208999999999,0.2736206,-0.14752197,0.11717045000000001,-1.5590489,-0.09577383,-0.5501404,0.10366821,-0.09024048,-0.1783632,-1.533855,-0.12739797,-0.22796631,0.2875061,0.22262573,-0.42396802,-1.8068775,-0.4671995,0.44747925,0.7624512,0.2138977,-0.9004344999999999,-2.2854843,-0.67169863,0.60931396,0.8094177,0.33520508,-1.015341,-2.3007054,-0.8488222999999999,0.6851195999999999,0.94747925,0.5332030999999999,-1.0469396,-2.3975854,-1.0969858,0.7770996,0.8556824,0.7041931,-1.1226312,-2.282642,-1.2897713,0.8391723600000001,0.7048645,0.70373535,-1.1889068,-2.1018977,-1.3043659,0.8391723600000001,0.7048645,0.70373535,-1.1889068,-2.1018977,-1.3043659,0.76797485,0.7149048,0.7366028,-1.1290243,-2.0972815,-1.337771,0.10372925000000001,0.7073058999999999,1.0588684,-0.51590157,-2.024095,-1.6490936,0.10372925000000001,0.7073058999999999,1.0588684,-0.51590157,-2.024095,-1.6490936,0.008361816000000001,0.49542236,0.8817748999999999,-0.47695088,-1.7561544,-1.4607587,-0.52145386,0.5664977999999999,0.7147522,-0.051825285000000006,-1.7138612,-1.2438662,-0.52145386,0.5664977999999999,0.7147522,-0.051825285000000006,-1.7138612,-1.2438662,-1.7496033,0.43746948,0.83828735,0.9376564,-1.2465198,-1.0766246,-1.6851807,0.061889650000000004,0.8952941999999999,0.8634341,-0.57830733,-0.9158120999999999,-1.0280762,0.10430908,0.59072876,0.44480205,-0.27288538,-0.434241,检查1变、2变高压侧进出线开关在分闸位置，开闭站201、202断路器在工作位置。
-0.8939208999999999,0.2736206,-0.14752197,0.11717045000000001,-1.5590489,-0.09577383,-0.8939208999999999,0.2736206,-0.14752197,0.11717045000000001,-1.5590489,-0.09577383,-0.5501404,0.10366821,-0.09024048,-0.1783632,-1.533855,-0.12739797,-0.22796631,0.2875061,0.22262573,-0.42396802,-1.8068775,-0.4671995,0.44747925,0.7624512,0.2138977,-0.9004344999999999,-2.2854843,-0.67169863,0.60931396,0.8094177,0.33520508,-1.015341,-2.3007054,-0.8488222999999999,0.6851195999999999,0.94747925,0.5332030999999999,-1.0469396,-2.3975854,-1.0969858,0.7770996,0.8556824,0.7041931,-1.1226312,-2.282642,-1.2897713,0.8391723600000001,0.7048645,0.70373535,-1.1889068,-2.1018977,-1.3043659,0.8391723600000001,0.7048645,0.70373535,-1.1889068,-2.1018977,-1.3043659,0.76797485,0.7149048,0.7366028,-1.1290243,-2.0972815,-1.337771,0.10372925000000001,0.7073058999999999,1.0588684,-0.51590157,-2.024095,-1.6490936,0.10372925000000001,0.7073058999999999,1.0588684,-0.51590157,-2.024095,-1.6490936,0.008361816000000001,0.49542236,0.8817748999999999,-0.47695088,-1.7561544,-1.4607587,-0.52145386,0.5664977999999999,0.7147522,-0.051825285000000006,-1.7138612,-1.2438662,-0.52145386,0.5664977999999999,0.7147522,-0.051825285000000006,-1.7138612,-1.2438662,-1.7496033,0.43746948,0.83828735,0.9376564,-1.2465198,-1.0766246,-1.6851807,0.061889650000000004,0.8952941999999999,0.8634341,-0.57830733,-0.9158120999999999,-1.0280762,0.10430908,0.59072876,0.44480205,-0.27288538,-0.434241,-0.8955078,0.11795044,0.5250854500000001,0.3578503,-0.25227976,-0.35201263,检查1变、2变高压侧进出线开关在分闸位置，开闭站201、202断路器在工作位置。
-0.8939208999999999,0.2736206,-0.14752197,0.11717045000000001,-1.5590489,-0.09577383,-0.5501404,0.10366821,-0.09024048,-0.1783632,-1.533855,-0.12739797,-0.22796631,0.2875061,0.22262573,-0.42396802,-1.8068775,-0.4671995,0.44747925,0.7624512,0.2138977,-0.9004344999999999,-2.2854843,-0.67169863,0.60931396,0.8094177,0.33520508,-1.015341,-2.3007054,-0.8488222999999999,0.6851195999999999,0.94747925,0.5332030999999999,-1.0469396,-2.3975854,-1.0969858,0.7770996,0.8556824,0.7041931,-1.1226312,-2.282642,-1.2897713,0.8391723600000001,0.7048645,0.70373535,-1.1889068,-2.1018977,-1.3043659,0.8391723600000001,0.7048645,0.70373535,-1.1889068,-2.1018977,-1.3043659,0.76797485,0.7149048,0.7366028,-1.1290243,-2.0972815,-1.337771,0.10372925000000001,0.7073058999999999,1.0588684,-0.51590157,-2.024095,-1.6490936,0.10372925000000001,0.7073058999999999,1.0588684,-0.51590157,-2.024095,-1.6490936,0.008361816000000001,0.49542236,0.8817748999999999,-0.47695088,-1.7561544,-1.4607587,-0.52145386,0.5664977999999999,0.7147522,-0.051825285000000006,-1.7138612,-1.2438662,-0.52145386,0.5664977999999999,0.7147522,-0.051825285000000006,-1.7138612,-1.2438662,-1.7496033,0.43746948,0.83828735,0.9376564,-1.2465198,-1.0766246,-1.6851807,0.061889650000000004,0.8952941999999999,0.8634341,-0.57830733,-0.9158120999999999,-1.0280762,0.10430908,0.59072876,0.44480205,-0.27288538,-0.434241,-0.8955078,0.11795044,0.5250854500000001,0.3578503,-0.25227976,-0.35201263,-0.38787842,-0.045898438,0.3491516,0.045672297,0.017142057000000002,-0.12875666,检查1变、2变高压侧进出线开关在分闸位置，开闭站201、202断路器在工作位置。
-0.5501404,0.10366821,-0.09024048,-0.1783632,-1.533855,-0.12739797,-0.22796631,0.2875061,0.22262573,-0.42396802,-1.8068775,-0.4671995,0.44747925,0.7624512,0.2138977,-0.9004344999999999,-2.2854843,-0.67169863,0.60931396,0.8094177,0.33520508,-1.015341,-2.3007054,-0.8488222999999999,0.6851195999999999,0.94747925,0.5332030999999999,-1.0469396,-2.3975854,-1.0969858,0.7770996,0.8556824,0.7041931,-1.1226312,-2.282642,-1.2897713,0.8391723600000001,0.7048645,0.70373535,-1.1889068,-2.1018977,-1.3043659,0.8391723600000001,0.7048645,0.70373535,-1.1889068,-2.1018977,-1.3043659,0.76797485,0.7149048,0.7366028,-1.1290243,-2.0972815,-1.337771,0.10372925000000001,0.7073058999999999,1.0588684,-0.51590157,-2.024095,-1.6490936,0.10372925000000001,0.7073058999999999,1.0588684,-0.51590157,-2.024095,-1.6490936,0.008361816000000001,0.49542236,0.8817748999999999,-0.47695088,-1.7561544,-1.4607587,-0.52145386,0.5664977999999999,0.7147522,-0.051825285000000006,-1.7138612,-1.2438662,-0.52145386,0.5664977999999999,0.7147522,-0.051825285000000006,-1.7138612,-1.2438662,-1.7496033,0.43746948,0.83828735,0.9376564,-1.2465198,-1.0766246,-1.6851807,0.061889650000000004,0.8952941999999999,0.8634341,-0.57830733,-0.9158120999999999,-1.0280762,0.10430908,0.59072876,0.44480205,-0.27288538,-0.434241,-0.8955078,0.11795044,0.5250854500000001,0.3578503,-0.25227976,-0.35201263,-0.38787842,-0.045898438,0.3491516,0.045672297,0.017142057000000002,-0.12875666,0.0058898926,-0.14782715,0.109954834,-0.2473414,0.1475848,0.11745607,检查1变、2变高压侧进出线开关在分闸位置，开闭站201、202断路器在工作位置。
-0.22796631,0.2875061,0.22262573,-0.42396802,-1.8068775,-0.4671995,0.44747925,0.7624512,0.2138977,-0.9004344999999999,-2.2854843,-0.67169863,0.60931396,0.8094177,0.33520508,-1.015341,-2.3007054,-0.8488222999999999,0.6851195999999999,0.94747925,0.5332030999999999,-1.0469396,-2.3975854,-1.0969858,0.7770996,0.8556824,0.7041931,-1.1226312,-2.282642,-1.2897713,0.8391723600000001,0.7048645,0.70373535,-1.1889068,-2.1018977,-1.3043659,0.8391723600000001,0.7048645,0.70373535,-1.1889068,-2.1018977,-1.3043659,0.76797485,0.7149048,0.7366028,-1.1290243,-2.0972815,-1.337771,0.10372925000000001,0.7073058999999999,1.0588684,-0.51590157,-2.024095,-1.6490936,0.10372925000000001,0.7073058999999999,1.0588684,-0.51590157,-2.024095,-1.6490936,0.008361816000000001,0.49542236,0.8817748999999999,-0.47695088,-1.7561544,-1.4607587,-0.52145386,0.5664977999999999,0.7147522,-0.051825285000000006,-1.7138612,-1.2438662,-0.52145386,0.5664977999999999,0.7147522,-0.051825285000000006,-1.7138612,-1.2438662,-1.7496033,0.43746948,0.83828735,0.9376564,-1.2465198,-1.0766246,-1.6851807,0.061889650000000004,0.8952941999999999,0.8634341,-0.57830733,-0.9158120999999999,-1.0280762,0.10430908,0.59072876,0.44480205,-0.27288538,-0.434241,-0.8955078,0.11795044,0.5250854500000001,0.3578503,-0.25227976,-0.35201263,-0.38787842,-0.045898438,0.3491516,0.045672297,0.017142057000000002,-0.12875666,0.0058898926,-0.14782715,0.109954834,-0.2473414,0.1475848,0.11745607,0.4824524,-0.5180359,-0.14086914,-0.5273272999999999,0.5451249,0.34113854,检查1变、2变高压侧进出线开关在分闸位置，开闭站201、202断路器在工作位置。
0.44747925,0.7624512,0.2138977,-0.9004344999999999,-2.2854843,-0.67169863,0.60931396,0.8094177,0.33520508,-1.015341,-2.3007054,-0.8488222999999999,0.6851195999999999,0.94747925,0.5332030999999999,-1.0469396,-2.3975854,-1.0969858,0.7770996,0.8556824,0.7041931,-1.1226312,-2.282642,-1.2897713,0.8391723600000001,0.7048645,0.70373535,-1.1889068,-2.1018977,-1.3043659,0.8391723600000001,0.7048645,0.70373535,-1.1889068,-2.1018977,-1.3043659,0.76797485,0.7149048,0.7366028,-1.1290243,-2.0972815,-1.337771,0.10372925000000001,0.7073058999999999,1.0588684,-0.51590157,-2.024095,-1.6490936,0.10372925000000001,0.7073058999999999,1.0588684,-0.51590157,-2.024095,-1.6490936,0.008361816000000001,0.49542236,0.8817748999999999,-0.47695088,-1.7561544,-1.4607587,-0.52145386,0.5664977999999999,0.7147522,-0.051825285000000006,-1.7138612,-1.2438662,-0.52145386,0.5664977999999999,0.7147522,-0.051825285000000006,-1.7138612,-1.2438662,-1.7496033,0.43746948,0.83828735,0.9376564,-1.2465198,-1.0766246,-1.6851807,0.061889650000000004,0.8952941999999999,0.8634341,-0.57830733,-0.9158120999999999,-1.0280762,0.10430908,0.59072876,0.44480205,-0.27288538,-0.434241,-0.8955078,0.11795044,0.5250854500000001,0.3578503,-0.25227976,-0.35201263,-0.38787842,-0.045898438,0.3491516,0.045672297,0.017142057000000002,-0.12875666,0.0058898926,-0.14782715,0.109954834,-0.2473414,0.1475848,0.11745607,0.4824524,-0.5180359,-0.14086914,-0.5273272999999999,0.5451249,0.34113854,0.5923157,-0.6097106999999999,-0.13781738,-0.5927378,0.6374046999999999,0.32064188,检查1变、2变高压侧进出线开关在分闸位置，开闭站201、202断路器在工作位置。
0.60931396,0.8094177,0.33520508,-1.015341,-2.3007054,-0.8488222999999999,0.6851195999999999,0.94747925,0.5332030999999999,-1.0469396,-2.3975854,-1.0969858,0.7770996,0.8556824,0.7041931,-1.1226312,-2.282642,-1.2897713,0.8391723600000001,0.7048645,0.70373535,-1.1889068,-2.1018977,-1.3043659,0.8391723600000001,0.7048645,0.70373535,-1.1889068,-2.1018977,-1.3043659,0.76797485,0.7149048,0.7366028,-1.1290243,-2.0972815,-1.337771,0.10372925000000001,0.7073058999999999,1.0588684,-0.51590157,-2.024095,-1.6490936,0.10372925000000001,0.7073058999999999,1.0588684,-0.51590157,-2.024095,-1.6490936,0.008361816000000001,0.49542236,0.8817748999999999,-0.47695088,-1.7561544,-1.4607587,-0.52145386,0.5664977999999999,0.7147522,-0.051825285000000006,-1.7138612,-1.2438662,-0.52145386,0.5664977999999999,0.7147522,-0.051825285000000006,-1.7138612,-1.2438662,-1.7496033,0.43746948,0.83828735,0.9376564,-1.2465198,-1.0766246,-1.6851807,0.061889650000000004,0.8952941999999999,0.8634341,-0.57830733,-0.9158120999999999,-1.0280762,0.10430908,0.59072876,0.44480205,-0.27288538,-0.434241,-0.8955078,0.11795044,0.5250854500000001,0.3578503,-0.25227976,-0.35201263,-0.38787842,-0.045898438,0.3491516,0.045672297,0.017142057000000002,-0.12875666,0.0058898926,-0.14782715,0.109954834,-0.2473414,0.1475848,0.11745607,0.4824524,-0.5180359,-0.14086914,-0.5273272999999999,0.5451249,0.34113854,0.5923157,-0.6097106999999999,-0.13781738,-0.5927378,0.6374046999999999,0.32064188,0.98153687,-0.6046448,-0.12030029,-0.85568845,0.6144062,0.23212326,检查1变、2变高压侧进出线开关在分闸位置，开闭站201、202断路器在工作位置。
0.6851195999999999,0.94747925,0.5332030999999999,-1.0469396,-2.3975854,-1.0969858,0.7770996,0.8556824,0.7041931,-1.1226312,-2.282642,-1.2897713,0.8391723600000001,0.7048645,0.70373535,-1.1889068,-2.1018977,-1.3043659,0.8391723600000001,0.7048645,0.70373535,-1.1889068,-2.1018977,-1.3043659,0.76797485,0.7149048,0.7366028,-1.1290243,-2.0972815,-1.337771,0.10372925000000001,0.7073058999999999,1.0588684,-0.51590157,-2.024095,-1.6490936,0.10372925000000001,0.7073058999999999,1.0588684,-0.51590157,-2.024095,-1.6490936,0.008361816000000001,0.49542236,0.8817748999999999,-0.47695088,-1.7561544,-1.4607587,-0.52145386,0.5664977999999999,0.7147522,-0.051825285000000006,-1.7138612,-1.2438662,-0.52145386,0.5664977999999999,0.7147522,-0.051825285000000006,-1.7138612,-1.2438662,-1.7496033,0.43746948,0.83828735,0.9376564,-1.2465198,-1.0766246,-1.6851807,0.061889650000000004,0.8952941999999999,0.8634341,-0.57830733,-0.9158120999999999,-1.0280762,0.10430908,0.59072876,0.44480205,-0.27288538,-0.434241,-0.8955078,0.11795044,0.5250854500000001,0.3578503,-0.25227976,-0.35201263,-0.38787842,-0.045898438,0.3491516,0.045672297,0.017142057000000002,-0.12875666,0.0058898926,-0.14782715,0.109954834,-0.2473414,0.1475848,0.11745607,0.4824524,-0.5180359,-0.14086914,-0.5273272999999999,0.5451249,0.34113854,0.5923157,-0.6097106999999999,-0.13781738,-0.5927378,0.6374046999999999,0.32064188,0.98153687,-0.6046448,-0.12030029,-0.85568845,0.6144062,0.23212326,0.95376587,-0.6487731999999999,-0.11306763,-0.8066304,0.64973545,0.17833488,检查1变、2变高压侧进出线开关在分闸位置，开闭站201、202断路器在工作位置。
0.7770996,0.8556824,0.7041931,-1.1226312,-2.282642,-1.2897713,0.8391723600000001,0.7048645,0.70373535,-1.1889068,-2.1018977,-1.3043659,0.8391723600000001,0.7048645,0.70373535,-1.1889068,-2.1018977,-1.3043659,0.76797485,0.7149048,0.7366028,-1.1290243,-2.0972815,-1.337771,0.10372925000000001,0.7073058999999999,1.0588684,-0.51590157,-2.024095,-1.6490936,0.10372925000000001,0.7073058999999999,1.0588684,-0.51590157,-2.024095,-1.6490936,0.008361816000000001,0.49542236,0.8817748999999999,-0.47695088,-1.7561544,-1.4607587,-0.52145386,0.5664977999999999,0.7147522,-0.051825285000000006,-1.7138612,-1.2438662,-0.52145386,0.5664977999999999,0.7147522,-0.051825285000000006,-1.7138612,-1.2438662,-1.7496033,0.43746948,0.83828735,0.9376564,-1.2465198,-1.0766246,-1.6851807,0.061889650000000004,0.8952941999999999,0.8634341,-0.57830733,-0.9158120999999999,-1.0280762,0.10430908,0.59072876,0.44480205,-0.27288538,-0.434241,-0.8955078,0.11795044,0.5250854500000001,0.3578503,-0.25227976,-0.35201263,-0.38787842,-0.045898438,0.3491516,0.045672297,0.017142057000000002,-0.12875666,0.0058898926,-0.14782715,0.109954834,-0.2473414,0.1475848,0.11745607,0.4824524,-0.5180359,-0.14086914,-0.5273272999999999,0.5451249,0.34113854,0.5923157,-0.6097106999999999,-0.13781738,-0.5927378,0.6374046999999999,0.32064188,0.98153687,-0.6046448,-0.12030029,-0.85568845,0.6144062,0.23212326,0.95376587,-0.6487731999999999,-0.11306763,-0.8066304,0.64973545,0.17833488,0.9486999500000001,-0.58029175,-0.12216186500000001,-0.8091480999999999,0.57673585,0.16192305,检查1变、2变高压侧进出线开关在分闸位置，开闭站201、202断路器在工作位置。
0.8391723600000001,0.7048645,0.70373535,-1.1889068,-2.1018977,-1.3043659,0.8391723600000001,0.7048645,0.70373535,-1.1889068,-2.1018977,-1.3043659,0.76797485,0.7149048,0.7366028,-1.1290243,-2.0972815,-1.337771,0.10372925000000001,0.7073058999999999,1.0588684,-0.51590157,-2.024095,-1.6490936,0.10372925000000001,0.7073058999999999,1.0588684,-0.51590157,-2.024095,-1.6490936,0.008361816000000001,0.49542236,0.8817748999999999,-0.47695088,-1.7561544,-1.4607587,-0.52145386,0.5664977999999999,0.7147522,-0.051825285000000006,-1.7138612,-1.2438662,-0.52145386,0.5664977999999999,0.7147522,-0.051825285000000006,-1.7138612,-1.2438662,-1.7496033,0.43746948,0.83828735,0.9376564,-1.2465198,-1.0766246,-1.6851807,0.061889650000000004,0.8952941999999999,0.8634341,-0.57830733,-0.9158120999999999,-1.0280762,0.10430908,0.59072876,0.44480205,-0.27288538,-0.434241,-0.8955078,0.11795044,0.5250854500000001,0.3578503,-0.25227976,-0.35201263,-0.38787842,-0.045898438,0.3491516,0.045672297,0.017142057000000002,-0.12875666,0.0058898926,-0.14782715,0.109954834,-0.2473414,0.1475848,0.11745607,0.4824524,-0.5180359,-0.14086914,-0.5273272999999999,0.5451249,0.34113854,0.5923157,-0.6097106999999999,-0.13781738,-0.5927378,0.6374046999999999,0.32064188,0.98153687,-0.6046448,-0.12030029,-0.85568845,0.6144062,0.23212326,0.95376587,-0.6487731999999999,-0.11306763,-0.8066304,0.64973545,0.17833488,0.9486999500000001,-0.58029175,-0.12216186500000001,-0.8091480999999999,0.57673585,0.16192305,0.7444153,-0.32070923,-0.029388428,-0.67314684,0.3136562,0.019035041000000003,检查1变、2变高压侧进出线开关在分闸位置，开闭站201、202断路器在工作位置。
0.8391723600000001,0.7048645,0.70373535,-1.1889068,-2.1018977,-1.3043659,0.76797485,0.7149048,0.7366028,-1.1290243,-2.0972815,-1.337771,0.10372925000000001,0.7073058999999999,1.0588684,-0.51590157,-2.024095,-1.6490936,0.10372925000000001,0.7073058999999999,1.0588684,-0.51590157,-2.024095,-1.6490936,0.008361816000000001,0.49542236,0.8817748999999999,-0.47695088,-1.7561544,-1.4607587,-0.52145386,0.5664977999999999,0.7147522,-0.051825285000000006,-1.7138612,-1.2438662,-0.52145386,0.5664977999999999,0.7147522,-0.051825285000000006,-1.7138612,-1.2438662,-1.7496033,0.43746948,0.83828735,0.9376564,-1.2465198,-1.0766246,-1.6851807,0.061889650000000004,0.8952941999999999,0.8634341,-0.57830733,-0.9158120999999999,-1.0280762,0.10430908,0.59072876,0.44480205,-0.27288538,-0.434241,-0.8955078,0.11795044,0.5250854500000001,0.3578503,-0.25227976,-0.35201263,-0.38787842,-0.045898438,0.3491516,0.045672297,0.017142057000000002,-0.12875666,0.0058898926,-0.14782715,0.109954834,-0.2473414,0.1475848,0.11745607,0.4824524,-0.5180359,-0.14086914,-0.5273272999999999,0.5451249,0.34113854,0.5923157,-0.6097106999999999,-0.13781738,-0.5927378,0.6374046999999999,0.32064188,0.98153687,-0.6046448,-0.12030029,-0.85568845,0.6144062,0.23212326,0.95376587,-0.6487731999999999,-0.11306763,-0.8066304,0.64973545,0.17833488,0.9486999500000001,-0.58029175,-0.12216186500000001,-0.8091480999999999,0.57673585,0.16192305,0.7444153,-0.32070923,-0.029388428,-0.67314684,0.3136562,0.019035041000000003,0.5982360999999999,-0.22564697,0.032348633,-0.57476544,0.21729434,-0.059843674000000006,检查1变、2变高压侧进出线开关在分闸位置，开闭站201、202断路器在工作位置。
0.76797485,0.7149048,0.7366028,-1.1290243,-2.0972815,-1.337771,0.10372925000000001,0.7073058999999999,1.0588684,-0.51590157,-2.024095,-1.6490936,0.10372925000000001,0.7073058999999999,1.0588684,-0.51590157,-2.024095,-1.6490936,0.008361816000000001,0.49542236,0.8817748999999999,-0.47695088,-1.7561544,-1.4607587,-0.52145386,0.5664977999999999,0.7147522,-0.051825285000000006,-1.7138612,-1.2438662,-0.52145386,0.5664977999999999,0.7147522,-0.051825285000000006,-1.7138612,-1.2438662,-1.7496033,0.43746948,0.83828735,0.9376564,-1.2465198,-1.0766246,-1.6851807,0.061889650000000004,0.8952941999999999,0.8634341,-0.57830733,-0.9158120999999999,-1.0280762,0.10430908,0.59072876,0.44480205,-0.27288538,-0.434241,-0.8955078,0.11795044,0.5250854500000001,0.3578503,-0.25227976,-0.35201263,-0.38787842,-0.045898438,0.3491516,0.045672297,0.017142057000000002,-0.12875666,0.0058898926,-0.14782715,0.109954834,-0.2473414,0.1475848,0.11745607,0.4824524,-0.5180359,-0.14086914,-0.5273272999999999,0.5451249,0.34113854,0.5923157,-0.6097106999999999,-0.13781738,-0.5927378,0.6374046999999999,0.32064188,0.98153687,-0.6046448,-0.12030029,-0.85568845,0.6144062,0.23212326,0.95376587,-0.6487731999999999,-0.11306763,-0.8066304,0.64973545,0.17833488,0.9486999500000001,-0.58029175,-0.12216186500000001,-0.8091480999999999,0.57673585,0.16192305,0.7444153,-0.32070923,-0.029388428,-0.67314684,0.3136562,0.019035041000000003,0.5982360999999999,-0.22564697,0.032348633,-0.57476544,0.21729434,-0.059843674000000006,0.39627075,-0.11691284,0.08224487,-0.46505219999999997,0.10150814,-0.1268384,检查1变、2变高压侧进出线开关在分闸位置，开闭站201、202断路器在工作位置。
0.10372925000000001,0.7073058999999999,1.0588684,-0.51590157,-2.024095,-1.6490936,0.10372925000000001,0.7073058999999999,1.0588684,-0.51590157,-2.024095,-1.6490936,0.008361816000000001,0.49542236,0.8817748999999999,-0.47695088,-1.7561544,-1.4607587,-0.52145386,0.5664977999999999,0.7147522,-0.051825285000000006,-1.7138612,-1.2438662,-0.52145386,0.5664977999999999,0.7147522,-0.051825285000000006,-1.7138612,-1.2438662,-1.7496033,0.43746948,0.83828735,0.9376564,-1.2465198,-1.0766246,-1.6851807,0.061889650000000004,0.8952941999999999,0.8634341,-0.57830733,-0.9158120999999999,-1.0280762,0.10430908,0.59072876,0.44480205,-0.27288538,-0.434241,-0.8955078,0.11795044,0.5250854500000001,0.3578503,-0.25227976,-0.35201263,-0.38787842,-0.045898438,0.3491516,0.045672297,0.017142057000000002,-0.12875666,0.0058898926,-0.14782715,0.109954834,-0.2473414,0.1475848,0.11745607,0.4824524,-0.5180359,-0.14086914,-0.5273272999999999,0.5451249,0.34113854,0.5923157,-0.6097106999999999,-0.13781738,-0.5927378,0.6374046999999999,0.32064188,0.98153687,-0.6046448,-0.12030029,-0.85568845,0.6144062,0.23212326,0.95376587,-0.6487731999999999,-0.11306763,-0.8066304,0.64973545,0.17833488,0.9486999500000001,-0.58029175,-0.12216186500000001,-0.8091480999999999,0.57673585,0.16192305,0.7444153,-0.32070923,-0.029388428,-0.67314684,0.3136562,0.019035041000000003,0.5982360999999999,-0.22564697,0.032348633,-0.57476544,0.21729434,-0.059843674000000006,0.39627075,-0.11691284,0.08224487,-0.46505219999999997,0.10150814,-0.1268384,0.08193969999999999,-0.03817749,0.23504639,-0.2708192,0.005344808,-0.2883227,检查1变、2变高压侧进出线开关在分闸位置，开闭站201、202断路器在工作位置。
0.10372925000000001,0.7073058999999999,1.0588684,-0.51590157,-2.024095,-1.6490936,0.008361816000000001,0.49542236,0.8817748999999999,-0.47695088,-1.7561544,-1.4607587,-0.52145386,0.5664977999999999,0.7147522,-0.051825285000000006,-1.7138612,-1.2438662,-0.52145386,0.5664977999999999,0.7147522,-0.051825285000000006,-1.7138612,-1.2438662,-1.7496033,0.43746948,0.83828735,0.9376564,-1.2465198,-1.0766246,-1.6851807,0.061889650000000004,0.8952941999999999,0.8634341,-0.57830733,-0.9158120999999999,-1.0280762,0.10430908,0.59072876,0.44480205,-0.27288538,-0.434241,-0.8955078,0.11795044,0.5250854500000001,0.3578503,-0.25227976,-0.35201263,-0.38787842,-0.045898438,0.3491516,0.045672297,0.017142057000000002,-0.12875666,0.0058898926,-0.14782715,0.109954834,-0.2473414,0.1475848,0.11745607,0.4824524,-0.5180359,-0.14086914,-0.5273272999999999,0.5451249,0.34113854,0.5923157,-0.6097106999999999,-0.13781738,-0.5927378,0.6374046999999999,0.32064188,0.98153687,-0.6046448,-0.12030029,-0.85568845,0.6144062,0.23212326,0.95376587,-0.6487731999999999,-0.11306763,-0.8066304,0.64973545,0.17833488,0.9486999500000001,-0.58029175,-0.12216186500000001,-0.8091480999999999,0.57673585,0.16192305,0.7444153,-0.32070923,-0.029388428,-0.67314684,0.3136562,0.019035041000000003,0.5982360999999999,-0.22564697,0.032348633,-0.57476544,0.21729434,-0.059843674000000006,0.39627075,-0.11691284,0.08224487,-0.46505219999999997,0.10150814,-0.1268384,0.08193969999999999,-0.03817749,0.23504639,-0.2708192,0.005344808,-0.2883227,-0.29336548,0.10971069,0.32946777,-0.034410715,-0.184443,-0.38287836000000003,检查1变、2变高压侧进出线开关在分闸位置，开闭站201、202断路器在工作位置。
0.008361816000000001,0.49542236,0.8817748999999999,-0.47695088,-1.7561544,-1.4607587,-0.52145386,0.5664977999999999,0.7147522,-0.051825285000000006,-1.7138612,-1.2438662,-0.52145386,0.5664977999999999,0.7147522,-0.051825285000000006,-1.7138612,-1.2438662,-1.7496033,0.43746948,0.83828735,0.9376564,-1.2465198,-1.0766246,-1.6851807,0.061889650000000004,0.8952941999999999,0.8634341,-0.57830733,-0.9158120999999999,-1.0280762,0.10430908,0.59072876,0.44480205,-0.27288538,-0.434241,-0.8955078,0.11795044,0.5250854500000001,0.3578503,-0.25227976,-0.35201263,-0.38787842,-0.045898438,0.3491516,0.045672297,0.017142057000000002,-0.12875666,0.0058898926,-0.14782715,0.109954834,-0.2473414,0.1475848,0.11745607,0.4824524,-0.5180359,-0.14086914,-0.5273272999999999,0.5451249,0.34113854,0.5923157,-0.6097106999999999,-0.13781738,-0.5927378,0.6374046999999999,0.32064188,0.98153687,-0.6046448,-0.12030029,-0.85568845,0.6144062,0.23212326,0.95376587,-0.6487731999999999,-0.11306763,-0.8066304,0.64973545,0.17833488,0.9486999500000001,-0.58029175,-0.12216186500000001,-0.8091480999999999,0.57673585,0.16192305,0.7444153,-0.32070923,-0.029388428,-0.67314684,0.3136562,0.019035041000000003,0.5982360999999999,-0.22564697,0.032348633,-0.57476544,0.21729434,-0.059843674000000006,0.39627075,-0.11691284,0.08224487,-0.46505219999999997,0.10150814,-0.1268384,0.08193969999999999,-0.03817749,0.23504639,-0.2708192,0.005344808,-0.2883227,-0.29336548,0.10971069,0.32946777,-0.034410715,-0.184443,-0.38287836000000003,-0.5515441999999999,0.19439697,0.3711548,0.12428665,-0.31707029999999997,-0.4275617,检查1变、2变高压侧进出线开关在分闸位置，开闭站201、202断路器在工作位置。
-0.52145386,0.5664977999999999,0.7147522,-0.051825285000000006,-1.7138612,-1.2438662,-0.52145386,0.5664977999999999,0.7147522,-0.051825285000000006,-1.7138612,-1.2438662,-1.7496033,0.43746948,0.83828735,0.9376564,-1.2465198,-1.0766246,-1.6851807,0.061889650000000004,0.8952941999999999,0.8634341,-0.57830733,-0.9158120999999999,-1.0280762,0.10430908,0.59072876,0.44480205,-0.27288538,-0.434241,-0.8955078,0.11795044,0.5250854500000001,0.3578503,-0.25227976,-0.35201263,-0.38787842,-0.045898438,0.3491516,0.045672297,0.017142057000000002,-0.12875666,0.0058898926,-0.14782715,0.109954834,-0.2473414,0.1475848,0.11745607,0.4824524,-0.5180359,-0.14086914,-0.5273272999999999,0.5451249,0.34113854,0.5923157,-0.6097106999999999,-0.13781738,-0.5927378,0.6374046999999999,0.32064188,0.98153687,-0.6046448,-0.12030029,-0.85568845,0.6144062,0.23212326,0.95376587,-0.6487731999999999,-0.11306763,-0.8066304,0.64973545,0.17833488,0.9486999500000001,-0.58029175,-0.12216186500000001,-0.8091480999999999,0.57673585,0.16192305,0.7444153,-0.32070923,-0.029388428,-0.67314684,0.3136562,0.019035041000000003,0.5982360999999999,-0.22564697,0.032348633,-0.57476544,0.21729434,-0.059843674000000006,0.39627075,-0.11691284,0.08224487,-0.46505219999999997,0.10150814,-0.1268384,0.08193969999999999,-0.03817749,0.23504639,-0.2708192,0.005344808,-0.2883227,-0.29336548,0.10971069,0.32946777,-0.034410715,-0.184443,-0.38287836000000003,-0.5515441999999999,0.19439697,0.3711548,0.12428665,-0.31707029999999997,-0.4275617,-0.9966430700000001,0.23727417,0.49182129999999996,0.42080116,-0.46738019999999997,-0.56441396,检查1变、2变高压侧进出线开关在分闸位置，开闭站201、202断路器在工作位置。
-0.52145386,0.5664977999999999,0.7147522,-0.051825285000000006,-1.7138612,-1.2438662,-1.7496033,0.43746948,0.83828735,0.9376564,-1.2465198,-1.0766246,-1.6851807,0.061889650000000004,0.8952941999999999,0.8634341,-0.57830733,-0.9158120999999999,-1.0280762,0.10430908,0.59072876,0.44480205,-0.27288538,-0.434241,-0.8955078,0.11795044,0.5250854500000001,0.3578503,-0.25227976,-0.35201263,-0.38787842,-0.045898438,0.3491516,0.045672297,0.017142057000000002,-0.12875666,0.0058898926,-0.14782715,0.109954834,-0.2473414,0.1475848,0.11745607,0.4824524,-0.5180359,-0.14086914,-0.5273272999999999,0.5451249,0.34113854,0.5923157,-0.6097106999999999,-0.13781738,-0.5927378,0.6374046999999999,0.32064188,0.98153687,-0.6046448,-0.12030029,-0.85568845,0.6144062,0.23212326,0.95376587,-0.6487731999999999,-0.11306763,-0.8066304,0.64973545,0.17833488,0.9486999500000001,-0.58029175,-0.12216186500000001,-0.8091480999999999,0.57673585,0.16192305,0.7444153,-0.32070923,-0.029388428,-0.67314684,0.3136562,0.019035041000000003,0.5982360999999999,-0.22564697,0.032348633,-0.57476544,0.21729434,-0.059843674000000006,0.39627075,-0.11691284,0.08224487,-0.46505219999999997,0.10150814,-0.1268384,0.08193969999999999,-0.03817749,0.23504639,-0.2708192,0.005344808,-0.2883227,-0.29336548,0.10971069,0.32946777,-0.034410715,-0.184443,-0.38287836000000003,-0.5515441999999999,0.19439697,0.3711548,0.12428665,-0.31707029999999997,-0.4275617,-0.9966430700000001,0.23727417,0.49182129999999996,0.42080116,-0.46738019999999997,-0.56441396,-1.3846436,0.35842896,0.5609436,0.6809587500000001,-0.7465109999999999,-0.6684298,检查1变、2变高压侧进出线开关在分闸位置，开闭站201、202断路器在工作位置。
-1.7496033,0.43746948,0.83828735,0.9376564,-1.2465198,-1.0766246,-1.6851807,0.061889650000000004,0.8952941999999999,0.8634341,-0.57830733,-0.9158120999999999,-1.0280762,0.10430908,0.59072876,0.44480205,-0.27288538,-0.434241,-0.8955078,0.11795044,0.5250854500000001,0.3578503,-0.25227976,-0.35201263,-0.38787842,-0.045898438,0.3491516,0.045672297,0.017142057000000002,-0.12875666,0.0058898926,-0.14782715,0.109954834,-0.2473414,0.1475848,0.11745607,0.4824524,-0.5180359,-0.14086914,-0.5273272999999999,0.5451249,0.34113854,0.5923157,-0.6097106999999999,-0.13781738,-0.5927378,0.6374046999999999,0.32064188,0.98153687,-0.6046448,-0.12030029,-0.85568845,0.6144062,0.23212326,0.95376587,-0.6487731999999999,-0.11306763,-0.8066304,0.64973545,0.17833488,0.9486999500000001,-0.58029175,-0.12216186500000001,-0.8091480999999999,0.57673585,0.16192305,0.7444153,-0.32070923,-0.029388428,-0.67314684,0.3136562,0.019035041000000003,0.5982360999999999,-0.22564697,0.032348633,-0.57476544,0.21729434,-0.059843674000000006,0.39627075,-0.11691284,0.08224487,-0.46505219999999997,0.10150814,-0.1268384,0.08193969999999999,-0.03817749,0.23504639,-0.2708192,0.005344808,-0.2883227,-0.29336548,0.10971069,0.32946777,-0.034410715,-0.184443,-0.38287836000000003,-0.5515441999999999,0.19439697,0.3711548,0.12428665,-0.31707029999999997,-0.4275617,-0.9966430700000001,0.23727417,0.49182129999999996,0.42080116,-0.46738019999999997,-0.56441396,-1.3846436,0.35842896,0.5609436,0.6809587500000001,-0.7465109999999999,-0.6684298,-1.6123047,0.50387573,0.58862305,0.8253803,-1.0942013,-0.75622827,检查1变、2变高压侧进出线开关在分闸位置，开闭站201、202断路器在工作位置。
-1.6851807,0.061889650000000004,0.8952941999999999,0.8634341,-0.57830733,-0.9158120999999999,-1.0280762,0.10430908,0.59072876,0.44480205,-0.27288538,-0.434241,-0.8955078,0.11795044,0.5250854500000001,0.3578503,-0.25227976,-0.35201263,-0.38787842,-0.045898438,0.3491516,0.045672297,0.017142057000000002,-0.12875666,0.0058898926,-0.14782715,0.109954834,-0.2473414,0.1475848,0.11745607,0.4824524,-0.5180359,-0.14086914,-0.5273272999999999,0.5451249,0.34113854,0.5923157,-0.6097106999999999,-0.13781738,-0.5927378,0.6374046999999999,0.32064188,0.98153687,-0.6046448,-0.12030029,-0.85568845,0.6144062,0.23212326,0.95376587,-0.6487731999999999,-0.11306763,-0.8066304,0.64973545,0.17833488,0.9486999500000001,-0.58029175,-0.12216186500000001,-0.8091480999999999,0.57673585,0.16192305,0.7444153,-0.32070923,-0.029388428,-0.67314684,0.3136562,0.019035041000000003,0.5982360999999999,-0.22564697,0.032348633,-0.57476544,0.21729434,-0.059843674000000006,0.39627075,-0.11691284,0.08224487,-0.46505219999999997,0.10150814,-0.1268384,0.08193969999999999,-0.03817749,0.23504639,-0.2708192,0.005344808,-0.2883227,-0.29336548,0.10971069,0.32946777,-0.034410715,-0.184443,-0.38287836000000003,-0.5515441999999999,0.19439697,0.3711548,0.12428665,-0.31707029999999997,-0.4275617,-0.9966430700000001,0.23727417,0.49182129999999996,0.42080116,-0.46738019999999997,-0.56441396,-1.3846436,0.35842896,0.5609436,0.6809587500000001,-0.7465109999999999,-0.6684298,-1.6123047,0.50387573,0.58862305,0.8253803,-1.0942013,-0.75622827,-1.493927,0.9945679,1.1936951,0.7068567,-1.866689,-1.4826413,检查1变、2变高压侧进出线开关在分闸位置，开闭站201、202断路器在工作位置。
-1.0280762,0.10430908,0.59072876,0.44480205,-0.27288538,-0.434241,-0.8955078,0.11795044,0.5250854500000001,0.3578503,-0.25227976,-0.35201263,-0.38787842,-0.045898438,0.3491516,0.045672297,0.017142057000000002,-0.12875666,0.0058898926,-0.14782715,0.109954834,-0.2473414,0.1475848,0.11745607,0.4824524,-0.5180359,-0.14086914,-0.5273272999999999,0.5451249,0.34113854,0.5923157,-0.6097106999999999,-0.13781738,-0.5927378,0.6374046999999999,0.32064188,0.98153687,-0.6046448,-0.12030029,-0.85568845,0.6144062,0.23212326,0.95376587,-0.6487731999999999,-0.11306763,-0.8066304,0.64973545,0.17833488,0.9486999500000001,-0.58029175,-0.12216186500000001,-0.8091480999999999,0.57673585,0.16192305,0.7444153,-0.32070923,-0.029388428,-0.67314684,0.3136562,0.019035041000000003,0.5982360999999999,-0.22564697,0.032348633,-0.57476544,0.21729434,-0.059843674000000006,0.39627075,-0.11691284,0.08224487,-0.46505219999999997,0.10150814,-0.1268384,0.08193969999999999,-0.03817749,0.23504639,-0.2708192,0.005344808,-0.2883227,-0.29336548,0.10971069,0.32946777,-0.034410715,-0.184443,-0.38287836000000003,-0.5515441999999999,0.19439697,0.3711548,0.12428665,-0.31707029999999997,-0.4275617,-0.9966430700000001,0.23727417,0.49182129999999996,0.42080116,-0.46738019999999997,-0.56441396,-1.3846436,0.35842896,0.5609436,0.6809587500000001,-0.7465109999999999,-0.6684298,-1.6123047,0.50387573,0.58862305,0.8253803,-1.0942013,-0.75622827,-1.493927,0.9945679,1.1936951,0.7068567,-1.866689,-1.4826413,-0.52371216,-0.17208862,0.018981934000000002,-0.17117465,-0.8840836,-0.4616903,检查1变、2变高压侧进出线开关在分闸位置，开闭站201、202断路器在工作位置。
-0.8955078,0.11795044,0.5250854500000001,0.3578503,-0.25227976,-0.35201263,-0.38787842,-0.045898438,0.3491516,0.045672297,0.017142057000000002,-0.12875666,0.0058898926,-0.14782715,0.109954834,-0.2473414,0.1475848,0.11745607,0.4824524,-0.5180359,-0.14086914,-0.5273272999999999,0.5451249,0.34113854,0.5923157,-0.6097106999999999,-0.13781738,-0.5927378,0.6374046999999999,0.32064188,0.98153687,-0.6046448,-0.12030029,-0.85568845,0.6144062,0.23212326,0.95376587,-0.6487731999999999,-0.11306763,-0.8066304,0.64973545,0.17833488,0.9486999500000001,-0.58029175,-0.12216186500000001,-0.8091480999999999,0.57673585,0.16192305,0.7444153,-0.32070923,-0.029388428,-0.67314684,0.3136562,0.019035041000000003,0.5982360999999999,-0.22564697,0.032348633,-0.57476544,0.21729434,-0.059843674000000006,0.39627075,-0.11691284,0.08224487,-0.46505219999999997,0.10150814,-0.1268384,0.08193969999999999,-0.03817749,0.23504639,-0.2708192,0.005344808,-0.2883227,-0.29336548,0.10971069,0.32946777,-0.034410715,-0.184443,-0.38287836000000003,-0.5515441999999999,0.19439697,0.3711548,0.12428665,-0.31707029999999997,-0.4275617,-0.9966430700000001,0.23727417,0.49182129999999996,0.42080116,-0.46738019999999997,-0.56441396,-1.3846436,0.35842896,0.5609436,0.6809587500000001,-0.7465109999999999,-0.6684298,-1.6123047,0.50387573,0.58862305,0.8253803,-1.0942013,-0.75622827,-1.493927,0.9945679,1.1936951,0.7068567,-1.866689,-1.4826413,-0.52371216,-0.17208862,0.018981934000000002,-0.17117465,-0.8840836,-0.4616903,-0.2817688,0.16748047,0.29602049999999996,-0.32676744,-1.2352083,-0.8201069,检查1变、2变高压侧进出线开关在分闸位置，开闭站201、202断路器在工作位置。
-0.38787842,-0.045898438,0.3491516,0.045672297,0.017142057000000002,-0.12875666,0.0058898926,-0.14782715,0.109954834,-0.2473414,0.1475848,0.11745607,0.4824524,-0.5180359,-0.14086914,-0.5273272999999999,0.5451249,0.34113854,0.5923157,-0.6097106999999999,-0.13781738,-0.5927378,0.6374046999999999,0.32064188,0.98153687,-0.6046448,-0.12030029,-0.85568845,0.6144062,0.23212326,0.95376587,-0.6487731999999999,-0.11306763,-0.8066304,0.64973545,0.17833488,0.9486999500000001,-0.58029175,-0.12216186500000001,-0.8091480999999999,0.57673585,0.16192305,0.7444153,-0.32070923,-0.029388428,-0.67314684,0.3136562,0.019035041000000003,0.5982360999999999,-0.22564697,0.032348633,-0.57476544,0.21729434,-0.059843674000000006,0.39627075,-0.11691284,0.08224487,-0.46505219999999997,0.10150814,-0.1268384,0.08193969999999999,-0.03817749,0.23504639,-0.2708192,0.005344808,-0.2883227,-0.29336548,0.10971069,0.32946777,-0.034410715,-0.184443,-0.38287836000000003,-0.5515441999999999,0.19439697,0.3711548,0.12428665,-0.31707029999999997,-0.4275617,-0.9966430700000001,0.23727417,0.49182129999999996,0.42080116,-0.46738019999999997,-0.56441396,-1.3846436,0.35842896,0.5609436,0.6809587500000001,-0.7465109999999999,-0.6684298,-1.6123047,0.50387573,0.58862305,0.8253803,-1.0942013,-0.75622827,-1.493927,0.9945679,1.1936951,0.7068567,-1.866689,-1.4826413,-0.52371216,-0.17208862,0.018981934000000002,-0.17117465,-0.8840836,-0.4616903,-0.2817688,0.16748047,0.29602049999999996,-0.32676744,-1.2352083,-0.8201069,-0.12158203000000001,0.29910278,0.5544739,-0.45103002000000003,-1.3355176,-1.1130958,检查1变、2变高压侧进出线开关在分闸位置，开闭站201、202断路器在工作位置。
0.0058898926,-0.14782715,0.109954834,-0.2473414,0.1475848,0.11745607,0.4824524,-0.5180359,-0.14086914,-0.5273272999999999,0.5451249,0.34113854,0.5923157,-0.6097106999999999,-0.13781738,-0.5927378,0.6374046999999999,0.32064188,0.98153687,-0.6046448,-0.12030029,-0.85568845,0.6144062,0.23212326,0.95376587,-0.6487731999999999,-0.11306763,-0.8066304,0.64973545,0.17833488,0.9486999500000001,-0.58029175,-0.12216186500000001,-0.8091480999999999,0.57673585,0.16192305,0.7444153,-0.32070923,-0.029388428,-0.67314684,0.3136562,0.019035041000000003,0.5982360999999999,-0.22564697,0.032348633,-0.57476544,0.21729434,-0.059843674000000006,0.39627075,-0.11691284,0.08224487,-0.46505219999999997,0.10150814,-0.1268384,0.08193969999999999,-0.03817749,0.23504639,-0.2708192,0.005344808,-0.2883227,-0.29336548,0.10971069,0.32946777,-0.034410715,-0.184443,-0.38287836000000003,-0.5515441999999999,0.19439697,0.3711548,0.12428665,-0.31707029999999997,-0.4275617,-0.9966430700000001,0.23727417,0.49182129999999996,0.42080116,-0.46738019999999997,-0.56441396,-1.3846436,0.35842896,0.5609436,0.6809587500000001,-0.7465109999999999,-0.6684298,-1.6123047,0.50387573,0.58862305,0.8253803,-1.0942013,-0.75622827,-1.493927,0.9945679,1.1936951,0.7068567,-1.866689,-1.4826413,-0.52371216,-0.17208862,0.018981934000000002,-0.17117465,-0.8840836,-0.4616903,-0.2817688,0.16748047,0.29602049999999996,-0.32676744,-1.2352083,-0.8201069,-0.12158203000000001,0.29910278,0.5544739,-0.45103002000000003,-1.3355176,-1.1130958,0.09814453000000001,0.54522705,0.7310791,-0.63624775,-1.5075989,-1.3205405,检查1变、2变高压侧进出线开关在分闸位置，开闭站201、202断路器在工作位置。
0.4824524,-0.5180359,-0.14086914,-0.5273272999999999,0.5451249,0.34113854,0.5923157,-0.6097106999999999,-0.13781738,-0.5927378,0.6374046999999999,0.32064188,0.98153687,-0.6046448,-0.12030029,-0.85568845,0.6144062,0.23212326,0.95376587,-0.6487731999999999,-0.11306763,-0.8066304,0.64973545,0.17833488,0.9486999500000001,-0.58029175,-0.12216186500000001,-0.8091480999999999,0.57673585,0.16192305,0.7444153,-0.32070923,-0.029388428,-0.67314684,0.3136562,0.019035041000000003,0.5982360999999999,-0.22564697,0.032348633,-0.57476544,0.21729434,-0.059843674000000006,0.39627075,-0.11691284,0.08224487,-0.46505219999999997,0.10150814,-0.1268384,0.08193969999999999,-0.03817749,0.23504639,-0.2708192,0.005344808,-0.2883227,-0.29336548,0.10971069,0.32946777,-0.034410715,-0.184443,-0.38287836000000003,-0.5515441999999999,0.19439697,0.3711548,0.12428665,-0.31707029999999997,-0.4275617,-0.9966430700000001,0.23727417,0.49182129999999996,0.42080116,-0.46738019999999997,-0.56441396,-1.3846436,0.35842896,0.5609436,0.6809587500000001,-0.7465109999999999,-0.6684298,-1.6123047,0.50387573,0.58862305,0.8253803,-1.0942013,-0.75622827,-1.493927,0.9945679,1.1936951,0.7068567,-1.866689,-1.4826413,-0.52371216,-0.17208862,0.018981934000000002,-0.17117465,-0.8840836,-0.4616903,-0.2817688,0.16748047,0.29602049999999996,-0.32676744,-1.2352083,-0.8201069,-0.12158203000000001,0.29910278,0.5544739,-0.45103002000000003,-1.3355176,-1.1130958,0.09814453000000001,0.54522705,0.7310791,-0.63624775,-1.5075989,-1.3205405,0.38467407000000003,0.2696228,0.59243774,-0.85676074,-1.1307216,-1.2230109,检查1变、2变高压侧进出线开关在分闸位置，开闭站201、202断路器在工作位置。
0.5923157,-0.6097106999999999,-0.13781738,-0.5927378,0.6374046999999999,0.32064188,0.98153687,-0.6046448,-0.12030029,-0.85568845,0.6144062,0.23212326,0.95376587,-0.6487731999999999,-0.11306763,-0.8066304,0.64973545,0.17833488,0.9486999500000001,-0.58029175,-0.12216186500000001,-0.8091480999999999,0.57673585,0.16192305,0.7444153,-0.32070923,-0.029388428,-0.67314684,0.3136562,0.019035041000000003,0.5982360999999999,-0.22564697,0.032348633,-0.57476544,0.21729434,-0.059843674000000006,0.39627075,-0.11691284,0.08224487,-0.46505219999999997,0.10150814,-0.1268384,0.08193969999999999,-0.03817749,0.23504639,-0.2708192,0.005344808,-0.2883227,-0.29336548,0.10971069,0.32946777,-0.034410715,-0.184443,-0.38287836000000003,-0.5515441999999999,0.19439697,0.3711548,0.12428665,-0.31707029999999997,-0.4275617,-0.9966430700000001,0.23727417,0.49182129999999996,0.42080116,-0.46738019999999997,-0.56441396,-1.3846436,0.35842896,0.5609436,0.6809587500000001,-0.7465109999999999,-0.6684298,-1.6123047,0.50387573,0.58862305,0.8253803,-1.0942013,-0.75622827,-1.493927,0.9945679,1.1936951,0.7068567,-1.866689,-1.4826413,-0.52371216,-0.17208862,0.018981934000000002,-0.17117465,-0.8840836,-0.4616903,-0.2817688,0.16748047,0.29602049999999996,-0.32676744,-1.2352083,-0.8201069,-0.12158203000000001,0.29910278,0.5544739,-0.45103002000000003,-1.3355176,-1.1130958,0.09814453000000001,0.54522705,0.7310791,-0.63624775,-1.5075989,-1.3205405,0.38467407000000003,0.2696228,0.59243774,-0.85676074,-1.1307216,-1.2230109,0.46228027,0.15838623000000002,0.5701904,-0.91671944,-1.0066152,-1.2108517,检查1变、2变高压侧进出线开关在分闸位置，开闭站201、202断路器在工作位置。
0.98153687,-0.6046448,-0.12030029,-0.85568845,0.6144062,0.23212326,0.95376587,-0.6487731999999999,-0.11306763,-0.8066304,0.64973545,0.17833488,0.9486999500000001,-0.58029175,-0.12216186500000001,-0.8091480999999999,0.57673585,0.16192305,0.7444153,-0.32070923,-0.029388428,-0.67314684,0.3136562,0.019035041000000003,0.5982360999999999,-0.22564697,0.032348633,-0.57476544,0.21729434,-0.059843674000000006,0.39627075,-0.11691284,0.08224487,-0.46505219999999997,0.10150814,-0.1268384,0.08193969999999999,-0.03817749,0.23504639,-0.2708192,0.005344808,-0.2883227,-0.29336548,0.10971069,0.32946777,-0.034410715,-0.184443,-0.38287836000000003,-0.5515441999999999,0.19439697,0.3711548,0.12428665,-0.31707029999999997,-0.4275617,-0.9966430700000001,0.23727417,0.49182129999999996,0.42080116,-0.46738019999999997,-0.56441396,-1.3846436,0.35842896,0.5609436,0.6809587500000001,-0.7465109999999999,-0.6684298,-1.6123047,0.50387573,0.58862305,0.8253803,-1.0942013,-0.75622827,-1.493927,0.9945679,1.1936951,0.7068567,-1.866689,-1.4826413,-0.52371216,-0.17208862,0.018981934000000002,-0.17117465,-0.8840836,-0.4616903,-0.2817688,0.16748047,0.29602049999999996,-0.32676744,-1.2352083,-0.8201069,-0.12158203000000001,0.29910278,0.5544739,-0.45103002000000003,-1.3355176,-1.1130958,0.09814453000000001,0.54522705,0.7310791,-0.63624775,-1.5075989,-1.3205405,0.38467407000000003,0.2696228,0.59243774,-0.85676074,-1.1307216,-1.2230109,0.46228027,0.15838623000000002,0.5701904,-0.91671944,-1.0066152,-1.2108517,0.6451416,0.018066406,0.5448303,-1.0451858,-0.83073646,-1.2107966000000001,检查1变、2变高压侧进出线开关在分闸位置，开闭站201、202断路器在工作位置。
0.95376587,-0.6487731999999999,-0.11306763,-0.8066304,0.64973545,0.17833488,0.9486999500000001,-0.58029175,-0.12216186500000001,-0.8091480999999999,0.57673585,0.16192305,0.7444153,-0.32070923,-0.029388428,-0.67314684,0.3136562,0.019035041000000003,0.5982360999999999,-0.22564697,0.032348633,-0.57476544,0.21729434,-0.059843674000000006,0.39627075,-0.11691284,0.08224487,-0.46505219999999997,0.10150814,-0.1268384,0.08193969999999999,-0.03817749,0.23504639,-0.2708192,0.005344808,-0.2883227,-0.29336548,0.10971069,0.32946777,-0.034410715,-0.184443,-0.38287836000000003,-0.5515441999999999,0.19439697,0.3711548,0.12428665,-0.31707029999999997,-0.4275617,-0.9966430700000001,0.23727417,0.49182129999999996,0.42080116,-0.46738019999999997,-0.56441396,-1.3846436,0.35842896,0.5609436,0.6809587500000001,-0.7465109999999999,-0.6684298,-1.6123047,0.50387573,0.58862305,0.8253803,-1.0942013,-0.75622827,-1.493927,0.9945679,1.1936951,0.7068567,-1.866689,-1.4826413,-0.52371216,-0.17208862,0.018981934000000002,-0.17117465,-0.8840836,-0.4616903,-0.2817688,0.16748047,0.29602049999999996,-0.32676744,-1.2352083,-0.8201069,-0.12158203000000001,0.29910278,0.5544739,-0.45103002000000003,-1.3355176,-1.1130958,0.09814453000000001,0.54522705,0.7310791,-0.63624775,-1.5075989,-1.3205405,0.38467407000000003,0.2696228,0.59243774,-0.85676074,-1.1307216,-1.2230109,0.46228027,0.15838623000000002,0.5701904,-0.91671944,-1.0066152,-1.2108517,0.6451416,0.018066406,0.5448303,-1.0451858,-0.83073646,-1.2107966000000001,0.696167,0.10562134000000001,0.488739,-1.0773679999999999,-0.9060703999999999,-1.1605575,检查1变、2变高压侧进出线开关在分闸位置，开闭站201、202断路器在工作位置。
0.9486999500000001,-0.58029175,-0.12216186500000001,-0.8091480999999999,0.57673585,0.16192305,0.7444153,-0.32070923,-0.029388428,-0.67314684,0.3136562,0.019035041000000003,0.5982360999999999,-0.22564697,0.032348633,-0.57476544,0.21729434,-0.059843674000000006,0.39627075,-0.11691284,0.08224487,-0.46505219999999997,0.10150814,-0.1268384,0.08193969999999999,-0.03817749,0.23504639,-0.2708192,0.005344808,-0.2883227,-0.29336548,0.10971069,0.32946777,-0.034410715,-0.184443,-0.38287836000000003,-0.5515441999999999,0.19439697,0.3711548,0.12428665,-0.31707029999999997,-0.4275617,-0.9966430700000001,0.23727417,0.49182129999999996,0.42080116,-0.46738019999999997,-0.56441396,-1.3846436,0.35842896,0.5609436,0.6809587500000001,-0.7465109999999999,-0.6684298,-1.6123047,0.50387573,0.58862305,0.8253803,-1.0942013,-0.75622827,-1.493927,0.9945679,1.1936951,0.7068567,-1.866689,-1.4826413,-0.52371216,-0.17208862,0.018981934000000002,-0.17117465,-0.8840836,-0.4616903,-0.2817688,0.16748047,0.29602049999999996,-0.32676744,-1.2352083,-0.8201069,-0.12158203000000001,0.29910278,0.5544739,-0.45103002000000003,-1.3355176,-1.1130958,0.09814453000000001,0.54522705,0.7310791,-0.63624775,-1.5075989,-1.3205405,0.38467407000000003,0.2696228,0.59243774,-0.85676074,-1.1307216,-1.2230109,0.46228027,0.15838623000000002,0.5701904,-0.91671944,-1.0066152,-1.2108517,0.6451416,0.018066406,0.5448303,-1.0451858,-0.83073646,-1.2107966000000001,0.696167,0.10562134000000001,0.488739,-1.0773679999999999,-0.9060703999999999,-1.1605575,0.696167,0.10562134000000001,0.488739,-1.0773679999999999,-0.9060703999999999,-1.1605575,检查1变、2变高压侧进出线开关在分闸位置，开闭站201、202断路器在工作位置。
0.7444153,-0.32070923,-0.029388428,-0.67314684,0.3136562,0.019035041000000003,0.5982360999999999,-0.22564697,0.032348633,-0.57476544,0.21729434,-0.059843674000000006,0.39627075,-0.11691284,0.08224487,-0.46505219999999997,0.10150814,-0.1268384,0.08193969999999999,-0.03817749,0.23504639,-0.2708192,0.005344808,-0.2883227,-0.29336548,0.10971069,0.32946777,-0.034410715,-0.184443,-0.38287836000000003,-0.5515441999999999,0.19439697,0.3711548,0.12428665,-0.31707029999999997,-0.4275617,-0.9966430700000001,0.23727417,0.49182129999999996,0.42080116,-0.46738019999999997,-0.56441396,-1.3846436,0.35842896,0.5609436,0.6809587500000001,-0.7465109999999999,-0.6684298,-1.6123047,0.50387573,0.58862305,0.8253803,-1.0942013,-0.75622827,-1.493927,0.9945679,1.1936951,0.7068567,-1.866689,-1.4826413,-0.52371216,-0.17208862,0.018981934000000002,-0.17117465,-0.8840836,-0.4616903,-0.2817688,0.16748047,0.29602049999999996,-0.32676744,-1.2352083,-0.8201069,-0.12158203000000001,0.29910278,0.5544739,-0.45103002000000003,-1.3355176,-1.1130958,0.09814453000000001,0.54522705,0.7310791,-0.63624775,-1.5075989,-1.3205405,0.38467407000000003,0.2696228,0.59243774,-0.85676074,-1.1307216,-1.2230109,0.46228027,0.15838623000000002,0.5701904,-0.91671944,-1.0066152,-1.2108517,0.6451416,0.018066406,0.5448303,-1.0451858,-0.83073646,-1.2107966000000001,0.696167,0.10562134000000001,0.488739,-1.0773679999999999,-0.9060703999999999,-1.1605575,0.696167,0.10562134000000001,0.488739,-1.0773679999999999,-0.9060703999999999,-1.1605575,0.76290894,0.24392699999999998,0.4267273,-1.1149259,-1.013681,-1.1037414,检查1变、2变高压侧进出线开关在分闸位置，开闭站201、202断路器在工作位置。
0.5982360999999999,-0.22564697,0.032348633,-0.57476544,0.21729434,-0.059843674000000006,0.39627075,-0.11691284,0.08224487,-0.46505219999999997,0.10150814,-0.1268384,0.08193969999999999,-0.03817749,0.23504639,-0.2708192,0.005344808,-0.2883227,-0.29336548,0.10971069,0.32946777,-0.034410715,-0.184443,-0.38287836000000003,-0.5515441999999999,0.19439697,0.3711548,0.12428665,-0.31707029999999997,-0.4275617,-0.9966430700000001,0.23727417,0.49182129999999996,0.42080116,-0.46738019999999997,-0.56441396,-1.3846436,0.35842896,0.5609436,0.6809587500000001,-0.7465109999999999,-0.6684298,-1.6123047,0.50387573,0.58862305,0.8253803,-1.0942013,-0.75622827,-1.493927,0.9945679,1.1936951,0.7068567,-1.866689,-1.4826413,-0.52371216,-0.17208862,0.018981934000000002,-0.17117465,-0.8840836,-0.4616903,-0.2817688,0.16748047,0.29602049999999996,-0.32676744,-1.2352083,-0.8201069,-0.12158203000000001,0.29910278,0.5544739,-0.45103002000000003,-1.3355176,-1.1130958,0.09814453000000001,0.54522705,0.7310791,-0.63624775,-1.5075989,-1.3205405,0.38467407000000003,0.2696228,0.59243774,-0.85676074,-1.1307216,-1.2230109,0.46228027,0.15838623000000002,0.5701904,-0.91671944,-1.0066152,-1.2108517,0.6451416,0.018066406,0.5448303,-1.0451858,-0.83073646,-1.2107966000000001,0.696167,0.10562134000000001,0.488739,-1.0773679999999999,-0.9060703999999999,-1.1605575,0.696167,0.10562134000000001,0.488739,-1.0773679999999999,-0.9060703999999999,-1.1605575,0.76290894,0.24392699999999998,0.4267273,-1.1149259,-1.013681,-1.1037414,0.74868774,0.2536621,0.32992554,-1.093617,-0.95023656,-0.98894304,检查1变、2变高压侧进出线开关在分闸位置，开闭站201、202断路器在工作位置。
0.39627075,-0.11691284,0.08224487,-0.46505219999999997,0.10150814,-0.1268384,0.08193969999999999,-0.03817749,0.23504639,-0.2708192,0.005344808,-0.2883227,-0.29336548,0.10971069,0.32946777,-0.034410715,-0.184443,-0.38287836000000003,-0.5515441999999999,0.19439697,0.3711548,0.12428665,-0.31707029999999997,-0.4275617,-0.9966430700000001,0.23727417,0.49182129999999996,0.42080116,-0.46738019999999997,-0.56441396,-1.3846436,0.35842896,0.5609436,0.6809587500000001,-0.7465109999999999,-0.6684298,-1.6123047,0.50387573,0.58862305,0.8253803,-1.0942013,-0.75622827,-1.493927,0.9945679,1.1936951,0.7068567,-1.866689,-1.4826413,-0.52371216,-0.17208862,0.018981934000000002,-0.17117465,-0.8840836,-0.4616903,-0.2817688,0.16748047,0.29602049999999996,-0.32676744,-1.2352083,-0.8201069,-0.12158203000000001,0.29910278,0.5544739,-0.45103002000000003,-1.3355176,-1.1130958,0.09814453000000001,0.54522705,0.7310791,-0.63624775,-1.5075989,-1.3205405,0.38467407000000003,0.2696228,0.59243774,-0.85676074,-1.1307216,-1.2230109,0.46228027,0.15838623000000002,0.5701904,-0.91671944,-1.0066152,-1.2108517,0.6451416,0.018066406,0.5448303,-1.0451858,-0.83073646,-1.2107966000000001,0.696167,0.10562134000000001,0.488739,-1.0773679999999999,-0.9060703999999999,-1.1605575,0.696167,0.10562134000000001,0.488739,-1.0773679999999999,-0.9060703999999999,-1.1605575,0.76290894,0.24392699999999998,0.4267273,-1.1149259,-1.013681,-1.1037414,0.74868774,0.2536621,0.32992554,-1.093617,-0.95023656,-0.98894304,0.59259033,0.29077148,0.28573608,-1.0051243,-0.9657703999999999,-0.9043741999999999,检查1变、2变高压侧进出线开关在分闸位置，开闭站201、202断路器在工作位置。
0.08193969999999999,-0.03817749,0.23504639,-0.2708192,0.005344808,-0.2883227,-0.29336548,0.10971069,0.32946777,-0.034410715,-0.184443,-0.38287836000000003,-0.5515441999999999,0.19439697,0.3711548,0.12428665,-0.31707029999999997,-0.4275617,-0.9966430700000001,0.23727417,0.49182129999999996,0.42080116,-0.46738019999999997,-0.56441396,-1.3846436,0.35842896,0.5609436,0.6809587500000001,-0.7465109999999999,-0.6684298,-1.6123047,0.50387573,0.58862305,0.8253803,-1.0942013,-0.75622827,-1.493927,0.9945679,1.1936951,0.7068567,-1.866689,-1.4826413,-0.52371216,-0.17208862,0.018981934000000002,-0.17117465,-0.8840836,-0.4616903,-0.2817688,0.16748047,0.29602049999999996,-0.32676744,-1.2352083,-0.8201069,-0.12158203000000001,0.29910278,0.5544739,-0.45103002000000003,-1.3355176,-1.1130958,0.09814453000000001,0.54522705,0.7310791,-0.63624775,-1.5075989,-1.3205405,0.38467407000000003,0.2696228,0.59243774,-0.85676074,-1.1307216,-1.2230109,0.46228027,0.15838623000000002,0.5701904,-0.91671944,-1.0066152,-1.2108517,0.6451416,0.018066406,0.5448303,-1.0451858,-0.83073646,-1.2107966000000001,0.696167,0.10562134000000001,0.488739,-1.0773679999999999,-0.9060703999999999,-1.1605575,0.696167,0.10562134000000001,0.488739,-1.0773679999999999,-0.9060703999999999,-1.1605575,0.76290894,0.24392699999999998,0.4267273,-1.1149259,-1.013681,-1.1037414,0.74868774,0.2536621,0.32992554,-1.093617,-0.95023656,-0.98894304,0.59259033,0.29077148,0.28573608,-1.0051243,-0.9657703999999999,-0.9043741999999999,0.5720824999999999,0.28128052,0.2883911,-1.0028821,-0.9580955999999999,-0.89814097,检查1变、2变高压侧进出线开关在分闸位置，开闭站201、202断路器在工作位置。
-0.29336548,0.10971069,0.32946777,-0.034410715,-0.184443,-0.38287836000000003,-0.5515441999999999,0.19439697,0.3711548,0.12428665,-0.31707029999999997,-0.4275617,-0.9966430700000001,0.23727417,0.49182129999999996,0.42080116,-0.46738019999999997,-0.56441396,-1.3846436,0.35842896,0.5609436,0.6809587500000001,-0.7465109999999999,-0.6684298,-1.6123047,0.50387573,0.58862305,0.8253803,-1.0942013,-0.75622827,-1.493927,0.9945679,1.1936951,0.7068567,-1.866689,-1.4826413,-0.52371216,-0.17208862,0.018981934000000002,-0.17117465,-0.8840836,-0.4616903,-0.2817688,0.16748047,0.29602049999999996,-0.32676744,-1.2352083,-0.8201069,-0.12158203000000001,0.29910278,0.5544739,-0.45103002000000003,-1.3355176,-1.1130958,0.09814453000000001,0.54522705,0.7310791,-0.63624775,-1.5075989,-1.3205405,0.38467407000000003,0.2696228,0.59243774,-0.85676074,-1.1307216,-1.2230109,0.46228027,0.15838623000000002,0.5701904,-0.91671944,-1.0066152,-1.2108517,0.6451416,0.018066406,0.5448303,-1.0451858,-0.83073646,-1.2107966000000001,0.696167,0.10562134000000001,0.488739,-1.0773679999999999,-0.9060703999999999,-1.1605575,0.696167,0.10562134000000001,0.488739,-1.0773679999999999,-0.9060703999999999,-1.1605575,0.76290894,0.24392699999999998,0.4267273,-1.1149259,-1.013681,-1.1037414,0.74868774,0.2536621,0.32992554,-1.093617,-0.95023656,-0.98894304,0.59259033,0.29077148,0.28573608,-1.0051243,-0.9657703999999999,-0.9043741999999999,0.5720824999999999,0.28128052,0.2883911,-1.0028821,-0.9580955999999999,-0.89814097,0.5069275,0.336792,0.19607544000000002,-0.9727418,-1.0234133,-0.7874329999999999,检查1变、2变高压侧进出线开关在分闸位置，开闭站201、202断路器在工作位置。
-0.5515441999999999,0.19439697,0.3711548,0.12428665,-0.31707029999999997,-0.4275617,-0.9966430700000001,0.23727417,0.49182129999999996,0.42080116,-0.46738019999999997,-0.56441396,-1.3846436,0.35842896,0.5609436,0.6809587500000001,-0.7465109999999999,-0.6684298,-1.6123047,0.50387573,0.58862305,0.8253803,-1.0942013,-0.75622827,-1.493927,0.9945679,1.1936951,0.7068567,-1.866689,-1.4826413,-0.52371216,-0.17208862,0.018981934000000002,-0.17117465,-0.8840836,-0.4616903,-0.2817688,0.16748047,0.29602049999999996,-0.32676744,-1.2352083,-0.8201069,-0.12158203000000001,0.29910278,0.5544739,-0.45103002000000003,-1.3355176,-1.1130958,0.09814453000000001,0.54522705,0.7310791,-0.63624775,-1.5075989,-1.3205405,0.38467407000000003,0.2696228,0.59243774,-0.85676074,-1.1307216,-1.2230109,0.46228027,0.15838623000000002,0.5701904,-0.91671944,-1.0066152,-1.2108517,0.6451416,0.018066406,0.5448303,-1.0451858,-0.83073646,-1.2107966000000001,0.696167,0.10562134000000001,0.488739,-1.0773679999999999,-0.9060703999999999,-1.1605575,0.696167,0.10562134000000001,0.488739,-1.0773679999999999,-0.9060703999999999,-1.1605575,0.76290894,0.24392699999999998,0.4267273,-1.1149259,-1.013681,-1.1037414,0.74868774,0.2536621,0.32992554,-1.093617,-0.95023656,-0.98894304,0.59259033,0.29077148,0.28573608,-1.0051243,-0.9657703999999999,-0.9043741999999999,0.5720824999999999,0.28128052,0.2883911,-1.0028821,-0.9580955999999999,-0.89814097,0.5069275,0.336792,0.19607544000000002,-0.9727418,-1.0234133,-0.7874329999999999,0.383667,0.31854248,0.2104187,-0.91207236,-1.0209408,-0.76611096,检查1变、2变高压侧进出线开关在分闸位置，开闭站201、202断路器在工作位置。
-0.9966430700000001,0.23727417,0.49182129999999996,0.42080116,-0.46738019999999997,-0.56441396,-1.3846436,0.35842896,0.5609436,0.6809587500000001,-0.7465109999999999,-0.6684298,-1.6123047,0.50387573,0.58862305,0.8253803,-1.0942013,-0.75622827,-1.493927,0.9945679,1.1936951,0.7068567,-1.866689,-1.4826413,-0.52371216,-0.17208862,0.018981934000000002,-0.17117465,-0.8840836,-0.4616903,-0.2817688,0.16748047,0.29602049999999996,-0.32676744,-1.2352083,-0.8201069,-0.12158203000000001,0.29910278,0.5544739,-0.45103002000000003,-1.3355176,-1.1130958,0.09814453000000001,0.54522705,0.7310791,-0.63624775,-1.5075989,-1.3205405,0.38467407000000003,0.2696228,0.59243774,-0.85676074,-1.1307216,-1.2230109,0.46228027,0.15838623000000002,0.5701904,-0.91671944,-1.0066152,-1.2108517,0.6451416,0.018066406,0.5448303,-1.0451858,-0.83073646,-1.2107966000000001,0.696167,0.10562134000000001,0.488739,-1.0773679999999999,-0.9060703999999999,-1.1605575,0.696167,0.10562134000000001,0.488739,-1.0773679999999999,-0.9060703999999999,-1.1605575,0.76290894,0.24392699999999998,0.4267273,-1.1149259,-1.013681,-1.1037414,0.74868774,0.2536621,0.32992554,-1.093617,-0.95023656,-0.98894304,0.59259033,0.29077148,0.28573608,-1.0051243,-0.9657703999999999,-0.9043741999999999,0.5720824999999999,0.28128052,0.2883911,-1.0028821,-0.9580955999999999,-0.89814097,0.5069275,0.336792,0.19607544000000002,-0.9727418,-1.0234133,-0.7874329999999999,0.383667,0.31854248,0.2104187,-0.91207236,-1.0209408,-0.76611096,0.10632324,0.4951172,0.16952515,-0.7828645999999999,-1.2512091,-0.6105805999999999,检查1变、2变高压侧进出线开关在分闸位置，开闭站201、202断路器在工作位置。
-1.3846436,0.35842896,0.5609436,0.6809587500000001,-0.7465109999999999,-0.6684298,-1.6123047,0.50387573,0.58862305,0.8253803,-1.0942013,-0.75622827,-1.493927,0.9945679,1.1936951,0.7068567,-1.866689,-1.4826413,-0.52371216,-0.17208862,0.018981934000000002,-0.17117465,-0.8840836,-0.4616903,-0.2817688,0.16748047,0.29602049999999996,-0.32676744,-1.2352083,-0.8201069,-0.12158203000000001,0.29910278,0.5544739,-0.45103002000000003,-1.3355176,-1.1130958,0.09814453000000001,0.54522705,0.7310791,-0.63624775,-1.5075989,-1.3205405,0.38467407000000003,0.2696228,0.59243774,-0.85676074,-1.1307216,-1.2230109,0.46228027,0.15838623000000002,0.5701904,-0.91671944,-1.0066152,-1.2108517,0.6451416,0.018066406,0.5448303,-1.0451858,-0.83073646,-1.2107966000000001,0.696167,0.10562134000000001,0.488739,-1.0773679999999999,-0.9060703999999999,-1.1605575,0.696167,0.10562134000000001,0.488739,-1.0773679999999999,-0.9060703999999999,-1.1605575,0.76290894,0.24392699999999998,0.4267273,-1.1149259,-1.013681,-1.1037414,0.74868774,0.2536621,0.32992554,-1.093617,-0.95023656,-0.98894304,0.59259033,0.29077148,0.28573608,-1.0051243,-0.9657703999999999,-0.9043741999999999,0.5720824999999999,0.28128052,0.2883911,-1.0028821,-0.9580955999999999,-0.89814097,0.5069275,0.336792,0.19607544000000002,-0.9727418,-1.0234133,-0.7874329999999999,0.383667,0.31854248,0.2104187,-0.91207236,-1.0209408,-0.76611096,0.10632324,0.4951172,0.16952515,-0.7828645999999999,-1.2512091,-0.6105805999999999,-0.061676025,0.44226074,0.25143433,-0.6879664999999999,-1.2246282,-0.6150538,检查1变、2变高压侧进出线开关在分闸位置，开闭站201、202断路器在工作位置。
-1.6123047,0.50387573,0.58862305,0.8253803,-1.0942013,-0.75622827,-1.493927,0.9945679,1.1936951,0.7068567,-1.866689,-1.4826413,-0.52371216,-0.17208862,0.018981934000000002,-0.17117465,-0.8840836,-0.4616903,-0.2817688,0.16748047,0.29602049999999996,-0.32676744,-1.2352083,-0.8201069,-0.12158203000000001,0.29910278,0.5544739,-0.45103002000000003,-1.3355176,-1.1130958,0.09814453000000001,0.54522705,0.7310791,-0.63624775,-1.5075989,-1.3205405,0.38467407000000003,0.2696228,0.59243774,-0.85676074,-1.1307216,-1.2230109,0.46228027,0.15838623000000002,0.5701904,-0.91671944,-1.0066152,-1.2108517,0.6451416,0.018066406,0.5448303,-1.0451858,-0.83073646,-1.2107966000000001,0.696167,0.10562134000000001,0.488739,-1.0773679999999999,-0.9060703999999999,-1.1605575,0.696167,0.10562134000000001,0.488739,-1.0773679999999999,-0.9060703999999999,-1.1605575,0.76290894,0.24392699999999998,0.4267273,-1.1149259,-1.013681,-1.1037414,0.74868774,0.2536621,0.32992554,-1.093617,-0.95023656,-0.98894304,0.59259033,0.29077148,0.28573608,-1.0051243,-0.9657703999999999,-0.9043741999999999,0.5720824999999999,0.28128052,0.2883911,-1.0028821,-0.9580955999999999,-0.89814097,0.5069275,0.336792,0.19607544000000002,-0.9727418,-1.0234133,-0.7874329999999999,0.383667,0.31854248,0.2104187,-0.91207236,-1.0209408,-0.76611096,0.10632324,0.4951172,0.16952515,-0.7828645999999999,-1.2512091,-0.6105805999999999,-0.061676025,0.44226074,0.25143433,-0.6879664999999999,-1.2246282,-0.6150538,-0.14727783,0.34738159999999996,0.31695557,-0.6545485,-1.1181622,-0.6031518,检查1变、2变高压侧进出线开关在分闸位置，开闭站201、202断路器在工作位置。
-1.493927,0.9945679,1.1936951,0.7068567,-1.866689,-1.4826413,-0.52371216,-0.17208862,0.018981934000000002,-0.17117465,-0.8840836,-0.4616903,-0.2817688,0.16748047,0.29602049999999996,-0.32676744,-1.2352083,-0.8201069,-0.12158203000000001,0.29910278,0.5544739,-0.45103002000000003,-1.3355176,-1.1130958,0.09814453000000001,0.54522705,0.7310791,-0.63624775,-1.5075989,-1.3205405,0.38467407000000003,0.2696228,0.59243774,-0.85676074,-1.1307216,-1.2230109,0.46228027,0.15838623000000002,0.5701904,-0.91671944,-1.0066152,-1.2108517,0.6451416,0.018066406,0.5448303,-1.0451858,-0.83073646,-1.2107966000000001,0.696167,0.10562134000000001,0.488739,-1.0773679999999999,-0.9060703999999999,-1.1605575,0.696167,0.10562134000000001,0.488739,-1.0773679999999999,-0.9060703999999999,-1.1605575,0.76290894,0.24392699999999998,0.4267273,-1.1149259,-1.013681,-1.1037414,0.74868774,0.2536621,0.32992554,-1.093617,-0.95023656,-0.98894304,0.59259033,0.29077148,0.28573608,-1.0051243,-0.9657703999999999,-0.9043741999999999,0.5720824999999999,0.28128052,0.2883911,-1.0028821,-0.9580955999999999,-0.89814097,0.5069275,0.336792,0.19607544000000002,-0.9727418,-1.0234133,-0.7874329999999999,0.383667,0.31854248,0.2104187,-0.91207236,-1.0209408,-0.76611096,0.10632324,0.4951172,0.16952515,-0.7828645999999999,-1.2512091,-0.6105805999999999,-0.061676025,0.44226074,0.25143433,-0.6879664999999999,-1.2246282,-0.6150538,-0.14727783,0.34738159999999996,0.31695557,-0.6545485,-1.1181622,-0.6031518,-0.26379395,0.3050537,0.37597656,-0.55656075,-1.0077816,-0.5978785999999999,检查1变、2变高压侧进出线开关在分闸位置，开闭站201、202断路器在工作位置。
-0.52371216,-0.17208862,0.018981934000000002,-0.17117465,-0.8840836,-0.4616903,-0.2817688,0.16748047,0.29602049999999996,-0.32676744,-1.2352083,-0.8201069,-0.12158203000000001,0.29910278,0.5544739,-0.45103002000000003,-1.3355176,-1.1130958,0.09814453000000001,0.54522705,0.7310791,-0.63624775,-1.5075989,-1.3205405,0.38467407000000003,0.2696228,0.59243774,-0.85676074,-1.1307216,-1.2230109,0.46228027,0.15838623000000002,0.5701904,-0.91671944,-1.0066152,-1.2108517,0.6451416,0.018066406,0.5448303,-1.0451858,-0.83073646,-1.2107966000000001,0.696167,0.10562134000000001,0.488739,-1.0773679999999999,-0.9060703999999999,-1.1605575,0.696167,0.10562134000000001,0.488739,-1.0773679999999999,-0.9060703999999999,-1.1605575,0.76290894,0.24392699999999998,0.4267273,-1.1149259,-1.013681,-1.1037414,0.74868774,0.2536621,0.32992554,-1.093617,-0.95023656,-0.98894304,0.59259033,0.29077148,0.28573608,-1.0051243,-0.9657703999999999,-0.9043741999999999,0.5720824999999999,0.28128052,0.2883911,-1.0028821,-0.9580955999999999,-0.89814097,0.5069275,0.336792,0.19607544000000002,-0.9727418,-1.0234133,-0.7874329999999999,0.383667,0.31854248,0.2104187,-0.91207236,-1.0209408,-0.76611096,0.10632324,0.4951172,0.16952515,-0.7828645999999999,-1.2512091,-0.6105805999999999,-0.061676025,0.44226074,0.25143433,-0.6879664999999999,-1.2246282,-0.6150538,-0.14727783,0.34738159999999996,0.31695557,-0.6545485,-1.1181622,-0.6031518,-0.26379395,0.3050537,0.37597656,-0.55656075,-1.0077816,-0.5978785999999999,-0.31921387,0.30075073,0.40780639999999996,-0.47469944000000003,-0.8942139,-0.6009648400000001,检查1变、2变高压侧进出线开关在分闸位置，开闭站201、202断路器在工作位置。
-0.2817688,0.16748047,0.29602049999999996,-0.32676744,-1.2352083,-0.8201069,-0.12158203000000001,0.29910278,0.5544739,-0.45103002000000003,-1.3355176,-1.1130958,0.09814453000000001,0.54522705,0.7310791,-0.63624775,-1.5075989,-1.3205405,0.38467407000000003,0.2696228,0.59243774,-0.85676074,-1.1307216,-1.2230109,0.46228027,0.15838623000000002,0.5701904,-0.91671944,-1.0066152,-1.2108517,0.6451416,0.018066406,0.5448303,-1.0451858,-0.83073646,-1.2107966000000001,0.696167,0.10562134000000001,0.488739,-1.0773679999999999,-0.9060703999999999,-1.1605575,0.696167,0.10562134000000001,0.488739,-1.0773679999999999,-0.9060703999999999,-1.1605575,0.76290894,0.24392699999999998,0.4267273,-1.1149259,-1.013681,-1.1037414,0.74868774,0.2536621,0.32992554,-1.093617,-0.95023656,-0.98894304,0.59259033,0.29077148,0.28573608,-1.0051243,-0.9657703999999999,-0.9043741999999999,0.5720824999999999,0.28128052,0.2883911,-1.0028821,-0.9580955999999999,-0.89814097,0.5069275,0.336792,0.19607544000000002,-0.9727418,-1.0234133,-0.7874329999999999,0.383667,0.31854248,0.2104187,-0.91207236,-1.0209408,-0.76611096,0.10632324,0.4951172,0.16952515,-0.7828645999999999,-1.2512091,-0.6105805999999999,-0.061676025,0.44226074,0.25143433,-0.6879664999999999,-1.2246282,-0.6150538,-0.14727783,0.34738159999999996,0.31695557,-0.6545485,-1.1181622,-0.6031518,-0.26379395,0.3050537,0.37597656,-0.55656075,-1.0077816,-0.5978785999999999,-0.31921387,0.30075073,0.40780639999999996,-0.47469944000000003,-0.8942139,-0.6009648400000001,-0.31207275,0.1894226,0.47659302000000003,-0.4329251,-0.6900942999999999,-0.6751556,检查1变、2变高压侧进出线开关在分闸位置，开闭站201、202断路器在工作位置。
-0.12158203000000001,0.29910278,0.5544739,-0.45103002000000003,-1.3355176,-1.1130958,0.09814453000000001,0.54522705,0.7310791,-0.63624775,-1.5075989,-1.3205405,0.38467407000000003,0.2696228,0.59243774,-0.85676074,-1.1307216,-1.2230109,0.46228027,0.15838623000000002,0.5701904,-0.91671944,-1.0066152,-1.2108517,0.6451416,0.018066406,0.5448303,-1.0451858,-0.83073646,-1.2107966000000001,0.696167,0.10562134000000001,0.488739,-1.0773679999999999,-0.9060703999999999,-1.1605575,0.696167,0.10562134000000001,0.488739,-1.0773679999999999,-0.9060703999999999,-1.1605575,0.76290894,0.24392699999999998,0.4267273,-1.1149259,-1.013681,-1.1037414,0.74868774,0.2536621,0.32992554,-1.093617,-0.95023656,-0.98894304,0.59259033,0.29077148,0.28573608,-1.0051243,-0.9657703999999999,-0.9043741999999999,0.5720824999999999,0.28128052,0.2883911,-1.0028821,-0.9580955999999999,-0.89814097,0.5069275,0.336792,0.19607544000000002,-0.9727418,-1.0234133,-0.7874329999999999,0.383667,0.31854248,0.2104187,-0.91207236,-1.0209408,-0.76611096,0.10632324,0.4951172,0.16952515,-0.7828645999999999,-1.2512091,-0.6105805999999999,-0.061676025,0.44226074,0.25143433,-0.6879664999999999,-1.2246282,-0.6150538,-0.14727783,0.34738159999999996,0.31695557,-0.6545485,-1.1181622,-0.6031518,-0.26379395,0.3050537,0.37597656,-0.55656075,-1.0077816,-0.5978785999999999,-0.31921387,0.30075073,0.40780639999999996,-0.47469944000000003,-0.8942139,-0.6009648400000001,-0.31207275,0.1894226,0.47659302000000003,-0.4329251,-0.6900942999999999,-0.6751556,-0.19586182,0.14572144,0.44656372,-0.48100889999999996,-0.5577463,-0.6599106,检查1变、2变高压侧进出线开关在分闸位置，开闭站201、202断路器在工作位置。
0.09814453000000001,0.54522705,0.7310791,-0.63624775,-1.5075989,-1.3205405,0.38467407000000003,0.2696228,0.59243774,-0.85676074,-1.1307216,-1.2230109,0.46228027,0.15838623000000002,0.5701904,-0.91671944,-1.0066152,-1.2108517,0.6451416,0.018066406,0.5448303,-1.0451858,-0.83073646,-1.2107966000000001,0.696167,0.10562134000000001,0.488739,-1.0773679999999999,-0.9060703999999999,-1.1605575,0.696167,0.10562134000000001,0.488739,-1.0773679999999999,-0.9060703999999999,-1.1605575,0.76290894,0.24392699999999998,0.4267273,-1.1149259,-1.013681,-1.1037414,0.74868774,0.2536621,0.32992554,-1.093617,-0.95023656,-0.98894304,0.59259033,0.29077148,0.28573608,-1.0051243,-0.9657703999999999,-0.9043741999999999,0.5720824999999999,0.28128052,0.2883911,-1.0028821,-0.9580955999999999,-0.89814097,0.5069275,0.336792,0.19607544000000002,-0.9727418,-1.0234133,-0.7874329999999999,0.383667,0.31854248,0.2104187,-0.91207236,-1.0209408,-0.76611096,0.10632324,0.4951172,0.16952515,-0.7828645999999999,-1.2512091,-0.6105805999999999,-0.061676025,0.44226074,0.25143433,-0.6879664999999999,-1.2246282,-0.6150538,-0.14727783,0.34738159999999996,0.31695557,-0.6545485,-1.1181622,-0.6031518,-0.26379395,0.3050537,0.37597656,-0.55656075,-1.0077816,-0.5978785999999999,-0.31921387,0.30075073,0.40780639999999996,-0.47469944000000003,-0.8942139,-0.6009648400000001,-0.31207275,0.1894226,0.47659302000000003,-0.4329251,-0.6900942999999999,-0.6751556,-0.19586182,0.14572144,0.44656372,-0.48100889999999996,-0.5577463,-0.6599106,-0.11477661,0.1741333,0.41958618000000003,-0.50814664,-0.5302625,-0.6412183,检查1变、2变高压侧进出线开关在分闸位置，开闭站201、202断路器在工作位置。
0.38467407000000003,0.2696228,0.59243774,-0.85676074,-1.1307216,-1.2230109,0.46228027,0.15838623000000002,0.5701904,-0.91671944,-1.0066152,-1.2108517,0.6451416,0.018066406,0.5448303,-1.0451858,-0.83073646,-1.2107966000000001,0.696167,0.10562134000000001,0.488739,-1.0773679999999999,-0.9060703999999999,-1.1605575,0.696167,0.10562134000000001,0.488739,-1.0773679999999999,-0.9060703999999999,-1.1605575,0.76290894,0.24392699999999998,0.4267273,-1.1149259,-1.013681,-1.1037414,0.74868774,0.2536621,0.32992554,-1.093617,-0.95023656,-0.98894304,0.59259033,0.29077148,0.28573608,-1.0051243,-0.9657703999999999,-0.9043741999999999,0.5720824999999999,0.28128052,0.2883911,-1.0028821,-0.9580955999999999,-0.89814097,0.5069275,0.336792,0.19607544000000002,-0.9727418,-1.0234133,-0.7874329999999999,0.383667,0.31854248,0.2104187,-0.91207236,-1.0209408,-0.76611096,0.10632324,0.4951172,0.16952515,-0.7828645999999999,-1.2512091,-0.6105805999999999,-0.061676025,0.44226074,0.25143433,-0.6879664999999999,-1.2246282,-0.6150538,-0.14727783,0.34738159999999996,0.31695557,-0.6545485,-1.1181622,-0.6031518,-0.26379395,0.3050537,0.37597656,-0.55656075,-1.0077816,-0.5978785999999999,-0.31921387,0.30075073,0.40780639999999996,-0.47469944000000003,-0.8942139,-0.6009648400000001,-0.31207275,0.1894226,0.47659302000000003,-0.4329251,-0.6900942999999999,-0.6751556,-0.19586182,0.14572144,0.44656372,-0.48100889999999996,-0.5577463,-0.6599106,-0.11477661,0.1741333,0.41958618000000003,-0.50814664,-0.5302625,-0.6412183,0.033843994,0.18588257,0.38403319999999996,-0.57272685,-0.46412736,-0.60645634,检查1变、2变高压侧进出线开关在分闸位置，开闭站201、202断路器在工作位置。
0.46228027,0.15838623000000002,0.5701904,-0.91671944,-1.0066152,-1.2108517,0.6451416,0.018066406,0.5448303,-1.0451858,-0.83073646,-1.2107966000000001,0.696167,0.10562134000000001,0.488739,-1.0773679999999999,-0.9060703999999999,-1.1605575,0.696167,0.10562134000000001,0.488739,-1.0773679999999999,-0.9060703999999999,-1.1605575,0.76290894,0.24392699999999998,0.4267273,-1.1149259,-1.013681,-1.1037414,0.74868774,0.2536621,0.32992554,-1.093617,-0.95023656,-0.98894304,0.59259033,0.29077148,0.28573608,-1.0051243,-0.9657703999999999,-0.9043741999999999,0.5720824999999999,0.28128052,0.2883911,-1.0028821,-0.9580955999999999,-0.89814097,0.5069275,0.336792,0.19607544000000002,-0.9727418,-1.0234133,-0.7874329999999999,0.383667,0.31854248,0.2104187,-0.91207236,-1.0209408,-0.76611096,0.10632324,0.4951172,0.16952515,-0.7828645999999999,-1.2512091,-0.6105805999999999,-0.061676025,0.44226074,0.25143433,-0.6879664999999999,-1.2246282,-0.6150538,-0.14727783,0.34738159999999996,0.31695557,-0.6545485,-1.1181622,-0.6031518,-0.26379395,0.3050537,0.37597656,-0.55656075,-1.0077816,-0.5978785999999999,-0.31921387,0.30075073,0.40780639999999996,-0.47469944000000003,-0.8942139,-0.6009648400000001,-0.31207275,0.1894226,0.47659302000000003,-0.4329251,-0.6900942999999999,-0.6751556,-0.19586182,0.14572144,0.44656372,-0.48100889999999996,-0.5577463,-0.6599106,-0.11477661,0.1741333,0.41958618000000003,-0.50814664,-0.5302625,-0.6412183,0.033843994,0.18588257,0.38403319999999996,-0.57272685,-0.46412736,-0.60645634,0.29940796000000003,0.20135498000000002,0.29818726,-0.7377490999999999,-0.38871002,-0.48338193,检查1变、2变高压侧进出线开关在分闸位置，开闭站201、202断路器在工作位置。
0.6451416,0.018066406,0.5448303,-1.0451858,-0.83073646,-1.2107966000000001,0.696167,0.10562134000000001,0.488739,-1.0773679999999999,-0.9060703999999999,-1.1605575,0.696167,0.10562134000000001,0.488739,-1.0773679999999999,-0.9060703999999999,-1.1605575,0.76290894,0.24392699999999998,0.4267273,-1.1149259,-1.013681,-1.1037414,0.74868774,0.2536621,0.32992554,-1.093617,-0.95023656,-0.98894304,0.59259033,0.29077148,0.28573608,-1.0051243,-0.9657703999999999,-0.9043741999999999,0.5720824999999999,0.28128052,0.2883911,-1.0028821,-0.9580955999999999,-0.89814097,0.5069275,0.336792,0.19607544000000002,-0.9727418,-1.0234133,-0.7874329999999999,0.383667,0.31854248,0.2104187,-0.91207236,-1.0209408,-0.76611096,0.10632324,0.4951172,0.16952515,-0.7828645999999999,-1.2512091,-0.6105805999999999,-0.061676025,0.44226074,0.25143433,-0.6879664999999999,-1.2246282,-0.6150538,-0.14727783,0.34738159999999996,0.31695557,-0.6545485,-1.1181622,-0.6031518,-0.26379395,0.3050537,0.37597656,-0.55656075,-1.0077816,-0.5978785999999999,-0.31921387,0.30075073,0.40780639999999996,-0.47469944000000003,-0.8942139,-0.6009648400000001,-0.31207275,0.1894226,0.47659302000000003,-0.4329251,-0.6900942999999999,-0.6751556,-0.19586182,0.14572144,0.44656372,-0.48100889999999996,-0.5577463,-0.6599106,-0.11477661,0.1741333,0.41958618000000003,-0.50814664,-0.5302625,-0.6412183,0.033843994,0.18588257,0.38403319999999996,-0.57272685,-0.46412736,-0.60645634,0.29940796000000003,0.20135498000000002,0.29818726,-0.7377490999999999,-0.38871002,-0.48338193,0.45632935,0.25515747,0.29171753,-0.82551885,-0.38701284,-0.43476492,检查1变、2变高压侧进出线开关在分闸位置，开闭站201、202断路器在工作位置。
0.696167,0.10562134000000001,0.488739,-1.0773679999999999,-0.9060703999999999,-1.1605575,0.696167,0.10562134000000001,0.488739,-1.0773679999999999,-0.9060703999999999,-1.1605575,0.76290894,0.24392699999999998,0.4267273,-1.1149259,-1.013681,-1.1037414,0.74868774,0.2536621,0.32992554,-1.093617,-0.95023656,-0.98894304,0.59259033,0.29077148,0.28573608,-1.0051243,-0.9657703999999999,-0.9043741999999999,0.5720824999999999,0.28128052,0.2883911,-1.0028821,-0.9580955999999999,-0.89814097,0.5069275,0.336792,0.19607544000000002,-0.9727418,-1.0234133,-0.7874329999999999,0.383667,0.31854248,0.2104187,-0.91207236,-1.0209408,-0.76611096,0.10632324,0.4951172,0.16952515,-0.7828645999999999,-1.2512091,-0.6105805999999999,-0.061676025,0.44226074,0.25143433,-0.6879664999999999,-1.2246282,-0.6150538,-0.14727783,0.34738159999999996,0.31695557,-0.6545485,-1.1181622,-0.6031518,-0.26379395,0.3050537,0.37597656,-0.55656075,-1.0077816,-0.5978785999999999,-0.31921387,0.30075073,0.40780639999999996,-0.47469944000000003,-0.8942139,-0.6009648400000001,-0.31207275,0.1894226,0.47659302000000003,-0.4329251,-0.6900942999999999,-0.6751556,-0.19586182,0.14572144,0.44656372,-0.48100889999999996,-0.5577463,-0.6599106,-0.11477661,0.1741333,0.41958618000000003,-0.50814664,-0.5302625,-0.6412183,0.033843994,0.18588257,0.38403319999999996,-0.57272685,-0.46412736,-0.60645634,0.29940796000000003,0.20135498000000002,0.29818726,-0.7377490999999999,-0.38871002,-0.48338193,0.45632935,0.25515747,0.29171753,-0.82551885,-0.38701284,-0.43476492,0.5891723600000001,0.25009155,0.22149658,-0.89406323,-0.3423679,-0.32935047,检查1变、2变高压侧进出线开关在分闸位置，开闭站201、202断路器在工作位置。
0.696167,0.10562134000000001,0.488739,-1.0773679999999999,-0.9060703999999999,-1.1605575,0.76290894,0.24392699999999998,0.4267273,-1.1149259,-1.013681,-1.1037414,0.74868774,0.2536621,0.32992554,-1.093617,-0.95023656,-0.98894304,0.59259033,0.29077148,0.28573608,-1.0051243,-0.9657703999999999,-0.9043741999999999,0.5720824999999999,0.28128052,0.2883911,-1.0028821,-0.9580955999999999,-0.89814097,0.5069275,0.336792,0.19607544000000002,-0.9727418,-1.0234133,-0.7874329999999999,0.383667,0.31854248,0.2104187,-0.91207236,-1.0209408,-0.76611096,0.10632324,0.4951172,0.16952515,-0.7828645999999999,-1.2512091,-0.6105805999999999,-0.061676025,0.44226074,0.25143433,-0.6879664999999999,-1.2246282,-0.6150538,-0.14727783,0.34738159999999996,0.31695557,-0.6545485,-1.1181622,-0.6031518,-0.26379395,0.3050537,0.37597656,-0.55656075,-1.0077816,-0.5978785999999999,-0.31921387,0.30075073,0.40780639999999996,-0.47469944000000003,-0.8942139,-0.6009648400000001,-0.31207275,0.1894226,0.47659302000000003,-0.4329251,-0.6900942999999999,-0.6751556,-0.19586182,0.14572144,0.44656372,-0.48100889999999996,-0.5577463,-0.6599106,-0.11477661,0.1741333,0.41958618000000003,-0.50814664,-0.5302625,-0.6412183,0.033843994,0.18588257,0.38403319999999996,-0.57272685,-0.46412736,-0.60645634,0.29940796000000003,0.20135498000000002,0.29818726,-0.7377490999999999,-0.38871002,-0.48338193,0.45632935,0.25515747,0.29171753,-0.82551885,-0.38701284,-0.43476492,0.5891723600000001,0.25009155,0.22149658,-0.89406323,-0.3423679,-0.32935047,0.7380371,0.21942139,0.053497314000000004,-0.99033415,-0.28885448,-0.13764538,检查1变、2变高压侧进出线开关在分闸位置，开闭站201、202断路器在工作位置。
0.76290894,0.24392699999999998,0.4267273,-1.1149259,-1.013681,-1.1037414,0.74868774,0.2536621,0.32992554,-1.093617,-0.95023656,-0.98894304,0.59259033,0.29077148,0.28573608,-1.0051243,-0.9657703999999999,-0.9043741999999999,0.5720824999999999,0.28128052,0.2883911,-1.0028821,-0.9580955999999999,-0.89814097,0.5069275,0.336792,0.19607544000000002,-0.9727418,-1.0234133,-0.7874329999999999,0.383667,0.31854248,0.2104187,-0.91207236,-1.0209408,-0.76611096,0.10632324,0.4951172,0.16952515,-0.7828645999999999,-1.2512091,-0.6105805999999999,-0.061676025,0.44226074,0.25143433,-0.6879664999999999,-1.2246282,-0.6150538,-0.14727783,0.34738159999999996,0.31695557,-0.6545485,-1.1181622,-0.6031518,-0.26379395,0.3050537,0.37597656,-0.55656075,-1.0077816,-0.5978785999999999,-0.31921387,0.30075073,0.40780639999999996,-0.47469944000000003,-0.8942139,-0.6009648400000001,-0.31207275,0.1894226,0.47659302000000003,-0.4329251,-0.6900942999999999,-0.6751556,-0.19586182,0.14572144,0.44656372,-0.48100889999999996,-0.5577463,-0.6599106,-0.11477661,0.1741333,0.41958618000000003,-0.50814664,-0.5302625,-0.6412183,0.033843994,0.18588257,0.38403319999999996,-0.57272685,-0.46412736,-0.60645634,0.29940796000000003,0.20135498000000002,0.29818726,-0.7377490999999999,-0.38871002,-0.48338193,0.45632935,0.25515747,0.29171753,-0.82551885,-0.38701284,-0.43476492,0.5891723600000001,0.25009155,0.22149658,-0.89406323,-0.3423679,-0.32935047,0.7380371,0.21942139,0.053497314000000004,-0.99033415,-0.28885448,-0.13764538,0.81204224,0.23443604,-0.14727783,-1.0160216,-0.28905344,0.08231747,检查1变、2变高压侧进出线开关在分闸位置，开闭站201、202断路器在工作位置。
0.74868774,0.2536621,0.32992554,-1.093617,-0.95023656,-0.98894304,0.59259033,0.29077148,0.28573608,-1.0051243,-0.9657703999999999,-0.9043741999999999,0.5720824999999999,0.28128052,0.2883911,-1.0028821,-0.9580955999999999,-0.89814097,0.5069275,0.336792,0.19607544000000002,-0.9727418,-1.0234133,-0.7874329999999999,0.383667,0.31854248,0.2104187,-0.91207236,-1.0209408,-0.76611096,0.10632324,0.4951172,0.16952515,-0.7828645999999999,-1.2512091,-0.6105805999999999,-0.061676025,0.44226074,0.25143433,-0.6879664999999999,-1.2246282,-0.6150538,-0.14727783,0.34738159999999996,0.31695557,-0.6545485,-1.1181622,-0.6031518,-0.26379395,0.3050537,0.37597656,-0.55656075,-1.0077816,-0.5978785999999999,-0.31921387,0.30075073,0.40780639999999996,-0.47469944000000003,-0.8942139,-0.6009648400000001,-0.31207275,0.1894226,0.47659302000000003,-0.4329251,-0.6900942999999999,-0.6751556,-0.19586182,0.14572144,0.44656372,-0.48100889999999996,-0.5577463,-0.6599106,-0.11477661,0.1741333,0.41958618000000003,-0.50814664,-0.5302625,-0.6412183,0.033843994,0.18588257,0.38403319999999996,-0.57272685,-0.46412736,-0.60645634,0.29940796000000003,0.20135498000000002,0.29818726,-0.7377490999999999,-0.38871002,-0.48338193,0.45632935,0.25515747,0.29171753,-0.82551885,-0.38701284,-0.43476492,0.5891723600000001,0.25009155,0.22149658,-0.89406323,-0.3423679,-0.32935047,0.7380371,0.21942139,0.053497314000000004,-0.99033415,-0.28885448,-0.13764538,0.81204224,0.23443604,-0.14727783,-1.0160216,-0.28905344,0.08231747,0.8102722,0.25094604,-0.18130493,-1.00592,-0.30394375,0.11823413,检查1变、2变高压侧进出线开关在分闸位置，开闭站201、202断路器在工作位置。
0.59259033,0.29077148,0.28573608,-1.0051243,-0.9657703999999999,-0.9043741999999999,0.5720824999999999,0.28128052,0.2883911,-1.0028821,-0.9580955999999999,-0.89814097,0.5069275,0.336792,0.19607544000000002,-0.9727418,-1.0234133,-0.7874329999999999,0.383667,0.31854248,0.2104187,-0.91207236,-1.0209408,-0.76611096,0.10632324,0.4951172,0.16952515,-0.7828645999999999,-1.2512091,-0.6105805999999999,-0.061676025,0.44226074,0.25143433,-0.6879664999999999,-1.2246282,-0.6150538,-0.14727783,0.34738159999999996,0.31695557,-0.6545485,-1.1181622,-0.6031518,-0.26379395,0.3050537,0.37597656,-0.55656075,-1.0077816,-0.5978785999999999,-0.31921387,0.30075073,0.40780639999999996,-0.47469944000000003,-0.8942139,-0.6009648400000001,-0.31207275,0.1894226,0.47659302000000003,-0.4329251,-0.6900942999999999,-0.6751556,-0.19586182,0.14572144,0.44656372,-0.48100889999999996,-0.5577463,-0.6599106,-0.11477661,0.1741333,0.41958618000000003,-0.50814664,-0.5302625,-0.6412183,0.033843994,0.18588257,0.38403319999999996,-0.57272685,-0.46412736,-0.60645634,0.29940796000000003,0.20135498000000002,0.29818726,-0.7377490999999999,-0.38871002,-0.48338193,0.45632935,0.25515747,0.29171753,-0.82551885,-0.38701284,-0.43476492,0.5891723600000001,0.25009155,0.22149658,-0.89406323,-0.3423679,-0.32935047,0.7380371,0.21942139,0.053497314000000004,-0.99033415,-0.28885448,-0.13764538,0.81204224,0.23443604,-0.14727783,-1.0160216,-0.28905344,0.08231747,0.8102722,0.25094604,-0.18130493,-1.00592,-0.30394375,0.11823413,0.8085327,0.2552185,-0.24591064,-0.9933053,-0.30826664,0.17923823,检查1变、2变高压侧进出线开关在分闸位置，开闭站201、202断路器在工作位置。
0.5720824999999999,0.28128052,0.2883911,-1.0028821,-0.9580955999999999,-0.89814097,0.5069275,0.336792,0.19607544000000002,-0.9727418,-1.0234133,-0.7874329999999999,0.383667,0.31854248,0.2104187,-0.91207236,-1.0209408,-0.76611096,0.10632324,0.4951172,0.16952515,-0.7828645999999999,-1.2512091,-0.6105805999999999,-0.061676025,0.44226074,0.25143433,-0.6879664999999999,-1.2246282,-0.6150538,-0.14727783,0.34738159999999996,0.31695557,-0.6545485,-1.1181622,-0.6031518,-0.26379395,0.3050537,0.37597656,-0.55656075,-1.0077816,-0.5978785999999999,-0.31921387,0.30075073,0.40780639999999996,-0.47469944000000003,-0.8942139,-0.6009648400000001,-0.31207275,0.1894226,0.47659302000000003,-0.4329251,-0.6900942999999999,-0.6751556,-0.19586182,0.14572144,0.44656372,-0.48100889999999996,-0.5577463,-0.6599106,-0.11477661,0.1741333,0.41958618000000003,-0.50814664,-0.5302625,-0.6412183,0.033843994,0.18588257,0.38403319999999996,-0.57272685,-0.46412736,-0.60645634,0.29940796000000003,0.20135498000000002,0.29818726,-0.7377490999999999,-0.38871002,-0.48338193,0.45632935,0.25515747,0.29171753,-0.82551885,-0.38701284,-0.43476492,0.5891723600000001,0.25009155,0.22149658,-0.89406323,-0.3423679,-0.32935047,0.7380371,0.21942139,0.053497314000000004,-0.99033415,-0.28885448,-0.13764538,0.81204224,0.23443604,-0.14727783,-1.0160216,-0.28905344,0.08231747,0.8102722,0.25094604,-0.18130493,-1.00592,-0.30394375,0.11823413,0.8085327,0.2552185,-0.24591064,-0.9933053,-0.30826664,0.17923823,0.7742614999999999,0.21270752,-0.2963562,-0.9571170999999999,-0.27220917,0.20951936000000002,检查1变、2变高压侧进出线开关在分闸位置，开闭站201、202断路器在工作位置。
0.5069275,0.336792,0.19607544000000002,-0.9727418,-1.0234133,-0.7874329999999999,0.383667,0.31854248,0.2104187,-0.91207236,-1.0209408,-0.76611096,0.10632324,0.4951172,0.16952515,-0.7828645999999999,-1.2512091,-0.6105805999999999,-0.061676025,0.44226074,0.25143433,-0.6879664999999999,-1.2246282,-0.6150538,-0.14727783,0.34738159999999996,0.31695557,-0.6545485,-1.1181622,-0.6031518,-0.26379395,0.3050537,0.37597656,-0.55656075,-1.0077816,-0.5978785999999999,-0.31921387,0.30075073,0.40780639999999996,-0.47469944000000003,-0.8942139,-0.6009648400000001,-0.31207275,0.1894226,0.47659302000000003,-0.4329251,-0.6900942999999999,-0.6751556,-0.19586182,0.14572144,0.44656372,-0.48100889999999996,-0.5577463,-0.6599106,-0.11477661,0.1741333,0.41958618000000003,-0.50814664,-0.5302625,-0.6412183,0.033843994,0.18588257,0.38403319999999996,-0.57272685,-0.46412736,-0.60645634,0.29940796000000003,0.20135498000000002,0.29818726,-0.7377490999999999,-0.38871002,-0.48338193,0.45632935,0.25515747,0.29171753,-0.82551885,-0.38701284,-0.43476492,0.5891723600000001,0.25009155,0.22149658,-0.89406323,-0.3423679,-0.32935047,0.7380371,0.21942139,0.053497314000000004,-0.99033415,-0.28885448,-0.13764538,0.81204224,0.23443604,-0.14727783,-1.0160216,-0.28905344,0.08231747,0.8102722,0.25094604,-0.18130493,-1.00592,-0.30394375,0.11823413,0.8085327,0.2552185,-0.24591064,-0.9933053,-0.30826664,0.17923823,0.7742614999999999,0.21270752,-0.2963562,-0.9571170999999999,-0.27220917,0.20951936000000002,0.6215514999999999,0.12292480500000001,-0.26690674000000003,-0.8699960999999999,-0.20472175,0.15624842,检查1变、2变高压侧进出线开关在分闸位置，开闭站201、202断路器在工作位置。
0.383667,0.31854248,0.2104187,-0.91207236,-1.0209408,-0.76611096,0.10632324,0.4951172,0.16952515,-0.7828645999999999,-1.2512091,-0.6105805999999999,-0.061676025,0.44226074,0.25143433,-0.6879664999999999,-1.2246282,-0.6150538,-0.14727783,0.34738159999999996,0.31695557,-0.6545485,-1.1181622,-0.6031518,-0.26379395,0.3050537,0.37597656,-0.55656075,-1.0077816,-0.5978785999999999,-0.31921387,0.30075073,0.40780639999999996,-0.47469944000000003,-0.8942139,-0.6009648400000001,-0.31207275,0.1894226,0.47659302000000003,-0.4329251,-0.6900942999999999,-0.6751556,-0.19586182,0.14572144,0.44656372,-0.48100889999999996,-0.5577463,-0.6599106,-0.11477661,0.1741333,0.41958618000000003,-0.50814664,-0.5302625,-0.6412183,0.033843994,0.18588257,0.38403319999999996,-0.57272685,-0.46412736,-0.60645634,0.29940796000000003,0.20135498000000002,0.29818726,-0.7377490999999999,-0.38871002,-0.48338193,0.45632935,0.25515747,0.29171753,-0.82551885,-0.38701284,-0.43476492,0.5891723600000001,0.25009155,0.22149658,-0.89406323,-0.3423679,-0.32935047,0.7380371,0.21942139,0.053497314000000004,-0.99033415,-0.28885448,-0.13764538,0.81204224,0.23443604,-0.14727783,-1.0160216,-0.28905344,0.08231747,0.8102722,0.25094604,-0.18130493,-1.00592,-0.30394375,0.11823413,0.8085327,0.2552185,-0.24591064,-0.9933053,-0.30826664,0.17923823,0.7742614999999999,0.21270752,-0.2963562,-0.9571170999999999,-0.27220917,0.20951936000000002,0.6215514999999999,0.12292480500000001,-0.26690674000000003,-0.8699960999999999,-0.20472175,0.15624842,0.518219,0.11477661,-0.19366455,-0.8083789,-0.20640433,0.08675756,检查1变、2变高压侧进出线开关在分闸位置，开闭站201、202断路器在工作位置。
0.10632324,0.4951172,0.16952515,-0.7828645999999999,-1.2512091,-0.6105805999999999,-0.061676025,0.44226074,0.25143433,-0.6879664999999999,-1.2246282,-0.6150538,-0.14727783,0.34738159999999996,0.31695557,-0.6545485,-1.1181622,-0.6031518,-0.26379395,0.3050537,0.37597656,-0.55656075,-1.0077816,-0.5978785999999999,-0.31921387,0.30075073,0.40780639999999996,-0.47469944000000003,-0.8942139,-0.6009648400000001,-0.31207275,0.1894226,0.47659302000000003,-0.4329251,-0.6900942999999999,-0.6751556,-0.19586182,0.14572144,0.44656372,-0.48100889999999996,-0.5577463,-0.6599106,-0.11477661,0.1741333,0.41958618000000003,-0.50814664,-0.5302625,-0.6412183,0.033843994,0.18588257,0.38403319999999996,-0.57272685,-0.46412736,-0.60645634,0.29940796000000003,0.20135498000000002,0.29818726,-0.7377490999999999,-0.38871002,-0.48338193,0.45632935,0.25515747,0.29171753,-0.82551885,-0.38701284,-0.43476492,0.5891723600000001,0.25009155,0.22149658,-0.89406323,-0.3423679,-0.32935047,0.7380371,0.21942139,0.053497314000000004,-0.99033415,-0.28885448,-0.13764538,0.81204224,0.23443604,-0.14727783,-1.0160216,-0.28905344,0.08231747,0.8102722,0.25094604,-0.18130493,-1.00592,-0.30394375,0.11823413,0.8085327,0.2552185,-0.24591064,-0.9933053,-0.30826664,0.17923823,0.7742614999999999,0.21270752,-0.2963562,-0.9571170999999999,-0.27220917,0.20951936000000002,0.6215514999999999,0.12292480500000001,-0.26690674000000003,-0.8699960999999999,-0.20472175,0.15624842,0.518219,0.11477661,-0.19366455,-0.8083789,-0.20640433,0.08675756,0.518219,0.11477661,-0.19366455,-0.8083789,-0.20640433,0.08675756,检查1变、2变高压侧进出线开关在分闸位置，开闭站201、202断路器在工作位置。
-0.061676025,0.44226074,0.25143433,-0.6879664999999999,-1.2246282,-0.6150538,-0.14727783,0.34738159999999996,0.31695557,-0.6545485,-1.1181622,-0.6031518,-0.26379395,0.3050537,0.37597656,-0.55656075,-1.0077816,-0.5978785999999999,-0.31921387,0.30075073,0.40780639999999996,-0.47469944000000003,-0.8942139,-0.6009648400000001,-0.31207275,0.1894226,0.47659302000000003,-0.4329251,-0.6900942999999999,-0.6751556,-0.19586182,0.14572144,0.44656372,-0.48100889999999996,-0.5577463,-0.6599106,-0.11477661,0.1741333,0.41958618000000003,-0.50814664,-0.5302625,-0.6412183,0.033843994,0.18588257,0.38403319999999996,-0.57272685,-0.46412736,-0.60645634,0.29940796000000003,0.20135498000000002,0.29818726,-0.7377490999999999,-0.38871002,-0.48338193,0.45632935,0.25515747,0.29171753,-0.82551885,-0.38701284,-0.43476492,0.5891723600000001,0.25009155,0.22149658,-0.89406323,-0.3423679,-0.32935047,0.7380371,0.21942139,0.053497314000000004,-0.99033415,-0.28885448,-0.13764538,0.81204224,0.23443604,-0.14727783,-1.0160216,-0.28905344,0.08231747,0.8102722,0.25094604,-0.18130493,-1.00592,-0.30394375,0.11823413,0.8085327,0.2552185,-0.24591064,-0.9933053,-0.30826664,0.17923823,0.7742614999999999,0.21270752,-0.2963562,-0.9571170999999999,-0.27220917,0.20951936000000002,0.6215514999999999,0.12292480500000001,-0.26690674000000003,-0.8699960999999999,-0.20472175,0.15624842,0.518219,0.11477661,-0.19366455,-0.8083789,-0.20640433,0.08675756,0.518219,0.11477661,-0.19366455,-0.8083789,-0.20640433,0.08675756,0.31295776000000003,0.15548706,0.0026855469,-0.702128,-0.27814089999999997,-0.09415065,检查1变、2变高压侧进出线开关在分闸位置，开闭站201、202断路器在工作位置。
-0.14727783,0.34738159999999996,0.31695557,-0.6545485,-1.1181622,-0.6031518,-0.26379395,0.3050537,0.37597656,-0.55656075,-1.0077816,-0.5978785999999999,-0.31921387,0.30075073,0.40780639999999996,-0.47469944000000003,-0.8942139,-0.6009648400000001,-0.31207275,0.1894226,0.47659302000000003,-0.4329251,-0.6900942999999999,-0.6751556,-0.19586182,0.14572144,0.44656372,-0.48100889999999996,-0.5577463,-0.6599106,-0.11477661,0.1741333,0.41958618000000003,-0.50814664,-0.5302625,-0.6412183,0.033843994,0.18588257,0.38403319999999996,-0.57272685,-0.46412736,-0.60645634,0.29940796000000003,0.20135498000000002,0.29818726,-0.7377490999999999,-0.38871002,-0.48338193,0.45632935,0.25515747,0.29171753,-0.82551885,-0.38701284,-0.43476492,0.5891723600000001,0.25009155,0.22149658,-0.89406323,-0.3423679,-0.32935047,0.7380371,0.21942139,0.053497314000000004,-0.99033415,-0.28885448,-0.13764538,0.81204224,0.23443604,-0.14727783,-1.0160216,-0.28905344,0.08231747,0.8102722,0.25094604,-0.18130493,-1.00592,-0.30394375,0.11823413,0.8085327,0.2552185,-0.24591064,-0.9933053,-0.30826664,0.17923823,0.7742614999999999,0.21270752,-0.2963562,-0.9571170999999999,-0.27220917,0.20951936000000002,0.6215514999999999,0.12292480500000001,-0.26690674000000003,-0.8699960999999999,-0.20472175,0.15624842,0.518219,0.11477661,-0.19366455,-0.8083789,-0.20640433,0.08675756,0.518219,0.11477661,-0.19366455,-0.8083789,-0.20640433,0.08675756,0.31295776000000003,0.15548706,0.0026855469,-0.702128,-0.27814089999999997,-0.09415065,0.2605896,0.17163086,0.05834961,-0.67698026,-0.30586199999999997,-0.14677967,检查1变、2变高压侧进出线开关在分闸位置，开闭站201、202断路器在工作位置。
-0.26379395,0.3050537,0.37597656,-0.55656075,-1.0077816,-0.5978785999999999,-0.31921387,0.30075073,0.40780639999999996,-0.47469944000000003,-0.8942139,-0.6009648400000001,-0.31207275,0.1894226,0.47659302000000003,-0.4329251,-0.6900942999999999,-0.6751556,-0.19586182,0.14572144,0.44656372,-0.48100889999999996,-0.5577463,-0.6599106,-0.11477661,0.1741333,0.41958618000000003,-0.50814664,-0.5302625,-0.6412183,0.033843994,0.18588257,0.38403319999999996,-0.57272685,-0.46412736,-0.60645634,0.29940796000000003,0.20135498000000002,0.29818726,-0.7377490999999999,-0.38871002,-0.48338193,0.45632935,0.25515747,0.29171753,-0.82551885,-0.38701284,-0.43476492,0.5891723600000001,0.25009155,0.22149658,-0.89406323,-0.3423679,-0.32935047,0.7380371,0.21942139,0.053497314000000004,-0.99033415,-0.28885448,-0.13764538,0.81204224,0.23443604,-0.14727783,-1.0160216,-0.28905344,0.08231747,0.8102722,0.25094604,-0.18130493,-1.00592,-0.30394375,0.11823413,0.8085327,0.2552185,-0.24591064,-0.9933053,-0.30826664,0.17923823,0.7742614999999999,0.21270752,-0.2963562,-0.9571170999999999,-0.27220917,0.20951936000000002,0.6215514999999999,0.12292480500000001,-0.26690674000000003,-0.8699960999999999,-0.20472175,0.15624842,0.518219,0.11477661,-0.19366455,-0.8083789,-0.20640433,0.08675756,0.518219,0.11477661,-0.19366455,-0.8083789,-0.20640433,0.08675756,0.31295776000000003,0.15548706,0.0026855469,-0.702128,-0.27814089999999997,-0.09415065,0.2605896,0.17163086,0.05834961,-0.67698026,-0.30586199999999997,-0.14677967,-0.054901123,0.27786255,0.35644529999999996,-0.5020044,-0.4931097,-0.43045503,检查1变、2变高压侧进出线开关在分闸位置，开闭站201、202断路器在工作位置。
-0.31921387,0.30075073,0.40780639999999996,-0.47469944000000003,-0.8942139,-0.6009648400000001,-0.31207275,0.1894226,0.47659302000000003,-0.4329251,-0.6900942999999999,-0.6751556,-0.19586182,0.14572144,0.44656372,-0.48100889999999996,-0.5577463,-0.6599106,-0.11477661,0.1741333,0.41958618000000003,-0.50814664,-0.5302625,-0.6412183,0.033843994,0.18588257,0.38403319999999996,-0.57272685,-0.46412736,-0.60645634,0.29940796000000003,0.20135498000000002,0.29818726,-0.7377490999999999,-0.38871002,-0.48338193,0.45632935,0.25515747,0.29171753,-0.82551885,-0.38701284,-0.43476492,0.5891723600000001,0.25009155,0.22149658,-0.89406323,-0.3423679,-0.32935047,0.7380371,0.21942139,0.053497314000000004,-0.99033415,-0.28885448,-0.13764538,0.81204224,0.23443604,-0.14727783,-1.0160216,-0.28905344,0.08231747,0.8102722,0.25094604,-0.18130493,-1.00592,-0.30394375,0.11823413,0.8085327,0.2552185,-0.24591064,-0.9933053,-0.30826664,0.17923823,0.7742614999999999,0.21270752,-0.2963562,-0.9571170999999999,-0.27220917,0.20951936000000002,0.6215514999999999,0.12292480500000001,-0.26690674000000003,-0.8699960999999999,-0.20472175,0.15624842,0.518219,0.11477661,-0.19366455,-0.8083789,-0.20640433,0.08675756,0.518219,0.11477661,-0.19366455,-0.8083789,-0.20640433,0.08675756,0.31295776000000003,0.15548706,0.0026855469,-0.702128,-0.27814089999999997,-0.09415065,0.2605896,0.17163086,0.05834961,-0.67698026,-0.30586199999999997,-0.14677967,-0.054901123,0.27786255,0.35644529999999996,-0.5020044,-0.4931097,-0.43045503,-0.054901123,0.27786255,0.35644529999999996,-0.5020044,-0.4931097,-0.43045503,检查1变、2变高压侧进出线开关在分闸位置，开闭站201、202断路器在工作位置。
-0.31207275,0.1894226,0.47659302000000003,-0.4329251,-0.6900942999999999,-0.6751556,-0.19586182,0.14572144,0.44656372,-0.48100889999999996,-0.5577463,-0.6599106,-0.11477661,0.1741333,0.41958618000000003,-0.50814664,-0.5302625,-0.6412183,0.033843994,0.18588257,0.38403319999999996,-0.57272685,-0.46412736,-0.60645634,0.29940796000000003,0.20135498000000002,0.29818726,-0.7377490999999999,-0.38871002,-0.48338193,0.45632935,0.25515747,0.29171753,-0.82551885,-0.38701284,-0.43476492,0.5891723600000001,0.25009155,0.22149658,-0.89406323,-0.3423679,-0.32935047,0.7380371,0.21942139,0.053497314000000004,-0.99033415,-0.28885448,-0.13764538,0.81204224,0.23443604,-0.14727783,-1.0160216,-0.28905344,0.08231747,0.8102722,0.25094604,-0.18130493,-1.00592,-0.30394375,0.11823413,0.8085327,0.2552185,-0.24591064,-0.9933053,-0.30826664,0.17923823,0.7742614999999999,0.21270752,-0.2963562,-0.9571170999999999,-0.27220917,0.20951936000000002,0.6215514999999999,0.12292480500000001,-0.26690674000000003,-0.8699960999999999,-0.20472175,0.15624842,0.518219,0.11477661,-0.19366455,-0.8083789,-0.20640433,0.08675756,0.518219,0.11477661,-0.19366455,-0.8083789,-0.20640433,0.08675756,0.31295776000000003,0.15548706,0.0026855469,-0.702128,-0.27814089999999997,-0.09415065,0.2605896,0.17163086,0.05834961,-0.67698026,-0.30586199999999997,-0.14677967,-0.054901123,0.27786255,0.35644529999999996,-0.5020044,-0.4931097,-0.43045503,-0.054901123,0.27786255,0.35644529999999996,-0.5020044,-0.4931097,-0.43045503,-0.09674072,0.33139038,0.39871216,-0.4889071,-0.5692508,-0.47018063,检查1变、2变高压侧进出线开关在分闸位置，开闭站201、202断路器在工作位置。
-0.19586182,0.14572144,0.44656372,-0.48100889999999996,-0.5577463,-0.6599106,-0.11477661,0.1741333,0.41958618000000003,-0.50814664,-0.5302625,-0.6412183,0.033843994,0.18588257,0.38403319999999996,-0.57272685,-0.46412736,-0.60645634,0.29940796000000003,0.20135498000000002,0.29818726,-0.7377490999999999,-0.38871002,-0.48338193,0.45632935,0.25515747,0.29171753,-0.82551885,-0.38701284,-0.43476492,0.5891723600000001,0.25009155,0.22149658,-0.89406323,-0.3423679,-0.32935047,0.7380371,0.21942139,0.053497314000000004,-0.99033415,-0.28885448,-0.13764538,0.81204224,0.23443604,-0.14727783,-1.0160216,-0.28905344,0.08231747,0.8102722,0.25094604,-0.18130493,-1.00592,-0.30394375,0.11823413,0.8085327,0.2552185,-0.24591064,-0.9933053,-0.30826664,0.17923823,0.7742614999999999,0.21270752,-0.2963562,-0.9571170999999999,-0.27220917,0.20951936000000002,0.6215514999999999,0.12292480500000001,-0.26690674000000003,-0.8699960999999999,-0.20472175,0.15624842,0.518219,0.11477661,-0.19366455,-0.8083789,-0.20640433,0.08675756,0.518219,0.11477661,-0.19366455,-0.8083789,-0.20640433,0.08675756,0.31295776000000003,0.15548706,0.0026855469,-0.702128,-0.27814089999999997,-0.09415065,0.2605896,0.17163086,0.05834961,-0.67698026,-0.30586199999999997,-0.14677967,-0.054901123,0.27786255,0.35644529999999996,-0.5020044,-0.4931097,-0.43045503,-0.054901123,0.27786255,0.35644529999999996,-0.5020044,-0.4931097,-0.43045503,-0.09674072,0.33139038,0.39871216,-0.4889071,-0.5692508,-0.47018063,-0.1843872,0.4078369,0.54330444,-0.50799525,-0.7499423,-0.6131266,检查1变、2变高压侧进出线开关在分闸位置，开闭站201、202断路器在工作位置。
-0.11477661,0.1741333,0.41958618000000003,-0.50814664,-0.5302625,-0.6412183,0.033843994,0.18588257,0.38403319999999996,-0.57272685,-0.46412736,-0.60645634,0.29940796000000003,0.20135498000000002,0.29818726,-0.7377490999999999,-0.38871002,-0.48338193,0.45632935,0.25515747,0.29171753,-0.82551885,-0.38701284,-0.43476492,0.5891723600000001,0.25009155,0.22149658,-0.89406323,-0.3423679,-0.32935047,0.7380371,0.21942139,0.053497314000000004,-0.99033415,-0.28885448,-0.13764538,0.81204224,0.23443604,-0.14727783,-1.0160216,-0.28905344,0.08231747,0.8102722,0.25094604,-0.18130493,-1.00592,-0.30394375,0.11823413,0.8085327,0.2552185,-0.24591064,-0.9933053,-0.30826664,0.17923823,0.7742614999999999,0.21270752,-0.2963562,-0.9571170999999999,-0.27220917,0.20951936000000002,0.6215514999999999,0.12292480500000001,-0.26690674000000003,-0.8699960999999999,-0.20472175,0.15624842,0.518219,0.11477661,-0.19366455,-0.8083789,-0.20640433,0.08675756,0.518219,0.11477661,-0.19366455,-0.8083789,-0.20640433,0.08675756,0.31295776000000003,0.15548706,0.0026855469,-0.702128,-0.27814089999999997,-0.09415065,0.2605896,0.17163086,0.05834961,-0.67698026,-0.30586199999999997,-0.14677967,-0.054901123,0.27786255,0.35644529999999996,-0.5020044,-0.4931097,-0.43045503,-0.054901123,0.27786255,0.35644529999999996,-0.5020044,-0.4931097,-0.43045503,-0.09674072,0.33139038,0.39871216,-0.4889071,-0.5692508,-0.47018063,-0.1843872,0.4078369,0.54330444,-0.50799525,-0.7499423,-0.6131266,-0.1843872,0.4078369,0.54330444,-0.50799525,-0.7499423,-0.6131266,检查1变、2变高压侧进出线开关在分闸位置，开闭站201、202断路器在工作位置。
0.033843994,0.18588257,0.38403319999999996,-0.57272685,-0.46412736,-0.60645634,0.29940796000000003,0.20135498000000002,0.29818726,-0.7377490999999999,-0.38871002,-0.48338193,0.45632935,0.25515747,0.29171753,-0.82551885,-0.38701284,-0.43476492,0.5891723600000001,0.25009155,0.22149658,-0.89406323,-0.3423679,-0.32935047,0.7380371,0.21942139,0.053497314000000004,-0.99033415,-0.28885448,-0.13764538,0.81204224,0.23443604,-0.14727783,-1.0160216,-0.28905344,0.08231747,0.8102722,0.25094604,-0.18130493,-1.00592,-0.30394375,0.11823413,0.8085327,0.2552185,-0.24591064,-0.9933053,-0.30826664,0.17923823,0.7742614999999999,0.21270752,-0.2963562,-0.9571170999999999,-0.27220917,0.20951936000000002,0.6215514999999999,0.12292480500000001,-0.26690674000000003,-0.8699960999999999,-0.20472175,0.15624842,0.518219,0.11477661,-0.19366455,-0.8083789,-0.20640433,0.08675756,0.518219,0.11477661,-0.19366455,-0.8083789,-0.20640433,0.08675756,0.31295776000000003,0.15548706,0.0026855469,-0.702128,-0.27814089999999997,-0.09415065,0.2605896,0.17163086,0.05834961,-0.67698026,-0.30586199999999997,-0.14677967,-0.054901123,0.27786255,0.35644529999999996,-0.5020044,-0.4931097,-0.43045503,-0.054901123,0.27786255,0.35644529999999996,-0.5020044,-0.4931097,-0.43045503,-0.09674072,0.33139038,0.39871216,-0.4889071,-0.5692508,-0.47018063,-0.1843872,0.4078369,0.54330444,-0.50799525,-0.7499423,-0.6131266,-0.1843872,0.4078369,0.54330444,-0.50799525,-0.7499423,-0.6131266,-0.07733154,0.33441162,0.36471558,-0.70573306,-0.8470487600000001,-0.5017455,检查1变、2变高压侧进出线开关在分闸位置，开闭站201、202断路器在工作位置。
0.29940796000000003,0.20135498000000002,0.29818726,-0.7377490999999999,-0.38871002,-0.48338193,0.45632935,0.25515747,0.29171753,-0.82551885,-0.38701284,-0.43476492,0.5891723600000001,0.25009155,0.22149658,-0.89406323,-0.3423679,-0.32935047,0.7380371,0.21942139,0.053497314000000004,-0.99033415,-0.28885448,-0.13764538,0.81204224,0.23443604,-0.14727783,-1.0160216,-0.28905344,0.08231747,0.8102722,0.25094604,-0.18130493,-1.00592,-0.30394375,0.11823413,0.8085327,0.2552185,-0.24591064,-0.9933053,-0.30826664,0.17923823,0.7742614999999999,0.21270752,-0.2963562,-0.9571170999999999,-0.27220917,0.20951936000000002,0.6215514999999999,0.12292480500000001,-0.26690674000000003,-0.8699960999999999,-0.20472175,0.15624842,0.518219,0.11477661,-0.19366455,-0.8083789,-0.20640433,0.08675756,0.518219,0.11477661,-0.19366455,-0.8083789,-0.20640433,0.08675756,0.31295776000000003,0.15548706,0.0026855469,-0.702128,-0.27814089999999997,-0.09415065,0.2605896,0.17163086,0.05834961,-0.67698026,-0.30586199999999997,-0.14677967,-0.054901123,0.27786255,0.35644529999999996,-0.5020044,-0.4931097,-0.43045503,-0.054901123,0.27786255,0.35644529999999996,-0.5020044,-0.4931097,-0.43045503,-0.09674072,0.33139038,0.39871216,-0.4889071,-0.5692508,-0.47018063,-0.1843872,0.4078369,0.54330444,-0.50799525,-0.7499423,-0.6131266,-0.1843872,0.4078369,0.54330444,-0.50799525,-0.7499423,-0.6131266,-0.07733154,0.33441162,0.36471558,-0.70573306,-0.8470487600000001,-0.5017455,-0.031982422,0.29174805,0.3527527,-0.7511725,-0.8124397999999999,-0.50148,检查1变、2变高压侧进出线开关在分闸位置，开闭站201、202断路器在工作位置。
0.45632935,0.25515747,0.29171753,-0.82551885,-0.38701284,-0.43476492,0.5891723600000001,0.25009155,0.22149658,-0.89406323,-0.3423679,-0.32935047,0.7380371,0.21942139,0.053497314000000004,-0.99033415,-0.28885448,-0.13764538,0.81204224,0.23443604,-0.14727783,-1.0160216,-0.28905344,0.08231747,0.8102722,0.25094604,-0.18130493,-1.00592,-0.30394375,0.11823413,0.8085327,0.2552185,-0.24591064,-0.9933053,-0.30826664,0.17923823,0.7742614999999999,0.21270752,-0.2963562,-0.9571170999999999,-0.27220917,0.20951936000000002,0.6215514999999999,0.12292480500000001,-0.26690674000000003,-0.8699960999999999,-0.20472175,0.15624842,0.518219,0.11477661,-0.19366455,-0.8083789,-0.20640433,0.08675756,0.518219,0.11477661,-0.19366455,-0.8083789,-0.20640433,0.08675756,0.31295776000000003,0.15548706,0.0026855469,-0.702128,-0.27814089999999997,-0.09415065,0.2605896,0.17163086,0.05834961,-0.67698026,-0.30586199999999997,-0.14677967,-0.054901123,0.27786255,0.35644529999999996,-0.5020044,-0.4931097,-0.43045503,-0.054901123,0.27786255,0.35644529999999996,-0.5020044,-0.4931097,-0.43045503,-0.09674072,0.33139038,0.39871216,-0.4889071,-0.5692508,-0.47018063,-0.1843872,0.4078369,0.54330444,-0.50799525,-0.7499423,-0.6131266,-0.1843872,0.4078369,0.54330444,-0.50799525,-0.7499423,-0.6131266,-0.07733154,0.33441162,0.36471558,-0.70573306,-0.8470487600000001,-0.5017455,-0.031982422,0.29174805,0.3527527,-0.7511725,-0.8124397999999999,-0.50148,-0.08792114000000001,0.19320679000000002,0.44735718,-0.6591868,-0.7062297,-0.65894526,检查1变、2变高压侧进出线开关在分闸位置，开闭站201、202断路器在工作位置。
0.5891723600000001,0.25009155,0.22149658,-0.89406323,-0.3423679,-0.32935047,0.7380371,0.21942139,0.053497314000000004,-0.99033415,-0.28885448,-0.13764538,0.81204224,0.23443604,-0.14727783,-1.0160216,-0.28905344,0.08231747,0.8102722,0.25094604,-0.18130493,-1.00592,-0.30394375,0.11823413,0.8085327,0.2552185,-0.24591064,-0.9933053,-0.30826664,0.17923823,0.7742614999999999,0.21270752,-0.2963562,-0.9571170999999999,-0.27220917,0.20951936000000002,0.6215514999999999,0.12292480500000001,-0.26690674000000003,-0.8699960999999999,-0.20472175,0.15624842,0.518219,0.11477661,-0.19366455,-0.8083789,-0.20640433,0.08675756,0.518219,0.11477661,-0.19366455,-0.8083789,-0.20640433,0.08675756,0.31295776000000003,0.15548706,0.0026855469,-0.702128,-0.27814089999999997,-0.09415065,0.2605896,0.17163086,0.05834961,-0.67698026,-0.30586199999999997,-0.14677967,-0.054901123,0.27786255,0.35644529999999996,-0.5020044,-0.4931097,-0.43045503,-0.054901123,0.27786255,0.35644529999999996,-0.5020044,-0.4931097,-0.43045503,-0.09674072,0.33139038,0.39871216,-0.4889071,-0.5692508,-0.47018063,-0.1843872,0.4078369,0.54330444,-0.50799525,-0.7499423,-0.6131266,-0.1843872,0.4078369,0.54330444,-0.50799525,-0.7499423,-0.6131266,-0.07733154,0.33441162,0.36471558,-0.70573306,-0.8470487600000001,-0.5017455,-0.031982422,0.29174805,0.3527527,-0.7511725,-0.8124397999999999,-0.50148,-0.08792114000000001,0.19320679000000002,0.44735718,-0.6591868,-0.7062297,-0.65894526,-0.08792114000000001,0.19320679000000002,0.44735718,-0.6591868,-0.7062297,-0.65894526,检查1变、2变高压侧进出线开关在分闸位置，开闭站201、202断路器在工作位置。
0.7380371,0.21942139,0.053497314000000004,-0.99033415,-0.28885448,-0.13764538,0.81204224,0.23443604,-0.14727783,-1.0160216,-0.28905344,0.08231747,0.8102722,0.25094604,-0.18130493,-1.00592,-0.30394375,0.11823413,0.8085327,0.2552185,-0.24591064,-0.9933053,-0.30826664,0.17923823,0.7742614999999999,0.21270752,-0.2963562,-0.9571170999999999,-0.27220917,0.20951936000000002,0.6215514999999999,0.12292480500000001,-0.26690674000000003,-0.8699960999999999,-0.20472175,0.15624842,0.518219,0.11477661,-0.19366455,-0.8083789,-0.20640433,0.08675756,0.518219,0.11477661,-0.19366455,-0.8083789,-0.20640433,0.08675756,0.31295776000000003,0.15548706,0.0026855469,-0.702128,-0.27814089999999997,-0.09415065,0.2605896,0.17163086,0.05834961,-0.67698026,-0.30586199999999997,-0.14677967,-0.054901123,0.27786255,0.35644529999999996,-0.5020044,-0.4931097,-0.43045503,-0.054901123,0.27786255,0.35644529999999996,-0.5020044,-0.4931097,-0.43045503,-0.09674072,0.33139038,0.39871216,-0.4889071,-0.5692508,-0.47018063,-0.1843872,0.4078369,0.54330444,-0.50799525,-0.7499423,-0.6131266,-0.1843872,0.4078369,0.54330444,-0.50799525,-0.7499423,-0.6131266,-0.07733154,0.33441162,0.36471558,-0.70573306,-0.8470487600000001,-0.5017455,-0.031982422,0.29174805,0.3527527,-0.7511725,-0.8124397999999999,-0.50148,-0.08792114000000001,0.19320679000000002,0.44735718,-0.6591868,-0.7062297,-0.65894526,-0.08792114000000001,0.19320679000000002,0.44735718,-0.6591868,-0.7062297,-0.65894526,-0.037902832000000004,0.11465454,0.5489197,-0.6666291,-0.60637265,-0.8114952400000001,检查1变、2变高压侧进出线开关在分闸位置，开闭站201、202断路器在工作位置。
0.81204224,0.23443604,-0.14727783,-1.0160216,-0.28905344,0.08231747,0.8102722,0.25094604,-0.18130493,-1.00592,-0.30394375,0.11823413,0.8085327,0.2552185,-0.24591064,-0.9933053,-0.30826664,0.17923823,0.7742614999999999,0.21270752,-0.2963562,-0.9571170999999999,-0.27220917,0.20951936000000002,0.6215514999999999,0.12292480500000001,-0.26690674000000003,-0.8699960999999999,-0.20472175,0.15624842,0.518219,0.11477661,-0.19366455,-0.8083789,-0.20640433,0.08675756,0.518219,0.11477661,-0.19366455,-0.8083789,-0.20640433,0.08675756,0.31295776000000003,0.15548706,0.0026855469,-0.702128,-0.27814089999999997,-0.09415065,0.2605896,0.17163086,0.05834961,-0.67698026,-0.30586199999999997,-0.14677967,-0.054901123,0.27786255,0.35644529999999996,-0.5020044,-0.4931097,-0.43045503,-0.054901123,0.27786255,0.35644529999999996,-0.5020044,-0.4931097,-0.43045503,-0.09674072,0.33139038,0.39871216,-0.4889071,-0.5692508,-0.47018063,-0.1843872,0.4078369,0.54330444,-0.50799525,-0.7499423,-0.6131266,-0.1843872,0.4078369,0.54330444,-0.50799525,-0.7499423,-0.6131266,-0.07733154,0.33441162,0.36471558,-0.70573306,-0.8470487600000001,-0.5017455,-0.031982422,0.29174805,0.3527527,-0.7511725,-0.8124397999999999,-0.50148,-0.08792114000000001,0.19320679000000002,0.44735718,-0.6591868,-0.7062297,-0.65894526,-0.08792114000000001,0.19320679000000002,0.44735718,-0.6591868,-0.7062297,-0.65894526,-0.037902832000000004,0.11465454,0.5489197,-0.6666291,-0.60637265,-0.8114952400000001,-0.009399414,0.09777832,0.5565185500000001,-0.68330234,-0.5855241999999999,-0.8332261400000001,检查1变、2变高压侧进出线开关在分闸位置，开闭站201、202断路器在工作位置。
0.8102722,0.25094604,-0.18130493,-1.00592,-0.30394375,0.11823413,0.8085327,0.2552185,-0.24591064,-0.9933053,-0.30826664,0.17923823,0.7742614999999999,0.21270752,-0.2963562,-0.9571170999999999,-0.27220917,0.20951936000000002,0.6215514999999999,0.12292480500000001,-0.26690674000000003,-0.8699960999999999,-0.20472175,0.15624842,0.518219,0.11477661,-0.19366455,-0.8083789,-0.20640433,0.08675756,0.518219,0.11477661,-0.19366455,-0.8083789,-0.20640433,0.08675756,0.31295776000000003,0.15548706,0.0026855469,-0.702128,-0.27814089999999997,-0.09415065,0.2605896,0.17163086,0.05834961,-0.67698026,-0.30586199999999997,-0.14677967,-0.054901123,0.27786255,0.35644529999999996,-0.5020044,-0.4931097,-0.43045503,-0.054901123,0.27786255,0.35644529999999996,-0.5020044,-0.4931097,-0.43045503,-0.09674072,0.33139038,0.39871216,-0.4889071,-0.5692508,-0.47018063,-0.1843872,0.4078369,0.54330444,-0.50799525,-0.7499423,-0.6131266,-0.1843872,0.4078369,0.54330444,-0.50799525,-0.7499423,-0.6131266,-0.07733154,0.33441162,0.36471558,-0.70573306,-0.8470487600000001,-0.5017455,-0.031982422,0.29174805,0.3527527,-0.7511725,-0.8124397999999999,-0.50148,-0.08792114000000001,0.19320679000000002,0.44735718,-0.6591868,-0.7062297,-0.65894526,-0.08792114000000001,0.19320679000000002,0.44735718,-0.6591868,-0.7062297,-0.65894526,-0.037902832000000004,0.11465454,0.5489197,-0.6666291,-0.60637265,-0.8114952400000001,-0.009399414,0.09777832,0.5565185500000001,-0.68330234,-0.5855241999999999,-0.8332261400000001,-0.009399414,0.09777832,0.5565185500000001,-0.68330234,-0.5855241999999999,-0.8332261400000001,检查1变、2变高压侧进出线开关在分闸位置，开闭站201、202断路器在工作位置。
0.8085327,0.2552185,-0.24591064,-0.9933053,-0.30826664,0.17923823,0.7742614999999999,0.21270752,-0.2963562,-0.9571170999999999,-0.27220917,0.20951936000000002,0.6215514999999999,0.12292480500000001,-0.26690674000000003,-0.8699960999999999,-0.20472175,0.15624842,0.518219,0.11477661,-0.19366455,-0.8083789,-0.20640433,0.08675756,0.518219,0.11477661,-0.19366455,-0.8083789,-0.20640433,0.08675756,0.31295776000000003,0.15548706,0.0026855469,-0.702128,-0.27814089999999997,-0.09415065,0.2605896,0.17163086,0.05834961,-0.67698026,-0.30586199999999997,-0.14677967,-0.054901123,0.27786255,0.35644529999999996,-0.5020044,-0.4931097,-0.43045503,-0.054901123,0.27786255,0.35644529999999996,-0.5020044,-0.4931097,-0.43045503,-0.09674072,0.33139038,0.39871216,-0.4889071,-0.5692508,-0.47018063,-0.1843872,0.4078369,0.54330444,-0.50799525,-0.7499423,-0.6131266,-0.1843872,0.4078369,0.54330444,-0.50799525,-0.7499423,-0.6131266,-0.07733154,0.33441162,0.36471558,-0.70573306,-0.8470487600000001,-0.5017455,-0.031982422,0.29174805,0.3527527,-0.7511725,-0.8124397999999999,-0.50148,-0.08792114000000001,0.19320679000000002,0.44735718,-0.6591868,-0.7062297,-0.65894526,-0.08792114000000001,0.19320679000000002,0.44735718,-0.6591868,-0.7062297,-0.65894526,-0.037902832000000004,0.11465454,0.5489197,-0.6666291,-0.60637265,-0.8114952400000001,-0.009399414,0.09777832,0.5565185500000001,-0.68330234,-0.5855241999999999,-0.8332261400000001,-0.009399414,0.09777832,0.5565185500000001,-0.68330234,-0.5855241999999999,-0.8332261400000001,-0.009399414,0.09777832,0.5565185500000001,-0.68330234,-0.5855241999999999,-0.8332261400000001,检查1变、2变高压侧进出线开关在分闸位置，开闭站201、202断路器在工作位置。
0.7742614999999999,0.21270752,-0.2963562,-0.9571170999999999,-0.27220917,0.20951936000000002,0.6215514999999999,0.12292480500000001,-0.26690674000000003,-0.8699960999999999,-0.20472175,0.15624842,0.518219,0.11477661,-0.19366455,-0.8083789,-0.20640433,0.08675756,0.518219,0.11477661,-0.19366455,-0.8083789,-0.20640433,0.08675756,0.31295776000000003,0.15548706,0.0026855469,-0.702128,-0.27814089999999997,-0.09415065,0.2605896,0.17163086,0.05834961,-0.67698026,-0.30586199999999997,-0.14677967,-0.054901123,0.27786255,0.35644529999999996,-0.5020044,-0.4931097,-0.43045503,-0.054901123,0.27786255,0.35644529999999996,-0.5020044,-0.4931097,-0.43045503,-0.09674072,0.33139038,0.39871216,-0.4889071,-0.5692508,-0.47018063,-0.1843872,0.4078369,0.54330444,-0.50799525,-0.7499423,-0.6131266,-0.1843872,0.4078369,0.54330444,-0.50799525,-0.7499423,-0.6131266,-0.07733154,0.33441162,0.36471558,-0.70573306,-0.8470487600000001,-0.5017455,-0.031982422,0.29174805,0.3527527,-0.7511725,-0.8124397999999999,-0.50148,-0.08792114000000001,0.19320679000000002,0.44735718,-0.6591868,-0.7062297,-0.65894526,-0.08792114000000001,0.19320679000000002,0.44735718,-0.6591868,-0.7062297,-0.65894526,-0.037902832000000004,0.11465454,0.5489197,-0.6666291,-0.60637265,-0.8114952400000001,-0.009399414,0.09777832,0.5565185500000001,-0.68330234,-0.5855241999999999,-0.8332261400000001,-0.009399414,0.09777832,0.5565185500000001,-0.68330234,-0.5855241999999999,-0.8332261400000001,-0.009399414,0.09777832,0.5565185500000001,-0.68330234,-0.5855241999999999,-0.8332261400000001,0.045074463,0.08444214,0.5651245,-0.7119755999999999,-0.5648181,-0.87070686,检查1变、2变高压侧进出线开关在分闸位置，开闭站201、202断路器在工作位置。
0.6215514999999999,0.12292480500000001,-0.26690674000000003,-0.8699960999999999,-0.20472175,0.15624842,0.518219,0.11477661,-0.19366455,-0.8083789,-0.20640433,0.08675756,0.518219,0.11477661,-0.19366455,-0.8083789,-0.20640433,0.08675756,0.31295776000000003,0.15548706,0.0026855469,-0.702128,-0.27814089999999997,-0.09415065,0.2605896,0.17163086,0.05834961,-0.67698026,-0.30586199999999997,-0.14677967,-0.054901123,0.27786255,0.35644529999999996,-0.5020044,-0.4931097,-0.43045503,-0.054901123,0.27786255,0.35644529999999996,-0.5020044,-0.4931097,-0.43045503,-0.09674072,0.33139038,0.39871216,-0.4889071,-0.5692508,-0.47018063,-0.1843872,0.4078369,0.54330444,-0.50799525,-0.7499423,-0.6131266,-0.1843872,0.4078369,0.54330444,-0.50799525,-0.7499423,-0.6131266,-0.07733154,0.33441162,0.36471558,-0.70573306,-0.8470487600000001,-0.5017455,-0.031982422,0.29174805,0.3527527,-0.7511725,-0.8124397999999999,-0.50148,-0.08792114000000001,0.19320679000000002,0.44735718,-0.6591868,-0.7062297,-0.65894526,-0.08792114000000001,0.19320679000000002,0.44735718,-0.6591868,-0.7062297,-0.65894526,-0.037902832000000004,0.11465454,0.5489197,-0.6666291,-0.60637265,-0.8114952400000001,-0.009399414,0.09777832,0.5565185500000001,-0.68330234,-0.5855241999999999,-0.8332261400000001,-0.009399414,0.09777832,0.5565185500000001,-0.68330234,-0.5855241999999999,-0.8332261400000001,-0.009399414,0.09777832,0.5565185500000001,-0.68330234,-0.5855241999999999,-0.8332261400000001,0.045074463,0.08444214,0.5651245,-0.7119755999999999,-0.5648181,-0.87070686,0.14044189999999998,-0.047637940000000004,0.6704711999999999,-0.73587686,-0.41111982,-1.044394,检查1变、2变高压侧进出线开关在分闸位置，开闭站201、202断路器在工作位置。
0.518219,0.11477661,-0.19366455,-0.8083789,-0.20640433,0.08675756,0.518219,0.11477661,-0.19366455,-0.8083789,-0.20640433,0.08675756,0.31295776000000003,0.15548706,0.0026855469,-0.702128,-0.27814089999999997,-0.09415065,0.2605896,0.17163086,0.05834961,-0.67698026,-0.30586199999999997,-0.14677967,-0.054901123,0.27786255,0.35644529999999996,-0.5020044,-0.4931097,-0.43045503,-0.054901123,0.27786255,0.35644529999999996,-0.5020044,-0.4931097,-0.43045503,-0.09674072,0.33139038,0.39871216,-0.4889071,-0.5692508,-0.47018063,-0.1843872,0.4078369,0.54330444,-0.50799525,-0.7499423,-0.6131266,-0.1843872,0.4078369,0.54330444,-0.50799525,-0.7499423,-0.6131266,-0.07733154,0.33441162,0.36471558,-0.70573306,-0.8470487600000001,-0.5017455,-0.031982422,0.29174805,0.3527527,-0.7511725,-0.8124397999999999,-0.50148,-0.08792114000000001,0.19320679000000002,0.44735718,-0.6591868,-0.7062297,-0.65894526,-0.08792114000000001,0.19320679000000002,0.44735718,-0.6591868,-0.7062297,-0.65894526,-0.037902832000000004,0.11465454,0.5489197,-0.6666291,-0.60637265,-0.8114952400000001,-0.009399414,0.09777832,0.5565185500000001,-0.68330234,-0.5855241999999999,-0.8332261400000001,-0.009399414,0.09777832,0.5565185500000001,-0.68330234,-0.5855241999999999,-0.8332261400000001,-0.009399414,0.09777832,0.5565185500000001,-0.68330234,-0.5855241999999999,-0.8332261400000001,0.045074463,0.08444214,0.5651245,-0.7119755999999999,-0.5648181,-0.87070686,0.14044189999999998,-0.047637940000000004,0.6704711999999999,-0.73587686,-0.41111982,-1.044394,0.14044189999999998,-0.047637940000000004,0.6704711999999999,-0.73587686,-0.41111982,-1.044394,检查1变、2变高压侧进出线开关在分闸位置，开闭站201、202断路器在工作位置。
0.518219,0.11477661,-0.19366455,-0.8083789,-0.20640433,0.08675756,0.31295776000000003,0.15548706,0.0026855469,-0.702128,-0.27814089999999997,-0.09415065,0.2605896,0.17163086,0.05834961,-0.67698026,-0.30586199999999997,-0.14677967,-0.054901123,0.27786255,0.35644529999999996,-0.5020044,-0.4931097,-0.43045503,-0.054901123,0.27786255,0.35644529999999996,-0.5020044,-0.4931097,-0.43045503,-0.09674072,0.33139038,0.39871216,-0.4889071,-0.5692508,-0.47018063,-0.1843872,0.4078369,0.54330444,-0.50799525,-0.7499423,-0.6131266,-0.1843872,0.4078369,0.54330444,-0.50799525,-0.7499423,-0.6131266,-0.07733154,0.33441162,0.36471558,-0.70573306,-0.8470487600000001,-0.5017455,-0.031982422,0.29174805,0.3527527,-0.7511725,-0.8124397999999999,-0.50148,-0.08792114000000001,0.19320679000000002,0.44735718,-0.6591868,-0.7062297,-0.65894526,-0.08792114000000001,0.19320679000000002,0.44735718,-0.6591868,-0.7062297,-0.65894526,-0.037902832000000004,0.11465454,0.5489197,-0.6666291,-0.60637265,-0.8114952400000001,-0.009399414,0.09777832,0.5565185500000001,-0.68330234,-0.5855241999999999,-0.8332261400000001,-0.009399414,0.09777832,0.5565185500000001,-0.68330234,-0.5855241999999999,-0.8332261400000001,-0.009399414,0.09777832,0.5565185500000001,-0.68330234,-0.5855241999999999,-0.8332261400000001,0.045074463,0.08444214,0.5651245,-0.7119755999999999,-0.5648181,-0.87070686,0.14044189999999998,-0.047637940000000004,0.6704711999999999,-0.73587686,-0.41111982,-1.044394,0.14044189999999998,-0.047637940000000004,0.6704711999999999,-0.73587686,-0.41111982,-1.044394,0.17538452000000002,-0.061187744,0.6673279,-0.76085186,-0.39338285,-1.04843,检查1变、2变高压侧进出线开关在分闸位置，开闭站201、202断路器在工作位置。
0.31295776000000003,0.15548706,0.0026855469,-0.702128,-0.27814089999999997,-0.09415065,0.2605896,0.17163086,0.05834961,-0.67698026,-0.30586199999999997,-0.14677967,-0.054901123,0.27786255,0.35644529999999996,-0.5020044,-0.4931097,-0.43045503,-0.054901123,0.27786255,0.35644529999999996,-0.5020044,-0.4931097,-0.43045503,-0.09674072,0.33139038,0.39871216,-0.4889071,-0.5692508,-0.47018063,-0.1843872,0.4078369,0.54330444,-0.50799525,-0.7499423,-0.6131266,-0.1843872,0.4078369,0.54330444,-0.50799525,-0.7499423,-0.6131266,-0.07733154,0.33441162,0.36471558,-0.70573306,-0.8470487600000001,-0.5017455,-0.031982422,0.29174805,0.3527527,-0.7511725,-0.8124397999999999,-0.50148,-0.08792114000000001,0.19320679000000002,0.44735718,-0.6591868,-0.7062297,-0.65894526,-0.08792114000000001,0.19320679000000002,0.44735718,-0.6591868,-0.7062297,-0.65894526,-0.037902832000000004,0.11465454,0.5489197,-0.6666291,-0.60637265,-0.8114952400000001,-0.009399414,0.09777832,0.5565185500000001,-0.68330234,-0.5855241999999999,-0.8332261400000001,-0.009399414,0.09777832,0.5565185500000001,-0.68330234,-0.5855241999999999,-0.8332261400000001,-0.009399414,0.09777832,0.5565185500000001,-0.68330234,-0.5855241999999999,-0.8332261400000001,0.045074463,0.08444214,0.5651245,-0.7119755999999999,-0.5648181,-0.87070686,0.14044189999999998,-0.047637940000000004,0.6704711999999999,-0.73587686,-0.41111982,-1.044394,0.14044189999999998,-0.047637940000000004,0.6704711999999999,-0.73587686,-0.41111982,-1.044394,0.17538452000000002,-0.061187744,0.6673279,-0.76085186,-0.39338285,-1.04843,0.29437256,-0.11102295000000001,0.627655,-0.8503698,-0.32162732,-1.0203419,检查1变、2变高压侧进出线开关在分闸位置，开闭站201、202断路器在工作位置。
0.2605896,0.17163086,0.05834961,-0.67698026,-0.30586199999999997,-0.14677967,-0.054901123,0.27786255,0.35644529999999996,-0.5020044,-0.4931097,-0.43045503,-0.054901123,0.27786255,0.35644529999999996,-0.5020044,-0.4931097,-0.43045503,-0.09674072,0.33139038,0.39871216,-0.4889071,-0.5692508,-0.47018063,-0.1843872,0.4078369,0.54330444,-0.50799525,-0.7499423,-0.6131266,-0.1843872,0.4078369,0.54330444,-0.50799525,-0.7499423,-0.6131266,-0.07733154,0.33441162,0.36471558,-0.70573306,-0.8470487600000001,-0.5017455,-0.031982422,0.29174805,0.3527527,-0.7511725,-0.8124397999999999,-0.50148,-0.08792114000000001,0.19320679000000002,0.44735718,-0.6591868,-0.7062297,-0.65894526,-0.08792114000000001,0.19320679000000002,0.44735718,-0.6591868,-0.7062297,-0.65894526,-0.037902832000000004,0.11465454,0.5489197,-0.6666291,-0.60637265,-0.8114952400000001,-0.009399414,0.09777832,0.5565185500000001,-0.68330234,-0.5855241999999999,-0.8332261400000001,-0.009399414,0.09777832,0.5565185500000001,-0.68330234,-0.5855241999999999,-0.8332261400000001,-0.009399414,0.09777832,0.5565185500000001,-0.68330234,-0.5855241999999999,-0.8332261400000001,0.045074463,0.08444214,0.5651245,-0.7119755999999999,-0.5648181,-0.87070686,0.14044189999999998,-0.047637940000000004,0.6704711999999999,-0.73587686,-0.41111982,-1.044394,0.14044189999999998,-0.047637940000000004,0.6704711999999999,-0.73587686,-0.41111982,-1.044394,0.17538452000000002,-0.061187744,0.6673279,-0.76085186,-0.39338285,-1.04843,0.29437256,-0.11102295000000001,0.627655,-0.8503698,-0.32162732,-1.0203419,0.5942383,-0.035858154,0.38494873,-1.177807,-0.41224957,-0.7629893999999999,检查1变、2变高压侧进出线开关在分闸位置，开闭站201、202断路器在工作位置。
-0.054901123,0.27786255,0.35644529999999996,-0.5020044,-0.4931097,-0.43045503,-0.054901123,0.27786255,0.35644529999999996,-0.5020044,-0.4931097,-0.43045503,-0.09674072,0.33139038,0.39871216,-0.4889071,-0.5692508,-0.47018063,-0.1843872,0.4078369,0.54330444,-0.50799525,-0.7499423,-0.6131266,-0.1843872,0.4078369,0.54330444,-0.50799525,-0.7499423,-0.6131266,-0.07733154,0.33441162,0.36471558,-0.70573306,-0.8470487600000001,-0.5017455,-0.031982422,0.29174805,0.3527527,-0.7511725,-0.8124397999999999,-0.50148,-0.08792114000000001,0.19320679000000002,0.44735718,-0.6591868,-0.7062297,-0.65894526,-0.08792114000000001,0.19320679000000002,0.44735718,-0.6591868,-0.7062297,-0.65894526,-0.037902832000000004,0.11465454,0.5489197,-0.6666291,-0.60637265,-0.8114952400000001,-0.009399414,0.09777832,0.5565185500000001,-0.68330234,-0.5855241999999999,-0.8332261400000001,-0.009399414,0.09777832,0.5565185500000001,-0.68330234,-0.5855241999999999,-0.8332261400000001,-0.009399414,0.09777832,0.5565185500000001,-0.68330234,-0.5855241999999999,-0.8332261400000001,0.045074463,0.08444214,0.5651245,-0.7119755999999999,-0.5648181,-0.87070686,0.14044189999999998,-0.047637940000000004,0.6704711999999999,-0.73587686,-0.41111982,-1.044394,0.14044189999999998,-0.047637940000000004,0.6704711999999999,-0.73587686,-0.41111982,-1.044394,0.17538452000000002,-0.061187744,0.6673279,-0.76085186,-0.39338285,-1.04843,0.29437256,-0.11102295000000001,0.627655,-0.8503698,-0.32162732,-1.0203419,0.5942383,-0.035858154,0.38494873,-1.177807,-0.41224957,-0.7629893999999999,0.5942383,-0.035858154,0.38494873,-1.177807,-0.41224957,-0.7629893999999999,检查1变、2变高压侧进出线开关在分闸位置，开闭站201、202断路器在工作位置。
-0.054901123,0.27786255,0.35644529999999996,-0.5020044,-0.4931097,-0.43045503,-0.09674072,0.33139038,0.39871216,-0.4889071,-0.5692508,-0.47018063,-0.1843872,0.4078369,0.54330444,-0.50799525,-0.7499423,-0.6131266,-0.1843872,0.4078369,0.54330444,-0.50799525,-0.7499423,-0.6131266,-0.07733154,0.33441162,0.36471558,-0.70573306,-0.8470487600000001,-0.5017455,-0.031982422,0.29174805,0.3527527,-0.7511725,-0.8124397999999999,-0.50148,-0.08792114000000001,0.19320679000000002,0.44735718,-0.6591868,-0.7062297,-0.65894526,-0.08792114000000001,0.19320679000000002,0.44735718,-0.6591868,-0.7062297,-0.65894526,-0.037902832000000004,0.11465454,0.5489197,-0.6666291,-0.60637265,-0.8114952400000001,-0.009399414,0.09777832,0.5565185500000001,-0.68330234,-0.5855241999999999,-0.8332261400000001,-0.009399414,0.09777832,0.5565185500000001,-0.68330234,-0.5855241999999999,-0.8332261400000001,-0.009399414,0.09777832,0.5565185500000001,-0.68330234,-0.5855241999999999,-0.8332261400000001,0.045074463,0.08444214,0.5651245,-0.7119755999999999,-0.5648181,-0.87070686,0.14044189999999998,-0.047637940000000004,0.6704711999999999,-0.73587686,-0.41111982,-1.044394,0.14044189999999998,-0.047637940000000004,0.6704711999999999,-0.73587686,-0.41111982,-1.044394,0.17538452000000002,-0.061187744,0.6673279,-0.76085186,-0.39338285,-1.04843,0.29437256,-0.11102295000000001,0.627655,-0.8503698,-0.32162732,-1.0203419,0.5942383,-0.035858154,0.38494873,-1.177807,-0.41224957,-0.7629893999999999,0.5942383,-0.035858154,0.38494873,-1.177807,-0.41224957,-0.7629893999999999,0.48770142,0.15869139999999998,-0.052032470000000004,-1.1530303,-0.70540905,-0.30524439999999997,检查1变、2变高压侧进出线开关在分闸位置，开闭站201、202断路器在工作位置。
-0.09674072,0.33139038,0.39871216,-0.4889071,-0.5692508,-0.47018063,-0.1843872,0.4078369,0.54330444,-0.50799525,-0.7499423,-0.6131266,-0.1843872,0.4078369,0.54330444,-0.50799525,-0.7499423,-0.6131266,-0.07733154,0.33441162,0.36471558,-0.70573306,-0.8470487600000001,-0.5017455,-0.031982422,0.29174805,0.3527527,-0.7511725,-0.8124397999999999,-0.50148,-0.08792114000000001,0.19320679000000002,0.44735718,-0.6591868,-0.7062297,-0.65894526,-0.08792114000000001,0.19320679000000002,0.44735718,-0.6591868,-0.7062297,-0.65894526,-0.037902832000000004,0.11465454,0.5489197,-0.6666291,-0.60637265,-0.8114952400000001,-0.009399414,0.09777832,0.5565185500000001,-0.68330234,-0.5855241999999999,-0.8332261400000001,-0.009399414,0.09777832,0.5565185500000001,-0.68330234,-0.5855241999999999,-0.8332261400000001,-0.009399414,0.09777832,0.5565185500000001,-0.68330234,-0.5855241999999999,-0.8332261400000001,0.045074463,0.08444214,0.5651245,-0.7119755999999999,-0.5648181,-0.87070686,0.14044189999999998,-0.047637940000000004,0.6704711999999999,-0.73587686,-0.41111982,-1.044394,0.14044189999999998,-0.047637940000000004,0.6704711999999999,-0.73587686,-0.41111982,-1.044394,0.17538452000000002,-0.061187744,0.6673279,-0.76085186,-0.39338285,-1.04843,0.29437256,-0.11102295000000001,0.627655,-0.8503698,-0.32162732,-1.0203419,0.5942383,-0.035858154,0.38494873,-1.177807,-0.41224957,-0.7629893999999999,0.5942383,-0.035858154,0.38494873,-1.177807,-0.41224957,-0.7629893999999999,0.48770142,0.15869139999999998,-0.052032470000000004,-1.1530303,-0.70540905,-0.30524439999999997,0.48770142,0.15869139999999998,-0.052032470000000004,-1.1530303,-0.70540905,-0.30524439999999997,检查1变、2变高压侧进出线开关在分闸位置，开闭站201、202断路器在工作位置。
-0.1843872,0.4078369,0.54330444,-0.50799525,-0.7499423,-0.6131266,-0.1843872,0.4078369,0.54330444,-0.50799525,-0.7499423,-0.6131266,-0.07733154,0.33441162,0.36471558,-0.70573306,-0.8470487600000001,-0.5017455,-0.031982422,0.29174805,0.3527527,-0.7511725,-0.8124397999999999,-0.50148,-0.08792114000000001,0.19320679000000002,0.44735718,-0.6591868,-0.7062297,-0.65894526,-0.08792114000000001,0.19320679000000002,0.44735718,-0.6591868,-0.7062297,-0.65894526,-0.037902832000000004,0.11465454,0.5489197,-0.6666291,-0.60637265,-0.8114952400000001,-0.009399414,0.09777832,0.5565185500000001,-0.68330234,-0.5855241999999999,-0.8332261400000001,-0.009399414,0.09777832,0.5565185500000001,-0.68330234,-0.5855241999999999,-0.8332261400000001,-0.009399414,0.09777832,0.5565185500000001,-0.68330234,-0.5855241999999999,-0.8332261400000001,0.045074463,0.08444214,0.5651245,-0.7119755999999999,-0.5648181,-0.87070686,0.14044189999999998,-0.047637940000000004,0.6704711999999999,-0.73587686,-0.41111982,-1.044394,0.14044189999999998,-0.047637940000000004,0.6704711999999999,-0.73587686,-0.41111982,-1.044394,0.17538452000000002,-0.061187744,0.6673279,-0.76085186,-0.39338285,-1.04843,0.29437256,-0.11102295000000001,0.627655,-0.8503698,-0.32162732,-1.0203419,0.5942383,-0.035858154,0.38494873,-1.177807,-0.41224957,-0.7629893999999999,0.5942383,-0.035858154,0.38494873,-1.177807,-0.41224957,-0.7629893999999999,0.48770142,0.15869139999999998,-0.052032470000000004,-1.1530303,-0.70540905,-0.30524439999999997,0.48770142,0.15869139999999998,-0.052032470000000004,-1.1530303,-0.70540905,-0.30524439999999997,0.1010437,0.7315978999999999,-0.37356567,-0.8985057,-1.628009,0.051405743000000004,检查1变、2变高压侧进出线开关在分闸位置，开闭站201、202断路器在工作位置。
-0.1843872,0.4078369,0.54330444,-0.50799525,-0.7499423,-0.6131266,-0.07733154,0.33441162,0.36471558,-0.70573306,-0.8470487600000001,-0.5017455,-0.031982422,0.29174805,0.3527527,-0.7511725,-0.8124397999999999,-0.50148,-0.08792114000000001,0.19320679000000002,0.44735718,-0.6591868,-0.7062297,-0.65894526,-0.08792114000000001,0.19320679000000002,0.44735718,-0.6591868,-0.7062297,-0.65894526,-0.037902832000000004,0.11465454,0.5489197,-0.6666291,-0.60637265,-0.8114952400000001,-0.009399414,0.09777832,0.5565185500000001,-0.68330234,-0.5855241999999999,-0.8332261400000001,-0.009399414,0.09777832,0.5565185500000001,-0.68330234,-0.5855241999999999,-0.8332261400000001,-0.009399414,0.09777832,0.5565185500000001,-0.68330234,-0.5855241999999999,-0.8332261400000001,0.045074463,0.08444214,0.5651245,-0.7119755999999999,-0.5648181,-0.87070686,0.14044189999999998,-0.047637940000000004,0.6704711999999999,-0.73587686,-0.41111982,-1.044394,0.14044189999999998,-0.047637940000000004,0.6704711999999999,-0.73587686,-0.41111982,-1.044394,0.17538452000000002,-0.061187744,0.6673279,-0.76085186,-0.39338285,-1.04843,0.29437256,-0.11102295000000001,0.627655,-0.8503698,-0.32162732,-1.0203419,0.5942383,-0.035858154,0.38494873,-1.177807,-0.41224957,-0.7629893999999999,0.5942383,-0.035858154,0.38494873,-1.177807,-0.41224957,-0.7629893999999999,0.48770142,0.15869139999999998,-0.052032470000000004,-1.1530303,-0.70540905,-0.30524439999999997,0.48770142,0.15869139999999998,-0.052032470000000004,-1.1530303,-0.70540905,-0.30524439999999997,0.1010437,0.7315978999999999,-0.37356567,-0.8985057,-1.628009,0.051405743000000004,0.13034058,0.47247314,-0.2829895,-0.9369225999999999,-1.4518092999999999,-0.03790739,检查1变、2变高压侧进出线开关在分闸位置，开闭站201、202断路器在工作位置。
-0.07733154,0.33441162,0.36471558,-0.70573306,-0.8470487600000001,-0.5017455,-0.031982422,0.29174805,0.3527527,-0.7511725,-0.8124397999999999,-0.50148,-0.08792114000000001,0.19320679000000002,0.44735718,-0.6591868,-0.7062297,-0.65894526,-0.08792114000000001,0.19320679000000002,0.44735718,-0.6591868,-0.7062297,-0.65894526,-0.037902832000000004,0.11465454,0.5489197,-0.6666291,-0.60637265,-0.8114952400000001,-0.009399414,0.09777832,0.5565185500000001,-0.68330234,-0.5855241999999999,-0.8332261400000001,-0.009399414,0.09777832,0.5565185500000001,-0.68330234,-0.5855241999999999,-0.8332261400000001,-0.009399414,0.09777832,0.5565185500000001,-0.68330234,-0.5855241999999999,-0.8332261400000001,0.045074463,0.08444214,0.5651245,-0.7119755999999999,-0.5648181,-0.87070686,0.14044189999999998,-0.047637940000000004,0.6704711999999999,-0.73587686,-0.41111982,-1.044394,0.14044189999999998,-0.047637940000000004,0.6704711999999999,-0.73587686,-0.41111982,-1.044394,0.17538452000000002,-0.061187744,0.6673279,-0.76085186,-0.39338285,-1.04843,0.29437256,-0.11102295000000001,0.627655,-0.8503698,-0.32162732,-1.0203419,0.5942383,-0.035858154,0.38494873,-1.177807,-0.41224957,-0.7629893999999999,0.5942383,-0.035858154,0.38494873,-1.177807,-0.41224957,-0.7629893999999999,0.48770142,0.15869139999999998,-0.052032470000000004,-1.1530303,-0.70540905,-0.30524439999999997,0.48770142,0.15869139999999998,-0.052032470000000004,-1.1530303,-0.70540905,-0.30524439999999997,0.1010437,0.7315978999999999,-0.37356567,-0.8985057,-1.628009,0.051405743000000004,0.13034058,0.47247314,-0.2829895,-0.9369225999999999,-1.4518092999999999,-0.03790739,0.15487671,0.37921143,-0.24453735000000001,-0.9539827,-1.3574045,-0.089207485,检查1变、2变高压侧进出线开关在分闸位置，开闭站201、202断路器在工作位置。
-0.031982422,0.29174805,0.3527527,-0.7511725,-0.8124397999999999,-0.50148,-0.08792114000000001,0.19320679000000002,0.44735718,-0.6591868,-0.7062297,-0.65894526,-0.08792114000000001,0.19320679000000002,0.44735718,-0.6591868,-0.7062297,-0.65894526,-0.037902832000000004,0.11465454,0.5489197,-0.6666291,-0.60637265,-0.8114952400000001,-0.009399414,0.09777832,0.5565185500000001,-0.68330234,-0.5855241999999999,-0.8332261400000001,-0.009399414,0.09777832,0.5565185500000001,-0.68330234,-0.5855241999999999,-0.8332261400000001,-0.009399414,0.09777832,0.5565185500000001,-0.68330234,-0.5855241999999999,-0.8332261400000001,0.045074463,0.08444214,0.5651245,-0.7119755999999999,-0.5648181,-0.87070686,0.14044189999999998,-0.047637940000000004,0.6704711999999999,-0.73587686,-0.41111982,-1.044394,0.14044189999999998,-0.047637940000000004,0.6704711999999999,-0.73587686,-0.41111982,-1.044394,0.17538452000000002,-0.061187744,0.6673279,-0.76085186,-0.39338285,-1.04843,0.29437256,-0.11102295000000001,0.627655,-0.8503698,-0.32162732,-1.0203419,0.5942383,-0.035858154,0.38494873,-1.177807,-0.41224957,-0.7629893999999999,0.5942383,-0.035858154,0.38494873,-1.177807,-0.41224957,-0.7629893999999999,0.48770142,0.15869139999999998,-0.052032470000000004,-1.1530303,-0.70540905,-0.30524439999999997,0.48770142,0.15869139999999998,-0.052032470000000004,-1.1530303,-0.70540905,-0.30524439999999997,0.1010437,0.7315978999999999,-0.37356567,-0.8985057,-1.628009,0.051405743000000004,0.13034058,0.47247314,-0.2829895,-0.9369225999999999,-1.4518092999999999,-0.03790739,0.15487671,0.37921143,-0.24453735000000001,-0.9539827,-1.3574045,-0.089207485,0.14215088,0.39437866,-0.15478516,-0.85882944,-1.2404553,-0.26731944,检查1变、2变高压侧进出线开关在分闸位置，开闭站201、202断路器在工作位置。
-0.08792114000000001,0.19320679000000002,0.44735718,-0.6591868,-0.7062297,-0.65894526,-0.08792114000000001,0.19320679000000002,0.44735718,-0.6591868,-0.7062297,-0.65894526,-0.037902832000000004,0.11465454,0.5489197,-0.6666291,-0.60637265,-0.8114952400000001,-0.009399414,0.09777832,0.5565185500000001,-0.68330234,-0.5855241999999999,-0.8332261400000001,-0.009399414,0.09777832,0.5565185500000001,-0.68330234,-0.5855241999999999,-0.8332261400000001,-0.009399414,0.09777832,0.5565185500000001,-0.68330234,-0.5855241999999999,-0.8332261400000001,0.045074463,0.08444214,0.5651245,-0.7119755999999999,-0.5648181,-0.87070686,0.14044189999999998,-0.047637940000000004,0.6704711999999999,-0.73587686,-0.41111982,-1.044394,0.14044189999999998,-0.047637940000000004,0.6704711999999999,-0.73587686,-0.41111982,-1.044394,0.17538452000000002,-0.061187744,0.6673279,-0.76085186,-0.39338285,-1.04843,0.29437256,-0.11102295000000001,0.627655,-0.8503698,-0.32162732,-1.0203419,0.5942383,-0.035858154,0.38494873,-1.177807,-0.41224957,-0.7629893999999999,0.5942383,-0.035858154,0.38494873,-1.177807,-0.41224957,-0.7629893999999999,0.48770142,0.15869139999999998,-0.052032470000000004,-1.1530303,-0.70540905,-0.30524439999999997,0.48770142,0.15869139999999998,-0.052032470000000004,-1.1530303,-0.70540905,-0.30524439999999997,0.1010437,0.7315978999999999,-0.37356567,-0.8985057,-1.628009,0.051405743000000004,0.13034058,0.47247314,-0.2829895,-0.9369225999999999,-1.4518092999999999,-0.03790739,0.15487671,0.37921143,-0.24453735000000001,-0.9539827,-1.3574045,-0.089207485,0.14215088,0.39437866,-0.15478516,-0.85882944,-1.2404553,-0.26731944,0.16516113000000002,0.39456177000000003,-0.02835083,-0.82478416,-1.178113,-0.4388407,检查1变、2变高压侧进出线开关在分闸位置，开闭站201、202断路器在工作位置。
-0.08792114000000001,0.19320679000000002,0.44735718,-0.6591868,-0.7062297,-0.65894526,-0.037902832000000004,0.11465454,0.5489197,-0.6666291,-0.60637265,-0.8114952400000001,-0.009399414,0.09777832,0.5565185500000001,-0.68330234,-0.5855241999999999,-0.8332261400000001,-0.009399414,0.09777832,0.5565185500000001,-0.68330234,-0.5855241999999999,-0.8332261400000001,-0.009399414,0.09777832,0.5565185500000001,-0.68330234,-0.5855241999999999,-0.8332261400000001,0.045074463,0.08444214,0.5651245,-0.7119755999999999,-0.5648181,-0.87070686,0.14044189999999998,-0.047637940000000004,0.6704711999999999,-0.73587686,-0.41111982,-1.044394,0.14044189999999998,-0.047637940000000004,0.6704711999999999,-0.73587686,-0.41111982,-1.044394,0.17538452000000002,-0.061187744,0.6673279,-0.76085186,-0.39338285,-1.04843,0.29437256,-0.11102295000000001,0.627655,-0.8503698,-0.32162732,-1.0203419,0.5942383,-0.035858154,0.38494873,-1.177807,-0.41224957,-0.7629893999999999,0.5942383,-0.035858154,0.38494873,-1.177807,-0.41224957,-0.7629893999999999,0.48770142,0.15869139999999998,-0.052032470000000004,-1.1530303,-0.70540905,-0.30524439999999997,0.48770142,0.15869139999999998,-0.052032470000000004,-1.1530303,-0.70540905,-0.30524439999999997,0.1010437,0.7315978999999999,-0.37356567,-0.8985057,-1.628009,0.051405743000000004,0.13034058,0.47247314,-0.2829895,-0.9369225999999999,-1.4518092999999999,-0.03790739,0.15487671,0.37921143,-0.24453735000000001,-0.9539827,-1.3574045,-0.089207485,0.14215088,0.39437866,-0.15478516,-0.85882944,-1.2404553,-0.26731944,0.16516113000000002,0.39456177000000003,-0.02835083,-0.82478416,-1.178113,-0.4388407,0.43130493000000003,0.16427612,0.2416687,-0.9259609,-0.8601350999999999,-0.8200769,检查1变、2变高压侧进出线开关在分闸位置，开闭站201、202断路器在工作位置。
-0.037902832000000004,0.11465454,0.5489197,-0.6666291,-0.60637265,-0.8114952400000001,-0.009399414,0.09777832,0.5565185500000001,-0.68330234,-0.5855241999999999,-0.8332261400000001,-0.009399414,0.09777832,0.5565185500000001,-0.68330234,-0.5855241999999999,-0.8332261400000001,-0.009399414,0.09777832,0.5565185500000001,-0.68330234,-0.5855241999999999,-0.8332261400000001,0.045074463,0.08444214,0.5651245,-0.7119755999999999,-0.5648181,-0.87070686,0.14044189999999998,-0.047637940000000004,0.6704711999999999,-0.73587686,-0.41111982,-1.044394,0.14044189999999998,-0.047637940000000004,0.6704711999999999,-0.73587686,-0.41111982,-1.044394,0.17538452000000002,-0.061187744,0.6673279,-0.76085186,-0.39338285,-1.04843,0.29437256,-0.11102295000000001,0.627655,-0.8503698,-0.32162732,-1.0203419,0.5942383,-0.035858154,0.38494873,-1.177807,-0.41224957,-0.7629893999999999,0.5942383,-0.035858154,0.38494873,-1.177807,-0.41224957,-0.7629893999999999,0.48770142,0.15869139999999998,-0.052032470000000004,-1.1530303,-0.70540905,-0.30524439999999997,0.48770142,0.15869139999999998,-0.052032470000000004,-1.1530303,-0.70540905,-0.30524439999999997,0.1010437,0.7315978999999999,-0.37356567,-0.8985057,-1.628009,0.051405743000000004,0.13034058,0.47247314,-0.2829895,-0.9369225999999999,-1.4518092999999999,-0.03790739,0.15487671,0.37921143,-0.24453735000000001,-0.9539827,-1.3574045,-0.089207485,0.14215088,0.39437866,-0.15478516,-0.85882944,-1.2404553,-0.26731944,0.16516113000000002,0.39456177000000003,-0.02835083,-0.82478416,-1.178113,-0.4388407,0.43130493000000003,0.16427612,0.2416687,-0.9259609,-0.8601350999999999,-0.8200769,0.43130493000000003,0.16427612,0.2416687,-0.9259609,-0.8601350999999999,-0.8200769,检查1变、2变高压侧进出线开关在分闸位置，开闭站201、202断路器在工作位置。
-0.009399414,0.09777832,0.5565185500000001,-0.68330234,-0.5855241999999999,-0.8332261400000001,-0.009399414,0.09777832,0.5565185500000001,-0.68330234,-0.5855241999999999,-0.8332261400000001,-0.009399414,0.09777832,0.5565185500000001,-0.68330234,-0.5855241999999999,-0.8332261400000001,0.045074463,0.08444214,0.5651245,-0.7119755999999999,-0.5648181,-0.87070686,0.14044189999999998,-0.047637940000000004,0.6704711999999999,-0.73587686,-0.41111982,-1.044394,0.14044189999999998,-0.047637940000000004,0.6704711999999999,-0.73587686,-0.41111982,-1.044394,0.17538452000000002,-0.061187744,0.6673279,-0.76085186,-0.39338285,-1.04843,0.29437256,-0.11102295000000001,0.627655,-0.8503698,-0.32162732,-1.0203419,0.5942383,-0.035858154,0.38494873,-1.177807,-0.41224957,-0.7629893999999999,0.5942383,-0.035858154,0.38494873,-1.177807,-0.41224957,-0.7629893999999999,0.48770142,0.15869139999999998,-0.052032470000000004,-1.1530303,-0.70540905,-0.30524439999999997,0.48770142,0.15869139999999998,-0.052032470000000004,-1.1530303,-0.70540905,-0.30524439999999997,0.1010437,0.7315978999999999,-0.37356567,-0.8985057,-1.628009,0.051405743000000004,0.13034058,0.47247314,-0.2829895,-0.9369225999999999,-1.4518092999999999,-0.03790739,0.15487671,0.37921143,-0.24453735000000001,-0.9539827,-1.3574045,-0.089207485,0.14215088,0.39437866,-0.15478516,-0.85882944,-1.2404553,-0.26731944,0.16516113000000002,0.39456177000000003,-0.02835083,-0.82478416,-1.178113,-0.4388407,0.43130493000000003,0.16427612,0.2416687,-0.9259609,-0.8601350999999999,-0.8200769,0.43130493000000003,0.16427612,0.2416687,-0.9259609,-0.8601350999999999,-0.8200769,0.7444763,0.19909668,0.40820313,-1.0549848,-0.8251607,-1.0567515,检查1变、2变高压侧进出线开关在分闸位置，开闭站201、202断路器在工作位置。
-0.009399414,0.09777832,0.5565185500000001,-0.68330234,-0.5855241999999999,-0.8332261400000001,-0.009399414,0.09777832,0.5565185500000001,-0.68330234,-0.5855241999999999,-0.8332261400000001,0.045074463,0.08444214,0.5651245,-0.7119755999999999,-0.5648181,-0.87070686,0.14044189999999998,-0.047637940000000004,0.6704711999999999,-0.73587686,-0.41111982,-1.044394,0.14044189999999998,-0.047637940000000004,0.6704711999999999,-0.73587686,-0.41111982,-1.044394,0.17538452000000002,-0.061187744,0.6673279,-0.76085186,-0.39338285,-1.04843,0.29437256,-0.11102295000000001,0.627655,-0.8503698,-0.32162732,-1.0203419,0.5942383,-0.035858154,0.38494873,-1.177807,-0.41224957,-0.7629893999999999,0.5942383,-0.035858154,0.38494873,-1.177807,-0.41224957,-0.7629893999999999,0.48770142,0.15869139999999998,-0.052032470000000004,-1.1530303,-0.70540905,-0.30524439999999997,0.48770142,0.15869139999999998,-0.052032470000000004,-1.1530303,-0.70540905,-0.30524439999999997,0.1010437,0.7315978999999999,-0.37356567,-0.8985057,-1.628009,0.051405743000000004,0.13034058,0.47247314,-0.2829895,-0.9369225999999999,-1.4518092999999999,-0.03790739,0.15487671,0.37921143,-0.24453735000000001,-0.9539827,-1.3574045,-0.089207485,0.14215088,0.39437866,-0.15478516,-0.85882944,-1.2404553,-0.26731944,0.16516113000000002,0.39456177000000003,-0.02835083,-0.82478416,-1.178113,-0.4388407,0.43130493000000003,0.16427612,0.2416687,-0.9259609,-0.8601350999999999,-0.8200769,0.43130493000000003,0.16427612,0.2416687,-0.9259609,-0.8601350999999999,-0.8200769,0.7444763,0.19909668,0.40820313,-1.0549848,-0.8251607,-1.0567515,0.70162964,0.13928223,0.5209961,-0.9906925,-0.75235116,-1.1733934,检查1变、2变高压侧进出线开关在分闸位置，开闭站201、202断路器在工作位置。
-0.009399414,0.09777832,0.5565185500000001,-0.68330234,-0.5855241999999999,-0.8332261400000001,0.045074463,0.08444214,0.5651245,-0.7119755999999999,-0.5648181,-0.87070686,0.14044189999999998,-0.047637940000000004,0.6704711999999999,-0.73587686,-0.41111982,-1.044394,0.14044189999999998,-0.047637940000000004,0.6704711999999999,-0.73587686,-0.41111982,-1.044394,0.17538452000000002,-0.061187744,0.6673279,-0.76085186,-0.39338285,-1.04843,0.29437256,-0.11102295000000001,0.627655,-0.8503698,-0.32162732,-1.0203419,0.5942383,-0.035858154,0.38494873,-1.177807,-0.41224957,-0.7629893999999999,0.5942383,-0.035858154,0.38494873,-1.177807,-0.41224957,-0.7629893999999999,0.48770142,0.15869139999999998,-0.052032470000000004,-1.1530303,-0.70540905,-0.30524439999999997,0.48770142,0.15869139999999998,-0.052032470000000004,-1.1530303,-0.70540905,-0.30524439999999997,0.1010437,0.7315978999999999,-0.37356567,-0.8985057,-1.628009,0.051405743000000004,0.13034058,0.47247314,-0.2829895,-0.9369225999999999,-1.4518092999999999,-0.03790739,0.15487671,0.37921143,-0.24453735000000001,-0.9539827,-1.3574045,-0.089207485,0.14215088,0.39437866,-0.15478516,-0.85882944,-1.2404553,-0.26731944,0.16516113000000002,0.39456177000000003,-0.02835083,-0.82478416,-1.178113,-0.4388407,0.43130493000000003,0.16427612,0.2416687,-0.9259609,-0.8601350999999999,-0.8200769,0.43130493000000003,0.16427612,0.2416687,-0.9259609,-0.8601350999999999,-0.8200769,0.7444763,0.19909668,0.40820313,-1.0549848,-0.8251607,-1.0567515,0.70162964,0.13928223,0.5209961,-0.9906925,-0.75235116,-1.1733934,0.8221130400000001,0.13754272,0.4567871,-1.049715,-0.71687716,-1.1140544000000001,检查1变、2变高压侧进出线开关在分闸位置，开闭站201、202断路器在工作位置。
0.045074463,0.08444214,0.5651245,-0.7119755999999999,-0.5648181,-0.87070686,0.14044189999999998,-0.047637940000000004,0.6704711999999999,-0.73587686,-0.41111982,-1.044394,0.14044189999999998,-0.047637940000000004,0.6704711999999999,-0.73587686,-0.41111982,-1.044394,0.17538452000000002,-0.061187744,0.6673279,-0.76085186,-0.39338285,-1.04843,0.29437256,-0.11102295000000001,0.627655,-0.8503698,-0.32162732,-1.0203419,0.5942383,-0.035858154,0.38494873,-1.177807,-0.41224957,-0.7629893999999999,0.5942383,-0.035858154,0.38494873,-1.177807,-0.41224957,-0.7629893999999999,0.48770142,0.15869139999999998,-0.052032470000000004,-1.1530303,-0.70540905,-0.30524439999999997,0.48770142,0.15869139999999998,-0.052032470000000004,-1.1530303,-0.70540905,-0.30524439999999997,0.1010437,0.7315978999999999,-0.37356567,-0.8985057,-1.628009,0.051405743000000004,0.13034058,0.47247314,-0.2829895,-0.9369225999999999,-1.4518092999999999,-0.03790739,0.15487671,0.37921143,-0.24453735000000001,-0.9539827,-1.3574045,-0.089207485,0.14215088,0.39437866,-0.15478516,-0.85882944,-1.2404553,-0.26731944,0.16516113000000002,0.39456177000000003,-0.02835083,-0.82478416,-1.178113,-0.4388407,0.43130493000000003,0.16427612,0.2416687,-0.9259609,-0.8601350999999999,-0.8200769,0.43130493000000003,0.16427612,0.2416687,-0.9259609,-0.8601350999999999,-0.8200769,0.7444763,0.19909668,0.40820313,-1.0549848,-0.8251607,-1.0567515,0.70162964,0.13928223,0.5209961,-0.9906925,-0.75235116,-1.1733934,0.8221130400000001,0.13754272,0.4567871,-1.049715,-0.71687716,-1.1140544000000001,0.45306396,0.17068481,0.56759644,-0.7219416,-0.8009341999999999,-1.2309757,检查1变、2变高压侧进出线开关在分闸位置，开闭站201、202断路器在工作位置。
0.14044189999999998,-0.047637940000000004,0.6704711999999999,-0.73587686,-0.41111982,-1.044394,0.14044189999999998,-0.047637940000000004,0.6704711999999999,-0.73587686,-0.41111982,-1.044394,0.17538452000000002,-0.061187744,0.6673279,-0.76085186,-0.39338285,-1.04843,0.29437256,-0.11102295000000001,0.627655,-0.8503698,-0.32162732,-1.0203419,0.5942383,-0.035858154,0.38494873,-1.177807,-0.41224957,-0.7629893999999999,0.5942383,-0.035858154,0.38494873,-1.177807,-0.41224957,-0.7629893999999999,0.48770142,0.15869139999999998,-0.052032470000000004,-1.1530303,-0.70540905,-0.30524439999999997,0.48770142,0.15869139999999998,-0.052032470000000004,-1.1530303,-0.70540905,-0.30524439999999997,0.1010437,0.7315978999999999,-0.37356567,-0.8985057,-1.628009,0.051405743000000004,0.13034058,0.47247314,-0.2829895,-0.9369225999999999,-1.4518092999999999,-0.03790739,0.15487671,0.37921143,-0.24453735000000001,-0.9539827,-1.3574045,-0.089207485,0.14215088,0.39437866,-0.15478516,-0.85882944,-1.2404553,-0.26731944,0.16516113000000002,0.39456177000000003,-0.02835083,-0.82478416,-1.178113,-0.4388407,0.43130493000000003,0.16427612,0.2416687,-0.9259609,-0.8601350999999999,-0.8200769,0.43130493000000003,0.16427612,0.2416687,-0.9259609,-0.8601350999999999,-0.8200769,0.7444763,0.19909668,0.40820313,-1.0549848,-0.8251607,-1.0567515,0.70162964,0.13928223,0.5209961,-0.9906925,-0.75235116,-1.1733934,0.8221130400000001,0.13754272,0.4567871,-1.049715,-0.71687716,-1.1140544000000001,0.45306396,0.17068481,0.56759644,-0.7219416,-0.8009341999999999,-1.2309757,0.35858154000000003,0.16122437,0.6350707999999999,-0.6464987999999999,-0.8088183999999999,-1.298327,检查1变、2变高压侧进出线开关在分闸位置，开闭站201、202断路器在工作位置。
0.14044189999999998,-0.047637940000000004,0.6704711999999999,-0.73587686,-0.41111982,-1.044394,0.17538452000000002,-0.061187744,0.6673279,-0.76085186,-0.39338285,-1.04843,0.29437256,-0.11102295000000001,0.627655,-0.8503698,-0.32162732,-1.0203419,0.5942383,-0.035858154,0.38494873,-1.177807,-0.41224957,-0.7629893999999999,0.5942383,-0.035858154,0.38494873,-1.177807,-0.41224957,-0.7629893999999999,0.48770142,0.15869139999999998,-0.052032470000000004,-1.1530303,-0.70540905,-0.30524439999999997,0.48770142,0.15869139999999998,-0.052032470000000004,-1.1530303,-0.70540905,-0.30524439999999997,0.1010437,0.7315978999999999,-0.37356567,-0.8985057,-1.628009,0.051405743000000004,0.13034058,0.47247314,-0.2829895,-0.9369225999999999,-1.4518092999999999,-0.03790739,0.15487671,0.37921143,-0.24453735000000001,-0.9539827,-1.3574045,-0.089207485,0.14215088,0.39437866,-0.15478516,-0.85882944,-1.2404553,-0.26731944,0.16516113000000002,0.39456177000000003,-0.02835083,-0.82478416,-1.178113,-0.4388407,0.43130493000000003,0.16427612,0.2416687,-0.9259609,-0.8601350999999999,-0.8200769,0.43130493000000003,0.16427612,0.2416687,-0.9259609,-0.8601350999999999,-0.8200769,0.7444763,0.19909668,0.40820313,-1.0549848,-0.8251607,-1.0567515,0.70162964,0.13928223,0.5209961,-0.9906925,-0.75235116,-1.1733934,0.8221130400000001,0.13754272,0.4567871,-1.049715,-0.71687716,-1.1140544000000001,0.45306396,0.17068481,0.56759644,-0.7219416,-0.8009341999999999,-1.2309757,0.35858154000000003,0.16122437,0.6350707999999999,-0.6464987999999999,-0.8088183999999999,-1.298327,0.17581177,0.16369629,0.5136719,-0.5755757,-0.8836780999999999,-1.1506643,检查1变、2变高压侧进出线开关在分闸位置，开闭站201、202断路器在工作位置。
0.17538452000000002,-0.061187744,0.6673279,-0.76085186,-0.39338285,-1.04843,0.29437256,-0.11102295000000001,0.627655,-0.8503698,-0.32162732,-1.0203419,0.5942383,-0.035858154,0.38494873,-1.177807,-0.41224957,-0.7629893999999999,0.5942383,-0.035858154,0.38494873,-1.177807,-0.41224957,-0.7629893999999999,0.48770142,0.15869139999999998,-0.052032470000000004,-1.1530303,-0.70540905,-0.30524439999999997,0.48770142,0.15869139999999998,-0.052032470000000004,-1.1530303,-0.70540905,-0.30524439999999997,0.1010437,0.7315978999999999,-0.37356567,-0.8985057,-1.628009,0.051405743000000004,0.13034058,0.47247314,-0.2829895,-0.9369225999999999,-1.4518092999999999,-0.03790739,0.15487671,0.37921143,-0.24453735000000001,-0.9539827,-1.3574045,-0.089207485,0.14215088,0.39437866,-0.15478516,-0.85882944,-1.2404553,-0.26731944,0.16516113000000002,0.39456177000000003,-0.02835083,-0.82478416,-1.178113,-0.4388407,0.43130493000000003,0.16427612,0.2416687,-0.9259609,-0.8601350999999999,-0.8200769,0.43130493000000003,0.16427612,0.2416687,-0.9259609,-0.8601350999999999,-0.8200769,0.7444763,0.19909668,0.40820313,-1.0549848,-0.8251607,-1.0567515,0.70162964,0.13928223,0.5209961,-0.9906925,-0.75235116,-1.1733934,0.8221130400000001,0.13754272,0.4567871,-1.049715,-0.71687716,-1.1140544000000001,0.45306396,0.17068481,0.56759644,-0.7219416,-0.8009341999999999,-1.2309757,0.35858154000000003,0.16122437,0.6350707999999999,-0.6464987999999999,-0.8088183999999999,-1.298327,0.17581177,0.16369629,0.5136719,-0.5755757,-0.8836780999999999,-1.1506643,0.022033691,0.18826294000000002,0.35437012,-0.5320781,-0.95174086,-0.9372379,检查1变、2变高压侧进出线开关在分闸位置，开闭站201、202断路器在工作位置。
0.29437256,-0.11102295000000001,0.627655,-0.8503698,-0.32162732,-1.0203419,0.5942383,-0.035858154,0.38494873,-1.177807,-0.41224957,-0.7629893999999999,0.5942383,-0.035858154,0.38494873,-1.177807,-0.41224957,-0.7629893999999999,0.48770142,0.15869139999999998,-0.052032470000000004,-1.1530303,-0.70540905,-0.30524439999999997,0.48770142,0.15869139999999998,-0.052032470000000004,-1.1530303,-0.70540905,-0.30524439999999997,0.1010437,0.7315978999999999,-0.37356567,-0.8985057,-1.628009,0.051405743000000004,0.13034058,0.47247314,-0.2829895,-0.9369225999999999,-1.4518092999999999,-0.03790739,0.15487671,0.37921143,-0.24453735000000001,-0.9539827,-1.3574045,-0.089207485,0.14215088,0.39437866,-0.15478516,-0.85882944,-1.2404553,-0.26731944,0.16516113000000002,0.39456177000000003,-0.02835083,-0.82478416,-1.178113,-0.4388407,0.43130493000000003,0.16427612,0.2416687,-0.9259609,-0.8601350999999999,-0.8200769,0.43130493000000003,0.16427612,0.2416687,-0.9259609,-0.8601350999999999,-0.8200769,0.7444763,0.19909668,0.40820313,-1.0549848,-0.8251607,-1.0567515,0.70162964,0.13928223,0.5209961,-0.9906925,-0.75235116,-1.1733934,0.8221130400000001,0.13754272,0.4567871,-1.049715,-0.71687716,-1.1140544000000001,0.45306396,0.17068481,0.56759644,-0.7219416,-0.8009341999999999,-1.2309757,0.35858154000000003,0.16122437,0.6350707999999999,-0.6464987999999999,-0.8088183999999999,-1.298327,0.17581177,0.16369629,0.5136719,-0.5755757,-0.8836780999999999,-1.1506643,0.022033691,0.18826294000000002,0.35437012,-0.5320781,-0.95174086,-0.9372379,-0.13272095,0.21743774000000002,0.33724976,-0.45894676,-0.9993633,-0.8627191,检查1变、2变高压侧进出线开关在分闸位置，开闭站201、202断路器在工作位置。
0.5942383,-0.035858154,0.38494873,-1.177807,-0.41224957,-0.7629893999999999,0.5942383,-0.035858154,0.38494873,-1.177807,-0.41224957,-0.7629893999999999,0.48770142,0.15869139999999998,-0.052032470000000004,-1.1530303,-0.70540905,-0.30524439999999997,0.48770142,0.15869139999999998,-0.052032470000000004,-1.1530303,-0.70540905,-0.30524439999999997,0.1010437,0.7315978999999999,-0.37356567,-0.8985057,-1.628009,0.051405743000000004,0.13034058,0.47247314,-0.2829895,-0.9369225999999999,-1.4518092999999999,-0.03790739,0.15487671,0.37921143,-0.24453735000000001,-0.9539827,-1.3574045,-0.089207485,0.14215088,0.39437866,-0.15478516,-0.85882944,-1.2404553,-0.26731944,0.16516113000000002,0.39456177000000003,-0.02835083,-0.82478416,-1.178113,-0.4388407,0.43130493000000003,0.16427612,0.2416687,-0.9259609,-0.8601350999999999,-0.8200769,0.43130493000000003,0.16427612,0.2416687,-0.9259609,-0.8601350999999999,-0.8200769,0.7444763,0.19909668,0.40820313,-1.0549848,-0.8251607,-1.0567515,0.70162964,0.13928223,0.5209961,-0.9906925,-0.75235116,-1.1733934,0.8221130400000001,0.13754272,0.4567871,-1.049715,-0.71687716,-1.1140544000000001,0.45306396,0.17068481,0.56759644,-0.7219416,-0.8009341999999999,-1.2309757,0.35858154000000003,0.16122437,0.6350707999999999,-0.6464987999999999,-0.8088183999999999,-1.298327,0.17581177,0.16369629,0.5136719,-0.5755757,-0.8836780999999999,-1.1506643,0.022033691,0.18826294000000002,0.35437012,-0.5320781,-0.95174086,-0.9372379,-0.13272095,0.21743774000000002,0.33724976,-0.45894676,-0.9993633,-0.8627191,-0.32403564,0.28564453,0.39791869999999996,-0.34883857,-1.0703897,-0.8468616600000001,检查1变、2变高压侧进出线开关在分闸位置，开闭站201、202断路器在工作位置。
0.5942383,-0.035858154,0.38494873,-1.177807,-0.41224957,-0.7629893999999999,0.48770142,0.15869139999999998,-0.052032470000000004,-1.1530303,-0.70540905,-0.30524439999999997,0.48770142,0.15869139999999998,-0.052032470000000004,-1.1530303,-0.70540905,-0.30524439999999997,0.1010437,0.7315978999999999,-0.37356567,-0.8985057,-1.628009,0.051405743000000004,0.13034058,0.47247314,-0.2829895,-0.9369225999999999,-1.4518092999999999,-0.03790739,0.15487671,0.37921143,-0.24453735000000001,-0.9539827,-1.3574045,-0.089207485,0.14215088,0.39437866,-0.15478516,-0.85882944,-1.2404553,-0.26731944,0.16516113000000002,0.39456177000000003,-0.02835083,-0.82478416,-1.178113,-0.4388407,0.43130493000000003,0.16427612,0.2416687,-0.9259609,-0.8601350999999999,-0.8200769,0.43130493000000003,0.16427612,0.2416687,-0.9259609,-0.8601350999999999,-0.8200769,0.7444763,0.19909668,0.40820313,-1.0549848,-0.8251607,-1.0567515,0.70162964,0.13928223,0.5209961,-0.9906925,-0.75235116,-1.1733934,0.8221130400000001,0.13754272,0.4567871,-1.049715,-0.71687716,-1.1140544000000001,0.45306396,0.17068481,0.56759644,-0.7219416,-0.8009341999999999,-1.2309757,0.35858154000000003,0.16122437,0.6350707999999999,-0.6464987999999999,-0.8088183999999999,-1.298327,0.17581177,0.16369629,0.5136719,-0.5755757,-0.8836780999999999,-1.1506643,0.022033691,0.18826294000000002,0.35437012,-0.5320781,-0.95174086,-0.9372379,-0.13272095,0.21743774000000002,0.33724976,-0.45894676,-0.9993633,-0.8627191,-0.32403564,0.28564453,0.39791869999999996,-0.34883857,-1.0703897,-0.8468616600000001,-0.7779541,0.29458618000000003,0.61953735,-0.0021238327,-1.0442083,-0.9177441,检查1变、2变高压侧进出线开关在分闸位置，开闭站201、202断路器在工作位置。
0.48770142,0.15869139999999998,-0.052032470000000004,-1.1530303,-0.70540905,-0.30524439999999997,0.48770142,0.15869139999999998,-0.052032470000000004,-1.1530303,-0.70540905,-0.30524439999999997,0.1010437,0.7315978999999999,-0.37356567,-0.8985057,-1.628009,0.051405743000000004,0.13034058,0.47247314,-0.2829895,-0.9369225999999999,-1.4518092999999999,-0.03790739,0.15487671,0.37921143,-0.24453735000000001,-0.9539827,-1.3574045,-0.089207485,0.14215088,0.39437866,-0.15478516,-0.85882944,-1.2404553,-0.26731944,0.16516113000000002,0.39456177000000003,-0.02835083,-0.82478416,-1.178113,-0.4388407,0.43130493000000003,0.16427612,0.2416687,-0.9259609,-0.8601350999999999,-0.8200769,0.43130493000000003,0.16427612,0.2416687,-0.9259609,-0.8601350999999999,-0.8200769,0.7444763,0.19909668,0.40820313,-1.0549848,-0.8251607,-1.0567515,0.70162964,0.13928223,0.5209961,-0.9906925,-0.75235116,-1.1733934,0.8221130400000001,0.13754272,0.4567871,-1.049715,-0.71687716,-1.1140544000000001,0.45306396,0.17068481,0.56759644,-0.7219416,-0.8009341999999999,-1.2309757,0.35858154000000003,0.16122437,0.6350707999999999,-0.6464987999999999,-0.8088183999999999,-1.298327,0.17581177,0.16369629,0.5136719,-0.5755757,-0.8836780999999999,-1.1506643,0.022033691,0.18826294000000002,0.35437012,-0.5320781,-0.95174086,-0.9372379,-0.13272095,0.21743774000000002,0.33724976,-0.45894676,-0.9993633,-0.8627191,-0.32403564,0.28564453,0.39791869999999996,-0.34883857,-1.0703897,-0.8468616600000001,-0.7779541,0.29458618000000003,0.61953735,-0.0021238327,-1.0442083,-0.9177441,-1.2839661,0.3657837,0.82492065,0.44251132,-1.0355139,-0.9551914300000001,检查1变、2变高压侧进出线开关在分闸位置，开闭站201、202断路器在工作位置。
0.48770142,0.15869139999999998,-0.052032470000000004,-1.1530303,-0.70540905,-0.30524439999999997,0.1010437,0.7315978999999999,-0.37356567,-0.8985057,-1.628009,0.051405743000000004,0.13034058,0.47247314,-0.2829895,-0.9369225999999999,-1.4518092999999999,-0.03790739,0.15487671,0.37921143,-0.24453735000000001,-0.9539827,-1.3574045,-0.089207485,0.14215088,0.39437866,-0.15478516,-0.85882944,-1.2404553,-0.26731944,0.16516113000000002,0.39456177000000003,-0.02835083,-0.82478416,-1.178113,-0.4388407,0.43130493000000003,0.16427612,0.2416687,-0.9259609,-0.8601350999999999,-0.8200769,0.43130493000000003,0.16427612,0.2416687,-0.9259609,-0.8601350999999999,-0.8200769,0.7444763,0.19909668,0.40820313,-1.0549848,-0.8251607,-1.0567515,0.70162964,0.13928223,0.5209961,-0.9906925,-0.75235116,-1.1733934,0.8221130400000001,0.13754272,0.4567871,-1.049715,-0.71687716,-1.1140544000000001,0.45306396,0.17068481,0.56759644,-0.7219416,-0.8009341999999999,-1.2309757,0.35858154000000003,0.16122437,0.6350707999999999,-0.6464987999999999,-0.8088183999999999,-1.298327,0.17581177,0.16369629,0.5136719,-0.5755757,-0.8836780999999999,-1.1506643,0.022033691,0.18826294000000002,0.35437012,-0.5320781,-0.95174086,-0.9372379,-0.13272095,0.21743774000000002,0.33724976,-0.45894676,-0.9993633,-0.8627191,-0.32403564,0.28564453,0.39791869999999996,-0.34883857,-1.0703897,-0.8468616600000001,-0.7779541,0.29458618000000003,0.61953735,-0.0021238327,-1.0442083,-0.9177441,-1.2839661,0.3657837,0.82492065,0.44251132,-1.0355139,-0.9551914300000001,-1.4374084,0.30307007,0.88778687,0.5816928,-0.90342796,-0.9123146,检查1变、2变高压侧进出线开关在分闸位置，开闭站201、202断路器在工作位置。
0.1010437,0.7315978999999999,-0.37356567,-0.8985057,-1.628009,0.051405743000000004,0.13034058,0.47247314,-0.2829895,-0.9369225999999999,-1.4518092999999999,-0.03790739,0.15487671,0.37921143,-0.24453735000000001,-0.9539827,-1.3574045,-0.089207485,0.14215088,0.39437866,-0.15478516,-0.85882944,-1.2404553,-0.26731944,0.16516113000000002,0.39456177000000003,-0.02835083,-0.82478416,-1.178113,-0.4388407,0.43130493000000003,0.16427612,0.2416687,-0.9259609,-0.8601350999999999,-0.8200769,0.43130493000000003,0.16427612,0.2416687,-0.9259609,-0.8601350999999999,-0.8200769,0.7444763,0.19909668,0.40820313,-1.0549848,-0.8251607,-1.0567515,0.70162964,0.13928223,0.5209961,-0.9906925,-0.75235116,-1.1733934,0.8221130400000001,0.13754272,0.4567871,-1.049715,-0.71687716,-1.1140544000000001,0.45306396,0.17068481,0.56759644,-0.7219416,-0.8009341999999999,-1.2309757,0.35858154000000003,0.16122437,0.6350707999999999,-0.6464987999999999,-0.8088183999999999,-1.298327,0.17581177,0.16369629,0.5136719,-0.5755757,-0.8836780999999999,-1.1506643,0.022033691,0.18826294000000002,0.35437012,-0.5320781,-0.95174086,-0.9372379,-0.13272095,0.21743774000000002,0.33724976,-0.45894676,-0.9993633,-0.8627191,-0.32403564,0.28564453,0.39791869999999996,-0.34883857,-1.0703897,-0.8468616600000001,-0.7779541,0.29458618000000003,0.61953735,-0.0021238327,-1.0442083,-0.9177441,-1.2839661,0.3657837,0.82492065,0.44251132,-1.0355139,-0.9551914300000001,-1.4374084,0.30307007,0.88778687,0.5816928,-0.90342796,-0.9123146,-1.3165588,0.16326904,0.7298889,0.50132775,-0.5893011,-0.5196438999999999,检查1变、2变高压侧进出线开关在分闸位置，开闭站201、202断路器在工作位置。
0.13034058,0.47247314,-0.2829895,-0.9369225999999999,-1.4518092999999999,-0.03790739,0.15487671,0.37921143,-0.24453735000000001,-0.9539827,-1.3574045,-0.089207485,0.14215088,0.39437866,-0.15478516,-0.85882944,-1.2404553,-0.26731944,0.16516113000000002,0.39456177000000003,-0.02835083,-0.82478416,-1.178113,-0.4388407,0.43130493000000003,0.16427612,0.2416687,-0.9259609,-0.8601350999999999,-0.8200769,0.43130493000000003,0.16427612,0.2416687,-0.9259609,-0.8601350999999999,-0.8200769,0.7444763,0.19909668,0.40820313,-1.0549848,-0.8251607,-1.0567515,0.70162964,0.13928223,0.5209961,-0.9906925,-0.75235116,-1.1733934,0.8221130400000001,0.13754272,0.4567871,-1.049715,-0.71687716,-1.1140544000000001,0.45306396,0.17068481,0.56759644,-0.7219416,-0.8009341999999999,-1.2309757,0.35858154000000003,0.16122437,0.6350707999999999,-0.6464987999999999,-0.8088183999999999,-1.298327,0.17581177,0.16369629,0.5136719,-0.5755757,-0.8836780999999999,-1.1506643,0.022033691,0.18826294000000002,0.35437012,-0.5320781,-0.95174086,-0.9372379,-0.13272095,0.21743774000000002,0.33724976,-0.45894676,-0.9993633,-0.8627191,-0.32403564,0.28564453,0.39791869999999996,-0.34883857,-1.0703897,-0.8468616600000001,-0.7779541,0.29458618000000003,0.61953735,-0.0021238327,-1.0442083,-0.9177441,-1.2839661,0.3657837,0.82492065,0.44251132,-1.0355139,-0.9551914300000001,-1.4374084,0.30307007,0.88778687,0.5816928,-0.90342796,-0.9123146,-1.3165588,0.16326904,0.7298889,0.50132775,-0.5893011,-0.5196438999999999,-0.54608154,0.026153564,0.41903687,-0.15774846,-0.31797939999999997,-0.01836221,检查1变、2变高压侧进出线开关在分闸位置，开闭站201、202断路器在工作位置。
0.15487671,0.37921143,-0.24453735000000001,-0.9539827,-1.3574045,-0.089207485,0.14215088,0.39437866,-0.15478516,-0.85882944,-1.2404553,-0.26731944,0.16516113000000002,0.39456177000000003,-0.02835083,-0.82478416,-1.178113,-0.4388407,0.43130493000000003,0.16427612,0.2416687,-0.9259609,-0.8601350999999999,-0.8200769,0.43130493000000003,0.16427612,0.2416687,-0.9259609,-0.8601350999999999,-0.8200769,0.7444763,0.19909668,0.40820313,-1.0549848,-0.8251607,-1.0567515,0.70162964,0.13928223,0.5209961,-0.9906925,-0.75235116,-1.1733934,0.8221130400000001,0.13754272,0.4567871,-1.049715,-0.71687716,-1.1140544000000001,0.45306396,0.17068481,0.56759644,-0.7219416,-0.8009341999999999,-1.2309757,0.35858154000000003,0.16122437,0.6350707999999999,-0.6464987999999999,-0.8088183999999999,-1.298327,0.17581177,0.16369629,0.5136719,-0.5755757,-0.8836780999999999,-1.1506643,0.022033691,0.18826294000000002,0.35437012,-0.5320781,-0.95174086,-0.9372379,-0.13272095,0.21743774000000002,0.33724976,-0.45894676,-0.9993633,-0.8627191,-0.32403564,0.28564453,0.39791869999999996,-0.34883857,-1.0703897,-0.8468616600000001,-0.7779541,0.29458618000000003,0.61953735,-0.0021238327,-1.0442083,-0.9177441,-1.2839661,0.3657837,0.82492065,0.44251132,-1.0355139,-0.9551914300000001,-1.4374084,0.30307007,0.88778687,0.5816928,-0.90342796,-0.9123146,-1.3165588,0.16326904,0.7298889,0.50132775,-0.5893011,-0.5196438999999999,-0.54608154,0.026153564,0.41903687,-0.15774846,-0.31797939999999997,-0.01836221,-0.2692871,0.039306640000000004,0.36380005,-0.3712511,-0.28529572000000003,0.09822373,检查1变、2变高压侧进出线开关在分闸位置，开闭站201、202断路器在工作位置。
0.14215088,0.39437866,-0.15478516,-0.85882944,-1.2404553,-0.26731944,0.16516113000000002,0.39456177000000003,-0.02835083,-0.82478416,-1.178113,-0.4388407,0.43130493000000003,0.16427612,0.2416687,-0.9259609,-0.8601350999999999,-0.8200769,0.43130493000000003,0.16427612,0.2416687,-0.9259609,-0.8601350999999999,-0.8200769,0.7444763,0.19909668,0.40820313,-1.0549848,-0.8251607,-1.0567515,0.70162964,0.13928223,0.5209961,-0.9906925,-0.75235116,-1.1733934,0.8221130400000001,0.13754272,0.4567871,-1.049715,-0.71687716,-1.1140544000000001,0.45306396,0.17068481,0.56759644,-0.7219416,-0.8009341999999999,-1.2309757,0.35858154000000003,0.16122437,0.6350707999999999,-0.6464987999999999,-0.8088183999999999,-1.298327,0.17581177,0.16369629,0.5136719,-0.5755757,-0.8836780999999999,-1.1506643,0.022033691,0.18826294000000002,0.35437012,-0.5320781,-0.95174086,-0.9372379,-0.13272095,0.21743774000000002,0.33724976,-0.45894676,-0.9993633,-0.8627191,-0.32403564,0.28564453,0.39791869999999996,-0.34883857,-1.0703897,-0.8468616600000001,-0.7779541,0.29458618000000003,0.61953735,-0.0021238327,-1.0442083,-0.9177441,-1.2839661,0.3657837,0.82492065,0.44251132,-1.0355139,-0.9551914300000001,-1.4374084,0.30307007,0.88778687,0.5816928,-0.90342796,-0.9123146,-1.3165588,0.16326904,0.7298889,0.50132775,-0.5893011,-0.5196438999999999,-0.54608154,0.026153564,0.41903687,-0.15774846,-0.31797939999999997,-0.01836221,-0.2692871,0.039306640000000004,0.36380005,-0.3712511,-0.28529572000000003,0.09822373,0.3320923,-0.03338623,0.12371826,-0.7592704,-0.09888619,0.43310207,检查1变、2变高压侧进出线开关在分闸位置，开闭站201、202断路器在工作位置。
0.16516113000000002,0.39456177000000003,-0.02835083,-0.82478416,-1.178113,-0.4388407,0.43130493000000003,0.16427612,0.2416687,-0.9259609,-0.8601350999999999,-0.8200769,0.43130493000000003,0.16427612,0.2416687,-0.9259609,-0.8601350999999999,-0.8200769,0.7444763,0.19909668,0.40820313,-1.0549848,-0.8251607,-1.0567515,0.70162964,0.13928223,0.5209961,-0.9906925,-0.75235116,-1.1733934,0.8221130400000001,0.13754272,0.4567871,-1.049715,-0.71687716,-1.1140544000000001,0.45306396,0.17068481,0.56759644,-0.7219416,-0.8009341999999999,-1.2309757,0.35858154000000003,0.16122437,0.6350707999999999,-0.6464987999999999,-0.8088183999999999,-1.298327,0.17581177,0.16369629,0.5136719,-0.5755757,-0.8836780999999999,-1.1506643,0.022033691,0.18826294000000002,0.35437012,-0.5320781,-0.95174086,-0.9372379,-0.13272095,0.21743774000000002,0.33724976,-0.45894676,-0.9993633,-0.8627191,-0.32403564,0.28564453,0.39791869999999996,-0.34883857,-1.0703897,-0.8468616600000001,-0.7779541,0.29458618000000003,0.61953735,-0.0021238327,-1.0442083,-0.9177441,-1.2839661,0.3657837,0.82492065,0.44251132,-1.0355139,-0.9551914300000001,-1.4374084,0.30307007,0.88778687,0.5816928,-0.90342796,-0.9123146,-1.3165588,0.16326904,0.7298889,0.50132775,-0.5893011,-0.5196438999999999,-0.54608154,0.026153564,0.41903687,-0.15774846,-0.31797939999999997,-0.01836221,-0.2692871,0.039306640000000004,0.36380005,-0.3712511,-0.28529572000000003,0.09822373,0.3320923,-0.03338623,0.12371826,-0.7592704,-0.09888619,0.43310207,0.7229614,-0.19415283,0.034606934,-0.9595465999999999,0.14340925000000002,0.49360043000000003,检查1变、2变高压侧进出线开关在分闸位置，开闭站201、202断路器在工作位置。
0.43130493000000003,0.16427612,0.2416687,-0.9259609,-0.8601350999999999,-0.8200769,0.43130493000000003,0.16427612,0.2416687,-0.9259609,-0.8601350999999999,-0.8200769,0.7444763,0.19909668,0.40820313,-1.0549848,-0.8251607,-1.0567515,0.70162964,0.13928223,0.5209961,-0.9906925,-0.75235116,-1.1733934,0.8221130400000001,0.13754272,0.4567871,-1.049715,-0.71687716,-1.1140544000000001,0.45306396,0.17068481,0.56759644,-0.7219416,-0.8009341999999999,-1.2309757,0.35858154000000003,0.16122437,0.6350707999999999,-0.6464987999999999,-0.8088183999999999,-1.298327,0.17581177,0.16369629,0.5136719,-0.5755757,-0.8836780999999999,-1.1506643,0.022033691,0.18826294000000002,0.35437012,-0.5320781,-0.95174086,-0.9372379,-0.13272095,0.21743774000000002,0.33724976,-0.45894676,-0.9993633,-0.8627191,-0.32403564,0.28564453,0.39791869999999996,-0.34883857,-1.0703897,-0.8468616600000001,-0.7779541,0.29458618000000003,0.61953735,-0.0021238327,-1.0442083,-0.9177441,-1.2839661,0.3657837,0.82492065,0.44251132,-1.0355139,-0.9551914300000001,-1.4374084,0.30307007,0.88778687,0.5816928,-0.90342796,-0.9123146,-1.3165588,0.16326904,0.7298889,0.50132775,-0.5893011,-0.5196438999999999,-0.54608154,0.026153564,0.41903687,-0.15774846,-0.31797939999999997,-0.01836221,-0.2692871,0.039306640000000004,0.36380005,-0.3712511,-0.28529572000000003,0.09822373,0.3320923,-0.03338623,0.12371826,-0.7592704,-0.09888619,0.43310207,0.7229614,-0.19415283,0.034606934,-0.9595465999999999,0.14340925000000002,0.49360043000000003,0.7617798,-0.2010498,0.025665283,-0.9806747,0.1576215,0.49194092,检查1变、2变高压侧进出线开关在分闸位置，开闭站201、202断路器在工作位置。
0.43130493000000003,0.16427612,0.2416687,-0.9259609,-0.8601350999999999,-0.8200769,0.7444763,0.19909668,0.40820313,-1.0549848,-0.8251607,-1.0567515,0.70162964,0.13928223,0.5209961,-0.9906925,-0.75235116,-1.1733934,0.8221130400000001,0.13754272,0.4567871,-1.049715,-0.71687716,-1.1140544000000001,0.45306396,0.17068481,0.56759644,-0.7219416,-0.8009341999999999,-1.2309757,0.35858154000000003,0.16122437,0.6350707999999999,-0.6464987999999999,-0.8088183999999999,-1.298327,0.17581177,0.16369629,0.5136719,-0.5755757,-0.8836780999999999,-1.1506643,0.022033691,0.18826294000000002,0.35437012,-0.5320781,-0.95174086,-0.9372379,-0.13272095,0.21743774000000002,0.33724976,-0.45894676,-0.9993633,-0.8627191,-0.32403564,0.28564453,0.39791869999999996,-0.34883857,-1.0703897,-0.8468616600000001,-0.7779541,0.29458618000000003,0.61953735,-0.0021238327,-1.0442083,-0.9177441,-1.2839661,0.3657837,0.82492065,0.44251132,-1.0355139,-0.9551914300000001,-1.4374084,0.30307007,0.88778687,0.5816928,-0.90342796,-0.9123146,-1.3165588,0.16326904,0.7298889,0.50132775,-0.5893011,-0.5196438999999999,-0.54608154,0.026153564,0.41903687,-0.15774846,-0.31797939999999997,-0.01836221,-0.2692871,0.039306640000000004,0.36380005,-0.3712511,-0.28529572000000003,0.09822373,0.3320923,-0.03338623,0.12371826,-0.7592704,-0.09888619,0.43310207,0.7229614,-0.19415283,0.034606934,-0.9595465999999999,0.14340925000000002,0.49360043000000003,0.7617798,-0.2010498,0.025665283,-0.9806747,0.1576215,0.49194092,0.86083984,-0.2944641,-0.039245605,-1.0369892,0.27548707,0.49792063000000003,检查1变、2变高压侧进出线开关在分闸位置，开闭站201、202断路器在工作位置。
0.7444763,0.19909668,0.40820313,-1.0549848,-0.8251607,-1.0567515,0.70162964,0.13928223,0.5209961,-0.9906925,-0.75235116,-1.1733934,0.8221130400000001,0.13754272,0.4567871,-1.049715,-0.71687716,-1.1140544000000001,0.45306396,0.17068481,0.56759644,-0.7219416,-0.8009341999999999,-1.2309757,0.35858154000000003,0.16122437,0.6350707999999999,-0.6464987999999999,-0.8088183999999999,-1.298327,0.17581177,0.16369629,0.5136719,-0.5755757,-0.8836780999999999,-1.1506643,0.022033691,0.18826294000000002,0.35437012,-0.5320781,-0.95174086,-0.9372379,-0.13272095,0.21743774000000002,0.33724976,-0.45894676,-0.9993633,-0.8627191,-0.32403564,0.28564453,0.39791869999999996,-0.34883857,-1.0703897,-0.8468616600000001,-0.7779541,0.29458618000000003,0.61953735,-0.0021238327,-1.0442083,-0.9177441,-1.2839661,0.3657837,0.82492065,0.44251132,-1.0355139,-0.9551914300000001,-1.4374084,0.30307007,0.88778687,0.5816928,-0.90342796,-0.9123146,-1.3165588,0.16326904,0.7298889,0.50132775,-0.5893011,-0.5196438999999999,-0.54608154,0.026153564,0.41903687,-0.15774846,-0.31797939999999997,-0.01836221,-0.2692871,0.039306640000000004,0.36380005,-0.3712511,-0.28529572000000003,0.09822373,0.3320923,-0.03338623,0.12371826,-0.7592704,-0.09888619,0.43310207,0.7229614,-0.19415283,0.034606934,-0.9595465999999999,0.14340925000000002,0.49360043000000003,0.7617798,-0.2010498,0.025665283,-0.9806747,0.1576215,0.49194092,0.86083984,-0.2944641,-0.039245605,-1.0369892,0.27548707,0.49792063000000003,0.8324889999999999,-0.26431274,-0.050689697000000006,-1.0109079,0.24778998,0.4954645,检查1变、2变高压侧进出线开关在分闸位置，开闭站201、202断路器在工作位置。
0.70162964,0.13928223,0.5209961,-0.9906925,-0.75235116,-1.1733934,0.8221130400000001,0.13754272,0.4567871,-1.049715,-0.71687716,-1.1140544000000001,0.45306396,0.17068481,0.56759644,-0.7219416,-0.8009341999999999,-1.2309757,0.35858154000000003,0.16122437,0.6350707999999999,-0.6464987999999999,-0.8088183999999999,-1.298327,0.17581177,0.16369629,0.5136719,-0.5755757,-0.8836780999999999,-1.1506643,0.022033691,0.18826294000000002,0.35437012,-0.5320781,-0.95174086,-0.9372379,-0.13272095,0.21743774000000002,0.33724976,-0.45894676,-0.9993633,-0.8627191,-0.32403564,0.28564453,0.39791869999999996,-0.34883857,-1.0703897,-0.8468616600000001,-0.7779541,0.29458618000000003,0.61953735,-0.0021238327,-1.0442083,-0.9177441,-1.2839661,0.3657837,0.82492065,0.44251132,-1.0355139,-0.9551914300000001,-1.4374084,0.30307007,0.88778687,0.5816928,-0.90342796,-0.9123146,-1.3165588,0.16326904,0.7298889,0.50132775,-0.5893011,-0.5196438999999999,-0.54608154,0.026153564,0.41903687,-0.15774846,-0.31797939999999997,-0.01836221,-0.2692871,0.039306640000000004,0.36380005,-0.3712511,-0.28529572000000003,0.09822373,0.3320923,-0.03338623,0.12371826,-0.7592704,-0.09888619,0.43310207,0.7229614,-0.19415283,0.034606934,-0.9595465999999999,0.14340925000000002,0.49360043000000003,0.7617798,-0.2010498,0.025665283,-0.9806747,0.1576215,0.49194092,0.86083984,-0.2944641,-0.039245605,-1.0369892,0.27548707,0.49792063000000003,0.8324889999999999,-0.26431274,-0.050689697000000006,-1.0109079,0.24778998,0.4954645,0.61712646,0.13354492,-0.20175171,-0.93836343,-0.18583643,0.59880847,检查1变、2变高压侧进出线开关在分闸位置，开闭站201、202断路器在工作位置。
0.8221130400000001,0.13754272,0.4567871,-1.049715,-0.71687716,-1.1140544000000001,0.45306396,0.17068481,0.56759644,-0.7219416,-0.8009341999999999,-1.2309757,0.35858154000000003,0.16122437,0.6350707999999999,-0.6464987999999999,-0.8088183999999999,-1.298327,0.17581177,0.16369629,0.5136719,-0.5755757,-0.8836780999999999,-1.1506643,0.022033691,0.18826294000000002,0.35437012,-0.5320781,-0.95174086,-0.9372379,-0.13272095,0.21743774000000002,0.33724976,-0.45894676,-0.9993633,-0.8627191,-0.32403564,0.28564453,0.39791869999999996,-0.34883857,-1.0703897,-0.8468616600000001,-0.7779541,0.29458618000000003,0.61953735,-0.0021238327,-1.0442083,-0.9177441,-1.2839661,0.3657837,0.82492065,0.44251132,-1.0355139,-0.9551914300000001,-1.4374084,0.30307007,0.88778687,0.5816928,-0.90342796,-0.9123146,-1.3165588,0.16326904,0.7298889,0.50132775,-0.5893011,-0.5196438999999999,-0.54608154,0.026153564,0.41903687,-0.15774846,-0.31797939999999997,-0.01836221,-0.2692871,0.039306640000000004,0.36380005,-0.3712511,-0.28529572000000003,0.09822373,0.3320923,-0.03338623,0.12371826,-0.7592704,-0.09888619,0.43310207,0.7229614,-0.19415283,0.034606934,-0.9595465999999999,0.14340925000000002,0.49360043000000003,0.7617798,-0.2010498,0.025665283,-0.9806747,0.1576215,0.49194092,0.86083984,-0.2944641,-0.039245605,-1.0369892,0.27548707,0.49792063000000003,0.8324889999999999,-0.26431274,-0.050689697000000006,-1.0109079,0.24778998,0.4954645,0.61712646,0.13354492,-0.20175171,-0.93836343,-0.18583643,0.59880847,0.19360352,0.29486084,-0.07858276,-0.6416149,-0.39389133,0.42757599999999996,检查1变、2变高压侧进出线开关在分闸位置，开闭站201、202断路器在工作位置。
0.45306396,0.17068481,0.56759644,-0.7219416,-0.8009341999999999,-1.2309757,0.35858154000000003,0.16122437,0.6350707999999999,-0.6464987999999999,-0.8088183999999999,-1.298327,0.17581177,0.16369629,0.5136719,-0.5755757,-0.8836780999999999,-1.1506643,0.022033691,0.18826294000000002,0.35437012,-0.5320781,-0.95174086,-0.9372379,-0.13272095,0.21743774000000002,0.33724976,-0.45894676,-0.9993633,-0.8627191,-0.32403564,0.28564453,0.39791869999999996,-0.34883857,-1.0703897,-0.8468616600000001,-0.7779541,0.29458618000000003,0.61953735,-0.0021238327,-1.0442083,-0.9177441,-1.2839661,0.3657837,0.82492065,0.44251132,-1.0355139,-0.9551914300000001,-1.4374084,0.30307007,0.88778687,0.5816928,-0.90342796,-0.9123146,-1.3165588,0.16326904,0.7298889,0.50132775,-0.5893011,-0.5196438999999999,-0.54608154,0.026153564,0.41903687,-0.15774846,-0.31797939999999997,-0.01836221,-0.2692871,0.039306640000000004,0.36380005,-0.3712511,-0.28529572000000003,0.09822373,0.3320923,-0.03338623,0.12371826,-0.7592704,-0.09888619,0.43310207,0.7229614,-0.19415283,0.034606934,-0.9595465999999999,0.14340925000000002,0.49360043000000003,0.7617798,-0.2010498,0.025665283,-0.9806747,0.1576215,0.49194092,0.86083984,-0.2944641,-0.039245605,-1.0369892,0.27548707,0.49792063000000003,0.8324889999999999,-0.26431274,-0.050689697000000006,-1.0109079,0.24778998,0.4954645,0.61712646,0.13354492,-0.20175171,-0.93836343,-0.18583643,0.59880847,0.19360352,0.29486084,-0.07858276,-0.6416149,-0.39389133,0.42757599999999996,-0.3788147,0.33102417,0.33389282000000003,-0.21318233,-0.51080376,-0.05549796,检查1变、2变高压侧进出线开关在分闸位置，开闭站201、202断路器在工作位置。
0.35858154000000003,0.16122437,0.6350707999999999,-0.6464987999999999,-0.8088183999999999,-1.298327,0.17581177,0.16369629,0.5136719,-0.5755757,-0.8836780999999999,-1.1506643,0.022033691,0.18826294000000002,0.35437012,-0.5320781,-0.95174086,-0.9372379,-0.13272095,0.21743774000000002,0.33724976,-0.45894676,-0.9993633,-0.8627191,-0.32403564,0.28564453,0.39791869999999996,-0.34883857,-1.0703897,-0.8468616600000001,-0.7779541,0.29458618000000003,0.61953735,-0.0021238327,-1.0442083,-0.9177441,-1.2839661,0.3657837,0.82492065,0.44251132,-1.0355139,-0.9551914300000001,-1.4374084,0.30307007,0.88778687,0.5816928,-0.90342796,-0.9123146,-1.3165588,0.16326904,0.7298889,0.50132775,-0.5893011,-0.5196438999999999,-0.54608154,0.026153564,0.41903687,-0.15774846,-0.31797939999999997,-0.01836221,-0.2692871,0.039306640000000004,0.36380005,-0.3712511,-0.28529572000000003,0.09822373,0.3320923,-0.03338623,0.12371826,-0.7592704,-0.09888619,0.43310207,0.7229614,-0.19415283,0.034606934,-0.9595465999999999,0.14340925000000002,0.49360043000000003,0.7617798,-0.2010498,0.025665283,-0.9806747,0.1576215,0.49194092,0.86083984,-0.2944641,-0.039245605,-1.0369892,0.27548707,0.49792063000000003,0.8324889999999999,-0.26431274,-0.050689697000000006,-1.0109079,0.24778998,0.4954645,0.61712646,0.13354492,-0.20175171,-0.93836343,-0.18583643,0.59880847,0.19360352,0.29486084,-0.07858276,-0.6416149,-0.39389133,0.42757599999999996,-0.3788147,0.33102417,0.33389282000000003,-0.21318233,-0.51080376,-0.05549796,-1.0207214,0.62420654,0.3451538,0.3035797,-0.9380069999999999,-0.20064695,检查1变、2变高压侧进出线开关在分闸位置，开闭站201、202断路器在工作位置。
0.17581177,0.16369629,0.5136719,-0.5755757,-0.8836780999999999,-1.1506643,0.022033691,0.18826294000000002,0.35437012,-0.5320781,-0.95174086,-0.9372379,-0.13272095,0.21743774000000002,0.33724976,-0.45894676,-0.9993633,-0.8627191,-0.32403564,0.28564453,0.39791869999999996,-0.34883857,-1.0703897,-0.8468616600000001,-0.7779541,0.29458618000000003,0.61953735,-0.0021238327,-1.0442083,-0.9177441,-1.2839661,0.3657837,0.82492065,0.44251132,-1.0355139,-0.9551914300000001,-1.4374084,0.30307007,0.88778687,0.5816928,-0.90342796,-0.9123146,-1.3165588,0.16326904,0.7298889,0.50132775,-0.5893011,-0.5196438999999999,-0.54608154,0.026153564,0.41903687,-0.15774846,-0.31797939999999997,-0.01836221,-0.2692871,0.039306640000000004,0.36380005,-0.3712511,-0.28529572000000003,0.09822373,0.3320923,-0.03338623,0.12371826,-0.7592704,-0.09888619,0.43310207,0.7229614,-0.19415283,0.034606934,-0.9595465999999999,0.14340925000000002,0.49360043000000003,0.7617798,-0.2010498,0.025665283,-0.9806747,0.1576215,0.49194092,0.86083984,-0.2944641,-0.039245605,-1.0369892,0.27548707,0.49792063000000003,0.8324889999999999,-0.26431274,-0.050689697000000006,-1.0109079,0.24778998,0.4954645,0.61712646,0.13354492,-0.20175171,-0.93836343,-0.18583643,0.59880847,0.19360352,0.29486084,-0.07858276,-0.6416149,-0.39389133,0.42757599999999996,-0.3788147,0.33102417,0.33389282000000003,-0.21318233,-0.51080376,-0.05549796,-1.0207214,0.62420654,0.3451538,0.3035797,-0.9380069999999999,-0.20064695,-0.9707336400000001,0.5994873,0.37994385,0.20290542,-1.001532,-0.32975924,检查1变、2变高压侧进出线开关在分闸位置，开闭站201、202断路器在工作位置。
0.022033691,0.18826294000000002,0.35437012,-0.5320781,-0.95174086,-0.9372379,-0.13272095,0.21743774000000002,0.33724976,-0.45894676,-0.9993633,-0.8627191,-0.32403564,0.28564453,0.39791869999999996,-0.34883857,-1.0703897,-0.8468616600000001,-0.7779541,0.29458618000000003,0.61953735,-0.0021238327,-1.0442083,-0.9177441,-1.2839661,0.3657837,0.82492065,0.44251132,-1.0355139,-0.9551914300000001,-1.4374084,0.30307007,0.88778687,0.5816928,-0.90342796,-0.9123146,-1.3165588,0.16326904,0.7298889,0.50132775,-0.5893011,-0.5196438999999999,-0.54608154,0.026153564,0.41903687,-0.15774846,-0.31797939999999997,-0.01836221,-0.2692871,0.039306640000000004,0.36380005,-0.3712511,-0.28529572000000003,0.09822373,0.3320923,-0.03338623,0.12371826,-0.7592704,-0.09888619,0.43310207,0.7229614,-0.19415283,0.034606934,-0.9595465999999999,0.14340925000000002,0.49360043000000003,0.7617798,-0.2010498,0.025665283,-0.9806747,0.1576215,0.49194092,0.86083984,-0.2944641,-0.039245605,-1.0369892,0.27548707,0.49792063000000003,0.8324889999999999,-0.26431274,-0.050689697000000006,-1.0109079,0.24778998,0.4954645,0.61712646,0.13354492,-0.20175171,-0.93836343,-0.18583643,0.59880847,0.19360352,0.29486084,-0.07858276,-0.6416149,-0.39389133,0.42757599999999996,-0.3788147,0.33102417,0.33389282000000003,-0.21318233,-0.51080376,-0.05549796,-1.0207214,0.62420654,0.3451538,0.3035797,-0.9380069999999999,-0.20064695,-0.9707336400000001,0.5994873,0.37994385,0.20290542,-1.001532,-0.32975924,-0.66748047,0.55358887,0.5159302,-0.14962268,-1.1652592,-0.6621178,检查1变、2变高压侧进出线开关在分闸位置，开闭站201、202断路器在工作位置。
-0.13272095,0.21743774000000002,0.33724976,-0.45894676,-0.9993633,-0.8627191,-0.32403564,0.28564453,0.39791869999999996,-0.34883857,-1.0703897,-0.8468616600000001,-0.7779541,0.29458618000000003,0.61953735,-0.0021238327,-1.0442083,-0.9177441,-1.2839661,0.3657837,0.82492065,0.44251132,-1.0355139,-0.9551914300000001,-1.4374084,0.30307007,0.88778687,0.5816928,-0.90342796,-0.9123146,-1.3165588,0.16326904,0.7298889,0.50132775,-0.5893011,-0.5196438999999999,-0.54608154,0.026153564,0.41903687,-0.15774846,-0.31797939999999997,-0.01836221,-0.2692871,0.039306640000000004,0.36380005,-0.3712511,-0.28529572000000003,0.09822373,0.3320923,-0.03338623,0.12371826,-0.7592704,-0.09888619,0.43310207,0.7229614,-0.19415283,0.034606934,-0.9595465999999999,0.14340925000000002,0.49360043000000003,0.7617798,-0.2010498,0.025665283,-0.9806747,0.1576215,0.49194092,0.86083984,-0.2944641,-0.039245605,-1.0369892,0.27548707,0.49792063000000003,0.8324889999999999,-0.26431274,-0.050689697000000006,-1.0109079,0.24778998,0.4954645,0.61712646,0.13354492,-0.20175171,-0.93836343,-0.18583643,0.59880847,0.19360352,0.29486084,-0.07858276,-0.6416149,-0.39389133,0.42757599999999996,-0.3788147,0.33102417,0.33389282000000003,-0.21318233,-0.51080376,-0.05549796,-1.0207214,0.62420654,0.3451538,0.3035797,-0.9380069999999999,-0.20064695,-0.9707336400000001,0.5994873,0.37994385,0.20290542,-1.001532,-0.32975924,-0.66748047,0.55358887,0.5159302,-0.14962268,-1.1652592,-0.6621178,-0.5727538999999999,0.78170776,0.50097656,-0.2324493,-1.504496,-0.74082565,检查1变、2变高压侧进出线开关在分闸位置，开闭站201、202断路器在工作位置。
-0.32403564,0.28564453,0.39791869999999996,-0.34883857,-1.0703897,-0.8468616600000001,-0.7779541,0.29458618000000003,0.61953735,-0.0021238327,-1.0442083,-0.9177441,-1.2839661,0.3657837,0.82492065,0.44251132,-1.0355139,-0.9551914300000001,-1.4374084,0.30307007,0.88778687,0.5816928,-0.90342796,-0.9123146,-1.3165588,0.16326904,0.7298889,0.50132775,-0.5893011,-0.5196438999999999,-0.54608154,0.026153564,0.41903687,-0.15774846,-0.31797939999999997,-0.01836221,-0.2692871,0.039306640000000004,0.36380005,-0.3712511,-0.28529572000000003,0.09822373,0.3320923,-0.03338623,0.12371826,-0.7592704,-0.09888619,0.43310207,0.7229614,-0.19415283,0.034606934,-0.9595465999999999,0.14340925000000002,0.49360043000000003,0.7617798,-0.2010498,0.025665283,-0.9806747,0.1576215,0.49194092,0.86083984,-0.2944641,-0.039245605,-1.0369892,0.27548707,0.49792063000000003,0.8324889999999999,-0.26431274,-0.050689697000000006,-1.0109079,0.24778998,0.4954645,0.61712646,0.13354492,-0.20175171,-0.93836343,-0.18583643,0.59880847,0.19360352,0.29486084,-0.07858276,-0.6416149,-0.39389133,0.42757599999999996,-0.3788147,0.33102417,0.33389282000000003,-0.21318233,-0.51080376,-0.05549796,-1.0207214,0.62420654,0.3451538,0.3035797,-0.9380069999999999,-0.20064695,-0.9707336400000001,0.5994873,0.37994385,0.20290542,-1.001532,-0.32975924,-0.66748047,0.55358887,0.5159302,-0.14962268,-1.1652592,-0.6621178,-0.5727538999999999,0.78170776,0.50097656,-0.2324493,-1.504496,-0.74082565,0.015411377,0.3357544,-0.20922852,-0.6945348,-1.3406173,-0.26186854,检查1变、2变高压侧进出线开关在分闸位置，开闭站201、202断路器在工作位置。
-0.7779541,0.29458618000000003,0.61953735,-0.0021238327,-1.0442083,-0.9177441,-1.2839661,0.3657837,0.82492065,0.44251132,-1.0355139,-0.9551914300000001,-1.4374084,0.30307007,0.88778687,0.5816928,-0.90342796,-0.9123146,-1.3165588,0.16326904,0.7298889,0.50132775,-0.5893011,-0.5196438999999999,-0.54608154,0.026153564,0.41903687,-0.15774846,-0.31797939999999997,-0.01836221,-0.2692871,0.039306640000000004,0.36380005,-0.3712511,-0.28529572000000003,0.09822373,0.3320923,-0.03338623,0.12371826,-0.7592704,-0.09888619,0.43310207,0.7229614,-0.19415283,0.034606934,-0.9595465999999999,0.14340925000000002,0.49360043000000003,0.7617798,-0.2010498,0.025665283,-0.9806747,0.1576215,0.49194092,0.86083984,-0.2944641,-0.039245605,-1.0369892,0.27548707,0.49792063000000003,0.8324889999999999,-0.26431274,-0.050689697000000006,-1.0109079,0.24778998,0.4954645,0.61712646,0.13354492,-0.20175171,-0.93836343,-0.18583643,0.59880847,0.19360352,0.29486084,-0.07858276,-0.6416149,-0.39389133,0.42757599999999996,-0.3788147,0.33102417,0.33389282000000003,-0.21318233,-0.51080376,-0.05549796,-1.0207214,0.62420654,0.3451538,0.3035797,-0.9380069999999999,-0.20064695,-0.9707336400000001,0.5994873,0.37994385,0.20290542,-1.001532,-0.32975924,-0.66748047,0.55358887,0.5159302,-0.14962268,-1.1652592,-0.6621178,-0.5727538999999999,0.78170776,0.50097656,-0.2324493,-1.504496,-0.74082565,0.015411377,0.3357544,-0.20922852,-0.6945348,-1.3406173,-0.26186854,-0.056243896,0.39743042,-0.019195557000000002,-0.5977025,-1.4323637,-0.47199947000000003,检查1变、2变高压侧进出线开关在分闸位置，开闭站201、202断路器在工作位置。
-1.2839661,0.3657837,0.82492065,0.44251132,-1.0355139,-0.9551914300000001,-1.4374084,0.30307007,0.88778687,0.5816928,-0.90342796,-0.9123146,-1.3165588,0.16326904,0.7298889,0.50132775,-0.5893011,-0.5196438999999999,-0.54608154,0.026153564,0.41903687,-0.15774846,-0.31797939999999997,-0.01836221,-0.2692871,0.039306640000000004,0.36380005,-0.3712511,-0.28529572000000003,0.09822373,0.3320923,-0.03338623,0.12371826,-0.7592704,-0.09888619,0.43310207,0.7229614,-0.19415283,0.034606934,-0.9595465999999999,0.14340925000000002,0.49360043000000003,0.7617798,-0.2010498,0.025665283,-0.9806747,0.1576215,0.49194092,0.86083984,-0.2944641,-0.039245605,-1.0369892,0.27548707,0.49792063000000003,0.8324889999999999,-0.26431274,-0.050689697000000006,-1.0109079,0.24778998,0.4954645,0.61712646,0.13354492,-0.20175171,-0.93836343,-0.18583643,0.59880847,0.19360352,0.29486084,-0.07858276,-0.6416149,-0.39389133,0.42757599999999996,-0.3788147,0.33102417,0.33389282000000003,-0.21318233,-0.51080376,-0.05549796,-1.0207214,0.62420654,0.3451538,0.3035797,-0.9380069999999999,-0.20064695,-0.9707336400000001,0.5994873,0.37994385,0.20290542,-1.001532,-0.32975924,-0.66748047,0.55358887,0.5159302,-0.14962268,-1.1652592,-0.6621178,-0.5727538999999999,0.78170776,0.50097656,-0.2324493,-1.504496,-0.74082565,0.015411377,0.3357544,-0.20922852,-0.6945348,-1.3406173,-0.26186854,-0.056243896,0.39743042,-0.019195557000000002,-0.5977025,-1.4323637,-0.47199947000000003,0.23605347000000002,0.9885864,0.49386597,-0.8930756999999999,-2.1464505,-0.9636606600000001,检查1变、2变高压侧进出线开关在分闸位置，开闭站201、202断路器在工作位置。
-1.4374084,0.30307007,0.88778687,0.5816928,-0.90342796,-0.9123146,-1.3165588,0.16326904,0.7298889,0.50132775,-0.5893011,-0.5196438999999999,-0.54608154,0.026153564,0.41903687,-0.15774846,-0.31797939999999997,-0.01836221,-0.2692871,0.039306640000000004,0.36380005,-0.3712511,-0.28529572000000003,0.09822373,0.3320923,-0.03338623,0.12371826,-0.7592704,-0.09888619,0.43310207,0.7229614,-0.19415283,0.034606934,-0.9595465999999999,0.14340925000000002,0.49360043000000003,0.7617798,-0.2010498,0.025665283,-0.9806747,0.1576215,0.49194092,0.86083984,-0.2944641,-0.039245605,-1.0369892,0.27548707,0.49792063000000003,0.8324889999999999,-0.26431274,-0.050689697000000006,-1.0109079,0.24778998,0.4954645,0.61712646,0.13354492,-0.20175171,-0.93836343,-0.18583643,0.59880847,0.19360352,0.29486084,-0.07858276,-0.6416149,-0.39389133,0.42757599999999996,-0.3788147,0.33102417,0.33389282000000003,-0.21318233,-0.51080376,-0.05549796,-1.0207214,0.62420654,0.3451538,0.3035797,-0.9380069999999999,-0.20064695,-0.9707336400000001,0.5994873,0.37994385,0.20290542,-1.001532,-0.32975924,-0.66748047,0.55358887,0.5159302,-0.14962268,-1.1652592,-0.6621178,-0.5727538999999999,0.78170776,0.50097656,-0.2324493,-1.504496,-0.74082565,0.015411377,0.3357544,-0.20922852,-0.6945348,-1.3406173,-0.26186854,-0.056243896,0.39743042,-0.019195557000000002,-0.5977025,-1.4323637,-0.47199947000000003,0.23605347000000002,0.9885864,0.49386597,-0.8930756999999999,-2.1464505,-0.9636606600000001,0.3015747,0.9673767,0.47769165,-0.96160495,-2.1554503,-0.9380164999999999,检查1变、2变高压侧进出线开关在分闸位置，开闭站201、202断路器在工作位置。
-1.3165588,0.16326904,0.7298889,0.50132775,-0.5893011,-0.5196438999999999,-0.54608154,0.026153564,0.41903687,-0.15774846,-0.31797939999999997,-0.01836221,-0.2692871,0.039306640000000004,0.36380005,-0.3712511,-0.28529572000000003,0.09822373,0.3320923,-0.03338623,0.12371826,-0.7592704,-0.09888619,0.43310207,0.7229614,-0.19415283,0.034606934,-0.9595465999999999,0.14340925000000002,0.49360043000000003,0.7617798,-0.2010498,0.025665283,-0.9806747,0.1576215,0.49194092,0.86083984,-0.2944641,-0.039245605,-1.0369892,0.27548707,0.49792063000000003,0.8324889999999999,-0.26431274,-0.050689697000000006,-1.0109079,0.24778998,0.4954645,0.61712646,0.13354492,-0.20175171,-0.93836343,-0.18583643,0.59880847,0.19360352,0.29486084,-0.07858276,-0.6416149,-0.39389133,0.42757599999999996,-0.3788147,0.33102417,0.33389282000000003,-0.21318233,-0.51080376,-0.05549796,-1.0207214,0.62420654,0.3451538,0.3035797,-0.9380069999999999,-0.20064695,-0.9707336400000001,0.5994873,0.37994385,0.20290542,-1.001532,-0.32975924,-0.66748047,0.55358887,0.5159302,-0.14962268,-1.1652592,-0.6621178,-0.5727538999999999,0.78170776,0.50097656,-0.2324493,-1.504496,-0.74082565,0.015411377,0.3357544,-0.20922852,-0.6945348,-1.3406173,-0.26186854,-0.056243896,0.39743042,-0.019195557000000002,-0.5977025,-1.4323637,-0.47199947000000003,0.23605347000000002,0.9885864,0.49386597,-0.8930756999999999,-2.1464505,-0.9636606600000001,0.3015747,0.9673767,0.47769165,-0.96160495,-2.1554503,-0.9380164999999999,0.45034789999999997,1.0972595,0.2507019,-1.1261218,-2.4809556,-0.6069239,检查1变、2变高压侧进出线开关在分闸位置，开闭站201、202断路器在工作位置。
-0.54608154,0.026153564,0.41903687,-0.15774846,-0.31797939999999997,-0.01836221,-0.2692871,0.039306640000000004,0.36380005,-0.3712511,-0.28529572000000003,0.09822373,0.3320923,-0.03338623,0.12371826,-0.7592704,-0.09888619,0.43310207,0.7229614,-0.19415283,0.034606934,-0.9595465999999999,0.14340925000000002,0.49360043000000003,0.7617798,-0.2010498,0.025665283,-0.9806747,0.1576215,0.49194092,0.86083984,-0.2944641,-0.039245605,-1.0369892,0.27548707,0.49792063000000003,0.8324889999999999,-0.26431274,-0.050689697000000006,-1.0109079,0.24778998,0.4954645,0.61712646,0.13354492,-0.20175171,-0.93836343,-0.18583643,0.59880847,0.19360352,0.29486084,-0.07858276,-0.6416149,-0.39389133,0.42757599999999996,-0.3788147,0.33102417,0.33389282000000003,-0.21318233,-0.51080376,-0.05549796,-1.0207214,0.62420654,0.3451538,0.3035797,-0.9380069999999999,-0.20064695,-0.9707336400000001,0.5994873,0.37994385,0.20290542,-1.001532,-0.32975924,-0.66748047,0.55358887,0.5159302,-0.14962268,-1.1652592,-0.6621178,-0.5727538999999999,0.78170776,0.50097656,-0.2324493,-1.504496,-0.74082565,0.015411377,0.3357544,-0.20922852,-0.6945348,-1.3406173,-0.26186854,-0.056243896,0.39743042,-0.019195557000000002,-0.5977025,-1.4323637,-0.47199947000000003,0.23605347000000002,0.9885864,0.49386597,-0.8930756999999999,-2.1464505,-0.9636606600000001,0.3015747,0.9673767,0.47769165,-0.96160495,-2.1554503,-0.9380164999999999,0.45034789999999997,1.0972595,0.2507019,-1.1261218,-2.4809556,-0.6069239,0.45034789999999997,1.0972595,0.2507019,-1.1261218,-2.4809556,-0.6069239,检查1变、2变高压侧进出线开关在分闸位置，开闭站201、202断路器在工作位置。
-0.2692871,0.039306640000000004,0.36380005,-0.3712511,-0.28529572000000003,0.09822373,0.3320923,-0.03338623,0.12371826,-0.7592704,-0.09888619,0.43310207,0.7229614,-0.19415283,0.034606934,-0.9595465999999999,0.14340925000000002,0.49360043000000003,0.7617798,-0.2010498,0.025665283,-0.9806747,0.1576215,0.49194092,0.86083984,-0.2944641,-0.039245605,-1.0369892,0.27548707,0.49792063000000003,0.8324889999999999,-0.26431274,-0.050689697000000006,-1.0109079,0.24778998,0.4954645,0.61712646,0.13354492,-0.20175171,-0.93836343,-0.18583643,0.59880847,0.19360352,0.29486084,-0.07858276,-0.6416149,-0.39389133,0.42757599999999996,-0.3788147,0.33102417,0.33389282000000003,-0.21318233,-0.51080376,-0.05549796,-1.0207214,0.62420654,0.3451538,0.3035797,-0.9380069999999999,-0.20064695,-0.9707336400000001,0.5994873,0.37994385,0.20290542,-1.001532,-0.32975924,-0.66748047,0.55358887,0.5159302,-0.14962268,-1.1652592,-0.6621178,-0.5727538999999999,0.78170776,0.50097656,-0.2324493,-1.504496,-0.74082565,0.015411377,0.3357544,-0.20922852,-0.6945348,-1.3406173,-0.26186854,-0.056243896,0.39743042,-0.019195557000000002,-0.5977025,-1.4323637,-0.47199947000000003,0.23605347000000002,0.9885864,0.49386597,-0.8930756999999999,-2.1464505,-0.9636606600000001,0.3015747,0.9673767,0.47769165,-0.96160495,-2.1554503,-0.9380164999999999,0.45034789999999997,1.0972595,0.2507019,-1.1261218,-2.4809556,-0.6069239,0.45034789999999997,1.0972595,0.2507019,-1.1261218,-2.4809556,-0.6069239,0.22079468,0.5014038,0.3458252,-0.9525490999999999,-1.9966868999999998,-0.50808066,检查1变、2变高压侧进出线开关在分闸位置，开闭站201、202断路器在工作位置。
0.3320923,-0.03338623,0.12371826,-0.7592704,-0.09888619,0.43310207,0.7229614,-0.19415283,0.034606934,-0.9595465999999999,0.14340925000000002,0.49360043000000003,0.7617798,-0.2010498,0.025665283,-0.9806747,0.1576215,0.49194092,0.86083984,-0.2944641,-0.039245605,-1.0369892,0.27548707,0.49792063000000003,0.8324889999999999,-0.26431274,-0.050689697000000006,-1.0109079,0.24778998,0.4954645,0.61712646,0.13354492,-0.20175171,-0.93836343,-0.18583643,0.59880847,0.19360352,0.29486084,-0.07858276,-0.6416149,-0.39389133,0.42757599999999996,-0.3788147,0.33102417,0.33389282000000003,-0.21318233,-0.51080376,-0.05549796,-1.0207214,0.62420654,0.3451538,0.3035797,-0.9380069999999999,-0.20064695,-0.9707336400000001,0.5994873,0.37994385,0.20290542,-1.001532,-0.32975924,-0.66748047,0.55358887,0.5159302,-0.14962268,-1.1652592,-0.6621178,-0.5727538999999999,0.78170776,0.50097656,-0.2324493,-1.504496,-0.74082565,0.015411377,0.3357544,-0.20922852,-0.6945348,-1.3406173,-0.26186854,-0.056243896,0.39743042,-0.019195557000000002,-0.5977025,-1.4323637,-0.47199947000000003,0.23605347000000002,0.9885864,0.49386597,-0.8930756999999999,-2.1464505,-0.9636606600000001,0.3015747,0.9673767,0.47769165,-0.96160495,-2.1554503,-0.9380164999999999,0.45034789999999997,1.0972595,0.2507019,-1.1261218,-2.4809556,-0.6069239,0.45034789999999997,1.0972595,0.2507019,-1.1261218,-2.4809556,-0.6069239,0.22079468,0.5014038,0.3458252,-0.9525490999999999,-1.9966868999999998,-0.50808066,0.22079468,0.5014038,0.3458252,-0.9525490999999999,-1.9966868999999998,-0.50808066,检查1变、2变高压侧进出线开关在分闸位置，开闭站201、202断路器在工作位置。
0.7229614,-0.19415283,0.034606934,-0.9595465999999999,0.14340925000000002,0.49360043000000003,0.7617798,-0.2010498,0.025665283,-0.9806747,0.1576215,0.49194092,0.86083984,-0.2944641,-0.039245605,-1.0369892,0.27548707,0.49792063000000003,0.8324889999999999,-0.26431274,-0.050689697000000006,-1.0109079,0.24778998,0.4954645,0.61712646,0.13354492,-0.20175171,-0.93836343,-0.18583643,0.59880847,0.19360352,0.29486084,-0.07858276,-0.6416149,-0.39389133,0.42757599999999996,-0.3788147,0.33102417,0.33389282000000003,-0.21318233,-0.51080376,-0.05549796,-1.0207214,0.62420654,0.3451538,0.3035797,-0.9380069999999999,-0.20064695,-0.9707336400000001,0.5994873,0.37994385,0.20290542,-1.001532,-0.32975924,-0.66748047,0.55358887,0.5159302,-0.14962268,-1.1652592,-0.6621178,-0.5727538999999999,0.78170776,0.50097656,-0.2324493,-1.504496,-0.74082565,0.015411377,0.3357544,-0.20922852,-0.6945348,-1.3406173,-0.26186854,-0.056243896,0.39743042,-0.019195557000000002,-0.5977025,-1.4323637,-0.47199947000000003,0.23605347000000002,0.9885864,0.49386597,-0.8930756999999999,-2.1464505,-0.9636606600000001,0.3015747,0.9673767,0.47769165,-0.96160495,-2.1554503,-0.9380164999999999,0.45034789999999997,1.0972595,0.2507019,-1.1261218,-2.4809556,-0.6069239,0.45034789999999997,1.0972595,0.2507019,-1.1261218,-2.4809556,-0.6069239,0.22079468,0.5014038,0.3458252,-0.9525490999999999,-1.9966868999999998,-0.50808066,0.22079468,0.5014038,0.3458252,-0.9525490999999999,-1.9966868999999998,-0.50808066,0.13717651,0.29248047,0.45205688,-0.9098227,-1.7644577,-0.55482376,检查1变、2变高压侧进出线开关在分闸位置，开闭站201、202断路器在工作位置。
0.7617798,-0.2010498,0.025665283,-0.9806747,0.1576215,0.49194092,0.86083984,-0.2944641,-0.039245605,-1.0369892,0.27548707,0.49792063000000003,0.8324889999999999,-0.26431274,-0.050689697000000006,-1.0109079,0.24778998,0.4954645,0.61712646,0.13354492,-0.20175171,-0.93836343,-0.18583643,0.59880847,0.19360352,0.29486084,-0.07858276,-0.6416149,-0.39389133,0.42757599999999996,-0.3788147,0.33102417,0.33389282000000003,-0.21318233,-0.51080376,-0.05549796,-1.0207214,0.62420654,0.3451538,0.3035797,-0.9380069999999999,-0.20064695,-0.9707336400000001,0.5994873,0.37994385,0.20290542,-1.001532,-0.32975924,-0.66748047,0.55358887,0.5159302,-0.14962268,-1.1652592,-0.6621178,-0.5727538999999999,0.78170776,0.50097656,-0.2324493,-1.504496,-0.74082565,0.015411377,0.3357544,-0.20922852,-0.6945348,-1.3406173,-0.26186854,-0.056243896,0.39743042,-0.019195557000000002,-0.5977025,-1.4323637,-0.47199947000000003,0.23605347000000002,0.9885864,0.49386597,-0.8930756999999999,-2.1464505,-0.9636606600000001,0.3015747,0.9673767,0.47769165,-0.96160495,-2.1554503,-0.9380164999999999,0.45034789999999997,1.0972595,0.2507019,-1.1261218,-2.4809556,-0.6069239,0.45034789999999997,1.0972595,0.2507019,-1.1261218,-2.4809556,-0.6069239,0.22079468,0.5014038,0.3458252,-0.9525490999999999,-1.9966868999999998,-0.50808066,0.22079468,0.5014038,0.3458252,-0.9525490999999999,-1.9966868999999998,-0.50808066,0.13717651,0.29248047,0.45205688,-0.9098227,-1.7644577,-0.55482376,-0.39138794,0.46206665,0.7424010999999999,-0.35802746,-1.8826361,-0.92380804,检查1变、2变高压侧进出线开关在分闸位置，开闭站201、202断路器在工作位置。
0.86083984,-0.2944641,-0.039245605,-1.0369892,0.27548707,0.49792063000000003,0.8324889999999999,-0.26431274,-0.050689697000000006,-1.0109079,0.24778998,0.4954645,0.61712646,0.13354492,-0.20175171,-0.93836343,-0.18583643,0.59880847,0.19360352,0.29486084,-0.07858276,-0.6416149,-0.39389133,0.42757599999999996,-0.3788147,0.33102417,0.33389282000000003,-0.21318233,-0.51080376,-0.05549796,-1.0207214,0.62420654,0.3451538,0.3035797,-0.9380069999999999,-0.20064695,-0.9707336400000001,0.5994873,0.37994385,0.20290542,-1.001532,-0.32975924,-0.66748047,0.55358887,0.5159302,-0.14962268,-1.1652592,-0.6621178,-0.5727538999999999,0.78170776,0.50097656,-0.2324493,-1.504496,-0.74082565,0.015411377,0.3357544,-0.20922852,-0.6945348,-1.3406173,-0.26186854,-0.056243896,0.39743042,-0.019195557000000002,-0.5977025,-1.4323637,-0.47199947000000003,0.23605347000000002,0.9885864,0.49386597,-0.8930756999999999,-2.1464505,-0.9636606600000001,0.3015747,0.9673767,0.47769165,-0.96160495,-2.1554503,-0.9380164999999999,0.45034789999999997,1.0972595,0.2507019,-1.1261218,-2.4809556,-0.6069239,0.45034789999999997,1.0972595,0.2507019,-1.1261218,-2.4809556,-0.6069239,0.22079468,0.5014038,0.3458252,-0.9525490999999999,-1.9966868999999998,-0.50808066,0.22079468,0.5014038,0.3458252,-0.9525490999999999,-1.9966868999999998,-0.50808066,0.13717651,0.29248047,0.45205688,-0.9098227,-1.7644577,-0.55482376,-0.39138794,0.46206665,0.7424010999999999,-0.35802746,-1.8826361,-0.92380804,-0.8302307,0.5538635,1.063446,0.10529256000000001,-1.9507458999999998,-1.2860539,检查1变、2变高压侧进出线开关在分闸位置，开闭站201、202断路器在工作位置。
0.8324889999999999,-0.26431274,-0.050689697000000006,-1.0109079,0.24778998,0.4954645,0.61712646,0.13354492,-0.20175171,-0.93836343,-0.18583643,0.59880847,0.19360352,0.29486084,-0.07858276,-0.6416149,-0.39389133,0.42757599999999996,-0.3788147,0.33102417,0.33389282000000003,-0.21318233,-0.51080376,-0.05549796,-1.0207214,0.62420654,0.3451538,0.3035797,-0.9380069999999999,-0.20064695,-0.9707336400000001,0.5994873,0.37994385,0.20290542,-1.001532,-0.32975924,-0.66748047,0.55358887,0.5159302,-0.14962268,-1.1652592,-0.6621178,-0.5727538999999999,0.78170776,0.50097656,-0.2324493,-1.504496,-0.74082565,0.015411377,0.3357544,-0.20922852,-0.6945348,-1.3406173,-0.26186854,-0.056243896,0.39743042,-0.019195557000000002,-0.5977025,-1.4323637,-0.47199947000000003,0.23605347000000002,0.9885864,0.49386597,-0.8930756999999999,-2.1464505,-0.9636606600000001,0.3015747,0.9673767,0.47769165,-0.96160495,-2.1554503,-0.9380164999999999,0.45034789999999997,1.0972595,0.2507019,-1.1261218,-2.4809556,-0.6069239,0.45034789999999997,1.0972595,0.2507019,-1.1261218,-2.4809556,-0.6069239,0.22079468,0.5014038,0.3458252,-0.9525490999999999,-1.9966868999999998,-0.50808066,0.22079468,0.5014038,0.3458252,-0.9525490999999999,-1.9966868999999998,-0.50808066,0.13717651,0.29248047,0.45205688,-0.9098227,-1.7644577,-0.55482376,-0.39138794,0.46206665,0.7424010999999999,-0.35802746,-1.8826361,-0.92380804,-0.8302307,0.5538635,1.063446,0.10529256000000001,-1.9507458999999998,-1.2860539,-0.07366943000000001,-0.5916748,1.151947,-0.5748974,-0.69968575,-1.5753825,检查1变、2变高压侧进出线开关在分闸位置，开闭站201、202断路器在工作位置。
0.61712646,0.13354492,-0.20175171,-0.93836343,-0.18583643,0.59880847,0.19360352,0.29486084,-0.07858276,-0.6416149,-0.39389133,0.42757599999999996,-0.3788147,0.33102417,0.33389282000000003,-0.21318233,-0.51080376,-0.05549796,-1.0207214,0.62420654,0.3451538,0.3035797,-0.9380069999999999,-0.20064695,-0.9707336400000001,0.5994873,0.37994385,0.20290542,-1.001532,-0.32975924,-0.66748047,0.55358887,0.5159302,-0.14962268,-1.1652592,-0.6621178,-0.5727538999999999,0.78170776,0.50097656,-0.2324493,-1.504496,-0.74082565,0.015411377,0.3357544,-0.20922852,-0.6945348,-1.3406173,-0.26186854,-0.056243896,0.39743042,-0.019195557000000002,-0.5977025,-1.4323637,-0.47199947000000003,0.23605347000000002,0.9885864,0.49386597,-0.8930756999999999,-2.1464505,-0.9636606600000001,0.3015747,0.9673767,0.47769165,-0.96160495,-2.1554503,-0.9380164999999999,0.45034789999999997,1.0972595,0.2507019,-1.1261218,-2.4809556,-0.6069239,0.45034789999999997,1.0972595,0.2507019,-1.1261218,-2.4809556,-0.6069239,0.22079468,0.5014038,0.3458252,-0.9525490999999999,-1.9966868999999998,-0.50808066,0.22079468,0.5014038,0.3458252,-0.9525490999999999,-1.9966868999999998,-0.50808066,0.13717651,0.29248047,0.45205688,-0.9098227,-1.7644577,-0.55482376,-0.39138794,0.46206665,0.7424010999999999,-0.35802746,-1.8826361,-0.92380804,-0.8302307,0.5538635,1.063446,0.10529256000000001,-1.9507458999999998,-1.2860539,-0.07366943000000001,-0.5916748,1.151947,-0.5748974,-0.69968575,-1.5753825,0.027282715000000003,-0.5303955,1.0906372,-0.61434674,-0.6377362999999999,-1.6212647,检查1变、2变高压侧进出线开关在分闸位置，开闭站201、202断路器在工作位置。
0.19360352,0.29486084,-0.07858276,-0.6416149,-0.39389133,0.42757599999999996,-0.3788147,0.33102417,0.33389282000000003,-0.21318233,-0.51080376,-0.05549796,-1.0207214,0.62420654,0.3451538,0.3035797,-0.9380069999999999,-0.20064695,-0.9707336400000001,0.5994873,0.37994385,0.20290542,-1.001532,-0.32975924,-0.66748047,0.55358887,0.5159302,-0.14962268,-1.1652592,-0.6621178,-0.5727538999999999,0.78170776,0.50097656,-0.2324493,-1.504496,-0.74082565,0.015411377,0.3357544,-0.20922852,-0.6945348,-1.3406173,-0.26186854,-0.056243896,0.39743042,-0.019195557000000002,-0.5977025,-1.4323637,-0.47199947000000003,0.23605347000000002,0.9885864,0.49386597,-0.8930756999999999,-2.1464505,-0.9636606600000001,0.3015747,0.9673767,0.47769165,-0.96160495,-2.1554503,-0.9380164999999999,0.45034789999999997,1.0972595,0.2507019,-1.1261218,-2.4809556,-0.6069239,0.45034789999999997,1.0972595,0.2507019,-1.1261218,-2.4809556,-0.6069239,0.22079468,0.5014038,0.3458252,-0.9525490999999999,-1.9966868999999998,-0.50808066,0.22079468,0.5014038,0.3458252,-0.9525490999999999,-1.9966868999999998,-0.50808066,0.13717651,0.29248047,0.45205688,-0.9098227,-1.7644577,-0.55482376,-0.39138794,0.46206665,0.7424010999999999,-0.35802746,-1.8826361,-0.92380804,-0.8302307,0.5538635,1.063446,0.10529256000000001,-1.9507458999999998,-1.2860539,-0.07366943000000001,-0.5916748,1.151947,-0.5748974,-0.69968575,-1.5753825,0.027282715000000003,-0.5303955,1.0906372,-0.61434674,-0.6377362999999999,-1.6212647,0.29602049999999996,-0.49050903,0.9593505999999999,-0.8423250999999999,-0.5732155999999999,-1.547912,检查1变、2变高压侧进出线开关在分闸位置，开闭站201、202断路器在工作位置。
-0.3788147,0.33102417,0.33389282000000003,-0.21318233,-0.51080376,-0.05549796,-1.0207214,0.62420654,0.3451538,0.3035797,-0.9380069999999999,-0.20064695,-0.9707336400000001,0.5994873,0.37994385,0.20290542,-1.001532,-0.32975924,-0.66748047,0.55358887,0.5159302,-0.14962268,-1.1652592,-0.6621178,-0.5727538999999999,0.78170776,0.50097656,-0.2324493,-1.504496,-0.74082565,0.015411377,0.3357544,-0.20922852,-0.6945348,-1.3406173,-0.26186854,-0.056243896,0.39743042,-0.019195557000000002,-0.5977025,-1.4323637,-0.47199947000000003,0.23605347000000002,0.9885864,0.49386597,-0.8930756999999999,-2.1464505,-0.9636606600000001,0.3015747,0.9673767,0.47769165,-0.96160495,-2.1554503,-0.9380164999999999,0.45034789999999997,1.0972595,0.2507019,-1.1261218,-2.4809556,-0.6069239,0.45034789999999997,1.0972595,0.2507019,-1.1261218,-2.4809556,-0.6069239,0.22079468,0.5014038,0.3458252,-0.9525490999999999,-1.9966868999999998,-0.50808066,0.22079468,0.5014038,0.3458252,-0.9525490999999999,-1.9966868999999998,-0.50808066,0.13717651,0.29248047,0.45205688,-0.9098227,-1.7644577,-0.55482376,-0.39138794,0.46206665,0.7424010999999999,-0.35802746,-1.8826361,-0.92380804,-0.8302307,0.5538635,1.063446,0.10529256000000001,-1.9507458999999998,-1.2860539,-0.07366943000000001,-0.5916748,1.151947,-0.5748974,-0.69968575,-1.5753825,0.027282715000000003,-0.5303955,1.0906372,-0.61434674,-0.6377362999999999,-1.6212647,0.29602049999999996,-0.49050903,0.9593505999999999,-0.8423250999999999,-0.5732155999999999,-1.547912,0.48956299999999997,-0.43200684,1.0483398,-0.9897480999999999,-0.57259923,-1.6758853,检查1变、2变高压侧进出线开关在分闸位置，开闭站201、202断路器在工作位置。
-1.0207214,0.62420654,0.3451538,0.3035797,-0.9380069999999999,-0.20064695,-0.9707336400000001,0.5994873,0.37994385,0.20290542,-1.001532,-0.32975924,-0.66748047,0.55358887,0.5159302,-0.14962268,-1.1652592,-0.6621178,-0.5727538999999999,0.78170776,0.50097656,-0.2324493,-1.504496,-0.74082565,0.015411377,0.3357544,-0.20922852,-0.6945348,-1.3406173,-0.26186854,-0.056243896,0.39743042,-0.019195557000000002,-0.5977025,-1.4323637,-0.47199947000000003,0.23605347000000002,0.9885864,0.49386597,-0.8930756999999999,-2.1464505,-0.9636606600000001,0.3015747,0.9673767,0.47769165,-0.96160495,-2.1554503,-0.9380164999999999,0.45034789999999997,1.0972595,0.2507019,-1.1261218,-2.4809556,-0.6069239,0.45034789999999997,1.0972595,0.2507019,-1.1261218,-2.4809556,-0.6069239,0.22079468,0.5014038,0.3458252,-0.9525490999999999,-1.9966868999999998,-0.50808066,0.22079468,0.5014038,0.3458252,-0.9525490999999999,-1.9966868999999998,-0.50808066,0.13717651,0.29248047,0.45205688,-0.9098227,-1.7644577,-0.55482376,-0.39138794,0.46206665,0.7424010999999999,-0.35802746,-1.8826361,-0.92380804,-0.8302307,0.5538635,1.063446,0.10529256000000001,-1.9507458999999998,-1.2860539,-0.07366943000000001,-0.5916748,1.151947,-0.5748974,-0.69968575,-1.5753825,0.027282715000000003,-0.5303955,1.0906372,-0.61434674,-0.6377362999999999,-1.6212647,0.29602049999999996,-0.49050903,0.9593505999999999,-0.8423250999999999,-0.5732155999999999,-1.547912,0.48956299999999997,-0.43200684,1.0483398,-0.9897480999999999,-0.57259923,-1.6758853,0.49853516000000003,-0.39059448,1.0253601,-0.98924625,-0.60845286,-1.6586726,检查1变、2变高压侧进出线开关在分闸位置，开闭站201、202断路器在工作位置。
-0.9707336400000001,0.5994873,0.37994385,0.20290542,-1.001532,-0.32975924,-0.66748047,0.55358887,0.5159302,-0.14962268,-1.1652592,-0.6621178,-0.5727538999999999,0.78170776,0.50097656,-0.2324493,-1.504496,-0.74082565,0.015411377,0.3357544,-0.20922852,-0.6945348,-1.3406173,-0.26186854,-0.056243896,0.39743042,-0.019195557000000002,-0.5977025,-1.4323637,-0.47199947000000003,0.23605347000000002,0.9885864,0.49386597,-0.8930756999999999,-2.1464505,-0.9636606600000001,0.3015747,0.9673767,0.47769165,-0.96160495,-2.1554503,-0.9380164999999999,0.45034789999999997,1.0972595,0.2507019,-1.1261218,-2.4809556,-0.6069239,0.45034789999999997,1.0972595,0.2507019,-1.1261218,-2.4809556,-0.6069239,0.22079468,0.5014038,0.3458252,-0.9525490999999999,-1.9966868999999998,-0.50808066,0.22079468,0.5014038,0.3458252,-0.9525490999999999,-1.9966868999999998,-0.50808066,0.13717651,0.29248047,0.45205688,-0.9098227,-1.7644577,-0.55482376,-0.39138794,0.46206665,0.7424010999999999,-0.35802746,-1.8826361,-0.92380804,-0.8302307,0.5538635,1.063446,0.10529256000000001,-1.9507458999999998,-1.2860539,-0.07366943000000001,-0.5916748,1.151947,-0.5748974,-0.69968575,-1.5753825,0.027282715000000003,-0.5303955,1.0906372,-0.61434674,-0.6377362999999999,-1.6212647,0.29602049999999996,-0.49050903,0.9593505999999999,-0.8423250999999999,-0.5732155999999999,-1.547912,0.48956299999999997,-0.43200684,1.0483398,-0.9897480999999999,-0.57259923,-1.6758853,0.49853516000000003,-0.39059448,1.0253601,-0.98924625,-0.60845286,-1.6586726,0.5272217,-0.32250977000000003,1.1556396,-0.9699863999999999,-0.6726215,-1.8159702,检查1变、2变高压侧进出线开关在分闸位置，开闭站201、202断路器在工作位置。
-0.66748047,0.55358887,0.5159302,-0.14962268,-1.1652592,-0.6621178,-0.5727538999999999,0.78170776,0.50097656,-0.2324493,-1.504496,-0.74082565,0.015411377,0.3357544,-0.20922852,-0.6945348,-1.3406173,-0.26186854,-0.056243896,0.39743042,-0.019195557000000002,-0.5977025,-1.4323637,-0.47199947000000003,0.23605347000000002,0.9885864,0.49386597,-0.8930756999999999,-2.1464505,-0.9636606600000001,0.3015747,0.9673767,0.47769165,-0.96160495,-2.1554503,-0.9380164999999999,0.45034789999999997,1.0972595,0.2507019,-1.1261218,-2.4809556,-0.6069239,0.45034789999999997,1.0972595,0.2507019,-1.1261218,-2.4809556,-0.6069239,0.22079468,0.5014038,0.3458252,-0.9525490999999999,-1.9966868999999998,-0.50808066,0.22079468,0.5014038,0.3458252,-0.9525490999999999,-1.9966868999999998,-0.50808066,0.13717651,0.29248047,0.45205688,-0.9098227,-1.7644577,-0.55482376,-0.39138794,0.46206665,0.7424010999999999,-0.35802746,-1.8826361,-0.92380804,-0.8302307,0.5538635,1.063446,0.10529256000000001,-1.9507458999999998,-1.2860539,-0.07366943000000001,-0.5916748,1.151947,-0.5748974,-0.69968575,-1.5753825,0.027282715000000003,-0.5303955,1.0906372,-0.61434674,-0.6377362999999999,-1.6212647,0.29602049999999996,-0.49050903,0.9593505999999999,-0.8423250999999999,-0.5732155999999999,-1.547912,0.48956299999999997,-0.43200684,1.0483398,-0.9897480999999999,-0.57259923,-1.6758853,0.49853516000000003,-0.39059448,1.0253601,-0.98924625,-0.60845286,-1.6586726,0.5272217,-0.32250977000000003,1.1556396,-0.9699863999999999,-0.6726215,-1.8159702,0.5629883,-0.30175779999999996,1.2530212,-0.9977379999999999,-0.6953802,-1.9181735999999998,检查1变、2变高压侧进出线开关在分闸位置，开闭站201、202断路器在工作位置。
-0.5727538999999999,0.78170776,0.50097656,-0.2324493,-1.504496,-0.74082565,0.015411377,0.3357544,-0.20922852,-0.6945348,-1.3406173,-0.26186854,-0.056243896,0.39743042,-0.019195557000000002,-0.5977025,-1.4323637,-0.47199947000000003,0.23605347000000002,0.9885864,0.49386597,-0.8930756999999999,-2.1464505,-0.9636606600000001,0.3015747,0.9673767,0.47769165,-0.96160495,-2.1554503,-0.9380164999999999,0.45034789999999997,1.0972595,0.2507019,-1.1261218,-2.4809556,-0.6069239,0.45034789999999997,1.0972595,0.2507019,-1.1261218,-2.4809556,-0.6069239,0.22079468,0.5014038,0.3458252,-0.9525490999999999,-1.9966868999999998,-0.50808066,0.22079468,0.5014038,0.3458252,-0.9525490999999999,-1.9966868999999998,-0.50808066,0.13717651,0.29248047,0.45205688,-0.9098227,-1.7644577,-0.55482376,-0.39138794,0.46206665,0.7424010999999999,-0.35802746,-1.8826361,-0.92380804,-0.8302307,0.5538635,1.063446,0.10529256000000001,-1.9507458999999998,-1.2860539,-0.07366943000000001,-0.5916748,1.151947,-0.5748974,-0.69968575,-1.5753825,0.027282715000000003,-0.5303955,1.0906372,-0.61434674,-0.6377362999999999,-1.6212647,0.29602049999999996,-0.49050903,0.9593505999999999,-0.8423250999999999,-0.5732155999999999,-1.547912,0.48956299999999997,-0.43200684,1.0483398,-0.9897480999999999,-0.57259923,-1.6758853,0.49853516000000003,-0.39059448,1.0253601,-0.98924625,-0.60845286,-1.6586726,0.5272217,-0.32250977000000003,1.1556396,-0.9699863999999999,-0.6726215,-1.8159702,0.5629883,-0.30175779999999996,1.2530212,-0.9977379999999999,-0.6953802,-1.9181735999999998,0.43881226,-0.3359375,0.95806885,-0.8749450400000001,-0.6513542999999999,-1.6199344,检查1变、2变高压侧进出线开关在分闸位置，开闭站201、202断路器在工作位置。
0.015411377,0.3357544,-0.20922852,-0.6945348,-1.3406173,-0.26186854,-0.056243896,0.39743042,-0.019195557000000002,-0.5977025,-1.4323637,-0.47199947000000003,0.23605347000000002,0.9885864,0.49386597,-0.8930756999999999,-2.1464505,-0.9636606600000001,0.3015747,0.9673767,0.47769165,-0.96160495,-2.1554503,-0.9380164999999999,0.45034789999999997,1.0972595,0.2507019,-1.1261218,-2.4809556,-0.6069239,0.45034789999999997,1.0972595,0.2507019,-1.1261218,-2.4809556,-0.6069239,0.22079468,0.5014038,0.3458252,-0.9525490999999999,-1.9966868999999998,-0.50808066,0.22079468,0.5014038,0.3458252,-0.9525490999999999,-1.9966868999999998,-0.50808066,0.13717651,0.29248047,0.45205688,-0.9098227,-1.7644577,-0.55482376,-0.39138794,0.46206665,0.7424010999999999,-0.35802746,-1.8826361,-0.92380804,-0.8302307,0.5538635,1.063446,0.10529256000000001,-1.9507458999999998,-1.2860539,-0.07366943000000001,-0.5916748,1.151947,-0.5748974,-0.69968575,-1.5753825,0.027282715000000003,-0.5303955,1.0906372,-0.61434674,-0.6377362999999999,-1.6212647,0.29602049999999996,-0.49050903,0.9593505999999999,-0.8423250999999999,-0.5732155999999999,-1.547912,0.48956299999999997,-0.43200684,1.0483398,-0.9897480999999999,-0.57259923,-1.6758853,0.49853516000000003,-0.39059448,1.0253601,-0.98924625,-0.60845286,-1.6586726,0.5272217,-0.32250977000000003,1.1556396,-0.9699863999999999,-0.6726215,-1.8159702,0.5629883,-0.30175779999999996,1.2530212,-0.9977379999999999,-0.6953802,-1.9181735999999998,0.43881226,-0.3359375,0.95806885,-0.8749450400000001,-0.6513542999999999,-1.6199344,0.39450073,-0.29263306,0.91848755,-0.8402449999999999,-0.6871807600000001,-1.5745230000000001,检查1变、2变高压侧进出线开关在分闸位置，开闭站201、202断路器在工作位置。
-0.056243896,0.39743042,-0.019195557000000002,-0.5977025,-1.4323637,-0.47199947000000003,0.23605347000000002,0.9885864,0.49386597,-0.8930756999999999,-2.1464505,-0.9636606600000001,0.3015747,0.9673767,0.47769165,-0.96160495,-2.1554503,-0.9380164999999999,0.45034789999999997,1.0972595,0.2507019,-1.1261218,-2.4809556,-0.6069239,0.45034789999999997,1.0972595,0.2507019,-1.1261218,-2.4809556,-0.6069239,0.22079468,0.5014038,0.3458252,-0.9525490999999999,-1.9966868999999998,-0.50808066,0.22079468,0.5014038,0.3458252,-0.9525490999999999,-1.9966868999999998,-0.50808066,0.13717651,0.29248047,0.45205688,-0.9098227,-1.7644577,-0.55482376,-0.39138794,0.46206665,0.7424010999999999,-0.35802746,-1.8826361,-0.92380804,-0.8302307,0.5538635,1.063446,0.10529256000000001,-1.9507458999999998,-1.2860539,-0.07366943000000001,-0.5916748,1.151947,-0.5748974,-0.69968575,-1.5753825,0.027282715000000003,-0.5303955,1.0906372,-0.61434674,-0.6377362999999999,-1.6212647,0.29602049999999996,-0.49050903,0.9593505999999999,-0.8423250999999999,-0.5732155999999999,-1.547912,0.48956299999999997,-0.43200684,1.0483398,-0.9897480999999999,-0.57259923,-1.6758853,0.49853516000000003,-0.39059448,1.0253601,-0.98924625,-0.60845286,-1.6586726,0.5272217,-0.32250977000000003,1.1556396,-0.9699863999999999,-0.6726215,-1.8159702,0.5629883,-0.30175779999999996,1.2530212,-0.9977379999999999,-0.6953802,-1.9181735999999998,0.43881226,-0.3359375,0.95806885,-0.8749450400000001,-0.6513542999999999,-1.6199344,0.39450073,-0.29263306,0.91848755,-0.8402449999999999,-0.6871807600000001,-1.5745230000000001,-0.25201416,0.035888672,0.6454772999999999,-0.3504585,-0.9409434,-1.1824505,检查1变、2变高压侧进出线开关在分闸位置，开闭站201、202断路器在工作位置。
0.23605347000000002,0.9885864,0.49386597,-0.8930756999999999,-2.1464505,-0.9636606600000001,0.3015747,0.9673767,0.47769165,-0.96160495,-2.1554503,-0.9380164999999999,0.45034789999999997,1.0972595,0.2507019,-1.1261218,-2.4809556,-0.6069239,0.45034789999999997,1.0972595,0.2507019,-1.1261218,-2.4809556,-0.6069239,0.22079468,0.5014038,0.3458252,-0.9525490999999999,-1.9966868999999998,-0.50808066,0.22079468,0.5014038,0.3458252,-0.9525490999999999,-1.9966868999999998,-0.50808066,0.13717651,0.29248047,0.45205688,-0.9098227,-1.7644577,-0.55482376,-0.39138794,0.46206665,0.7424010999999999,-0.35802746,-1.8826361,-0.92380804,-0.8302307,0.5538635,1.063446,0.10529256000000001,-1.9507458999999998,-1.2860539,-0.07366943000000001,-0.5916748,1.151947,-0.5748974,-0.69968575,-1.5753825,0.027282715000000003,-0.5303955,1.0906372,-0.61434674,-0.6377362999999999,-1.6212647,0.29602049999999996,-0.49050903,0.9593505999999999,-0.8423250999999999,-0.5732155999999999,-1.547912,0.48956299999999997,-0.43200684,1.0483398,-0.9897480999999999,-0.57259923,-1.6758853,0.49853516000000003,-0.39059448,1.0253601,-0.98924625,-0.60845286,-1.6586726,0.5272217,-0.32250977000000003,1.1556396,-0.9699863999999999,-0.6726215,-1.8159702,0.5629883,-0.30175779999999996,1.2530212,-0.9977379999999999,-0.6953802,-1.9181735999999998,0.43881226,-0.3359375,0.95806885,-0.8749450400000001,-0.6513542999999999,-1.6199344,0.39450073,-0.29263306,0.91848755,-0.8402449999999999,-0.6871807600000001,-1.5745230000000001,-0.25201416,0.035888672,0.6454772999999999,-0.3504585,-0.9409434,-1.1824505,-0.25201416,0.035888672,0.6454772999999999,-0.3504585,-0.9409434,-1.1824505,检查1变、2变高压侧进出线开关在分闸位置，开闭站201、202断路器在工作位置。
0.3015747,0.9673767,0.47769165,-0.96160495,-2.1554503,-0.9380164999999999,0.45034789999999997,1.0972595,0.2507019,-1.1261218,-2.4809556,-0.6069239,0.45034789999999997,1.0972595,0.2507019,-1.1261218,-2.4809556,-0.6069239,0.22079468,0.5014038,0.3458252,-0.9525490999999999,-1.9966868999999998,-0.50808066,0.22079468,0.5014038,0.3458252,-0.9525490999999999,-1.9966868999999998,-0.50808066,0.13717651,0.29248047,0.45205688,-0.9098227,-1.7644577,-0.55482376,-0.39138794,0.46206665,0.7424010999999999,-0.35802746,-1.8826361,-0.92380804,-0.8302307,0.5538635,1.063446,0.10529256000000001,-1.9507458999999998,-1.2860539,-0.07366943000000001,-0.5916748,1.151947,-0.5748974,-0.69968575,-1.5753825,0.027282715000000003,-0.5303955,1.0906372,-0.61434674,-0.6377362999999999,-1.6212647,0.29602049999999996,-0.49050903,0.9593505999999999,-0.8423250999999999,-0.5732155999999999,-1.547912,0.48956299999999997,-0.43200684,1.0483398,-0.9897480999999999,-0.57259923,-1.6758853,0.49853516000000003,-0.39059448,1.0253601,-0.98924625,-0.60845286,-1.6586726,0.5272217,-0.32250977000000003,1.1556396,-0.9699863999999999,-0.6726215,-1.8159702,0.5629883,-0.30175779999999996,1.2530212,-0.9977379999999999,-0.6953802,-1.9181735999999998,0.43881226,-0.3359375,0.95806885,-0.8749450400000001,-0.6513542999999999,-1.6199344,0.39450073,-0.29263306,0.91848755,-0.8402449999999999,-0.6871807600000001,-1.5745230000000001,-0.25201416,0.035888672,0.6454772999999999,-0.3504585,-0.9409434,-1.1824505,-0.25201416,0.035888672,0.6454772999999999,-0.3504585,-0.9409434,-1.1824505,-1.1498413,0.09963989000000001,0.6181945999999999,0.33989549999999996,-0.8911952,-0.8783544999999999,检查1变、2变高压侧进出线开关在分闸位置，开闭站201、202断路器在工作位置。
0.45034789999999997,1.0972595,0.2507019,-1.1261218,-2.4809556,-0.6069239,0.45034789999999997,1.0972595,0.2507019,-1.1261218,-2.4809556,-0.6069239,0.22079468,0.5014038,0.3458252,-0.9525490999999999,-1.9966868999999998,-0.50808066,0.22079468,0.5014038,0.3458252,-0.9525490999999999,-1.9966868999999998,-0.50808066,0.13717651,0.29248047,0.45205688,-0.9098227,-1.7644577,-0.55482376,-0.39138794,0.46206665,0.7424010999999999,-0.35802746,-1.8826361,-0.92380804,-0.8302307,0.5538635,1.063446,0.10529256000000001,-1.9507458999999998,-1.2860539,-0.07366943000000001,-0.5916748,1.151947,-0.5748974,-0.69968575,-1.5753825,0.027282715000000003,-0.5303955,1.0906372,-0.61434674,-0.6377362999999999,-1.6212647,0.29602049999999996,-0.49050903,0.9593505999999999,-0.8423250999999999,-0.5732155999999999,-1.547912,0.48956299999999997,-0.43200684,1.0483398,-0.9897480999999999,-0.57259923,-1.6758853,0.49853516000000003,-0.39059448,1.0253601,-0.98924625,-0.60845286,-1.6586726,0.5272217,-0.32250977000000003,1.1556396,-0.9699863999999999,-0.6726215,-1.8159702,0.5629883,-0.30175779999999996,1.2530212,-0.9977379999999999,-0.6953802,-1.9181735999999998,0.43881226,-0.3359375,0.95806885,-0.8749450400000001,-0.6513542999999999,-1.6199344,0.39450073,-0.29263306,0.91848755,-0.8402449999999999,-0.6871807600000001,-1.5745230000000001,-0.25201416,0.035888672,0.6454772999999999,-0.3504585,-0.9409434,-1.1824505,-0.25201416,0.035888672,0.6454772999999999,-0.3504585,-0.9409434,-1.1824505,-1.1498413,0.09963989000000001,0.6181945999999999,0.33989549999999996,-0.8911952,-0.8783544999999999,-1.1982422,0.15924072,0.69018555,0.45468402,-0.5309446999999999,-0.6838616,检查1变、2变高压侧进出线开关在分闸位置，开闭站201、202断路器在工作位置。
0.45034789999999997,1.0972595,0.2507019,-1.1261218,-2.4809556,-0.6069239,0.22079468,0.5014038,0.3458252,-0.9525490999999999,-1.9966868999999998,-0.50808066,0.22079468,0.5014038,0.3458252,-0.9525490999999999,-1.9966868999999998,-0.50808066,0.13717651,0.29248047,0.45205688,-0.9098227,-1.7644577,-0.55482376,-0.39138794,0.46206665,0.7424010999999999,-0.35802746,-1.8826361,-0.92380804,-0.8302307,0.5538635,1.063446,0.10529256000000001,-1.9507458999999998,-1.2860539,-0.07366943000000001,-0.5916748,1.151947,-0.5748974,-0.69968575,-1.5753825,0.027282715000000003,-0.5303955,1.0906372,-0.61434674,-0.6377362999999999,-1.6212647,0.29602049999999996,-0.49050903,0.9593505999999999,-0.8423250999999999,-0.5732155999999999,-1.547912,0.48956299999999997,-0.43200684,1.0483398,-0.9897480999999999,-0.57259923,-1.6758853,0.49853516000000003,-0.39059448,1.0253601,-0.98924625,-0.60845286,-1.6586726,0.5272217,-0.32250977000000003,1.1556396,-0.9699863999999999,-0.6726215,-1.8159702,0.5629883,-0.30175779999999996,1.2530212,-0.9977379999999999,-0.6953802,-1.9181735999999998,0.43881226,-0.3359375,0.95806885,-0.8749450400000001,-0.6513542999999999,-1.6199344,0.39450073,-0.29263306,0.91848755,-0.8402449999999999,-0.6871807600000001,-1.5745230000000001,-0.25201416,0.035888672,0.6454772999999999,-0.3504585,-0.9409434,-1.1824505,-0.25201416,0.035888672,0.6454772999999999,-0.3504585,-0.9409434,-1.1824505,-1.1498413,0.09963989000000001,0.6181945999999999,0.33989549999999996,-0.8911952,-0.8783544999999999,-1.1982422,0.15924072,0.69018555,0.45468402,-0.5309446999999999,-0.6838616,-1.1982422,0.15924072,0.69018555,0.45468402,-0.5309446999999999,-0.6838616,检查1变、2变高压侧进出线开关在分闸位置，开闭站201、202断路器在工作位置。
0.22079468,0.5014038,0.3458252,-0.9525490999999999,-1.9966868999999998,-0.50808066,0.22079468,0.5014038,0.3458252,-0.9525490999999999,-1.9966868999999998,-0.50808066,0.13717651,0.29248047,0.45205688,-0.9098227,-1.7644577,-0.55482376,-0.39138794,0.46206665,0.7424010999999999,-0.35802746,-1.8826361,-0.92380804,-0.8302307,0.5538635,1.063446,0.10529256000000001,-1.9507458999999998,-1.2860539,-0.07366943000000001,-0.5916748,1.151947,-0.5748974,-0.69968575,-1.5753825,0.027282715000000003,-0.5303955,1.0906372,-0.61434674,-0.6377362999999999,-1.6212647,0.29602049999999996,-0.49050903,0.9593505999999999,-0.8423250999999999,-0.5732155999999999,-1.547912,0.48956299999999997,-0.43200684,1.0483398,-0.9897480999999999,-0.57259923,-1.6758853,0.49853516000000003,-0.39059448,1.0253601,-0.98924625,-0.60845286,-1.6586726,0.5272217,-0.32250977000000003,1.1556396,-0.9699863999999999,-0.6726215,-1.8159702,0.5629883,-0.30175779999999996,1.2530212,-0.9977379999999999,-0.6953802,-1.9181735999999998,0.43881226,-0.3359375,0.95806885,-0.8749450400000001,-0.6513542999999999,-1.6199344,0.39450073,-0.29263306,0.91848755,-0.8402449999999999,-0.6871807600000001,-1.5745230000000001,-0.25201416,0.035888672,0.6454772999999999,-0.3504585,-0.9409434,-1.1824505,-0.25201416,0.035888672,0.6454772999999999,-0.3504585,-0.9409434,-1.1824505,-1.1498413,0.09963989000000001,0.6181945999999999,0.33989549999999996,-0.8911952,-0.8783544999999999,-1.1982422,0.15924072,0.69018555,0.45468402,-0.5309446999999999,-0.6838616,-1.1982422,0.15924072,0.69018555,0.45468402,-0.5309446999999999,-0.6838616,-0.08639526,-1.5452881,0.13391113,-0.34670234,1.4619795,-0.14509676,检查1变、2变高压侧进出线开关在分闸位置，开闭站201、202断路器在工作位置。
0.22079468,0.5014038,0.3458252,-0.9525490999999999,-1.9966868999999998,-0.50808066,0.13717651,0.29248047,0.45205688,-0.9098227,-1.7644577,-0.55482376,-0.39138794,0.46206665,0.7424010999999999,-0.35802746,-1.8826361,-0.92380804,-0.8302307,0.5538635,1.063446,0.10529256000000001,-1.9507458999999998,-1.2860539,-0.07366943000000001,-0.5916748,1.151947,-0.5748974,-0.69968575,-1.5753825,0.027282715000000003,-0.5303955,1.0906372,-0.61434674,-0.6377362999999999,-1.6212647,0.29602049999999996,-0.49050903,0.9593505999999999,-0.8423250999999999,-0.5732155999999999,-1.547912,0.48956299999999997,-0.43200684,1.0483398,-0.9897480999999999,-0.57259923,-1.6758853,0.49853516000000003,-0.39059448,1.0253601,-0.98924625,-0.60845286,-1.6586726,0.5272217,-0.32250977000000003,1.1556396,-0.9699863999999999,-0.6726215,-1.8159702,0.5629883,-0.30175779999999996,1.2530212,-0.9977379999999999,-0.6953802,-1.9181735999999998,0.43881226,-0.3359375,0.95806885,-0.8749450400000001,-0.6513542999999999,-1.6199344,0.39450073,-0.29263306,0.91848755,-0.8402449999999999,-0.6871807600000001,-1.5745230000000001,-0.25201416,0.035888672,0.6454772999999999,-0.3504585,-0.9409434,-1.1824505,-0.25201416,0.035888672,0.6454772999999999,-0.3504585,-0.9409434,-1.1824505,-1.1498413,0.09963989000000001,0.6181945999999999,0.33989549999999996,-0.8911952,-0.8783544999999999,-1.1982422,0.15924072,0.69018555,0.45468402,-0.5309446999999999,-0.6838616,-1.1982422,0.15924072,0.69018555,0.45468402,-0.5309446999999999,-0.6838616,-0.08639526,-1.5452881,0.13391113,-0.34670234,1.4619795,-0.14509676,0.52264404,-1.802185,-0.06741333000000001,-0.724393,1.7373885,-0.11317511,检查1变、2变高压侧进出线开关在分闸位置，开闭站201、202断路器在工作位置。
0.13717651,0.29248047,0.45205688,-0.9098227,-1.7644577,-0.55482376,-0.39138794,0.46206665,0.7424010999999999,-0.35802746,-1.8826361,-0.92380804,-0.8302307,0.5538635,1.063446,0.10529256000000001,-1.9507458999999998,-1.2860539,-0.07366943000000001,-0.5916748,1.151947,-0.5748974,-0.69968575,-1.5753825,0.027282715000000003,-0.5303955,1.0906372,-0.61434674,-0.6377362999999999,-1.6212647,0.29602049999999996,-0.49050903,0.9593505999999999,-0.8423250999999999,-0.5732155999999999,-1.547912,0.48956299999999997,-0.43200684,1.0483398,-0.9897480999999999,-0.57259923,-1.6758853,0.49853516000000003,-0.39059448,1.0253601,-0.98924625,-0.60845286,-1.6586726,0.5272217,-0.32250977000000003,1.1556396,-0.9699863999999999,-0.6726215,-1.8159702,0.5629883,-0.30175779999999996,1.2530212,-0.9977379999999999,-0.6953802,-1.9181735999999998,0.43881226,-0.3359375,0.95806885,-0.8749450400000001,-0.6513542999999999,-1.6199344,0.39450073,-0.29263306,0.91848755,-0.8402449999999999,-0.6871807600000001,-1.5745230000000001,-0.25201416,0.035888672,0.6454772999999999,-0.3504585,-0.9409434,-1.1824505,-0.25201416,0.035888672,0.6454772999999999,-0.3504585,-0.9409434,-1.1824505,-1.1498413,0.09963989000000001,0.6181945999999999,0.33989549999999996,-0.8911952,-0.8783544999999999,-1.1982422,0.15924072,0.69018555,0.45468402,-0.5309446999999999,-0.6838616,-1.1982422,0.15924072,0.69018555,0.45468402,-0.5309446999999999,-0.6838616,-0.08639526,-1.5452881,0.13391113,-0.34670234,1.4619795,-0.14509676,0.52264404,-1.802185,-0.06741333000000001,-0.724393,1.7373885,-0.11317511,-0.22869873000000002,-1.0064697,0.32058716,-0.097230196,0.9055394,-0.48758749999999995,检查1变、2变高压侧进出线开关在分闸位置，开闭站201、202断路器在工作位置。
-0.39138794,0.46206665,0.7424010999999999,-0.35802746,-1.8826361,-0.92380804,-0.8302307,0.5538635,1.063446,0.10529256000000001,-1.9507458999999998,-1.2860539,-0.07366943000000001,-0.5916748,1.151947,-0.5748974,-0.69968575,-1.5753825,0.027282715000000003,-0.5303955,1.0906372,-0.61434674,-0.6377362999999999,-1.6212647,0.29602049999999996,-0.49050903,0.9593505999999999,-0.8423250999999999,-0.5732155999999999,-1.547912,0.48956299999999997,-0.43200684,1.0483398,-0.9897480999999999,-0.57259923,-1.6758853,0.49853516000000003,-0.39059448,1.0253601,-0.98924625,-0.60845286,-1.6586726,0.5272217,-0.32250977000000003,1.1556396,-0.9699863999999999,-0.6726215,-1.8159702,0.5629883,-0.30175779999999996,1.2530212,-0.9977379999999999,-0.6953802,-1.9181735999999998,0.43881226,-0.3359375,0.95806885,-0.8749450400000001,-0.6513542999999999,-1.6199344,0.39450073,-0.29263306,0.91848755,-0.8402449999999999,-0.6871807600000001,-1.5745230000000001,-0.25201416,0.035888672,0.6454772999999999,-0.3504585,-0.9409434,-1.1824505,-0.25201416,0.035888672,0.6454772999999999,-0.3504585,-0.9409434,-1.1824505,-1.1498413,0.09963989000000001,0.6181945999999999,0.33989549999999996,-0.8911952,-0.8783544999999999,-1.1982422,0.15924072,0.69018555,0.45468402,-0.5309446999999999,-0.6838616,-1.1982422,0.15924072,0.69018555,0.45468402,-0.5309446999999999,-0.6838616,-0.08639526,-1.5452881,0.13391113,-0.34670234,1.4619795,-0.14509676,0.52264404,-1.802185,-0.06741333000000001,-0.724393,1.7373885,-0.11317511,-0.22869873000000002,-1.0064697,0.32058716,-0.097230196,0.9055394,-0.48758749999999995,-0.2739563,-0.3423462,0.20614624,-0.18908119,0.17850423,-0.33125967,检查1变、2变高压侧进出线开关在分闸位置，开闭站201、202断路器在工作位置。
-0.8302307,0.5538635,1.063446,0.10529256000000001,-1.9507458999999998,-1.2860539,-0.07366943000000001,-0.5916748,1.151947,-0.5748974,-0.69968575,-1.5753825,0.027282715000000003,-0.5303955,1.0906372,-0.61434674,-0.6377362999999999,-1.6212647,0.29602049999999996,-0.49050903,0.9593505999999999,-0.8423250999999999,-0.5732155999999999,-1.547912,0.48956299999999997,-0.43200684,1.0483398,-0.9897480999999999,-0.57259923,-1.6758853,0.49853516000000003,-0.39059448,1.0253601,-0.98924625,-0.60845286,-1.6586726,0.5272217,-0.32250977000000003,1.1556396,-0.9699863999999999,-0.6726215,-1.8159702,0.5629883,-0.30175779999999996,1.2530212,-0.9977379999999999,-0.6953802,-1.9181735999999998,0.43881226,-0.3359375,0.95806885,-0.8749450400000001,-0.6513542999999999,-1.6199344,0.39450073,-0.29263306,0.91848755,-0.8402449999999999,-0.6871807600000001,-1.5745230000000001,-0.25201416,0.035888672,0.6454772999999999,-0.3504585,-0.9409434,-1.1824505,-0.25201416,0.035888672,0.6454772999999999,-0.3504585,-0.9409434,-1.1824505,-1.1498413,0.09963989000000001,0.6181945999999999,0.33989549999999996,-0.8911952,-0.8783544999999999,-1.1982422,0.15924072,0.69018555,0.45468402,-0.5309446999999999,-0.6838616,-1.1982422,0.15924072,0.69018555,0.45468402,-0.5309446999999999,-0.6838616,-0.08639526,-1.5452881,0.13391113,-0.34670234,1.4619795,-0.14509676,0.52264404,-1.802185,-0.06741333000000001,-0.724393,1.7373885,-0.11317511,-0.22869873000000002,-1.0064697,0.32058716,-0.097230196,0.9055394,-0.48758749999999995,-0.2739563,-0.3423462,0.20614624,-0.18908119,0.17850423,-0.33125967,-0.55426025,0.02456665,0.22088623000000002,-0.08126604600000001,-0.3230878,-0.32743126,检查1变、2变高压侧进出线开关在分闸位置，开闭站201、202断路器在工作位置。
-0.07366943000000001,-0.5916748,1.151947,-0.5748974,-0.69968575,-1.5753825,0.027282715000000003,-0.5303955,1.0906372,-0.61434674,-0.6377362999999999,-1.6212647,0.29602049999999996,-0.49050903,0.9593505999999999,-0.8423250999999999,-0.5732155999999999,-1.547912,0.48956299999999997,-0.43200684,1.0483398,-0.9897480999999999,-0.57259923,-1.6758853,0.49853516000000003,-0.39059448,1.0253601,-0.98924625,-0.60845286,-1.6586726,0.5272217,-0.32250977000000003,1.1556396,-0.9699863999999999,-0.6726215,-1.8159702,0.5629883,-0.30175779999999996,1.2530212,-0.9977379999999999,-0.6953802,-1.9181735999999998,0.43881226,-0.3359375,0.95806885,-0.8749450400000001,-0.6513542999999999,-1.6199344,0.39450073,-0.29263306,0.91848755,-0.8402449999999999,-0.6871807600000001,-1.5745230000000001,-0.25201416,0.035888672,0.6454772999999999,-0.3504585,-0.9409434,-1.1824505,-0.25201416,0.035888672,0.6454772999999999,-0.3504585,-0.9409434,-1.1824505,-1.1498413,0.09963989000000001,0.6181945999999999,0.33989549999999996,-0.8911952,-0.8783544999999999,-1.1982422,0.15924072,0.69018555,0.45468402,-0.5309446999999999,-0.6838616,-1.1982422,0.15924072,0.69018555,0.45468402,-0.5309446999999999,-0.6838616,-0.08639526,-1.5452881,0.13391113,-0.34670234,1.4619795,-0.14509676,0.52264404,-1.802185,-0.06741333000000001,-0.724393,1.7373885,-0.11317511,-0.22869873000000002,-1.0064697,0.32058716,-0.097230196,0.9055394,-0.48758749999999995,-0.2739563,-0.3423462,0.20614624,-0.18908119,0.17850423,-0.33125967,-0.55426025,0.02456665,0.22088623000000002,-0.08126604600000001,-0.3230878,-0.32743126,-0.69195557,0.15179443,0.30801392,-0.049337864,-0.59045804,-0.42891842,检查1变、2变高压侧进出线开关在分闸位置，开闭站201、202断路器在工作位置。
0.027282715000000003,-0.5303955,1.0906372,-0.61434674,-0.6377362999999999,-1.6212647,0.29602049999999996,-0.49050903,0.9593505999999999,-0.8423250999999999,-0.5732155999999999,-1.547912,0.48956299999999997,-0.43200684,1.0483398,-0.9897480999999999,-0.57259923,-1.6758853,0.49853516000000003,-0.39059448,1.0253601,-0.98924625,-0.60845286,-1.6586726,0.5272217,-0.32250977000000003,1.1556396,-0.9699863999999999,-0.6726215,-1.8159702,0.5629883,-0.30175779999999996,1.2530212,-0.9977379999999999,-0.6953802,-1.9181735999999998,0.43881226,-0.3359375,0.95806885,-0.8749450400000001,-0.6513542999999999,-1.6199344,0.39450073,-0.29263306,0.91848755,-0.8402449999999999,-0.6871807600000001,-1.5745230000000001,-0.25201416,0.035888672,0.6454772999999999,-0.3504585,-0.9409434,-1.1824505,-0.25201416,0.035888672,0.6454772999999999,-0.3504585,-0.9409434,-1.1824505,-1.1498413,0.09963989000000001,0.6181945999999999,0.33989549999999996,-0.8911952,-0.8783544999999999,-1.1982422,0.15924072,0.69018555,0.45468402,-0.5309446999999999,-0.6838616,-1.1982422,0.15924072,0.69018555,0.45468402,-0.5309446999999999,-0.6838616,-0.08639526,-1.5452881,0.13391113,-0.34670234,1.4619795,-0.14509676,0.52264404,-1.802185,-0.06741333000000001,-0.724393,1.7373885,-0.11317511,-0.22869873000000002,-1.0064697,0.32058716,-0.097230196,0.9055394,-0.48758749999999995,-0.2739563,-0.3423462,0.20614624,-0.18908119,0.17850423,-0.33125967,-0.55426025,0.02456665,0.22088623000000002,-0.08126604600000001,-0.3230878,-0.32743126,-0.69195557,0.15179443,0.30801392,-0.049337864,-0.59045804,-0.42891842,-0.8385009999999999,0.18463135,0.49227905,0.010050297000000001,-0.84057957,-0.65706515,检查1变、2变高压侧进出线开关在分闸位置，开闭站201、202断路器在工作位置。
0.29602049999999996,-0.49050903,0.9593505999999999,-0.8423250999999999,-0.5732155999999999,-1.547912,0.48956299999999997,-0.43200684,1.0483398,-0.9897480999999999,-0.57259923,-1.6758853,0.49853516000000003,-0.39059448,1.0253601,-0.98924625,-0.60845286,-1.6586726,0.5272217,-0.32250977000000003,1.1556396,-0.9699863999999999,-0.6726215,-1.8159702,0.5629883,-0.30175779999999996,1.2530212,-0.9977379999999999,-0.6953802,-1.9181735999999998,0.43881226,-0.3359375,0.95806885,-0.8749450400000001,-0.6513542999999999,-1.6199344,0.39450073,-0.29263306,0.91848755,-0.8402449999999999,-0.6871807600000001,-1.5745230000000001,-0.25201416,0.035888672,0.6454772999999999,-0.3504585,-0.9409434,-1.1824505,-0.25201416,0.035888672,0.6454772999999999,-0.3504585,-0.9409434,-1.1824505,-1.1498413,0.09963989000000001,0.6181945999999999,0.33989549999999996,-0.8911952,-0.8783544999999999,-1.1982422,0.15924072,0.69018555,0.45468402,-0.5309446999999999,-0.6838616,-1.1982422,0.15924072,0.69018555,0.45468402,-0.5309446999999999,-0.6838616,-0.08639526,-1.5452881,0.13391113,-0.34670234,1.4619795,-0.14509676,0.52264404,-1.802185,-0.06741333000000001,-0.724393,1.7373885,-0.11317511,-0.22869873000000002,-1.0064697,0.32058716,-0.097230196,0.9055394,-0.48758749999999995,-0.2739563,-0.3423462,0.20614624,-0.18908119,0.17850423,-0.33125967,-0.55426025,0.02456665,0.22088623000000002,-0.08126604600000001,-0.3230878,-0.32743126,-0.69195557,0.15179443,0.30801392,-0.049337864,-0.59045804,-0.42891842,-0.8385009999999999,0.18463135,0.49227905,0.010050297000000001,-0.84057957,-0.65706515,-0.7649231,0.19934082,0.6486510999999999,-0.07339501400000001,-1.0108483,-0.87423843,检查1变、2变高压侧进出线开关在分闸位置，开闭站201、202断路器在工作位置。
0.48956299999999997,-0.43200684,1.0483398,-0.9897480999999999,-0.57259923,-1.6758853,0.49853516000000003,-0.39059448,1.0253601,-0.98924625,-0.60845286,-1.6586726,0.5272217,-0.32250977000000003,1.1556396,-0.9699863999999999,-0.6726215,-1.8159702,0.5629883,-0.30175779999999996,1.2530212,-0.9977379999999999,-0.6953802,-1.9181735999999998,0.43881226,-0.3359375,0.95806885,-0.8749450400000001,-0.6513542999999999,-1.6199344,0.39450073,-0.29263306,0.91848755,-0.8402449999999999,-0.6871807600000001,-1.5745230000000001,-0.25201416,0.035888672,0.6454772999999999,-0.3504585,-0.9409434,-1.1824505,-0.25201416,0.035888672,0.6454772999999999,-0.3504585,-0.9409434,-1.1824505,-1.1498413,0.09963989000000001,0.6181945999999999,0.33989549999999996,-0.8911952,-0.8783544999999999,-1.1982422,0.15924072,0.69018555,0.45468402,-0.5309446999999999,-0.6838616,-1.1982422,0.15924072,0.69018555,0.45468402,-0.5309446999999999,-0.6838616,-0.08639526,-1.5452881,0.13391113,-0.34670234,1.4619795,-0.14509676,0.52264404,-1.802185,-0.06741333000000001,-0.724393,1.7373885,-0.11317511,-0.22869873000000002,-1.0064697,0.32058716,-0.097230196,0.9055394,-0.48758749999999995,-0.2739563,-0.3423462,0.20614624,-0.18908119,0.17850423,-0.33125967,-0.55426025,0.02456665,0.22088623000000002,-0.08126604600000001,-0.3230878,-0.32743126,-0.69195557,0.15179443,0.30801392,-0.049337864,-0.59045804,-0.42891842,-0.8385009999999999,0.18463135,0.49227905,0.010050297000000001,-0.84057957,-0.65706515,-0.7649231,0.19934082,0.6486510999999999,-0.07339501400000001,-1.0108483,-0.87423843,-0.43252563,0.3262024,0.6302185,-0.31864834000000003,-1.2913691,-1.0127542,检查1变、2变高压侧进出线开关在分闸位置，开闭站201、202断路器在工作位置。
0.49853516000000003,-0.39059448,1.0253601,-0.98924625,-0.60845286,-1.6586726,0.5272217,-0.32250977000000003,1.1556396,-0.9699863999999999,-0.6726215,-1.8159702,0.5629883,-0.30175779999999996,1.2530212,-0.9977379999999999,-0.6953802,-1.9181735999999998,0.43881226,-0.3359375,0.95806885,-0.8749450400000001,-0.6513542999999999,-1.6199344,0.39450073,-0.29263306,0.91848755,-0.8402449999999999,-0.6871807600000001,-1.5745230000000001,-0.25201416,0.035888672,0.6454772999999999,-0.3504585,-0.9409434,-1.1824505,-0.25201416,0.035888672,0.6454772999999999,-0.3504585,-0.9409434,-1.1824505,-1.1498413,0.09963989000000001,0.6181945999999999,0.33989549999999996,-0.8911952,-0.8783544999999999,-1.1982422,0.15924072,0.69018555,0.45468402,-0.5309446999999999,-0.6838616,-1.1982422,0.15924072,0.69018555,0.45468402,-0.5309446999999999,-0.6838616,-0.08639526,-1.5452881,0.13391113,-0.34670234,1.4619795,-0.14509676,0.52264404,-1.802185,-0.06741333000000001,-0.724393,1.7373885,-0.11317511,-0.22869873000000002,-1.0064697,0.32058716,-0.097230196,0.9055394,-0.48758749999999995,-0.2739563,-0.3423462,0.20614624,-0.18908119,0.17850423,-0.33125967,-0.55426025,0.02456665,0.22088623000000002,-0.08126604600000001,-0.3230878,-0.32743126,-0.69195557,0.15179443,0.30801392,-0.049337864,-0.59045804,-0.42891842,-0.8385009999999999,0.18463135,0.49227905,0.010050297000000001,-0.84057957,-0.65706515,-0.7649231,0.19934082,0.6486510999999999,-0.07339501400000001,-1.0108483,-0.87423843,-0.43252563,0.3262024,0.6302185,-0.31864834000000003,-1.2913691,-1.0127542,-0.11224365,0.31414795,0.48254395,-0.52766335,-1.2699022,-0.9895149999999999,检查1变、2变高压侧进出线开关在分闸位置，开闭站201、202断路器在工作位置。
0.5272217,-0.32250977000000003,1.1556396,-0.9699863999999999,-0.6726215,-1.8159702,0.5629883,-0.30175779999999996,1.2530212,-0.9977379999999999,-0.6953802,-1.9181735999999998,0.43881226,-0.3359375,0.95806885,-0.8749450400000001,-0.6513542999999999,-1.6199344,0.39450073,-0.29263306,0.91848755,-0.8402449999999999,-0.6871807600000001,-1.5745230000000001,-0.25201416,0.035888672,0.6454772999999999,-0.3504585,-0.9409434,-1.1824505,-0.25201416,0.035888672,0.6454772999999999,-0.3504585,-0.9409434,-1.1824505,-1.1498413,0.09963989000000001,0.6181945999999999,0.33989549999999996,-0.8911952,-0.8783544999999999,-1.1982422,0.15924072,0.69018555,0.45468402,-0.5309446999999999,-0.6838616,-1.1982422,0.15924072,0.69018555,0.45468402,-0.5309446999999999,-0.6838616,-0.08639526,-1.5452881,0.13391113,-0.34670234,1.4619795,-0.14509676,0.52264404,-1.802185,-0.06741333000000001,-0.724393,1.7373885,-0.11317511,-0.22869873000000002,-1.0064697,0.32058716,-0.097230196,0.9055394,-0.48758749999999995,-0.2739563,-0.3423462,0.20614624,-0.18908119,0.17850423,-0.33125967,-0.55426025,0.02456665,0.22088623000000002,-0.08126604600000001,-0.3230878,-0.32743126,-0.69195557,0.15179443,0.30801392,-0.049337864,-0.59045804,-0.42891842,-0.8385009999999999,0.18463135,0.49227905,0.010050297000000001,-0.84057957,-0.65706515,-0.7649231,0.19934082,0.6486510999999999,-0.07339501400000001,-1.0108483,-0.87423843,-0.43252563,0.3262024,0.6302185,-0.31864834000000003,-1.2913691,-1.0127542,-0.11224365,0.31414795,0.48254395,-0.52766335,-1.2699022,-0.9895149999999999,-0.18545532,0.21536255,0.4961853,-0.37638938,-1.1098038,-1.0624199,检查1变、2变高压侧进出线开关在分闸位置，开闭站201、202断路器在工作位置。
0.5629883,-0.30175779999999996,1.2530212,-0.9977379999999999,-0.6953802,-1.9181735999999998,0.43881226,-0.3359375,0.95806885,-0.8749450400000001,-0.6513542999999999,-1.6199344,0.39450073,-0.29263306,0.91848755,-0.8402449999999999,-0.6871807600000001,-1.5745230000000001,-0.25201416,0.035888672,0.6454772999999999,-0.3504585,-0.9409434,-1.1824505,-0.25201416,0.035888672,0.6454772999999999,-0.3504585,-0.9409434,-1.1824505,-1.1498413,0.09963989000000001,0.6181945999999999,0.33989549999999996,-0.8911952,-0.8783544999999999,-1.1982422,0.15924072,0.69018555,0.45468402,-0.5309446999999999,-0.6838616,-1.1982422,0.15924072,0.69018555,0.45468402,-0.5309446999999999,-0.6838616,-0.08639526,-1.5452881,0.13391113,-0.34670234,1.4619795,-0.14509676,0.52264404,-1.802185,-0.06741333000000001,-0.724393,1.7373885,-0.11317511,-0.22869873000000002,-1.0064697,0.32058716,-0.097230196,0.9055394,-0.48758749999999995,-0.2739563,-0.3423462,0.20614624,-0.18908119,0.17850423,-0.33125967,-0.55426025,0.02456665,0.22088623000000002,-0.08126604600000001,-0.3230878,-0.32743126,-0.69195557,0.15179443,0.30801392,-0.049337864,-0.59045804,-0.42891842,-0.8385009999999999,0.18463135,0.49227905,0.010050297000000001,-0.84057957,-0.65706515,-0.7649231,0.19934082,0.6486510999999999,-0.07339501400000001,-1.0108483,-0.87423843,-0.43252563,0.3262024,0.6302185,-0.31864834000000003,-1.2913691,-1.0127542,-0.11224365,0.31414795,0.48254395,-0.52766335,-1.2699022,-0.9895149999999999,-0.18545532,0.21536255,0.4961853,-0.37638938,-1.1098038,-1.0624199,0.10470581,0.36807249999999997,0.49182129999999996,-0.5801533999999999,-1.1840239,-1.1076497,检查1变、2变高压侧进出线开关在分闸位置，开闭站201、202断路器在工作位置。
0.43881226,-0.3359375,0.95806885,-0.8749450400000001,-0.6513542999999999,-1.6199344,0.39450073,-0.29263306,0.91848755,-0.8402449999999999,-0.6871807600000001,-1.5745230000000001,-0.25201416,0.035888672,0.6454772999999999,-0.3504585,-0.9409434,-1.1824505,-0.25201416,0.035888672,0.6454772999999999,-0.3504585,-0.9409434,-1.1824505,-1.1498413,0.09963989000000001,0.6181945999999999,0.33989549999999996,-0.8911952,-0.8783544999999999,-1.1982422,0.15924072,0.69018555,0.45468402,-0.5309446999999999,-0.6838616,-1.1982422,0.15924072,0.69018555,0.45468402,-0.5309446999999999,-0.6838616,-0.08639526,-1.5452881,0.13391113,-0.34670234,1.4619795,-0.14509676,0.52264404,-1.802185,-0.06741333000000001,-0.724393,1.7373885,-0.11317511,-0.22869873000000002,-1.0064697,0.32058716,-0.097230196,0.9055394,-0.48758749999999995,-0.2739563,-0.3423462,0.20614624,-0.18908119,0.17850423,-0.33125967,-0.55426025,0.02456665,0.22088623000000002,-0.08126604600000001,-0.3230878,-0.32743126,-0.69195557,0.15179443,0.30801392,-0.049337864,-0.59045804,-0.42891842,-0.8385009999999999,0.18463135,0.49227905,0.010050297000000001,-0.84057957,-0.65706515,-0.7649231,0.19934082,0.6486510999999999,-0.07339501400000001,-1.0108483,-0.87423843,-0.43252563,0.3262024,0.6302185,-0.31864834000000003,-1.2913691,-1.0127542,-0.11224365,0.31414795,0.48254395,-0.52766335,-1.2699022,-0.9895149999999999,-0.18545532,0.21536255,0.4961853,-0.37638938,-1.1098038,-1.0624199,0.10470581,0.36807249999999997,0.49182129999999996,-0.5801533999999999,-1.1840239,-1.1076497,0.33880615000000003,0.27059937,0.53222656,-0.73142093,-1.0467209,-1.188006,检查1变、2变高压侧进出线开关在分闸位置，开闭站201、202断路器在工作位置。
0.39450073,-0.29263306,0.91848755,-0.8402449999999999,-0.6871807600000001,-1.5745230000000001,-0.25201416,0.035888672,0.6454772999999999,-0.3504585,-0.9409434,-1.1824505,-0.25201416,0.035888672,0.6454772999999999,-0.3504585,-0.9409434,-1.1824505,-1.1498413,0.09963989000000001,0.6181945999999999,0.33989549999999996,-0.8911952,-0.8783544999999999,-1.1982422,0.15924072,0.69018555,0.45468402,-0.5309446999999999,-0.6838616,-1.1982422,0.15924072,0.69018555,0.45468402,-0.5309446999999999,-0.6838616,-0.08639526,-1.5452881,0.13391113,-0.34670234,1.4619795,-0.14509676,0.52264404,-1.802185,-0.06741333000000001,-0.724393,1.7373885,-0.11317511,-0.22869873000000002,-1.0064697,0.32058716,-0.097230196,0.9055394,-0.48758749999999995,-0.2739563,-0.3423462,0.20614624,-0.18908119,0.17850423,-0.33125967,-0.55426025,0.02456665,0.22088623000000002,-0.08126604600000001,-0.3230878,-0.32743126,-0.69195557,0.15179443,0.30801392,-0.049337864,-0.59045804,-0.42891842,-0.8385009999999999,0.18463135,0.49227905,0.010050297000000001,-0.84057957,-0.65706515,-0.7649231,0.19934082,0.6486510999999999,-0.07339501400000001,-1.0108483,-0.87423843,-0.43252563,0.3262024,0.6302185,-0.31864834000000003,-1.2913691,-1.0127542,-0.11224365,0.31414795,0.48254395,-0.52766335,-1.2699022,-0.9895149999999999,-0.18545532,0.21536255,0.4961853,-0.37638938,-1.1098038,-1.0624199,0.10470581,0.36807249999999997,0.49182129999999996,-0.5801533999999999,-1.1840239,-1.1076497,0.33880615000000003,0.27059937,0.53222656,-0.73142093,-1.0467209,-1.188006,0.5371399,0.24301147,0.62454224,-0.8635237,-1.0227126,-1.3123038,检查1变、2变高压侧进出线开关在分闸位置，开闭站201、202断路器在工作位置。
-0.25201416,0.035888672,0.6454772999999999,-0.3504585,-0.9409434,-1.1824505,-0.25201416,0.035888672,0.6454772999999999,-0.3504585,-0.9409434,-1.1824505,-1.1498413,0.09963989000000001,0.6181945999999999,0.33989549999999996,-0.8911952,-0.8783544999999999,-1.1982422,0.15924072,0.69018555,0.45468402,-0.5309446999999999,-0.6838616,-1.1982422,0.15924072,0.69018555,0.45468402,-0.5309446999999999,-0.6838616,-0.08639526,-1.5452881,0.13391113,-0.34670234,1.4619795,-0.14509676,0.52264404,-1.802185,-0.06741333000000001,-0.724393,1.7373885,-0.11317511,-0.22869873000000002,-1.0064697,0.32058716,-0.097230196,0.9055394,-0.48758749999999995,-0.2739563,-0.3423462,0.20614624,-0.18908119,0.17850423,-0.33125967,-0.55426025,0.02456665,0.22088623000000002,-0.08126604600000001,-0.3230878,-0.32743126,-0.69195557,0.15179443,0.30801392,-0.049337864,-0.59045804,-0.42891842,-0.8385009999999999,0.18463135,0.49227905,0.010050297000000001,-0.84057957,-0.65706515,-0.7649231,0.19934082,0.6486510999999999,-0.07339501400000001,-1.0108483,-0.87423843,-0.43252563,0.3262024,0.6302185,-0.31864834000000003,-1.2913691,-1.0127542,-0.11224365,0.31414795,0.48254395,-0.52766335,-1.2699022,-0.9895149999999999,-0.18545532,0.21536255,0.4961853,-0.37638938,-1.1098038,-1.0624199,0.10470581,0.36807249999999997,0.49182129999999996,-0.5801533999999999,-1.1840239,-1.1076497,0.33880615000000003,0.27059937,0.53222656,-0.73142093,-1.0467209,-1.188006,0.5371399,0.24301147,0.62454224,-0.8635237,-1.0227126,-1.3123038,0.8497009,0.20553589,0.52685547,-1.095135,-1.0328916,-1.252465,检查1变、2变高压侧进出线开关在分闸位置，开闭站201、202断路器在工作位置。
-0.25201416,0.035888672,0.6454772999999999,-0.3504585,-0.9409434,-1.1824505,-1.1498413,0.09963989000000001,0.6181945999999999,0.33989549999999996,-0.8911952,-0.8783544999999999,-1.1982422,0.15924072,0.69018555,0.45468402,-0.5309446999999999,-0.6838616,-1.1982422,0.15924072,0.69018555,0.45468402,-0.5309446999999999,-0.6838616,-0.08639526,-1.5452881,0.13391113,-0.34670234,1.4619795,-0.14509676,0.52264404,-1.802185,-0.06741333000000001,-0.724393,1.7373885,-0.11317511,-0.22869873000000002,-1.0064697,0.32058716,-0.097230196,0.9055394,-0.48758749999999995,-0.2739563,-0.3423462,0.20614624,-0.18908119,0.17850423,-0.33125967,-0.55426025,0.02456665,0.22088623000000002,-0.08126604600000001,-0.3230878,-0.32743126,-0.69195557,0.15179443,0.30801392,-0.049337864,-0.59045804,-0.42891842,-0.8385009999999999,0.18463135,0.49227905,0.010050297000000001,-0.84057957,-0.65706515,-0.7649231,0.19934082,0.6486510999999999,-0.07339501400000001,-1.0108483,-0.87423843,-0.43252563,0.3262024,0.6302185,-0.31864834000000003,-1.2913691,-1.0127542,-0.11224365,0.31414795,0.48254395,-0.52766335,-1.2699022,-0.9895149999999999,-0.18545532,0.21536255,0.4961853,-0.37638938,-1.1098038,-1.0624199,0.10470581,0.36807249999999997,0.49182129999999996,-0.5801533999999999,-1.1840239,-1.1076497,0.33880615000000003,0.27059937,0.53222656,-0.73142093,-1.0467209,-1.188006,0.5371399,0.24301147,0.62454224,-0.8635237,-1.0227126,-1.3123038,0.8497009,0.20553589,0.52685547,-1.095135,-1.0328916,-1.252465,0.82315063,0.23205566,0.47525024,-1.0395229,-1.1021303,-1.2129008,检查1变、2变高压侧进出线开关在分闸位置，开闭站201、202断路器在工作位置。
-1.1498413,0.09963989000000001,0.6181945999999999,0.33989549999999996,-0.8911952,-0.8783544999999999,-1.1982422,0.15924072,0.69018555,0.45468402,-0.5309446999999999,-0.6838616,-1.1982422,0.15924072,0.69018555,0.45468402,-0.5309446999999999,-0.6838616,-0.08639526,-1.5452881,0.13391113,-0.34670234,1.4619795,-0.14509676,0.52264404,-1.802185,-0.06741333000000001,-0.724393,1.7373885,-0.11317511,-0.22869873000000002,-1.0064697,0.32058716,-0.097230196,0.9055394,-0.48758749999999995,-0.2739563,-0.3423462,0.20614624,-0.18908119,0.17850423,-0.33125967,-0.55426025,0.02456665,0.22088623000000002,-0.08126604600000001,-0.3230878,-0.32743126,-0.69195557,0.15179443,0.30801392,-0.049337864,-0.59045804,-0.42891842,-0.8385009999999999,0.18463135,0.49227905,0.010050297000000001,-0.84057957,-0.65706515,-0.7649231,0.19934082,0.6486510999999999,-0.07339501400000001,-1.0108483,-0.87423843,-0.43252563,0.3262024,0.6302185,-0.31864834000000003,-1.2913691,-1.0127542,-0.11224365,0.31414795,0.48254395,-0.52766335,-1.2699022,-0.9895149999999999,-0.18545532,0.21536255,0.4961853,-0.37638938,-1.1098038,-1.0624199,0.10470581,0.36807249999999997,0.49182129999999996,-0.5801533999999999,-1.1840239,-1.1076497,0.33880615000000003,0.27059937,0.53222656,-0.73142093,-1.0467209,-1.188006,0.5371399,0.24301147,0.62454224,-0.8635237,-1.0227126,-1.3123038,0.8497009,0.20553589,0.52685547,-1.095135,-1.0328916,-1.252465,0.82315063,0.23205566,0.47525024,-1.0395229,-1.1021303,-1.2129008,0.7307739,0.24136353,0.41046143,-0.9734334,-1.1668192,-1.1442254,检查1变、2变高压侧进出线开关在分闸位置，开闭站201、202断路器在工作位置。
-1.1982422,0.15924072,0.69018555,0.45468402,-0.5309446999999999,-0.6838616,-1.1982422,0.15924072,0.69018555,0.45468402,-0.5309446999999999,-0.6838616,-0.08639526,-1.5452881,0.13391113,-0.34670234,1.4619795,-0.14509676,0.52264404,-1.802185,-0.06741333000000001,-0.724393,1.7373885,-0.11317511,-0.22869873000000002,-1.0064697,0.32058716,-0.097230196,0.9055394,-0.48758749999999995,-0.2739563,-0.3423462,0.20614624,-0.18908119,0.17850423,-0.33125967,-0.55426025,0.02456665,0.22088623000000002,-0.08126604600000001,-0.3230878,-0.32743126,-0.69195557,0.15179443,0.30801392,-0.049337864,-0.59045804,-0.42891842,-0.8385009999999999,0.18463135,0.49227905,0.010050297000000001,-0.84057957,-0.65706515,-0.7649231,0.19934082,0.6486510999999999,-0.07339501400000001,-1.0108483,-0.87423843,-0.43252563,0.3262024,0.6302185,-0.31864834000000003,-1.2913691,-1.0127542,-0.11224365,0.31414795,0.48254395,-0.52766335,-1.2699022,-0.9895149999999999,-0.18545532,0.21536255,0.4961853,-0.37638938,-1.1098038,-1.0624199,0.10470581,0.36807249999999997,0.49182129999999996,-0.5801533999999999,-1.1840239,-1.1076497,0.33880615000000003,0.27059937,0.53222656,-0.73142093,-1.0467209,-1.188006,0.5371399,0.24301147,0.62454224,-0.8635237,-1.0227126,-1.3123038,0.8497009,0.20553589,0.52685547,-1.095135,-1.0328916,-1.252465,0.82315063,0.23205566,0.47525024,-1.0395229,-1.1021303,-1.2129008,0.7307739,0.24136353,0.41046143,-0.9734334,-1.1668192,-1.1442254,0.5057068,0.2992859,0.36566162,-0.8300312999999999,-1.2534415,-1.0711474,检查1变、2变高压侧进出线开关在分闸位置，开闭站201、202断路器在工作位置。
-1.1982422,0.15924072,0.69018555,0.45468402,-0.5309446999999999,-0.6838616,-0.08639526,-1.5452881,0.13391113,-0.34670234,1.4619795,-0.14509676,0.52264404,-1.802185,-0.06741333000000001,-0.724393,1.7373885,-0.11317511,-0.22869873000000002,-1.0064697,0.32058716,-0.097230196,0.9055394,-0.48758749999999995,-0.2739563,-0.3423462,0.20614624,-0.18908119,0.17850423,-0.33125967,-0.55426025,0.02456665,0.22088623000000002,-0.08126604600000001,-0.3230878,-0.32743126,-0.69195557,0.15179443,0.30801392,-0.049337864,-0.59045804,-0.42891842,-0.8385009999999999,0.18463135,0.49227905,0.010050297000000001,-0.84057957,-0.65706515,-0.7649231,0.19934082,0.6486510999999999,-0.07339501400000001,-1.0108483,-0.87423843,-0.43252563,0.3262024,0.6302185,-0.31864834000000003,-1.2913691,-1.0127542,-0.11224365,0.31414795,0.48254395,-0.52766335,-1.2699022,-0.9895149999999999,-0.18545532,0.21536255,0.4961853,-0.37638938,-1.1098038,-1.0624199,0.10470581,0.36807249999999997,0.49182129999999996,-0.5801533999999999,-1.1840239,-1.1076497,0.33880615000000003,0.27059937,0.53222656,-0.73142093,-1.0467209,-1.188006,0.5371399,0.24301147,0.62454224,-0.8635237,-1.0227126,-1.3123038,0.8497009,0.20553589,0.52685547,-1.095135,-1.0328916,-1.252465,0.82315063,0.23205566,0.47525024,-1.0395229,-1.1021303,-1.2129008,0.7307739,0.24136353,0.41046143,-0.9734334,-1.1668192,-1.1442254,0.5057068,0.2992859,0.36566162,-0.8300312999999999,-1.2534415,-1.0711474,0.13562012,0.27026367,0.40670776000000003,-0.54683506,-1.2394924999999999,-1.0703924,检查1变、2变高压侧进出线开关在分闸位置，开闭站201、202断路器在工作位置。
-0.08639526,-1.5452881,0.13391113,-0.34670234,1.4619795,-0.14509676,0.52264404,-1.802185,-0.06741333000000001,-0.724393,1.7373885,-0.11317511,-0.22869873000000002,-1.0064697,0.32058716,-0.097230196,0.9055394,-0.48758749999999995,-0.2739563,-0.3423462,0.20614624,-0.18908119,0.17850423,-0.33125967,-0.55426025,0.02456665,0.22088623000000002,-0.08126604600000001,-0.3230878,-0.32743126,-0.69195557,0.15179443,0.30801392,-0.049337864,-0.59045804,-0.42891842,-0.8385009999999999,0.18463135,0.49227905,0.010050297000000001,-0.84057957,-0.65706515,-0.7649231,0.19934082,0.6486510999999999,-0.07339501400000001,-1.0108483,-0.87423843,-0.43252563,0.3262024,0.6302185,-0.31864834000000003,-1.2913691,-1.0127542,-0.11224365,0.31414795,0.48254395,-0.52766335,-1.2699022,-0.9895149999999999,-0.18545532,0.21536255,0.4961853,-0.37638938,-1.1098038,-1.0624199,0.10470581,0.36807249999999997,0.49182129999999996,-0.5801533999999999,-1.1840239,-1.1076497,0.33880615000000003,0.27059937,0.53222656,-0.73142093,-1.0467209,-1.188006,0.5371399,0.24301147,0.62454224,-0.8635237,-1.0227126,-1.3123038,0.8497009,0.20553589,0.52685547,-1.095135,-1.0328916,-1.252465,0.82315063,0.23205566,0.47525024,-1.0395229,-1.1021303,-1.2129008,0.7307739,0.24136353,0.41046143,-0.9734334,-1.1668192,-1.1442254,0.5057068,0.2992859,0.36566162,-0.8300312999999999,-1.2534415,-1.0711474,0.13562012,0.27026367,0.40670776000000003,-0.54683506,-1.2394924999999999,-1.0703924,-0.21255493,0.33737183,0.37991333,-0.33370137,-1.3081417,-0.95814234,检查1变、2变高压侧进出线开关在分闸位置，开闭站201、202断路器在工作位置。
0.52264404,-1.802185,-0.06741333000000001,-0.724393,1.7373885,-0.11317511,-0.22869873000000002,-1.0064697,0.32058716,-0.097230196,0.9055394,-0.48758749999999995,-0.2739563,-0.3423462,0.20614624,-0.18908119,0.17850423,-0.33125967,-0.55426025,0.02456665,0.22088623000000002,-0.08126604600000001,-0.3230878,-0.32743126,-0.69195557,0.15179443,0.30801392,-0.049337864,-0.59045804,-0.42891842,-0.8385009999999999,0.18463135,0.49227905,0.010050297000000001,-0.84057957,-0.65706515,-0.7649231,0.19934082,0.6486510999999999,-0.07339501400000001,-1.0108483,-0.87423843,-0.43252563,0.3262024,0.6302185,-0.31864834000000003,-1.2913691,-1.0127542,-0.11224365,0.31414795,0.48254395,-0.52766335,-1.2699022,-0.9895149999999999,-0.18545532,0.21536255,0.4961853,-0.37638938,-1.1098038,-1.0624199,0.10470581,0.36807249999999997,0.49182129999999996,-0.5801533999999999,-1.1840239,-1.1076497,0.33880615000000003,0.27059937,0.53222656,-0.73142093,-1.0467209,-1.188006,0.5371399,0.24301147,0.62454224,-0.8635237,-1.0227126,-1.3123038,0.8497009,0.20553589,0.52685547,-1.095135,-1.0328916,-1.252465,0.82315063,0.23205566,0.47525024,-1.0395229,-1.1021303,-1.2129008,0.7307739,0.24136353,0.41046143,-0.9734334,-1.1668192,-1.1442254,0.5057068,0.2992859,0.36566162,-0.8300312999999999,-1.2534415,-1.0711474,0.13562012,0.27026367,0.40670776000000003,-0.54683506,-1.2394924999999999,-1.0703924,-0.21255493,0.33737183,0.37991333,-0.33370137,-1.3081417,-0.95814234,-0.40655518,0.33157349999999997,0.38250732,-0.24121046000000002,-1.2702947,-0.8751901999999999,检查1变、2变高压侧进出线开关在分闸位置，开闭站201、202断路器在工作位置。
-0.22869873000000002,-1.0064697,0.32058716,-0.097230196,0.9055394,-0.48758749999999995,-0.2739563,-0.3423462,0.20614624,-0.18908119,0.17850423,-0.33125967,-0.55426025,0.02456665,0.22088623000000002,-0.08126604600000001,-0.3230878,-0.32743126,-0.69195557,0.15179443,0.30801392,-0.049337864,-0.59045804,-0.42891842,-0.8385009999999999,0.18463135,0.49227905,0.010050297000000001,-0.84057957,-0.65706515,-0.7649231,0.19934082,0.6486510999999999,-0.07339501400000001,-1.0108483,-0.87423843,-0.43252563,0.3262024,0.6302185,-0.31864834000000003,-1.2913691,-1.0127542,-0.11224365,0.31414795,0.48254395,-0.52766335,-1.2699022,-0.9895149999999999,-0.18545532,0.21536255,0.4961853,-0.37638938,-1.1098038,-1.0624199,0.10470581,0.36807249999999997,0.49182129999999996,-0.5801533999999999,-1.1840239,-1.1076497,0.33880615000000003,0.27059937,0.53222656,-0.73142093,-1.0467209,-1.188006,0.5371399,0.24301147,0.62454224,-0.8635237,-1.0227126,-1.3123038,0.8497009,0.20553589,0.52685547,-1.095135,-1.0328916,-1.252465,0.82315063,0.23205566,0.47525024,-1.0395229,-1.1021303,-1.2129008,0.7307739,0.24136353,0.41046143,-0.9734334,-1.1668192,-1.1442254,0.5057068,0.2992859,0.36566162,-0.8300312999999999,-1.2534415,-1.0711474,0.13562012,0.27026367,0.40670776000000003,-0.54683506,-1.2394924999999999,-1.0703924,-0.21255493,0.33737183,0.37991333,-0.33370137,-1.3081417,-0.95814234,-0.40655518,0.33157349999999997,0.38250732,-0.24121046000000002,-1.2702947,-0.8751901999999999,-0.67471313,0.18450928,0.6032715,-0.09342813500000001,-0.98152035,-0.9384882,检查1变、2变高压侧进出线开关在分闸位置，开闭站201、202断路器在工作位置。
-0.2739563,-0.3423462,0.20614624,-0.18908119,0.17850423,-0.33125967,-0.55426025,0.02456665,0.22088623000000002,-0.08126604600000001,-0.3230878,-0.32743126,-0.69195557,0.15179443,0.30801392,-0.049337864,-0.59045804,-0.42891842,-0.8385009999999999,0.18463135,0.49227905,0.010050297000000001,-0.84057957,-0.65706515,-0.7649231,0.19934082,0.6486510999999999,-0.07339501400000001,-1.0108483,-0.87423843,-0.43252563,0.3262024,0.6302185,-0.31864834000000003,-1.2913691,-1.0127542,-0.11224365,0.31414795,0.48254395,-0.52766335,-1.2699022,-0.9895149999999999,-0.18545532,0.21536255,0.4961853,-0.37638938,-1.1098038,-1.0624199,0.10470581,0.36807249999999997,0.49182129999999996,-0.5801533999999999,-1.1840239,-1.1076497,0.33880615000000003,0.27059937,0.53222656,-0.73142093,-1.0467209,-1.188006,0.5371399,0.24301147,0.62454224,-0.8635237,-1.0227126,-1.3123038,0.8497009,0.20553589,0.52685547,-1.095135,-1.0328916,-1.252465,0.82315063,0.23205566,0.47525024,-1.0395229,-1.1021303,-1.2129008,0.7307739,0.24136353,0.41046143,-0.9734334,-1.1668192,-1.1442254,0.5057068,0.2992859,0.36566162,-0.8300312999999999,-1.2534415,-1.0711474,0.13562012,0.27026367,0.40670776000000003,-0.54683506,-1.2394924999999999,-1.0703924,-0.21255493,0.33737183,0.37991333,-0.33370137,-1.3081417,-0.95814234,-0.40655518,0.33157349999999997,0.38250732,-0.24121046000000002,-1.2702947,-0.8751901999999999,-0.67471313,0.18450928,0.6032715,-0.09342813500000001,-0.98152035,-0.9384882,-1.0107422,0.046875,0.77926636,0.22453976,-0.71491766,-1.0312283,检查1变、2变高压侧进出线开关在分闸位置，开闭站201、202断路器在工作位置。
-0.55426025,0.02456665,0.22088623000000002,-0.08126604600000001,-0.3230878,-0.32743126,-0.69195557,0.15179443,0.30801392,-0.049337864,-0.59045804,-0.42891842,-0.8385009999999999,0.18463135,0.49227905,0.010050297000000001,-0.84057957,-0.65706515,-0.7649231,0.19934082,0.6486510999999999,-0.07339501400000001,-1.0108483,-0.87423843,-0.43252563,0.3262024,0.6302185,-0.31864834000000003,-1.2913691,-1.0127542,-0.11224365,0.31414795,0.48254395,-0.52766335,-1.2699022,-0.9895149999999999,-0.18545532,0.21536255,0.4961853,-0.37638938,-1.1098038,-1.0624199,0.10470581,0.36807249999999997,0.49182129999999996,-0.5801533999999999,-1.1840239,-1.1076497,0.33880615000000003,0.27059937,0.53222656,-0.73142093,-1.0467209,-1.188006,0.5371399,0.24301147,0.62454224,-0.8635237,-1.0227126,-1.3123038,0.8497009,0.20553589,0.52685547,-1.095135,-1.0328916,-1.252465,0.82315063,0.23205566,0.47525024,-1.0395229,-1.1021303,-1.2129008,0.7307739,0.24136353,0.41046143,-0.9734334,-1.1668192,-1.1442254,0.5057068,0.2992859,0.36566162,-0.8300312999999999,-1.2534415,-1.0711474,0.13562012,0.27026367,0.40670776000000003,-0.54683506,-1.2394924999999999,-1.0703924,-0.21255493,0.33737183,0.37991333,-0.33370137,-1.3081417,-0.95814234,-0.40655518,0.33157349999999997,0.38250732,-0.24121046000000002,-1.2702947,-0.8751901999999999,-0.67471313,0.18450928,0.6032715,-0.09342813500000001,-0.98152035,-0.9384882,-1.0107422,0.046875,0.77926636,0.22453976,-0.71491766,-1.0312283,-0.6829223600000001,-0.15637207,0.5750122,-0.08380723,-0.334028,-0.72698945,检查1变、2变高压侧进出线开关在分闸位置，开闭站201、202断路器在工作位置。
-0.69195557,0.15179443,0.30801392,-0.049337864,-0.59045804,-0.42891842,-0.8385009999999999,0.18463135,0.49227905,0.010050297000000001,-0.84057957,-0.65706515,-0.7649231,0.19934082,0.6486510999999999,-0.07339501400000001,-1.0108483,-0.87423843,-0.43252563,0.3262024,0.6302185,-0.31864834000000003,-1.2913691,-1.0127542,-0.11224365,0.31414795,0.48254395,-0.52766335,-1.2699022,-0.9895149999999999,-0.18545532,0.21536255,0.4961853,-0.37638938,-1.1098038,-1.0624199,0.10470581,0.36807249999999997,0.49182129999999996,-0.5801533999999999,-1.1840239,-1.1076497,0.33880615000000003,0.27059937,0.53222656,-0.73142093,-1.0467209,-1.188006,0.5371399,0.24301147,0.62454224,-0.8635237,-1.0227126,-1.3123038,0.8497009,0.20553589,0.52685547,-1.095135,-1.0328916,-1.252465,0.82315063,0.23205566,0.47525024,-1.0395229,-1.1021303,-1.2129008,0.7307739,0.24136353,0.41046143,-0.9734334,-1.1668192,-1.1442254,0.5057068,0.2992859,0.36566162,-0.8300312999999999,-1.2534415,-1.0711474,0.13562012,0.27026367,0.40670776000000003,-0.54683506,-1.2394924999999999,-1.0703924,-0.21255493,0.33737183,0.37991333,-0.33370137,-1.3081417,-0.95814234,-0.40655518,0.33157349999999997,0.38250732,-0.24121046000000002,-1.2702947,-0.8751901999999999,-0.67471313,0.18450928,0.6032715,-0.09342813500000001,-0.98152035,-0.9384882,-1.0107422,0.046875,0.77926636,0.22453976,-0.71491766,-1.0312283,-0.6829223600000001,-0.15637207,0.5750122,-0.08380723,-0.334028,-0.72698945,-0.5338134999999999,-0.19369507,0.45962524,-0.18941139999999998,-0.16806614,-0.5160809,检查1变、2变高压侧进出线开关在分闸位置，开闭站201、202断路器在工作位置。
-0.8385009999999999,0.18463135,0.49227905,0.010050297000000001,-0.84057957,-0.65706515,-0.7649231,0.19934082,0.6486510999999999,-0.07339501400000001,-1.0108483,-0.87423843,-0.43252563,0.3262024,0.6302185,-0.31864834000000003,-1.2913691,-1.0127542,-0.11224365,0.31414795,0.48254395,-0.52766335,-1.2699022,-0.9895149999999999,-0.18545532,0.21536255,0.4961853,-0.37638938,-1.1098038,-1.0624199,0.10470581,0.36807249999999997,0.49182129999999996,-0.5801533999999999,-1.1840239,-1.1076497,0.33880615000000003,0.27059937,0.53222656,-0.73142093,-1.0467209,-1.188006,0.5371399,0.24301147,0.62454224,-0.8635237,-1.0227126,-1.3123038,0.8497009,0.20553589,0.52685547,-1.095135,-1.0328916,-1.252465,0.82315063,0.23205566,0.47525024,-1.0395229,-1.1021303,-1.2129008,0.7307739,0.24136353,0.41046143,-0.9734334,-1.1668192,-1.1442254,0.5057068,0.2992859,0.36566162,-0.8300312999999999,-1.2534415,-1.0711474,0.13562012,0.27026367,0.40670776000000003,-0.54683506,-1.2394924999999999,-1.0703924,-0.21255493,0.33737183,0.37991333,-0.33370137,-1.3081417,-0.95814234,-0.40655518,0.33157349999999997,0.38250732,-0.24121046000000002,-1.2702947,-0.8751901999999999,-0.67471313,0.18450928,0.6032715,-0.09342813500000001,-0.98152035,-0.9384882,-1.0107422,0.046875,0.77926636,0.22453976,-0.71491766,-1.0312283,-0.6829223600000001,-0.15637207,0.5750122,-0.08380723,-0.334028,-0.72698945,-0.5338134999999999,-0.19369507,0.45962524,-0.18941139999999998,-0.16806614,-0.5160809,0.012329102000000002,-0.62316895,-0.15408325,-0.6325122,0.41285157,0.21397868,检查1变、2变高压侧进出线开关在分闸位置，开闭站201、202断路器在工作位置。
-0.7649231,0.19934082,0.6486510999999999,-0.07339501400000001,-1.0108483,-0.87423843,-0.43252563,0.3262024,0.6302185,-0.31864834000000003,-1.2913691,-1.0127542,-0.11224365,0.31414795,0.48254395,-0.52766335,-1.2699022,-0.9895149999999999,-0.18545532,0.21536255,0.4961853,-0.37638938,-1.1098038,-1.0624199,0.10470581,0.36807249999999997,0.49182129999999996,-0.5801533999999999,-1.1840239,-1.1076497,0.33880615000000003,0.27059937,0.53222656,-0.73142093,-1.0467209,-1.188006,0.5371399,0.24301147,0.62454224,-0.8635237,-1.0227126,-1.3123038,0.8497009,0.20553589,0.52685547,-1.095135,-1.0328916,-1.252465,0.82315063,0.23205566,0.47525024,-1.0395229,-1.1021303,-1.2129008,0.7307739,0.24136353,0.41046143,-0.9734334,-1.1668192,-1.1442254,0.5057068,0.2992859,0.36566162,-0.8300312999999999,-1.2534415,-1.0711474,0.13562012,0.27026367,0.40670776000000003,-0.54683506,-1.2394924999999999,-1.0703924,-0.21255493,0.33737183,0.37991333,-0.33370137,-1.3081417,-0.95814234,-0.40655518,0.33157349999999997,0.38250732,-0.24121046000000002,-1.2702947,-0.8751901999999999,-0.67471313,0.18450928,0.6032715,-0.09342813500000001,-0.98152035,-0.9384882,-1.0107422,0.046875,0.77926636,0.22453976,-0.71491766,-1.0312283,-0.6829223600000001,-0.15637207,0.5750122,-0.08380723,-0.334028,-0.72698945,-0.5338134999999999,-0.19369507,0.45962524,-0.18941139999999998,-0.16806614,-0.5160809,0.012329102000000002,-0.62316895,-0.15408325,-0.6325122,0.41285157,0.21397868,0.27581787,-0.7749634,0.044555664,-0.83744574,0.6119993,-0.00184457,检查1变、2变高压侧进出线开关在分闸位置，开闭站201、202断路器在工作位置。
-0.43252563,0.3262024,0.6302185,-0.31864834000000003,-1.2913691,-1.0127542,-0.11224365,0.31414795,0.48254395,-0.52766335,-1.2699022,-0.9895149999999999,-0.18545532,0.21536255,0.4961853,-0.37638938,-1.1098038,-1.0624199,0.10470581,0.36807249999999997,0.49182129999999996,-0.5801533999999999,-1.1840239,-1.1076497,0.33880615000000003,0.27059937,0.53222656,-0.73142093,-1.0467209,-1.188006,0.5371399,0.24301147,0.62454224,-0.8635237,-1.0227126,-1.3123038,0.8497009,0.20553589,0.52685547,-1.095135,-1.0328916,-1.252465,0.82315063,0.23205566,0.47525024,-1.0395229,-1.1021303,-1.2129008,0.7307739,0.24136353,0.41046143,-0.9734334,-1.1668192,-1.1442254,0.5057068,0.2992859,0.36566162,-0.8300312999999999,-1.2534415,-1.0711474,0.13562012,0.27026367,0.40670776000000003,-0.54683506,-1.2394924999999999,-1.0703924,-0.21255493,0.33737183,0.37991333,-0.33370137,-1.3081417,-0.95814234,-0.40655518,0.33157349999999997,0.38250732,-0.24121046000000002,-1.2702947,-0.8751901999999999,-0.67471313,0.18450928,0.6032715,-0.09342813500000001,-0.98152035,-0.9384882,-1.0107422,0.046875,0.77926636,0.22453976,-0.71491766,-1.0312283,-0.6829223600000001,-0.15637207,0.5750122,-0.08380723,-0.334028,-0.72698945,-0.5338134999999999,-0.19369507,0.45962524,-0.18941139999999998,-0.16806614,-0.5160809,0.012329102000000002,-0.62316895,-0.15408325,-0.6325122,0.41285157,0.21397868,0.27581787,-0.7749634,0.044555664,-0.83744574,0.6119993,-0.00184457,0.3944702,-0.8824768,-0.016662598,-0.8884156999999999,0.7366712,-0.036312327000000005,检查1变、2变高压侧进出线开关在分闸位置，开闭站201、202断路器在工作位置。
-0.11224365,0.31414795,0.48254395,-0.52766335,-1.2699022,-0.9895149999999999,-0.18545532,0.21536255,0.4961853,-0.37638938,-1.1098038,-1.0624199,0.10470581,0.36807249999999997,0.49182129999999996,-0.5801533999999999,-1.1840239,-1.1076497,0.33880615000000003,0.27059937,0.53222656,-0.73142093,-1.0467209,-1.188006,0.5371399,0.24301147,0.62454224,-0.8635237,-1.0227126,-1.3123038,0.8497009,0.20553589,0.52685547,-1.095135,-1.0328916,-1.252465,0.82315063,0.23205566,0.47525024,-1.0395229,-1.1021303,-1.2129008,0.7307739,0.24136353,0.41046143,-0.9734334,-1.1668192,-1.1442254,0.5057068,0.2992859,0.36566162,-0.8300312999999999,-1.2534415,-1.0711474,0.13562012,0.27026367,0.40670776000000003,-0.54683506,-1.2394924999999999,-1.0703924,-0.21255493,0.33737183,0.37991333,-0.33370137,-1.3081417,-0.95814234,-0.40655518,0.33157349999999997,0.38250732,-0.24121046000000002,-1.2702947,-0.8751901999999999,-0.67471313,0.18450928,0.6032715,-0.09342813500000001,-0.98152035,-0.9384882,-1.0107422,0.046875,0.77926636,0.22453976,-0.71491766,-1.0312283,-0.6829223600000001,-0.15637207,0.5750122,-0.08380723,-0.334028,-0.72698945,-0.5338134999999999,-0.19369507,0.45962524,-0.18941139999999998,-0.16806614,-0.5160809,0.012329102000000002,-0.62316895,-0.15408325,-0.6325122,0.41285157,0.21397868,0.27581787,-0.7749634,0.044555664,-0.83744574,0.6119993,-0.00184457,0.3944702,-0.8824768,-0.016662598,-0.8884156999999999,0.7366712,-0.036312327000000005,0.4029541,-0.3713684,-0.4258728,-0.9526639,0.15562165,0.33307955,检查1变、2变高压侧进出线开关在分闸位置，开闭站201、202断路器在工作位置。
-0.18545532,0.21536255,0.4961853,-0.37638938,-1.1098038,-1.0624199,0.10470581,0.36807249999999997,0.49182129999999996,-0.5801533999999999,-1.1840239,-1.1076497,0.33880615000000003,0.27059937,0.53222656,-0.73142093,-1.0467209,-1.188006,0.5371399,0.24301147,0.62454224,-0.8635237,-1.0227126,-1.3123038,0.8497009,0.20553589,0.52685547,-1.095135,-1.0328916,-1.252465,0.82315063,0.23205566,0.47525024,-1.0395229,-1.1021303,-1.2129008,0.7307739,0.24136353,0.41046143,-0.9734334,-1.1668192,-1.1442254,0.5057068,0.2992859,0.36566162,-0.8300312999999999,-1.2534415,-1.0711474,0.13562012,0.27026367,0.40670776000000003,-0.54683506,-1.2394924999999999,-1.0703924,-0.21255493,0.33737183,0.37991333,-0.33370137,-1.3081417,-0.95814234,-0.40655518,0.33157349999999997,0.38250732,-0.24121046000000002,-1.2702947,-0.8751901999999999,-0.67471313,0.18450928,0.6032715,-0.09342813500000001,-0.98152035,-0.9384882,-1.0107422,0.046875,0.77926636,0.22453976,-0.71491766,-1.0312283,-0.6829223600000001,-0.15637207,0.5750122,-0.08380723,-0.334028,-0.72698945,-0.5338134999999999,-0.19369507,0.45962524,-0.18941139999999998,-0.16806614,-0.5160809,0.012329102000000002,-0.62316895,-0.15408325,-0.6325122,0.41285157,0.21397868,0.27581787,-0.7749634,0.044555664,-0.83744574,0.6119993,-0.00184457,0.3944702,-0.8824768,-0.016662598,-0.8884156999999999,0.7366712,-0.036312327000000005,0.4029541,-0.3713684,-0.4258728,-0.9526639,0.15562165,0.33307955,0.23324585,0.01461792,-0.54589844,-0.86518425,-0.30974174,0.45274216,检查1变、2变高压侧进出线开关在分闸位置，开闭站201、202断路器在工作位置。
0.10470581,0.36807249999999997,0.49182129999999996,-0.5801533999999999,-1.1840239,-1.1076497,0.33880615000000003,0.27059937,0.53222656,-0.73142093,-1.0467209,-1.188006,0.5371399,0.24301147,0.62454224,-0.8635237,-1.0227126,-1.3123038,0.8497009,0.20553589,0.52685547,-1.095135,-1.0328916,-1.252465,0.82315063,0.23205566,0.47525024,-1.0395229,-1.1021303,-1.2129008,0.7307739,0.24136353,0.41046143,-0.9734334,-1.1668192,-1.1442254,0.5057068,0.2992859,0.36566162,-0.8300312999999999,-1.2534415,-1.0711474,0.13562012,0.27026367,0.40670776000000003,-0.54683506,-1.2394924999999999,-1.0703924,-0.21255493,0.33737183,0.37991333,-0.33370137,-1.3081417,-0.95814234,-0.40655518,0.33157349999999997,0.38250732,-0.24121046000000002,-1.2702947,-0.8751901999999999,-0.67471313,0.18450928,0.6032715,-0.09342813500000001,-0.98152035,-0.9384882,-1.0107422,0.046875,0.77926636,0.22453976,-0.71491766,-1.0312283,-0.6829223600000001,-0.15637207,0.5750122,-0.08380723,-0.334028,-0.72698945,-0.5338134999999999,-0.19369507,0.45962524,-0.18941139999999998,-0.16806614,-0.5160809,0.012329102000000002,-0.62316895,-0.15408325,-0.6325122,0.41285157,0.21397868,0.27581787,-0.7749634,0.044555664,-0.83744574,0.6119993,-0.00184457,0.3944702,-0.8824768,-0.016662598,-0.8884156999999999,0.7366712,-0.036312327000000005,0.4029541,-0.3713684,-0.4258728,-0.9526639,0.15562165,0.33307955,0.23324585,0.01461792,-0.54589844,-0.86518425,-0.30974174,0.45274216,-0.21871948,0.068603516,-0.1595459,-0.5725857,-0.5454682,0.09337199,检查1变、2变高压侧进出线开关在分闸位置，开闭站201、202断路器在工作位置。
0.33880615000000003,0.27059937,0.53222656,-0.73142093,-1.0467209,-1.188006,0.5371399,0.24301147,0.62454224,-0.8635237,-1.0227126,-1.3123038,0.8497009,0.20553589,0.52685547,-1.095135,-1.0328916,-1.252465,0.82315063,0.23205566,0.47525024,-1.0395229,-1.1021303,-1.2129008,0.7307739,0.24136353,0.41046143,-0.9734334,-1.1668192,-1.1442254,0.5057068,0.2992859,0.36566162,-0.8300312999999999,-1.2534415,-1.0711474,0.13562012,0.27026367,0.40670776000000003,-0.54683506,-1.2394924999999999,-1.0703924,-0.21255493,0.33737183,0.37991333,-0.33370137,-1.3081417,-0.95814234,-0.40655518,0.33157349999999997,0.38250732,-0.24121046000000002,-1.2702947,-0.8751901999999999,-0.67471313,0.18450928,0.6032715,-0.09342813500000001,-0.98152035,-0.9384882,-1.0107422,0.046875,0.77926636,0.22453976,-0.71491766,-1.0312283,-0.6829223600000001,-0.15637207,0.5750122,-0.08380723,-0.334028,-0.72698945,-0.5338134999999999,-0.19369507,0.45962524,-0.18941139999999998,-0.16806614,-0.5160809,0.012329102000000002,-0.62316895,-0.15408325,-0.6325122,0.41285157,0.21397868,0.27581787,-0.7749634,0.044555664,-0.83744574,0.6119993,-0.00184457,0.3944702,-0.8824768,-0.016662598,-0.8884156999999999,0.7366712,-0.036312327000000005,0.4029541,-0.3713684,-0.4258728,-0.9526639,0.15562165,0.33307955,0.23324585,0.01461792,-0.54589844,-0.86518425,-0.30974174,0.45274216,-0.21871948,0.068603516,-0.1595459,-0.5725857,-0.5454682,0.09337199,-0.4031372,0.17800903,0.02960205,-0.45259738,-0.7838634,-0.091083035,检查1变、2变高压侧进出线开关在分闸位置，开闭站201、202断路器在工作位置。
0.5371399,0.24301147,0.62454224,-0.8635237,-1.0227126,-1.3123038,0.8497009,0.20553589,0.52685547,-1.095135,-1.0328916,-1.252465,0.82315063,0.23205566,0.47525024,-1.0395229,-1.1021303,-1.2129008,0.7307739,0.24136353,0.41046143,-0.9734334,-1.1668192,-1.1442254,0.5057068,0.2992859,0.36566162,-0.8300312999999999,-1.2534415,-1.0711474,0.13562012,0.27026367,0.40670776000000003,-0.54683506,-1.2394924999999999,-1.0703924,-0.21255493,0.33737183,0.37991333,-0.33370137,-1.3081417,-0.95814234,-0.40655518,0.33157349999999997,0.38250732,-0.24121046000000002,-1.2702947,-0.8751901999999999,-0.67471313,0.18450928,0.6032715,-0.09342813500000001,-0.98152035,-0.9384882,-1.0107422,0.046875,0.77926636,0.22453976,-0.71491766,-1.0312283,-0.6829223600000001,-0.15637207,0.5750122,-0.08380723,-0.334028,-0.72698945,-0.5338134999999999,-0.19369507,0.45962524,-0.18941139999999998,-0.16806614,-0.5160809,0.012329102000000002,-0.62316895,-0.15408325,-0.6325122,0.41285157,0.21397868,0.27581787,-0.7749634,0.044555664,-0.83744574,0.6119993,-0.00184457,0.3944702,-0.8824768,-0.016662598,-0.8884156999999999,0.7366712,-0.036312327000000005,0.4029541,-0.3713684,-0.4258728,-0.9526639,0.15562165,0.33307955,0.23324585,0.01461792,-0.54589844,-0.86518425,-0.30974174,0.45274216,-0.21871948,0.068603516,-0.1595459,-0.5725857,-0.5454682,0.09337199,-0.4031372,0.17800903,0.02960205,-0.45259738,-0.7838634,-0.091083035,-0.44491577,0.3307495,-0.0105896,-0.43489277,-1.028553,-0.066811875,检查1变、2变高压侧进出线开关在分闸位置，开闭站201、202断路器在工作位置。
0.8497009,0.20553589,0.52685547,-1.095135,-1.0328916,-1.252465,0.82315063,0.23205566,0.47525024,-1.0395229,-1.1021303,-1.2129008,0.7307739,0.24136353,0.41046143,-0.9734334,-1.1668192,-1.1442254,0.5057068,0.2992859,0.36566162,-0.8300312999999999,-1.2534415,-1.0711474,0.13562012,0.27026367,0.40670776000000003,-0.54683506,-1.2394924999999999,-1.0703924,-0.21255493,0.33737183,0.37991333,-0.33370137,-1.3081417,-0.95814234,-0.40655518,0.33157349999999997,0.38250732,-0.24121046000000002,-1.2702947,-0.8751901999999999,-0.67471313,0.18450928,0.6032715,-0.09342813500000001,-0.98152035,-0.9384882,-1.0107422,0.046875,0.77926636,0.22453976,-0.71491766,-1.0312283,-0.6829223600000001,-0.15637207,0.5750122,-0.08380723,-0.334028,-0.72698945,-0.5338134999999999,-0.19369507,0.45962524,-0.18941139999999998,-0.16806614,-0.5160809,0.012329102000000002,-0.62316895,-0.15408325,-0.6325122,0.41285157,0.21397868,0.27581787,-0.7749634,0.044555664,-0.83744574,0.6119993,-0.00184457,0.3944702,-0.8824768,-0.016662598,-0.8884156999999999,0.7366712,-0.036312327000000005,0.4029541,-0.3713684,-0.4258728,-0.9526639,0.15562165,0.33307955,0.23324585,0.01461792,-0.54589844,-0.86518425,-0.30974174,0.45274216,-0.21871948,0.068603516,-0.1595459,-0.5725857,-0.5454682,0.09337199,-0.4031372,0.17800903,0.02960205,-0.45259738,-0.7838634,-0.091083035,-0.44491577,0.3307495,-0.0105896,-0.43489277,-1.028553,-0.066811875,-0.44491577,0.3307495,-0.0105896,-0.43489277,-1.028553,-0.066811875,检查1变、2变高压侧进出线开关在分闸位置，开闭站201、202断路器在工作位置。
0.82315063,0.23205566,0.47525024,-1.0395229,-1.1021303,-1.2129008,0.7307739,0.24136353,0.41046143,-0.9734334,-1.1668192,-1.1442254,0.5057068,0.2992859,0.36566162,-0.8300312999999999,-1.2534415,-1.0711474,0.13562012,0.27026367,0.40670776000000003,-0.54683506,-1.2394924999999999,-1.0703924,-0.21255493,0.33737183,0.37991333,-0.33370137,-1.3081417,-0.95814234,-0.40655518,0.33157349999999997,0.38250732,-0.24121046000000002,-1.2702947,-0.8751901999999999,-0.67471313,0.18450928,0.6032715,-0.09342813500000001,-0.98152035,-0.9384882,-1.0107422,0.046875,0.77926636,0.22453976,-0.71491766,-1.0312283,-0.6829223600000001,-0.15637207,0.5750122,-0.08380723,-0.334028,-0.72698945,-0.5338134999999999,-0.19369507,0.45962524,-0.18941139999999998,-0.16806614,-0.5160809,0.012329102000000002,-0.62316895,-0.15408325,-0.6325122,0.41285157,0.21397868,0.27581787,-0.7749634,0.044555664,-0.83744574,0.6119993,-0.00184457,0.3944702,-0.8824768,-0.016662598,-0.8884156999999999,0.7366712,-0.036312327000000005,0.4029541,-0.3713684,-0.4258728,-0.9526639,0.15562165,0.33307955,0.23324585,0.01461792,-0.54589844,-0.86518425,-0.30974174,0.45274216,-0.21871948,0.068603516,-0.1595459,-0.5725857,-0.5454682,0.09337199,-0.4031372,0.17800903,0.02960205,-0.45259738,-0.7838634,-0.091083035,-0.44491577,0.3307495,-0.0105896,-0.43489277,-1.028553,-0.066811875,-0.44491577,0.3307495,-0.0105896,-0.43489277,-1.028553,-0.066811875,-0.11843872,0.5765990999999999,-0.0002746582,-0.7218337,-1.5901678000000001,-0.2562816,检查1变、2变高压侧进出线开关在分闸位置，开闭站201、202断路器在工作位置。
0.7307739,0.24136353,0.41046143,-0.9734334,-1.1668192,-1.1442254,0.5057068,0.2992859,0.36566162,-0.8300312999999999,-1.2534415,-1.0711474,0.13562012,0.27026367,0.40670776000000003,-0.54683506,-1.2394924999999999,-1.0703924,-0.21255493,0.33737183,0.37991333,-0.33370137,-1.3081417,-0.95814234,-0.40655518,0.33157349999999997,0.38250732,-0.24121046000000002,-1.2702947,-0.8751901999999999,-0.67471313,0.18450928,0.6032715,-0.09342813500000001,-0.98152035,-0.9384882,-1.0107422,0.046875,0.77926636,0.22453976,-0.71491766,-1.0312283,-0.6829223600000001,-0.15637207,0.5750122,-0.08380723,-0.334028,-0.72698945,-0.5338134999999999,-0.19369507,0.45962524,-0.18941139999999998,-0.16806614,-0.5160809,0.012329102000000002,-0.62316895,-0.15408325,-0.6325122,0.41285157,0.21397868,0.27581787,-0.7749634,0.044555664,-0.83744574,0.6119993,-0.00184457,0.3944702,-0.8824768,-0.016662598,-0.8884156999999999,0.7366712,-0.036312327000000005,0.4029541,-0.3713684,-0.4258728,-0.9526639,0.15562165,0.33307955,0.23324585,0.01461792,-0.54589844,-0.86518425,-0.30974174,0.45274216,-0.21871948,0.068603516,-0.1595459,-0.5725857,-0.5454682,0.09337199,-0.4031372,0.17800903,0.02960205,-0.45259738,-0.7838634,-0.091083035,-0.44491577,0.3307495,-0.0105896,-0.43489277,-1.028553,-0.066811875,-0.44491577,0.3307495,-0.0105896,-0.43489277,-1.028553,-0.066811875,-0.11843872,0.5765990999999999,-0.0002746582,-0.7218337,-1.5901678000000001,-0.2562816,0.14465332,0.76608276,0.5574646,-0.86909145,-1.8611007,-0.96932894,检查1变、2变高压侧进出线开关在分闸位置，开闭站201、202断路器在工作位置。
0.5057068,0.2992859,0.36566162,-0.8300312999999999,-1.2534415,-1.0711474,0.13562012,0.27026367,0.40670776000000003,-0.54683506,-1.2394924999999999,-1.0703924,-0.21255493,0.33737183,0.37991333,-0.33370137,-1.3081417,-0.95814234,-0.40655518,0.33157349999999997,0.38250732,-0.24121046000000002,-1.2702947,-0.8751901999999999,-0.67471313,0.18450928,0.6032715,-0.09342813500000001,-0.98152035,-0.9384882,-1.0107422,0.046875,0.77926636,0.22453976,-0.71491766,-1.0312283,-0.6829223600000001,-0.15637207,0.5750122,-0.08380723,-0.334028,-0.72698945,-0.5338134999999999,-0.19369507,0.45962524,-0.18941139999999998,-0.16806614,-0.5160809,0.012329102000000002,-0.62316895,-0.15408325,-0.6325122,0.41285157,0.21397868,0.27581787,-0.7749634,0.044555664,-0.83744574,0.6119993,-0.00184457,0.3944702,-0.8824768,-0.016662598,-0.8884156999999999,0.7366712,-0.036312327000000005,0.4029541,-0.3713684,-0.4258728,-0.9526639,0.15562165,0.33307955,0.23324585,0.01461792,-0.54589844,-0.86518425,-0.30974174,0.45274216,-0.21871948,0.068603516,-0.1595459,-0.5725857,-0.5454682,0.09337199,-0.4031372,0.17800903,0.02960205,-0.45259738,-0.7838634,-0.091083035,-0.44491577,0.3307495,-0.0105896,-0.43489277,-1.028553,-0.066811875,-0.44491577,0.3307495,-0.0105896,-0.43489277,-1.028553,-0.066811875,-0.11843872,0.5765990999999999,-0.0002746582,-0.7218337,-1.5901678000000001,-0.2562816,0.14465332,0.76608276,0.5574646,-0.86909145,-1.8611007,-0.96932894,0.47079468,0.47952269999999997,0.020446777000000003,-1.0899935,-1.5467829,-0.5500267,检查1变、2变高压侧进出线开关在分闸位置，开闭站201、202断路器在工作位置。
0.13562012,0.27026367,0.40670776000000003,-0.54683506,-1.2394924999999999,-1.0703924,-0.21255493,0.33737183,0.37991333,-0.33370137,-1.3081417,-0.95814234,-0.40655518,0.33157349999999997,0.38250732,-0.24121046000000002,-1.2702947,-0.8751901999999999,-0.67471313,0.18450928,0.6032715,-0.09342813500000001,-0.98152035,-0.9384882,-1.0107422,0.046875,0.77926636,0.22453976,-0.71491766,-1.0312283,-0.6829223600000001,-0.15637207,0.5750122,-0.08380723,-0.334028,-0.72698945,-0.5338134999999999,-0.19369507,0.45962524,-0.18941139999999998,-0.16806614,-0.5160809,0.012329102000000002,-0.62316895,-0.15408325,-0.6325122,0.41285157,0.21397868,0.27581787,-0.7749634,0.044555664,-0.83744574,0.6119993,-0.00184457,0.3944702,-0.8824768,-0.016662598,-0.8884156999999999,0.7366712,-0.036312327000000005,0.4029541,-0.3713684,-0.4258728,-0.9526639,0.15562165,0.33307955,0.23324585,0.01461792,-0.54589844,-0.86518425,-0.30974174,0.45274216,-0.21871948,0.068603516,-0.1595459,-0.5725857,-0.5454682,0.09337199,-0.4031372,0.17800903,0.02960205,-0.45259738,-0.7838634,-0.091083035,-0.44491577,0.3307495,-0.0105896,-0.43489277,-1.028553,-0.066811875,-0.44491577,0.3307495,-0.0105896,-0.43489277,-1.028553,-0.066811875,-0.11843872,0.5765990999999999,-0.0002746582,-0.7218337,-1.5901678000000001,-0.2562816,0.14465332,0.76608276,0.5574646,-0.86909145,-1.8611007,-0.96932894,0.47079468,0.47952269999999997,0.020446777000000003,-1.0899935,-1.5467829,-0.5500267,0.5571288999999999,0.5725707999999999,0.17028809,-1.1081145,-1.5699873,-0.7574618999999999,检查1变、2变高压侧进出线开关在分闸位置，开闭站201、202断路器在工作位置。
-0.21255493,0.33737183,0.37991333,-0.33370137,-1.3081417,-0.95814234,-0.40655518,0.33157349999999997,0.38250732,-0.24121046000000002,-1.2702947,-0.8751901999999999,-0.67471313,0.18450928,0.6032715,-0.09342813500000001,-0.98152035,-0.9384882,-1.0107422,0.046875,0.77926636,0.22453976,-0.71491766,-1.0312283,-0.6829223600000001,-0.15637207,0.5750122,-0.08380723,-0.334028,-0.72698945,-0.5338134999999999,-0.19369507,0.45962524,-0.18941139999999998,-0.16806614,-0.5160809,0.012329102000000002,-0.62316895,-0.15408325,-0.6325122,0.41285157,0.21397868,0.27581787,-0.7749634,0.044555664,-0.83744574,0.6119993,-0.00184457,0.3944702,-0.8824768,-0.016662598,-0.8884156999999999,0.7366712,-0.036312327000000005,0.4029541,-0.3713684,-0.4258728,-0.9526639,0.15562165,0.33307955,0.23324585,0.01461792,-0.54589844,-0.86518425,-0.30974174,0.45274216,-0.21871948,0.068603516,-0.1595459,-0.5725857,-0.5454682,0.09337199,-0.4031372,0.17800903,0.02960205,-0.45259738,-0.7838634,-0.091083035,-0.44491577,0.3307495,-0.0105896,-0.43489277,-1.028553,-0.066811875,-0.44491577,0.3307495,-0.0105896,-0.43489277,-1.028553,-0.066811875,-0.11843872,0.5765990999999999,-0.0002746582,-0.7218337,-1.5901678000000001,-0.2562816,0.14465332,0.76608276,0.5574646,-0.86909145,-1.8611007,-0.96932894,0.47079468,0.47952269999999997,0.020446777000000003,-1.0899935,-1.5467829,-0.5500267,0.5571288999999999,0.5725707999999999,0.17028809,-1.1081145,-1.5699873,-0.7574618999999999,0.55895996,0.5391846,0.30001829999999996,-1.0854712,-1.4951515,-0.9041895,检查1变、2变高压侧进出线开关在分闸位置，开闭站201、202断路器在工作位置。
-0.40655518,0.33157349999999997,0.38250732,-0.24121046000000002,-1.2702947,-0.8751901999999999,-0.67471313,0.18450928,0.6032715,-0.09342813500000001,-0.98152035,-0.9384882,-1.0107422,0.046875,0.77926636,0.22453976,-0.71491766,-1.0312283,-0.6829223600000001,-0.15637207,0.5750122,-0.08380723,-0.334028,-0.72698945,-0.5338134999999999,-0.19369507,0.45962524,-0.18941139999999998,-0.16806614,-0.5160809,0.012329102000000002,-0.62316895,-0.15408325,-0.6325122,0.41285157,0.21397868,0.27581787,-0.7749634,0.044555664,-0.83744574,0.6119993,-0.00184457,0.3944702,-0.8824768,-0.016662598,-0.8884156999999999,0.7366712,-0.036312327000000005,0.4029541,-0.3713684,-0.4258728,-0.9526639,0.15562165,0.33307955,0.23324585,0.01461792,-0.54589844,-0.86518425,-0.30974174,0.45274216,-0.21871948,0.068603516,-0.1595459,-0.5725857,-0.5454682,0.09337199,-0.4031372,0.17800903,0.02960205,-0.45259738,-0.7838634,-0.091083035,-0.44491577,0.3307495,-0.0105896,-0.43489277,-1.028553,-0.066811875,-0.44491577,0.3307495,-0.0105896,-0.43489277,-1.028553,-0.066811875,-0.11843872,0.5765990999999999,-0.0002746582,-0.7218337,-1.5901678000000001,-0.2562816,0.14465332,0.76608276,0.5574646,-0.86909145,-1.8611007,-0.96932894,0.47079468,0.47952269999999997,0.020446777000000003,-1.0899935,-1.5467829,-0.5500267,0.5571288999999999,0.5725707999999999,0.17028809,-1.1081145,-1.5699873,-0.7574618999999999,0.55895996,0.5391846,0.30001829999999996,-1.0854712,-1.4951515,-0.9041895,0.5469971,0.3416443,0.36950684,-1.0622277,-1.2706879,-0.9814063999999999,检查1变、2变高压侧进出线开关在分闸位置，开闭站201、202断路器在工作位置。
-0.67471313,0.18450928,0.6032715,-0.09342813500000001,-0.98152035,-0.9384882,-1.0107422,0.046875,0.77926636,0.22453976,-0.71491766,-1.0312283,-0.6829223600000001,-0.15637207,0.5750122,-0.08380723,-0.334028,-0.72698945,-0.5338134999999999,-0.19369507,0.45962524,-0.18941139999999998,-0.16806614,-0.5160809,0.012329102000000002,-0.62316895,-0.15408325,-0.6325122,0.41285157,0.21397868,0.27581787,-0.7749634,0.044555664,-0.83744574,0.6119993,-0.00184457,0.3944702,-0.8824768,-0.016662598,-0.8884156999999999,0.7366712,-0.036312327000000005,0.4029541,-0.3713684,-0.4258728,-0.9526639,0.15562165,0.33307955,0.23324585,0.01461792,-0.54589844,-0.86518425,-0.30974174,0.45274216,-0.21871948,0.068603516,-0.1595459,-0.5725857,-0.5454682,0.09337199,-0.4031372,0.17800903,0.02960205,-0.45259738,-0.7838634,-0.091083035,-0.44491577,0.3307495,-0.0105896,-0.43489277,-1.028553,-0.066811875,-0.44491577,0.3307495,-0.0105896,-0.43489277,-1.028553,-0.066811875,-0.11843872,0.5765990999999999,-0.0002746582,-0.7218337,-1.5901678000000001,-0.2562816,0.14465332,0.76608276,0.5574646,-0.86909145,-1.8611007,-0.96932894,0.47079468,0.47952269999999997,0.020446777000000003,-1.0899935,-1.5467829,-0.5500267,0.5571288999999999,0.5725707999999999,0.17028809,-1.1081145,-1.5699873,-0.7574618999999999,0.55895996,0.5391846,0.30001829999999996,-1.0854712,-1.4951515,-0.9041895,0.5469971,0.3416443,0.36950684,-1.0622277,-1.2706879,-0.9814063999999999,0.5074463,0.25503539999999997,0.40802002,-1.0251272,-1.1814212,-1.0183779,检查1变、2变高压侧进出线开关在分闸位置，开闭站201、202断路器在工作位置。
-1.0107422,0.046875,0.77926636,0.22453976,-0.71491766,-1.0312283,-0.6829223600000001,-0.15637207,0.5750122,-0.08380723,-0.334028,-0.72698945,-0.5338134999999999,-0.19369507,0.45962524,-0.18941139999999998,-0.16806614,-0.5160809,0.012329102000000002,-0.62316895,-0.15408325,-0.6325122,0.41285157,0.21397868,0.27581787,-0.7749634,0.044555664,-0.83744574,0.6119993,-0.00184457,0.3944702,-0.8824768,-0.016662598,-0.8884156999999999,0.7366712,-0.036312327000000005,0.4029541,-0.3713684,-0.4258728,-0.9526639,0.15562165,0.33307955,0.23324585,0.01461792,-0.54589844,-0.86518425,-0.30974174,0.45274216,-0.21871948,0.068603516,-0.1595459,-0.5725857,-0.5454682,0.09337199,-0.4031372,0.17800903,0.02960205,-0.45259738,-0.7838634,-0.091083035,-0.44491577,0.3307495,-0.0105896,-0.43489277,-1.028553,-0.066811875,-0.44491577,0.3307495,-0.0105896,-0.43489277,-1.028553,-0.066811875,-0.11843872,0.5765990999999999,-0.0002746582,-0.7218337,-1.5901678000000001,-0.2562816,0.14465332,0.76608276,0.5574646,-0.86909145,-1.8611007,-0.96932894,0.47079468,0.47952269999999997,0.020446777000000003,-1.0899935,-1.5467829,-0.5500267,0.5571288999999999,0.5725707999999999,0.17028809,-1.1081145,-1.5699873,-0.7574618999999999,0.55895996,0.5391846,0.30001829999999996,-1.0854712,-1.4951515,-0.9041895,0.5469971,0.3416443,0.36950684,-1.0622277,-1.2706879,-0.9814063999999999,0.5074463,0.25503539999999997,0.40802002,-1.0251272,-1.1814212,-1.0183779,0.26556396,0.26300049999999997,0.51397705,-0.79085684,-1.187794,-1.1154206,检查1变、2变高压侧进出线开关在分闸位置，开闭站201、202断路器在工作位置。
-0.6829223600000001,-0.15637207,0.5750122,-0.08380723,-0.334028,-0.72698945,-0.5338134999999999,-0.19369507,0.45962524,-0.18941139999999998,-0.16806614,-0.5160809,0.012329102000000002,-0.62316895,-0.15408325,-0.6325122,0.41285157,0.21397868,0.27581787,-0.7749634,0.044555664,-0.83744574,0.6119993,-0.00184457,0.3944702,-0.8824768,-0.016662598,-0.8884156999999999,0.7366712,-0.036312327000000005,0.4029541,-0.3713684,-0.4258728,-0.9526639,0.15562165,0.33307955,0.23324585,0.01461792,-0.54589844,-0.86518425,-0.30974174,0.45274216,-0.21871948,0.068603516,-0.1595459,-0.5725857,-0.5454682,0.09337199,-0.4031372,0.17800903,0.02960205,-0.45259738,-0.7838634,-0.091083035,-0.44491577,0.3307495,-0.0105896,-0.43489277,-1.028553,-0.066811875,-0.44491577,0.3307495,-0.0105896,-0.43489277,-1.028553,-0.066811875,-0.11843872,0.5765990999999999,-0.0002746582,-0.7218337,-1.5901678000000001,-0.2562816,0.14465332,0.76608276,0.5574646,-0.86909145,-1.8611007,-0.96932894,0.47079468,0.47952269999999997,0.020446777000000003,-1.0899935,-1.5467829,-0.5500267,0.5571288999999999,0.5725707999999999,0.17028809,-1.1081145,-1.5699873,-0.7574618999999999,0.55895996,0.5391846,0.30001829999999996,-1.0854712,-1.4951515,-0.9041895,0.5469971,0.3416443,0.36950684,-1.0622277,-1.2706879,-0.9814063999999999,0.5074463,0.25503539999999997,0.40802002,-1.0251272,-1.1814212,-1.0183779,0.26556396,0.26300049999999997,0.51397705,-0.79085684,-1.187794,-1.1154206,0.062683105,0.1954956,0.45227049999999996,-0.6181983,-1.1126184,-1.0293412,检查1变、2变高压侧进出线开关在分闸位置，开闭站201、202断路器在工作位置。
-0.5338134999999999,-0.19369507,0.45962524,-0.18941139999999998,-0.16806614,-0.5160809,0.012329102000000002,-0.62316895,-0.15408325,-0.6325122,0.41285157,0.21397868,0.27581787,-0.7749634,0.044555664,-0.83744574,0.6119993,-0.00184457,0.3944702,-0.8824768,-0.016662598,-0.8884156999999999,0.7366712,-0.036312327000000005,0.4029541,-0.3713684,-0.4258728,-0.9526639,0.15562165,0.33307955,0.23324585,0.01461792,-0.54589844,-0.86518425,-0.30974174,0.45274216,-0.21871948,0.068603516,-0.1595459,-0.5725857,-0.5454682,0.09337199,-0.4031372,0.17800903,0.02960205,-0.45259738,-0.7838634,-0.091083035,-0.44491577,0.3307495,-0.0105896,-0.43489277,-1.028553,-0.066811875,-0.44491577,0.3307495,-0.0105896,-0.43489277,-1.028553,-0.066811875,-0.11843872,0.5765990999999999,-0.0002746582,-0.7218337,-1.5901678000000001,-0.2562816,0.14465332,0.76608276,0.5574646,-0.86909145,-1.8611007,-0.96932894,0.47079468,0.47952269999999997,0.020446777000000003,-1.0899935,-1.5467829,-0.5500267,0.5571288999999999,0.5725707999999999,0.17028809,-1.1081145,-1.5699873,-0.7574618999999999,0.55895996,0.5391846,0.30001829999999996,-1.0854712,-1.4951515,-0.9041895,0.5469971,0.3416443,0.36950684,-1.0622277,-1.2706879,-0.9814063999999999,0.5074463,0.25503539999999997,0.40802002,-1.0251272,-1.1814212,-1.0183779,0.26556396,0.26300049999999997,0.51397705,-0.79085684,-1.187794,-1.1154206,0.062683105,0.1954956,0.45227049999999996,-0.6181983,-1.1126184,-1.0293412,0.00970459,0.1078186,0.35238647,-0.6078847,-1.0013363,-0.89513725,检查1变、2变高压侧进出线开关在分闸位置，开闭站201、202断路器在工作位置。
0.012329102000000002,-0.62316895,-0.15408325,-0.6325122,0.41285157,0.21397868,0.27581787,-0.7749634,0.044555664,-0.83744574,0.6119993,-0.00184457,0.3944702,-0.8824768,-0.016662598,-0.8884156999999999,0.7366712,-0.036312327000000005,0.4029541,-0.3713684,-0.4258728,-0.9526639,0.15562165,0.33307955,0.23324585,0.01461792,-0.54589844,-0.86518425,-0.30974174,0.45274216,-0.21871948,0.068603516,-0.1595459,-0.5725857,-0.5454682,0.09337199,-0.4031372,0.17800903,0.02960205,-0.45259738,-0.7838634,-0.091083035,-0.44491577,0.3307495,-0.0105896,-0.43489277,-1.028553,-0.066811875,-0.44491577,0.3307495,-0.0105896,-0.43489277,-1.028553,-0.066811875,-0.11843872,0.5765990999999999,-0.0002746582,-0.7218337,-1.5901678000000001,-0.2562816,0.14465332,0.76608276,0.5574646,-0.86909145,-1.8611007,-0.96932894,0.47079468,0.47952269999999997,0.020446777000000003,-1.0899935,-1.5467829,-0.5500267,0.5571288999999999,0.5725707999999999,0.17028809,-1.1081145,-1.5699873,-0.7574618999999999,0.55895996,0.5391846,0.30001829999999996,-1.0854712,-1.4951515,-0.9041895,0.5469971,0.3416443,0.36950684,-1.0622277,-1.2706879,-0.9814063999999999,0.5074463,0.25503539999999997,0.40802002,-1.0251272,-1.1814212,-1.0183779,0.26556396,0.26300049999999997,0.51397705,-0.79085684,-1.187794,-1.1154206,0.062683105,0.1954956,0.45227049999999996,-0.6181983,-1.1126184,-1.0293412,0.00970459,0.1078186,0.35238647,-0.6078847,-1.0013363,-0.89513725,0.011108398,0.12716675,0.3399048,-0.68010265,-0.9544080500000001,-0.81103116,检查1变、2变高压侧进出线开关在分闸位置，开闭站201、202断路器在工作位置。
0.27581787,-0.7749634,0.044555664,-0.83744574,0.6119993,-0.00184457,0.3944702,-0.8824768,-0.016662598,-0.8884156999999999,0.7366712,-0.036312327000000005,0.4029541,-0.3713684,-0.4258728,-0.9526639,0.15562165,0.33307955,0.23324585,0.01461792,-0.54589844,-0.86518425,-0.30974174,0.45274216,-0.21871948,0.068603516,-0.1595459,-0.5725857,-0.5454682,0.09337199,-0.4031372,0.17800903,0.02960205,-0.45259738,-0.7838634,-0.091083035,-0.44491577,0.3307495,-0.0105896,-0.43489277,-1.028553,-0.066811875,-0.44491577,0.3307495,-0.0105896,-0.43489277,-1.028553,-0.066811875,-0.11843872,0.5765990999999999,-0.0002746582,-0.7218337,-1.5901678000000001,-0.2562816,0.14465332,0.76608276,0.5574646,-0.86909145,-1.8611007,-0.96932894,0.47079468,0.47952269999999997,0.020446777000000003,-1.0899935,-1.5467829,-0.5500267,0.5571288999999999,0.5725707999999999,0.17028809,-1.1081145,-1.5699873,-0.7574618999999999,0.55895996,0.5391846,0.30001829999999996,-1.0854712,-1.4951515,-0.9041895,0.5469971,0.3416443,0.36950684,-1.0622277,-1.2706879,-0.9814063999999999,0.5074463,0.25503539999999997,0.40802002,-1.0251272,-1.1814212,-1.0183779,0.26556396,0.26300049999999997,0.51397705,-0.79085684,-1.187794,-1.1154206,0.062683105,0.1954956,0.45227049999999996,-0.6181983,-1.1126184,-1.0293412,0.00970459,0.1078186,0.35238647,-0.6078847,-1.0013363,-0.89513725,0.011108398,0.12716675,0.3399048,-0.68010265,-0.9544080500000001,-0.81103116,-0.052551270000000004,0.16589355,0.44082642,-0.6784869,-0.8896894999999999,-0.81344455,检查1变、2变高压侧进出线开关在分闸位置，开闭站201、202断路器在工作位置。
0.3944702,-0.8824768,-0.016662598,-0.8884156999999999,0.7366712,-0.036312327000000005,0.4029541,-0.3713684,-0.4258728,-0.9526639,0.15562165,0.33307955,0.23324585,0.01461792,-0.54589844,-0.86518425,-0.30974174,0.45274216,-0.21871948,0.068603516,-0.1595459,-0.5725857,-0.5454682,0.09337199,-0.4031372,0.17800903,0.02960205,-0.45259738,-0.7838634,-0.091083035,-0.44491577,0.3307495,-0.0105896,-0.43489277,-1.028553,-0.066811875,-0.44491577,0.3307495,-0.0105896,-0.43489277,-1.028553,-0.066811875,-0.11843872,0.5765990999999999,-0.0002746582,-0.7218337,-1.5901678000000001,-0.2562816,0.14465332,0.76608276,0.5574646,-0.86909145,-1.8611007,-0.96932894,0.47079468,0.47952269999999997,0.020446777000000003,-1.0899935,-1.5467829,-0.5500267,0.5571288999999999,0.5725707999999999,0.17028809,-1.1081145,-1.5699873,-0.7574618999999999,0.55895996,0.5391846,0.30001829999999996,-1.0854712,-1.4951515,-0.9041895,0.5469971,0.3416443,0.36950684,-1.0622277,-1.2706879,-0.9814063999999999,0.5074463,0.25503539999999997,0.40802002,-1.0251272,-1.1814212,-1.0183779,0.26556396,0.26300049999999997,0.51397705,-0.79085684,-1.187794,-1.1154206,0.062683105,0.1954956,0.45227049999999996,-0.6181983,-1.1126184,-1.0293412,0.00970459,0.1078186,0.35238647,-0.6078847,-1.0013363,-0.89513725,0.011108398,0.12716675,0.3399048,-0.68010265,-0.9544080500000001,-0.81103116,-0.052551270000000004,0.16589355,0.44082642,-0.6784869,-0.8896894999999999,-0.81344455,-0.14016724,0.18109131,0.49740599999999996,-0.62064576,-0.7906120400000001,-0.7672588,检查1变、2变高压侧进出线开关在分闸位置，开闭站201、202断路器在工作位置。
0.4029541,-0.3713684,-0.4258728,-0.9526639,0.15562165,0.33307955,0.23324585,0.01461792,-0.54589844,-0.86518425,-0.30974174,0.45274216,-0.21871948,0.068603516,-0.1595459,-0.5725857,-0.5454682,0.09337199,-0.4031372,0.17800903,0.02960205,-0.45259738,-0.7838634,-0.091083035,-0.44491577,0.3307495,-0.0105896,-0.43489277,-1.028553,-0.066811875,-0.44491577,0.3307495,-0.0105896,-0.43489277,-1.028553,-0.066811875,-0.11843872,0.5765990999999999,-0.0002746582,-0.7218337,-1.5901678000000001,-0.2562816,0.14465332,0.76608276,0.5574646,-0.86909145,-1.8611007,-0.96932894,0.47079468,0.47952269999999997,0.020446777000000003,-1.0899935,-1.5467829,-0.5500267,0.5571288999999999,0.5725707999999999,0.17028809,-1.1081145,-1.5699873,-0.7574618999999999,0.55895996,0.5391846,0.30001829999999996,-1.0854712,-1.4951515,-0.9041895,0.5469971,0.3416443,0.36950684,-1.0622277,-1.2706879,-0.9814063999999999,0.5074463,0.25503539999999997,0.40802002,-1.0251272,-1.1814212,-1.0183779,0.26556396,0.26300049999999997,0.51397705,-0.79085684,-1.187794,-1.1154206,0.062683105,0.1954956,0.45227049999999996,-0.6181983,-1.1126184,-1.0293412,0.00970459,0.1078186,0.35238647,-0.6078847,-1.0013363,-0.89513725,0.011108398,0.12716675,0.3399048,-0.68010265,-0.9544080500000001,-0.81103116,-0.052551270000000004,0.16589355,0.44082642,-0.6784869,-0.8896894999999999,-0.81344455,-0.14016724,0.18109131,0.49740599999999996,-0.62064576,-0.7906120400000001,-0.7672588,-0.18121338,0.10366821,0.54422,-0.5700484,-0.60464257,-0.7385792999999999,检查1变、2变高压侧进出线开关在分闸位置，开闭站201、202断路器在工作位置。
0.23324585,0.01461792,-0.54589844,-0.86518425,-0.30974174,0.45274216,-0.21871948,0.068603516,-0.1595459,-0.5725857,-0.5454682,0.09337199,-0.4031372,0.17800903,0.02960205,-0.45259738,-0.7838634,-0.091083035,-0.44491577,0.3307495,-0.0105896,-0.43489277,-1.028553,-0.066811875,-0.44491577,0.3307495,-0.0105896,-0.43489277,-1.028553,-0.066811875,-0.11843872,0.5765990999999999,-0.0002746582,-0.7218337,-1.5901678000000001,-0.2562816,0.14465332,0.76608276,0.5574646,-0.86909145,-1.8611007,-0.96932894,0.47079468,0.47952269999999997,0.020446777000000003,-1.0899935,-1.5467829,-0.5500267,0.5571288999999999,0.5725707999999999,0.17028809,-1.1081145,-1.5699873,-0.7574618999999999,0.55895996,0.5391846,0.30001829999999996,-1.0854712,-1.4951515,-0.9041895,0.5469971,0.3416443,0.36950684,-1.0622277,-1.2706879,-0.9814063999999999,0.5074463,0.25503539999999997,0.40802002,-1.0251272,-1.1814212,-1.0183779,0.26556396,0.26300049999999997,0.51397705,-0.79085684,-1.187794,-1.1154206,0.062683105,0.1954956,0.45227049999999996,-0.6181983,-1.1126184,-1.0293412,0.00970459,0.1078186,0.35238647,-0.6078847,-1.0013363,-0.89513725,0.011108398,0.12716675,0.3399048,-0.68010265,-0.9544080500000001,-0.81103116,-0.052551270000000004,0.16589355,0.44082642,-0.6784869,-0.8896894999999999,-0.81344455,-0.14016724,0.18109131,0.49740599999999996,-0.62064576,-0.7906120400000001,-0.7672588,-0.18121338,0.10366821,0.54422,-0.5700484,-0.60464257,-0.7385792999999999,-0.1928711,0.08715819999999999,0.54489136,-0.53969663,-0.53773546,-0.7157473999999999,检查1变、2变高压侧进出线开关在分闸位置，开闭站201、202断路器在工作位置。
-0.21871948,0.068603516,-0.1595459,-0.5725857,-0.5454682,0.09337199,-0.4031372,0.17800903,0.02960205,-0.45259738,-0.7838634,-0.091083035,-0.44491577,0.3307495,-0.0105896,-0.43489277,-1.028553,-0.066811875,-0.44491577,0.3307495,-0.0105896,-0.43489277,-1.028553,-0.066811875,-0.11843872,0.5765990999999999,-0.0002746582,-0.7218337,-1.5901678000000001,-0.2562816,0.14465332,0.76608276,0.5574646,-0.86909145,-1.8611007,-0.96932894,0.47079468,0.47952269999999997,0.020446777000000003,-1.0899935,-1.5467829,-0.5500267,0.5571288999999999,0.5725707999999999,0.17028809,-1.1081145,-1.5699873,-0.7574618999999999,0.55895996,0.5391846,0.30001829999999996,-1.0854712,-1.4951515,-0.9041895,0.5469971,0.3416443,0.36950684,-1.0622277,-1.2706879,-0.9814063999999999,0.5074463,0.25503539999999997,0.40802002,-1.0251272,-1.1814212,-1.0183779,0.26556396,0.26300049999999997,0.51397705,-0.79085684,-1.187794,-1.1154206,0.062683105,0.1954956,0.45227049999999996,-0.6181983,-1.1126184,-1.0293412,0.00970459,0.1078186,0.35238647,-0.6078847,-1.0013363,-0.89513725,0.011108398,0.12716675,0.3399048,-0.68010265,-0.9544080500000001,-0.81103116,-0.052551270000000004,0.16589355,0.44082642,-0.6784869,-0.8896894999999999,-0.81344455,-0.14016724,0.18109131,0.49740599999999996,-0.62064576,-0.7906120400000001,-0.7672588,-0.18121338,0.10366821,0.54422,-0.5700484,-0.60464257,-0.7385792999999999,-0.1928711,0.08715819999999999,0.54489136,-0.53969663,-0.53773546,-0.7157473999999999,-0.06451416,0.0043945313,0.45639038,-0.59531,-0.3291734,-0.57933146,检查1变、2变高压侧进出线开关在分闸位置，开闭站201、202断路器在工作位置。
-0.4031372,0.17800903,0.02960205,-0.45259738,-0.7838634,-0.091083035,-0.44491577,0.3307495,-0.0105896,-0.43489277,-1.028553,-0.066811875,-0.44491577,0.3307495,-0.0105896,-0.43489277,-1.028553,-0.066811875,-0.11843872,0.5765990999999999,-0.0002746582,-0.7218337,-1.5901678000000001,-0.2562816,0.14465332,0.76608276,0.5574646,-0.86909145,-1.8611007,-0.96932894,0.47079468,0.47952269999999997,0.020446777000000003,-1.0899935,-1.5467829,-0.5500267,0.5571288999999999,0.5725707999999999,0.17028809,-1.1081145,-1.5699873,-0.7574618999999999,0.55895996,0.5391846,0.30001829999999996,-1.0854712,-1.4951515,-0.9041895,0.5469971,0.3416443,0.36950684,-1.0622277,-1.2706879,-0.9814063999999999,0.5074463,0.25503539999999997,0.40802002,-1.0251272,-1.1814212,-1.0183779,0.26556396,0.26300049999999997,0.51397705,-0.79085684,-1.187794,-1.1154206,0.062683105,0.1954956,0.45227049999999996,-0.6181983,-1.1126184,-1.0293412,0.00970459,0.1078186,0.35238647,-0.6078847,-1.0013363,-0.89513725,0.011108398,0.12716675,0.3399048,-0.68010265,-0.9544080500000001,-0.81103116,-0.052551270000000004,0.16589355,0.44082642,-0.6784869,-0.8896894999999999,-0.81344455,-0.14016724,0.18109131,0.49740599999999996,-0.62064576,-0.7906120400000001,-0.7672588,-0.18121338,0.10366821,0.54422,-0.5700484,-0.60464257,-0.7385792999999999,-0.1928711,0.08715819999999999,0.54489136,-0.53969663,-0.53773546,-0.7157473999999999,-0.06451416,0.0043945313,0.45639038,-0.59531,-0.3291734,-0.57933146,0.029937744000000002,0.0066833496,0.44210815000000003,-0.6559104,-0.27889138,-0.5295461,检查1变、2变高压侧进出线开关在分闸位置，开闭站201、202断路器在工作位置。
-0.44491577,0.3307495,-0.0105896,-0.43489277,-1.028553,-0.066811875,-0.44491577,0.3307495,-0.0105896,-0.43489277,-1.028553,-0.066811875,-0.11843872,0.5765990999999999,-0.0002746582,-0.7218337,-1.5901678000000001,-0.2562816,0.14465332,0.76608276,0.5574646,-0.86909145,-1.8611007,-0.96932894,0.47079468,0.47952269999999997,0.020446777000000003,-1.0899935,-1.5467829,-0.5500267,0.5571288999999999,0.5725707999999999,0.17028809,-1.1081145,-1.5699873,-0.7574618999999999,0.55895996,0.5391846,0.30001829999999996,-1.0854712,-1.4951515,-0.9041895,0.5469971,0.3416443,0.36950684,-1.0622277,-1.2706879,-0.9814063999999999,0.5074463,0.25503539999999997,0.40802002,-1.0251272,-1.1814212,-1.0183779,0.26556396,0.26300049999999997,0.51397705,-0.79085684,-1.187794,-1.1154206,0.062683105,0.1954956,0.45227049999999996,-0.6181983,-1.1126184,-1.0293412,0.00970459,0.1078186,0.35238647,-0.6078847,-1.0013363,-0.89513725,0.011108398,0.12716675,0.3399048,-0.68010265,-0.9544080500000001,-0.81103116,-0.052551270000000004,0.16589355,0.44082642,-0.6784869,-0.8896894999999999,-0.81344455,-0.14016724,0.18109131,0.49740599999999996,-0.62064576,-0.7906120400000001,-0.7672588,-0.18121338,0.10366821,0.54422,-0.5700484,-0.60464257,-0.7385792999999999,-0.1928711,0.08715819999999999,0.54489136,-0.53969663,-0.53773546,-0.7157473999999999,-0.06451416,0.0043945313,0.45639038,-0.59531,-0.3291734,-0.57933146,0.029937744000000002,0.0066833496,0.44210815000000003,-0.6559104,-0.27889138,-0.5295461,0.11721802,0.051971436,0.40472412,-0.71232754,-0.27919469999999996,-0.44745022,检查1变、2变高压侧进出线开关在分闸位置，开闭站201、202断路器在工作位置。
-0.44491577,0.3307495,-0.0105896,-0.43489277,-1.028553,-0.066811875,-0.11843872,0.5765990999999999,-0.0002746582,-0.7218337,-1.5901678000000001,-0.2562816,0.14465332,0.76608276,0.5574646,-0.86909145,-1.8611007,-0.96932894,0.47079468,0.47952269999999997,0.020446777000000003,-1.0899935,-1.5467829,-0.5500267,0.5571288999999999,0.5725707999999999,0.17028809,-1.1081145,-1.5699873,-0.7574618999999999,0.55895996,0.5391846,0.30001829999999996,-1.0854712,-1.4951515,-0.9041895,0.5469971,0.3416443,0.36950684,-1.0622277,-1.2706879,-0.9814063999999999,0.5074463,0.25503539999999997,0.40802002,-1.0251272,-1.1814212,-1.0183779,0.26556396,0.26300049999999997,0.51397705,-0.79085684,-1.187794,-1.1154206,0.062683105,0.1954956,0.45227049999999996,-0.6181983,-1.1126184,-1.0293412,0.00970459,0.1078186,0.35238647,-0.6078847,-1.0013363,-0.89513725,0.011108398,0.12716675,0.3399048,-0.68010265,-0.9544080500000001,-0.81103116,-0.052551270000000004,0.16589355,0.44082642,-0.6784869,-0.8896894999999999,-0.81344455,-0.14016724,0.18109131,0.49740599999999996,-0.62064576,-0.7906120400000001,-0.7672588,-0.18121338,0.10366821,0.54422,-0.5700484,-0.60464257,-0.7385792999999999,-0.1928711,0.08715819999999999,0.54489136,-0.53969663,-0.53773546,-0.7157473999999999,-0.06451416,0.0043945313,0.45639038,-0.59531,-0.3291734,-0.57933146,0.029937744000000002,0.0066833496,0.44210815000000003,-0.6559104,-0.27889138,-0.5295461,0.11721802,0.051971436,0.40472412,-0.71232754,-0.27919469999999996,-0.44745022,0.2484436,0.031677246,0.3500061,-0.79089475,-0.19841605,-0.32916325,检查1变、2变高压侧进出线开关在分闸位置，开闭站201、202断路器在工作位置。
-0.11843872,0.5765990999999999,-0.0002746582,-0.7218337,-1.5901678000000001,-0.2562816,0.14465332,0.76608276,0.5574646,-0.86909145,-1.8611007,-0.96932894,0.47079468,0.47952269999999997,0.020446777000000003,-1.0899935,-1.5467829,-0.5500267,0.5571288999999999,0.5725707999999999,0.17028809,-1.1081145,-1.5699873,-0.7574618999999999,0.55895996,0.5391846,0.30001829999999996,-1.0854712,-1.4951515,-0.9041895,0.5469971,0.3416443,0.36950684,-1.0622277,-1.2706879,-0.9814063999999999,0.5074463,0.25503539999999997,0.40802002,-1.0251272,-1.1814212,-1.0183779,0.26556396,0.26300049999999997,0.51397705,-0.79085684,-1.187794,-1.1154206,0.062683105,0.1954956,0.45227049999999996,-0.6181983,-1.1126184,-1.0293412,0.00970459,0.1078186,0.35238647,-0.6078847,-1.0013363,-0.89513725,0.011108398,0.12716675,0.3399048,-0.68010265,-0.9544080500000001,-0.81103116,-0.052551270000000004,0.16589355,0.44082642,-0.6784869,-0.8896894999999999,-0.81344455,-0.14016724,0.18109131,0.49740599999999996,-0.62064576,-0.7906120400000001,-0.7672588,-0.18121338,0.10366821,0.54422,-0.5700484,-0.60464257,-0.7385792999999999,-0.1928711,0.08715819999999999,0.54489136,-0.53969663,-0.53773546,-0.7157473999999999,-0.06451416,0.0043945313,0.45639038,-0.59531,-0.3291734,-0.57933146,0.029937744000000002,0.0066833496,0.44210815000000003,-0.6559104,-0.27889138,-0.5295461,0.11721802,0.051971436,0.40472412,-0.71232754,-0.27919469999999996,-0.44745022,0.2484436,0.031677246,0.3500061,-0.79089475,-0.19841605,-0.32916325,0.26678467,0.044799805000000005,0.4418335,-0.77745306,-0.18187726,-0.39129937000000004,检查1变、2变高压侧进出线开关在分闸位置，开闭站201、202断路器在工作位置。
0.14465332,0.76608276,0.5574646,-0.86909145,-1.8611007,-0.96932894,0.47079468,0.47952269999999997,0.020446777000000003,-1.0899935,-1.5467829,-0.5500267,0.5571288999999999,0.5725707999999999,0.17028809,-1.1081145,-1.5699873,-0.7574618999999999,0.55895996,0.5391846,0.30001829999999996,-1.0854712,-1.4951515,-0.9041895,0.5469971,0.3416443,0.36950684,-1.0622277,-1.2706879,-0.9814063999999999,0.5074463,0.25503539999999997,0.40802002,-1.0251272,-1.1814212,-1.0183779,0.26556396,0.26300049999999997,0.51397705,-0.79085684,-1.187794,-1.1154206,0.062683105,0.1954956,0.45227049999999996,-0.6181983,-1.1126184,-1.0293412,0.00970459,0.1078186,0.35238647,-0.6078847,-1.0013363,-0.89513725,0.011108398,0.12716675,0.3399048,-0.68010265,-0.9544080500000001,-0.81103116,-0.052551270000000004,0.16589355,0.44082642,-0.6784869,-0.8896894999999999,-0.81344455,-0.14016724,0.18109131,0.49740599999999996,-0.62064576,-0.7906120400000001,-0.7672588,-0.18121338,0.10366821,0.54422,-0.5700484,-0.60464257,-0.7385792999999999,-0.1928711,0.08715819999999999,0.54489136,-0.53969663,-0.53773546,-0.7157473999999999,-0.06451416,0.0043945313,0.45639038,-0.59531,-0.3291734,-0.57933146,0.029937744000000002,0.0066833496,0.44210815000000003,-0.6559104,-0.27889138,-0.5295461,0.11721802,0.051971436,0.40472412,-0.71232754,-0.27919469999999996,-0.44745022,0.2484436,0.031677246,0.3500061,-0.79089475,-0.19841605,-0.32916325,0.26678467,0.044799805000000005,0.4418335,-0.77745306,-0.18187726,-0.39129937000000004,0.3279724,0.14923096,0.37255859999999996,-0.80890334,-0.26492035,-0.29015207,检查1变、2变高压侧进出线开关在分闸位置，开闭站201、202断路器在工作位置。
0.47079468,0.47952269999999997,0.020446777000000003,-1.0899935,-1.5467829,-0.5500267,0.5571288999999999,0.5725707999999999,0.17028809,-1.1081145,-1.5699873,-0.7574618999999999,0.55895996,0.5391846,0.30001829999999996,-1.0854712,-1.4951515,-0.9041895,0.5469971,0.3416443,0.36950684,-1.0622277,-1.2706879,-0.9814063999999999,0.5074463,0.25503539999999997,0.40802002,-1.0251272,-1.1814212,-1.0183779,0.26556396,0.26300049999999997,0.51397705,-0.79085684,-1.187794,-1.1154206,0.062683105,0.1954956,0.45227049999999996,-0.6181983,-1.1126184,-1.0293412,0.00970459,0.1078186,0.35238647,-0.6078847,-1.0013363,-0.89513725,0.011108398,0.12716675,0.3399048,-0.68010265,-0.9544080500000001,-0.81103116,-0.052551270000000004,0.16589355,0.44082642,-0.6784869,-0.8896894999999999,-0.81344455,-0.14016724,0.18109131,0.49740599999999996,-0.62064576,-0.7906120400000001,-0.7672588,-0.18121338,0.10366821,0.54422,-0.5700484,-0.60464257,-0.7385792999999999,-0.1928711,0.08715819999999999,0.54489136,-0.53969663,-0.53773546,-0.7157473999999999,-0.06451416,0.0043945313,0.45639038,-0.59531,-0.3291734,-0.57933146,0.029937744000000002,0.0066833496,0.44210815000000003,-0.6559104,-0.27889138,-0.5295461,0.11721802,0.051971436,0.40472412,-0.71232754,-0.27919469999999996,-0.44745022,0.2484436,0.031677246,0.3500061,-0.79089475,-0.19841605,-0.32916325,0.26678467,0.044799805000000005,0.4418335,-0.77745306,-0.18187726,-0.39129937000000004,0.3279724,0.14923096,0.37255859999999996,-0.80890334,-0.26492035,-0.29015207,0.43203735,0.056457520000000004,0.37869263000000003,-0.8908007,-0.15625143,-0.28568757,检查1变、2变高压侧进出线开关在分闸位置，开闭站201、202断路器在工作位置。
0.5571288999999999,0.5725707999999999,0.17028809,-1.1081145,-1.5699873,-0.7574618999999999,0.55895996,0.5391846,0.30001829999999996,-1.0854712,-1.4951515,-0.9041895,0.5469971,0.3416443,0.36950684,-1.0622277,-1.2706879,-0.9814063999999999,0.5074463,0.25503539999999997,0.40802002,-1.0251272,-1.1814212,-1.0183779,0.26556396,0.26300049999999997,0.51397705,-0.79085684,-1.187794,-1.1154206,0.062683105,0.1954956,0.45227049999999996,-0.6181983,-1.1126184,-1.0293412,0.00970459,0.1078186,0.35238647,-0.6078847,-1.0013363,-0.89513725,0.011108398,0.12716675,0.3399048,-0.68010265,-0.9544080500000001,-0.81103116,-0.052551270000000004,0.16589355,0.44082642,-0.6784869,-0.8896894999999999,-0.81344455,-0.14016724,0.18109131,0.49740599999999996,-0.62064576,-0.7906120400000001,-0.7672588,-0.18121338,0.10366821,0.54422,-0.5700484,-0.60464257,-0.7385792999999999,-0.1928711,0.08715819999999999,0.54489136,-0.53969663,-0.53773546,-0.7157473999999999,-0.06451416,0.0043945313,0.45639038,-0.59531,-0.3291734,-0.57933146,0.029937744000000002,0.0066833496,0.44210815000000003,-0.6559104,-0.27889138,-0.5295461,0.11721802,0.051971436,0.40472412,-0.71232754,-0.27919469999999996,-0.44745022,0.2484436,0.031677246,0.3500061,-0.79089475,-0.19841605,-0.32916325,0.26678467,0.044799805000000005,0.4418335,-0.77745306,-0.18187726,-0.39129937000000004,0.3279724,0.14923096,0.37255859999999996,-0.80890334,-0.26492035,-0.29015207,0.43203735,0.056457520000000004,0.37869263000000003,-0.8908007,-0.15625143,-0.28568757,0.4553833,0.08685303,0.41735839999999996,-0.90628195,-0.18080549999999998,-0.3138178,检查1变、2变高压侧进出线开关在分闸位置，开闭站201、202断路器在工作位置。
0.55895996,0.5391846,0.30001829999999996,-1.0854712,-1.4951515,-0.9041895,0.5469971,0.3416443,0.36950684,-1.0622277,-1.2706879,-0.9814063999999999,0.5074463,0.25503539999999997,0.40802002,-1.0251272,-1.1814212,-1.0183779,0.26556396,0.26300049999999997,0.51397705,-0.79085684,-1.187794,-1.1154206,0.062683105,0.1954956,0.45227049999999996,-0.6181983,-1.1126184,-1.0293412,0.00970459,0.1078186,0.35238647,-0.6078847,-1.0013363,-0.89513725,0.011108398,0.12716675,0.3399048,-0.68010265,-0.9544080500000001,-0.81103116,-0.052551270000000004,0.16589355,0.44082642,-0.6784869,-0.8896894999999999,-0.81344455,-0.14016724,0.18109131,0.49740599999999996,-0.62064576,-0.7906120400000001,-0.7672588,-0.18121338,0.10366821,0.54422,-0.5700484,-0.60464257,-0.7385792999999999,-0.1928711,0.08715819999999999,0.54489136,-0.53969663,-0.53773546,-0.7157473999999999,-0.06451416,0.0043945313,0.45639038,-0.59531,-0.3291734,-0.57933146,0.029937744000000002,0.0066833496,0.44210815000000003,-0.6559104,-0.27889138,-0.5295461,0.11721802,0.051971436,0.40472412,-0.71232754,-0.27919469999999996,-0.44745022,0.2484436,0.031677246,0.3500061,-0.79089475,-0.19841605,-0.32916325,0.26678467,0.044799805000000005,0.4418335,-0.77745306,-0.18187726,-0.39129937000000004,0.3279724,0.14923096,0.37255859999999996,-0.80890334,-0.26492035,-0.29015207,0.43203735,0.056457520000000004,0.37869263000000003,-0.8908007,-0.15625143,-0.28568757,0.4553833,0.08685303,0.41735839999999996,-0.90628195,-0.18080549999999998,-0.3138178,0.45040894000000004,0.33084106,0.41497803,-0.9039689999999999,-0.43068907,-0.31093162,检查1变、2变高压侧进出线开关在分闸位置，开闭站201、202断路器在工作位置。
0.5469971,0.3416443,0.36950684,-1.0622277,-1.2706879,-0.9814063999999999,0.5074463,0.25503539999999997,0.40802002,-1.0251272,-1.1814212,-1.0183779,0.26556396,0.26300049999999997,0.51397705,-0.79085684,-1.187794,-1.1154206,0.062683105,0.1954956,0.45227049999999996,-0.6181983,-1.1126184,-1.0293412,0.00970459,0.1078186,0.35238647,-0.6078847,-1.0013363,-0.89513725,0.011108398,0.12716675,0.3399048,-0.68010265,-0.9544080500000001,-0.81103116,-0.052551270000000004,0.16589355,0.44082642,-0.6784869,-0.8896894999999999,-0.81344455,-0.14016724,0.18109131,0.49740599999999996,-0.62064576,-0.7906120400000001,-0.7672588,-0.18121338,0.10366821,0.54422,-0.5700484,-0.60464257,-0.7385792999999999,-0.1928711,0.08715819999999999,0.54489136,-0.53969663,-0.53773546,-0.7157473999999999,-0.06451416,0.0043945313,0.45639038,-0.59531,-0.3291734,-0.57933146,0.029937744000000002,0.0066833496,0.44210815000000003,-0.6559104,-0.27889138,-0.5295461,0.11721802,0.051971436,0.40472412,-0.71232754,-0.27919469999999996,-0.44745022,0.2484436,0.031677246,0.3500061,-0.79089475,-0.19841605,-0.32916325,0.26678467,0.044799805000000005,0.4418335,-0.77745306,-0.18187726,-0.39129937000000004,0.3279724,0.14923096,0.37255859999999996,-0.80890334,-0.26492035,-0.29015207,0.43203735,0.056457520000000004,0.37869263000000003,-0.8908007,-0.15625143,-0.28568757,0.4553833,0.08685303,0.41735839999999996,-0.90628195,-0.18080549999999998,-0.3138178,0.45040894000000004,0.33084106,0.41497803,-0.9039689999999999,-0.43068907,-0.31093162,0.43804932,0.2255249,0.4185791,-0.8962844,-0.3356864,-0.36841589999999996,检查1变、2变高压侧进出线开关在分闸位置，开闭站201、202断路器在工作位置。
0.5074463,0.25503539999999997,0.40802002,-1.0251272,-1.1814212,-1.0183779,0.26556396,0.26300049999999997,0.51397705,-0.79085684,-1.187794,-1.1154206,0.062683105,0.1954956,0.45227049999999996,-0.6181983,-1.1126184,-1.0293412,0.00970459,0.1078186,0.35238647,-0.6078847,-1.0013363,-0.89513725,0.011108398,0.12716675,0.3399048,-0.68010265,-0.9544080500000001,-0.81103116,-0.052551270000000004,0.16589355,0.44082642,-0.6784869,-0.8896894999999999,-0.81344455,-0.14016724,0.18109131,0.49740599999999996,-0.62064576,-0.7906120400000001,-0.7672588,-0.18121338,0.10366821,0.54422,-0.5700484,-0.60464257,-0.7385792999999999,-0.1928711,0.08715819999999999,0.54489136,-0.53969663,-0.53773546,-0.7157473999999999,-0.06451416,0.0043945313,0.45639038,-0.59531,-0.3291734,-0.57933146,0.029937744000000002,0.0066833496,0.44210815000000003,-0.6559104,-0.27889138,-0.5295461,0.11721802,0.051971436,0.40472412,-0.71232754,-0.27919469999999996,-0.44745022,0.2484436,0.031677246,0.3500061,-0.79089475,-0.19841605,-0.32916325,0.26678467,0.044799805000000005,0.4418335,-0.77745306,-0.18187726,-0.39129937000000004,0.3279724,0.14923096,0.37255859999999996,-0.80890334,-0.26492035,-0.29015207,0.43203735,0.056457520000000004,0.37869263000000003,-0.8908007,-0.15625143,-0.28568757,0.4553833,0.08685303,0.41735839999999996,-0.90628195,-0.18080549999999998,-0.3138178,0.45040894000000004,0.33084106,0.41497803,-0.9039689999999999,-0.43068907,-0.31093162,0.43804932,0.2255249,0.4185791,-0.8962844,-0.3356864,-0.36841589999999996,0.4187317,0.37210083,0.44735718,-0.8869007999999999,-0.49486339999999995,-0.4179582,检查1变、2变高压侧进出线开关在分闸位置，开闭站201、202断路器在工作位置。
0.26556396,0.26300049999999997,0.51397705,-0.79085684,-1.187794,-1.1154206,0.062683105,0.1954956,0.45227049999999996,-0.6181983,-1.1126184,-1.0293412,0.00970459,0.1078186,0.35238647,-0.6078847,-1.0013363,-0.89513725,0.011108398,0.12716675,0.3399048,-0.68010265,-0.9544080500000001,-0.81103116,-0.052551270000000004,0.16589355,0.44082642,-0.6784869,-0.8896894999999999,-0.81344455,-0.14016724,0.18109131,0.49740599999999996,-0.62064576,-0.7906120400000001,-0.7672588,-0.18121338,0.10366821,0.54422,-0.5700484,-0.60464257,-0.7385792999999999,-0.1928711,0.08715819999999999,0.54489136,-0.53969663,-0.53773546,-0.7157473999999999,-0.06451416,0.0043945313,0.45639038,-0.59531,-0.3291734,-0.57933146,0.029937744000000002,0.0066833496,0.44210815000000003,-0.6559104,-0.27889138,-0.5295461,0.11721802,0.051971436,0.40472412,-0.71232754,-0.27919469999999996,-0.44745022,0.2484436,0.031677246,0.3500061,-0.79089475,-0.19841605,-0.32916325,0.26678467,0.044799805000000005,0.4418335,-0.77745306,-0.18187726,-0.39129937000000004,0.3279724,0.14923096,0.37255859999999996,-0.80890334,-0.26492035,-0.29015207,0.43203735,0.056457520000000004,0.37869263000000003,-0.8908007,-0.15625143,-0.28568757,0.4553833,0.08685303,0.41735839999999996,-0.90628195,-0.18080549999999998,-0.3138178,0.45040894000000004,0.33084106,0.41497803,-0.9039689999999999,-0.43068907,-0.31093162,0.43804932,0.2255249,0.4185791,-0.8962844,-0.3356864,-0.36841589999999996,0.4187317,0.37210083,0.44735718,-0.8869007999999999,-0.49486339999999995,-0.4179582,0.32867432,0.65960693,0.45376587,-0.8137282,-0.8223459,-0.5065836,检查1变、2变高压侧进出线开关在分闸位置，开闭站201、202断路器在工作位置。
0.062683105,0.1954956,0.45227049999999996,-0.6181983,-1.1126184,-1.0293412,0.00970459,0.1078186,0.35238647,-0.6078847,-1.0013363,-0.89513725,0.011108398,0.12716675,0.3399048,-0.68010265,-0.9544080500000001,-0.81103116,-0.052551270000000004,0.16589355,0.44082642,-0.6784869,-0.8896894999999999,-0.81344455,-0.14016724,0.18109131,0.49740599999999996,-0.62064576,-0.7906120400000001,-0.7672588,-0.18121338,0.10366821,0.54422,-0.5700484,-0.60464257,-0.7385792999999999,-0.1928711,0.08715819999999999,0.54489136,-0.53969663,-0.53773546,-0.7157473999999999,-0.06451416,0.0043945313,0.45639038,-0.59531,-0.3291734,-0.57933146,0.029937744000000002,0.0066833496,0.44210815000000003,-0.6559104,-0.27889138,-0.5295461,0.11721802,0.051971436,0.40472412,-0.71232754,-0.27919469999999996,-0.44745022,0.2484436,0.031677246,0.3500061,-0.79089475,-0.19841605,-0.32916325,0.26678467,0.044799805000000005,0.4418335,-0.77745306,-0.18187726,-0.39129937000000004,0.3279724,0.14923096,0.37255859999999996,-0.80890334,-0.26492035,-0.29015207,0.43203735,0.056457520000000004,0.37869263000000003,-0.8908007,-0.15625143,-0.28568757,0.4553833,0.08685303,0.41735839999999996,-0.90628195,-0.18080549999999998,-0.3138178,0.45040894000000004,0.33084106,0.41497803,-0.9039689999999999,-0.43068907,-0.31093162,0.43804932,0.2255249,0.4185791,-0.8962844,-0.3356864,-0.36841589999999996,0.4187317,0.37210083,0.44735718,-0.8869007999999999,-0.49486339999999995,-0.4179582,0.32867432,0.65960693,0.45376587,-0.8137282,-0.8223459,-0.5065836,0.11981201,0.7966919,0.4868164,-0.6094645,-0.9925987,-0.6078342999999999,检查1变、2变高压侧进出线开关在分闸位置，开闭站201、202断路器在工作位置。
0.00970459,0.1078186,0.35238647,-0.6078847,-1.0013363,-0.89513725,0.011108398,0.12716675,0.3399048,-0.68010265,-0.9544080500000001,-0.81103116,-0.052551270000000004,0.16589355,0.44082642,-0.6784869,-0.8896894999999999,-0.81344455,-0.14016724,0.18109131,0.49740599999999996,-0.62064576,-0.7906120400000001,-0.7672588,-0.18121338,0.10366821,0.54422,-0.5700484,-0.60464257,-0.7385792999999999,-0.1928711,0.08715819999999999,0.54489136,-0.53969663,-0.53773546,-0.7157473999999999,-0.06451416,0.0043945313,0.45639038,-0.59531,-0.3291734,-0.57933146,0.029937744000000002,0.0066833496,0.44210815000000003,-0.6559104,-0.27889138,-0.5295461,0.11721802,0.051971436,0.40472412,-0.71232754,-0.27919469999999996,-0.44745022,0.2484436,0.031677246,0.3500061,-0.79089475,-0.19841605,-0.32916325,0.26678467,0.044799805000000005,0.4418335,-0.77745306,-0.18187726,-0.39129937000000004,0.3279724,0.14923096,0.37255859999999996,-0.80890334,-0.26492035,-0.29015207,0.43203735,0.056457520000000004,0.37869263000000003,-0.8908007,-0.15625143,-0.28568757,0.4553833,0.08685303,0.41735839999999996,-0.90628195,-0.18080549999999998,-0.3138178,0.45040894000000004,0.33084106,0.41497803,-0.9039689999999999,-0.43068907,-0.31093162,0.43804932,0.2255249,0.4185791,-0.8962844,-0.3356864,-0.36841589999999996,0.4187317,0.37210083,0.44735718,-0.8869007999999999,-0.49486339999999995,-0.4179582,0.32867432,0.65960693,0.45376587,-0.8137282,-0.8223459,-0.5065836,0.11981201,0.7966919,0.4868164,-0.6094645,-0.9925987,-0.6078342999999999,-0.04840088,0.7772827,0.24987793,-0.42805105,-1.0073411,-0.44520026,检查1变、2变高压侧进出线开关在分闸位置，开闭站201、202断路器在工作位置。
0.011108398,0.12716675,0.3399048,-0.68010265,-0.9544080500000001,-0.81103116,-0.052551270000000004,0.16589355,0.44082642,-0.6784869,-0.8896894999999999,-0.81344455,-0.14016724,0.18109131,0.49740599999999996,-0.62064576,-0.7906120400000001,-0.7672588,-0.18121338,0.10366821,0.54422,-0.5700484,-0.60464257,-0.7385792999999999,-0.1928711,0.08715819999999999,0.54489136,-0.53969663,-0.53773546,-0.7157473999999999,-0.06451416,0.0043945313,0.45639038,-0.59531,-0.3291734,-0.57933146,0.029937744000000002,0.0066833496,0.44210815000000003,-0.6559104,-0.27889138,-0.5295461,0.11721802,0.051971436,0.40472412,-0.71232754,-0.27919469999999996,-0.44745022,0.2484436,0.031677246,0.3500061,-0.79089475,-0.19841605,-0.32916325,0.26678467,0.044799805000000005,0.4418335,-0.77745306,-0.18187726,-0.39129937000000004,0.3279724,0.14923096,0.37255859999999996,-0.80890334,-0.26492035,-0.29015207,0.43203735,0.056457520000000004,0.37869263000000003,-0.8908007,-0.15625143,-0.28568757,0.4553833,0.08685303,0.41735839999999996,-0.90628195,-0.18080549999999998,-0.3138178,0.45040894000000004,0.33084106,0.41497803,-0.9039689999999999,-0.43068907,-0.31093162,0.43804932,0.2255249,0.4185791,-0.8962844,-0.3356864,-0.36841589999999996,0.4187317,0.37210083,0.44735718,-0.8869007999999999,-0.49486339999999995,-0.4179582,0.32867432,0.65960693,0.45376587,-0.8137282,-0.8223459,-0.5065836,0.11981201,0.7966919,0.4868164,-0.6094645,-0.9925987,-0.6078342999999999,-0.04840088,0.7772827,0.24987793,-0.42805105,-1.0073411,-0.44520026,-0.071136475,0.6338806,0.36795044,-0.36475235,-0.8841119,-0.6429720999999999,检查1变、2变高压侧进出线开关在分闸位置，开闭站201、202断路器在工作位置。
-0.052551270000000004,0.16589355,0.44082642,-0.6784869,-0.8896894999999999,-0.81344455,-0.14016724,0.18109131,0.49740599999999996,-0.62064576,-0.7906120400000001,-0.7672588,-0.18121338,0.10366821,0.54422,-0.5700484,-0.60464257,-0.7385792999999999,-0.1928711,0.08715819999999999,0.54489136,-0.53969663,-0.53773546,-0.7157473999999999,-0.06451416,0.0043945313,0.45639038,-0.59531,-0.3291734,-0.57933146,0.029937744000000002,0.0066833496,0.44210815000000003,-0.6559104,-0.27889138,-0.5295461,0.11721802,0.051971436,0.40472412,-0.71232754,-0.27919469999999996,-0.44745022,0.2484436,0.031677246,0.3500061,-0.79089475,-0.19841605,-0.32916325,0.26678467,0.044799805000000005,0.4418335,-0.77745306,-0.18187726,-0.39129937000000004,0.3279724,0.14923096,0.37255859999999996,-0.80890334,-0.26492035,-0.29015207,0.43203735,0.056457520000000004,0.37869263000000003,-0.8908007,-0.15625143,-0.28568757,0.4553833,0.08685303,0.41735839999999996,-0.90628195,-0.18080549999999998,-0.3138178,0.45040894000000004,0.33084106,0.41497803,-0.9039689999999999,-0.43068907,-0.31093162,0.43804932,0.2255249,0.4185791,-0.8962844,-0.3356864,-0.36841589999999996,0.4187317,0.37210083,0.44735718,-0.8869007999999999,-0.49486339999999995,-0.4179582,0.32867432,0.65960693,0.45376587,-0.8137282,-0.8223459,-0.5065836,0.11981201,0.7966919,0.4868164,-0.6094645,-0.9925987,-0.6078342999999999,-0.04840088,0.7772827,0.24987793,-0.42805105,-1.0073411,-0.44520026,-0.071136475,0.6338806,0.36795044,-0.36475235,-0.8841119,-0.6429720999999999,-0.11877441400000001,0.5308838,0.27548218,-0.25281739999999997,-0.79473317,-0.6183755,检查1变、2变高压侧进出线开关在分闸位置，开闭站201、202断路器在工作位置。
-0.14016724,0.18109131,0.49740599999999996,-0.62064576,-0.7906120400000001,-0.7672588,-0.18121338,0.10366821,0.54422,-0.5700484,-0.60464257,-0.7385792999999999,-0.1928711,0.08715819999999999,0.54489136,-0.53969663,-0.53773546,-0.7157473999999999,-0.06451416,0.0043945313,0.45639038,-0.59531,-0.3291734,-0.57933146,0.029937744000000002,0.0066833496,0.44210815000000003,-0.6559104,-0.27889138,-0.5295461,0.11721802,0.051971436,0.40472412,-0.71232754,-0.27919469999999996,-0.44745022,0.2484436,0.031677246,0.3500061,-0.79089475,-0.19841605,-0.32916325,0.26678467,0.044799805000000005,0.4418335,-0.77745306,-0.18187726,-0.39129937000000004,0.3279724,0.14923096,0.37255859999999996,-0.80890334,-0.26492035,-0.29015207,0.43203735,0.056457520000000004,0.37869263000000003,-0.8908007,-0.15625143,-0.28568757,0.4553833,0.08685303,0.41735839999999996,-0.90628195,-0.18080549999999998,-0.3138178,0.45040894000000004,0.33084106,0.41497803,-0.9039689999999999,-0.43068907,-0.31093162,0.43804932,0.2255249,0.4185791,-0.8962844,-0.3356864,-0.36841589999999996,0.4187317,0.37210083,0.44735718,-0.8869007999999999,-0.49486339999999995,-0.4179582,0.32867432,0.65960693,0.45376587,-0.8137282,-0.8223459,-0.5065836,0.11981201,0.7966919,0.4868164,-0.6094645,-0.9925987,-0.6078342999999999,-0.04840088,0.7772827,0.24987793,-0.42805105,-1.0073411,-0.44520026,-0.071136475,0.6338806,0.36795044,-0.36475235,-0.8841119,-0.6429720999999999,-0.11877441400000001,0.5308838,0.27548218,-0.25281739999999997,-0.79473317,-0.6183755,-0.009246826000000001,0.3578186,0.0074157715,-0.28043938,-0.66094065,-0.4375987,检查1变、2变高压侧进出线开关在分闸位置，开闭站201、202断路器在工作位置。
-0.18121338,0.10366821,0.54422,-0.5700484,-0.60464257,-0.7385792999999999,-0.1928711,0.08715819999999999,0.54489136,-0.53969663,-0.53773546,-0.7157473999999999,-0.06451416,0.0043945313,0.45639038,-0.59531,-0.3291734,-0.57933146,0.029937744000000002,0.0066833496,0.44210815000000003,-0.6559104,-0.27889138,-0.5295461,0.11721802,0.051971436,0.40472412,-0.71232754,-0.27919469999999996,-0.44745022,0.2484436,0.031677246,0.3500061,-0.79089475,-0.19841605,-0.32916325,0.26678467,0.044799805000000005,0.4418335,-0.77745306,-0.18187726,-0.39129937000000004,0.3279724,0.14923096,0.37255859999999996,-0.80890334,-0.26492035,-0.29015207,0.43203735,0.056457520000000004,0.37869263000000003,-0.8908007,-0.15625143,-0.28568757,0.4553833,0.08685303,0.41735839999999996,-0.90628195,-0.18080549999999998,-0.3138178,0.45040894000000004,0.33084106,0.41497803,-0.9039689999999999,-0.43068907,-0.31093162,0.43804932,0.2255249,0.4185791,-0.8962844,-0.3356864,-0.36841589999999996,0.4187317,0.37210083,0.44735718,-0.8869007999999999,-0.49486339999999995,-0.4179582,0.32867432,0.65960693,0.45376587,-0.8137282,-0.8223459,-0.5065836,0.11981201,0.7966919,0.4868164,-0.6094645,-0.9925987,-0.6078342999999999,-0.04840088,0.7772827,0.24987793,-0.42805105,-1.0073411,-0.44520026,-0.071136475,0.6338806,0.36795044,-0.36475235,-0.8841119,-0.6429720999999999,-0.11877441400000001,0.5308838,0.27548218,-0.25281739999999997,-0.79473317,-0.6183755,-0.009246826000000001,0.3578186,0.0074157715,-0.28043938,-0.66094065,-0.4375987,-0.03970337,0.37561035,-0.34851074,-0.18778825000000002,-0.7442865,-0.1575092,检查1变、2变高压侧进出线开关在分闸位置，开闭站201、202断路器在工作位置。
-0.1928711,0.08715819999999999,0.54489136,-0.53969663,-0.53773546,-0.7157473999999999,-0.06451416,0.0043945313,0.45639038,-0.59531,-0.3291734,-0.57933146,0.029937744000000002,0.0066833496,0.44210815000000003,-0.6559104,-0.27889138,-0.5295461,0.11721802,0.051971436,0.40472412,-0.71232754,-0.27919469999999996,-0.44745022,0.2484436,0.031677246,0.3500061,-0.79089475,-0.19841605,-0.32916325,0.26678467,0.044799805000000005,0.4418335,-0.77745306,-0.18187726,-0.39129937000000004,0.3279724,0.14923096,0.37255859999999996,-0.80890334,-0.26492035,-0.29015207,0.43203735,0.056457520000000004,0.37869263000000003,-0.8908007,-0.15625143,-0.28568757,0.4553833,0.08685303,0.41735839999999996,-0.90628195,-0.18080549999999998,-0.3138178,0.45040894000000004,0.33084106,0.41497803,-0.9039689999999999,-0.43068907,-0.31093162,0.43804932,0.2255249,0.4185791,-0.8962844,-0.3356864,-0.36841589999999996,0.4187317,0.37210083,0.44735718,-0.8869007999999999,-0.49486339999999995,-0.4179582,0.32867432,0.65960693,0.45376587,-0.8137282,-0.8223459,-0.5065836,0.11981201,0.7966919,0.4868164,-0.6094645,-0.9925987,-0.6078342999999999,-0.04840088,0.7772827,0.24987793,-0.42805105,-1.0073411,-0.44520026,-0.071136475,0.6338806,0.36795044,-0.36475235,-0.8841119,-0.6429720999999999,-0.11877441400000001,0.5308838,0.27548218,-0.25281739999999997,-0.79473317,-0.6183755,-0.009246826000000001,0.3578186,0.0074157715,-0.28043938,-0.66094065,-0.4375987,-0.03970337,0.37561035,-0.34851074,-0.18778825000000002,-0.7442865,-0.1575092,-0.030639648000000002,0.3475952,-0.71188354,-0.18078244000000002,-0.7519964,0.17923273,检查1变、2变高压侧进出线开关在分闸位置，开闭站201、202断路器在工作位置。
-0.06451416,0.0043945313,0.45639038,-0.59531,-0.3291734,-0.57933146,0.029937744000000002,0.0066833496,0.44210815000000003,-0.6559104,-0.27889138,-0.5295461,0.11721802,0.051971436,0.40472412,-0.71232754,-0.27919469999999996,-0.44745022,0.2484436,0.031677246,0.3500061,-0.79089475,-0.19841605,-0.32916325,0.26678467,0.044799805000000005,0.4418335,-0.77745306,-0.18187726,-0.39129937000000004,0.3279724,0.14923096,0.37255859999999996,-0.80890334,-0.26492035,-0.29015207,0.43203735,0.056457520000000004,0.37869263000000003,-0.8908007,-0.15625143,-0.28568757,0.4553833,0.08685303,0.41735839999999996,-0.90628195,-0.18080549999999998,-0.3138178,0.45040894000000004,0.33084106,0.41497803,-0.9039689999999999,-0.43068907,-0.31093162,0.43804932,0.2255249,0.4185791,-0.8962844,-0.3356864,-0.36841589999999996,0.4187317,0.37210083,0.44735718,-0.8869007999999999,-0.49486339999999995,-0.4179582,0.32867432,0.65960693,0.45376587,-0.8137282,-0.8223459,-0.5065836,0.11981201,0.7966919,0.4868164,-0.6094645,-0.9925987,-0.6078342999999999,-0.04840088,0.7772827,0.24987793,-0.42805105,-1.0073411,-0.44520026,-0.071136475,0.6338806,0.36795044,-0.36475235,-0.8841119,-0.6429720999999999,-0.11877441400000001,0.5308838,0.27548218,-0.25281739999999997,-0.79473317,-0.6183755,-0.009246826000000001,0.3578186,0.0074157715,-0.28043938,-0.66094065,-0.4375987,-0.03970337,0.37561035,-0.34851074,-0.18778825000000002,-0.7442865,-0.1575092,-0.030639648000000002,0.3475952,-0.71188354,-0.18078244000000002,-0.7519964,0.17923273,-0.47064209999999995,-0.12295532,-0.7027283,0.33047843,-0.5792688,0.0061304720000000005,检查1变、2变高压侧进出线开关在分闸位置，开闭站201、202断路器在工作位置。
0.029937744000000002,0.0066833496,0.44210815000000003,-0.6559104,-0.27889138,-0.5295461,0.11721802,0.051971436,0.40472412,-0.71232754,-0.27919469999999996,-0.44745022,0.2484436,0.031677246,0.3500061,-0.79089475,-0.19841605,-0.32916325,0.26678467,0.044799805000000005,0.4418335,-0.77745306,-0.18187726,-0.39129937000000004,0.3279724,0.14923096,0.37255859999999996,-0.80890334,-0.26492035,-0.29015207,0.43203735,0.056457520000000004,0.37869263000000003,-0.8908007,-0.15625143,-0.28568757,0.4553833,0.08685303,0.41735839999999996,-0.90628195,-0.18080549999999998,-0.3138178,0.45040894000000004,0.33084106,0.41497803,-0.9039689999999999,-0.43068907,-0.31093162,0.43804932,0.2255249,0.4185791,-0.8962844,-0.3356864,-0.36841589999999996,0.4187317,0.37210083,0.44735718,-0.8869007999999999,-0.49486339999999995,-0.4179582,0.32867432,0.65960693,0.45376587,-0.8137282,-0.8223459,-0.5065836,0.11981201,0.7966919,0.4868164,-0.6094645,-0.9925987,-0.6078342999999999,-0.04840088,0.7772827,0.24987793,-0.42805105,-1.0073411,-0.44520026,-0.071136475,0.6338806,0.36795044,-0.36475235,-0.8841119,-0.6429720999999999,-0.11877441400000001,0.5308838,0.27548218,-0.25281739999999997,-0.79473317,-0.6183755,-0.009246826000000001,0.3578186,0.0074157715,-0.28043938,-0.66094065,-0.4375987,-0.03970337,0.37561035,-0.34851074,-0.18778825000000002,-0.7442865,-0.1575092,-0.030639648000000002,0.3475952,-0.71188354,-0.18078244000000002,-0.7519964,0.17923273,-0.47064209999999995,-0.12295532,-0.7027283,0.33047843,-0.5792688,0.0061304720000000005,-0.11016846,-2.1482239,-0.50405884,0.047036648,0.9211836999999999,-0.20972504,检查1变、2变高压侧进出线开关在分闸位置，开闭站201、202断路器在工作位置。
0.11721802,0.051971436,0.40472412,-0.71232754,-0.27919469999999996,-0.44745022,0.2484436,0.031677246,0.3500061,-0.79089475,-0.19841605,-0.32916325,0.26678467,0.044799805000000005,0.4418335,-0.77745306,-0.18187726,-0.39129937000000004,0.3279724,0.14923096,0.37255859999999996,-0.80890334,-0.26492035,-0.29015207,0.43203735,0.056457520000000004,0.37869263000000003,-0.8908007,-0.15625143,-0.28568757,0.4553833,0.08685303,0.41735839999999996,-0.90628195,-0.18080549999999998,-0.3138178,0.45040894000000004,0.33084106,0.41497803,-0.9039689999999999,-0.43068907,-0.31093162,0.43804932,0.2255249,0.4185791,-0.8962844,-0.3356864,-0.36841589999999996,0.4187317,0.37210083,0.44735718,-0.8869007999999999,-0.49486339999999995,-0.4179582,0.32867432,0.65960693,0.45376587,-0.8137282,-0.8223459,-0.5065836,0.11981201,0.7966919,0.4868164,-0.6094645,-0.9925987,-0.6078342999999999,-0.04840088,0.7772827,0.24987793,-0.42805105,-1.0073411,-0.44520026,-0.071136475,0.6338806,0.36795044,-0.36475235,-0.8841119,-0.6429720999999999,-0.11877441400000001,0.5308838,0.27548218,-0.25281739999999997,-0.79473317,-0.6183755,-0.009246826000000001,0.3578186,0.0074157715,-0.28043938,-0.66094065,-0.4375987,-0.03970337,0.37561035,-0.34851074,-0.18778825000000002,-0.7442865,-0.1575092,-0.030639648000000002,0.3475952,-0.71188354,-0.18078244000000002,-0.7519964,0.17923273,-0.47064209999999995,-0.12295532,-0.7027283,0.33047843,-0.5792688,0.0061304720000000005,-0.11016846,-2.1482239,-0.50405884,0.047036648,0.9211836999999999,-0.20972504,0.086883545,-1.5243835,-0.9916687,-0.03048563,0.11133611,0.34476268,检查1变、2变高压侧进出线开关在分闸位置，开闭站201、202断路器在工作位置。
0.2484436,0.031677246,0.3500061,-0.79089475,-0.19841605,-0.32916325,0.26678467,0.044799805000000005,0.4418335,-0.77745306,-0.18187726,-0.39129937000000004,0.3279724,0.14923096,0.37255859999999996,-0.80890334,-0.26492035,-0.29015207,0.43203735,0.056457520000000004,0.37869263000000003,-0.8908007,-0.15625143,-0.28568757,0.4553833,0.08685303,0.41735839999999996,-0.90628195,-0.18080549999999998,-0.3138178,0.45040894000000004,0.33084106,0.41497803,-0.9039689999999999,-0.43068907,-0.31093162,0.43804932,0.2255249,0.4185791,-0.8962844,-0.3356864,-0.36841589999999996,0.4187317,0.37210083,0.44735718,-0.8869007999999999,-0.49486339999999995,-0.4179582,0.32867432,0.65960693,0.45376587,-0.8137282,-0.8223459,-0.5065836,0.11981201,0.7966919,0.4868164,-0.6094645,-0.9925987,-0.6078342999999999,-0.04840088,0.7772827,0.24987793,-0.42805105,-1.0073411,-0.44520026,-0.071136475,0.6338806,0.36795044,-0.36475235,-0.8841119,-0.6429720999999999,-0.11877441400000001,0.5308838,0.27548218,-0.25281739999999997,-0.79473317,-0.6183755,-0.009246826000000001,0.3578186,0.0074157715,-0.28043938,-0.66094065,-0.4375987,-0.03970337,0.37561035,-0.34851074,-0.18778825000000002,-0.7442865,-0.1575092,-0.030639648000000002,0.3475952,-0.71188354,-0.18078244000000002,-0.7519964,0.17923273,-0.47064209999999995,-0.12295532,-0.7027283,0.33047843,-0.5792688,0.0061304720000000005,-0.11016846,-2.1482239,-0.50405884,0.047036648,0.9211836999999999,-0.20972504,0.086883545,-1.5243835,-0.9916687,-0.03048563,0.11133611,0.34476268,0.13369751,-1.2619934,-1.1045532,-0.03826356,-0.16501838,0.46554428000000003,检查1变、2变高压侧进出线开关在分闸位置，开闭站201、202断路器在工作位置。
0.26678467,0.044799805000000005,0.4418335,-0.77745306,-0.18187726,-0.39129937000000004,0.3279724,0.14923096,0.37255859999999996,-0.80890334,-0.26492035,-0.29015207,0.43203735,0.056457520000000004,0.37869263000000003,-0.8908007,-0.15625143,-0.28568757,0.4553833,0.08685303,0.41735839999999996,-0.90628195,-0.18080549999999998,-0.3138178,0.45040894000000004,0.33084106,0.41497803,-0.9039689999999999,-0.43068907,-0.31093162,0.43804932,0.2255249,0.4185791,-0.8962844,-0.3356864,-0.36841589999999996,0.4187317,0.37210083,0.44735718,-0.8869007999999999,-0.49486339999999995,-0.4179582,0.32867432,0.65960693,0.45376587,-0.8137282,-0.8223459,-0.5065836,0.11981201,0.7966919,0.4868164,-0.6094645,-0.9925987,-0.6078342999999999,-0.04840088,0.7772827,0.24987793,-0.42805105,-1.0073411,-0.44520026,-0.071136475,0.6338806,0.36795044,-0.36475235,-0.8841119,-0.6429720999999999,-0.11877441400000001,0.5308838,0.27548218,-0.25281739999999997,-0.79473317,-0.6183755,-0.009246826000000001,0.3578186,0.0074157715,-0.28043938,-0.66094065,-0.4375987,-0.03970337,0.37561035,-0.34851074,-0.18778825000000002,-0.7442865,-0.1575092,-0.030639648000000002,0.3475952,-0.71188354,-0.18078244000000002,-0.7519964,0.17923273,-0.47064209999999995,-0.12295532,-0.7027283,0.33047843,-0.5792688,0.0061304720000000005,-0.11016846,-2.1482239,-0.50405884,0.047036648,0.9211836999999999,-0.20972504,0.086883545,-1.5243835,-0.9916687,-0.03048563,0.11133611,0.34476268,0.13369751,-1.2619934,-1.1045532,-0.03826356,-0.16501838,0.46554428000000003,0.2171936,-0.88009644,-1.1707764,-0.035568953,-0.56819725,0.5524779,检查1变、2变高压侧进出线开关在分闸位置，开闭站201、202断路器在工作位置。
0.3279724,0.14923096,0.37255859999999996,-0.80890334,-0.26492035,-0.29015207,0.43203735,0.056457520000000004,0.37869263000000003,-0.8908007,-0.15625143,-0.28568757,0.4553833,0.08685303,0.41735839999999996,-0.90628195,-0.18080549999999998,-0.3138178,0.45040894000000004,0.33084106,0.41497803,-0.9039689999999999,-0.43068907,-0.31093162,0.43804932,0.2255249,0.4185791,-0.8962844,-0.3356864,-0.36841589999999996,0.4187317,0.37210083,0.44735718,-0.8869007999999999,-0.49486339999999995,-0.4179582,0.32867432,0.65960693,0.45376587,-0.8137282,-0.8223459,-0.5065836,0.11981201,0.7966919,0.4868164,-0.6094645,-0.9925987,-0.6078342999999999,-0.04840088,0.7772827,0.24987793,-0.42805105,-1.0073411,-0.44520026,-0.071136475,0.6338806,0.36795044,-0.36475235,-0.8841119,-0.6429720999999999,-0.11877441400000001,0.5308838,0.27548218,-0.25281739999999997,-0.79473317,-0.6183755,-0.009246826000000001,0.3578186,0.0074157715,-0.28043938,-0.66094065,-0.4375987,-0.03970337,0.37561035,-0.34851074,-0.18778825000000002,-0.7442865,-0.1575092,-0.030639648000000002,0.3475952,-0.71188354,-0.18078244000000002,-0.7519964,0.17923273,-0.47064209999999995,-0.12295532,-0.7027283,0.33047843,-0.5792688,0.0061304720000000005,-0.11016846,-2.1482239,-0.50405884,0.047036648,0.9211836999999999,-0.20972504,0.086883545,-1.5243835,-0.9916687,-0.03048563,0.11133611,0.34476268,0.13369751,-1.2619934,-1.1045532,-0.03826356,-0.16501838,0.46554428000000003,0.2171936,-0.88009644,-1.1707764,-0.035568953,-0.56819725,0.5524779,0.29736328,-0.75683594,-0.8668823,0.07898402,-0.72668487,0.33349532,检查1变、2变高压侧进出线开关在分闸位置，开闭站201、202断路器在工作位置。
0.43203735,0.056457520000000004,0.37869263000000003,-0.8908007,-0.15625143,-0.28568757,0.4553833,0.08685303,0.41735839999999996,-0.90628195,-0.18080549999999998,-0.3138178,0.45040894000000004,0.33084106,0.41497803,-0.9039689999999999,-0.43068907,-0.31093162,0.43804932,0.2255249,0.4185791,-0.8962844,-0.3356864,-0.36841589999999996,0.4187317,0.37210083,0.44735718,-0.8869007999999999,-0.49486339999999995,-0.4179582,0.32867432,0.65960693,0.45376587,-0.8137282,-0.8223459,-0.5065836,0.11981201,0.7966919,0.4868164,-0.6094645,-0.9925987,-0.6078342999999999,-0.04840088,0.7772827,0.24987793,-0.42805105,-1.0073411,-0.44520026,-0.071136475,0.6338806,0.36795044,-0.36475235,-0.8841119,-0.6429720999999999,-0.11877441400000001,0.5308838,0.27548218,-0.25281739999999997,-0.79473317,-0.6183755,-0.009246826000000001,0.3578186,0.0074157715,-0.28043938,-0.66094065,-0.4375987,-0.03970337,0.37561035,-0.34851074,-0.18778825000000002,-0.7442865,-0.1575092,-0.030639648000000002,0.3475952,-0.71188354,-0.18078244000000002,-0.7519964,0.17923273,-0.47064209999999995,-0.12295532,-0.7027283,0.33047843,-0.5792688,0.0061304720000000005,-0.11016846,-2.1482239,-0.50405884,0.047036648,0.9211836999999999,-0.20972504,0.086883545,-1.5243835,-0.9916687,-0.03048563,0.11133611,0.34476268,0.13369751,-1.2619934,-1.1045532,-0.03826356,-0.16501838,0.46554428000000003,0.2171936,-0.88009644,-1.1707764,-0.035568953,-0.56819725,0.5524779,0.29736328,-0.75683594,-0.8668823,0.07898402,-0.72668487,0.33349532,0.17297363000000002,-0.16076659999999998,-0.2576294,0.5334219,-1.1999578,-0.107488975,检查1变、2变高压侧进出线开关在分闸位置，开闭站201、202断路器在工作位置。
0.4553833,0.08685303,0.41735839999999996,-0.90628195,-0.18080549999999998,-0.3138178,0.45040894000000004,0.33084106,0.41497803,-0.9039689999999999,-0.43068907,-0.31093162,0.43804932,0.2255249,0.4185791,-0.8962844,-0.3356864,-0.36841589999999996,0.4187317,0.37210083,0.44735718,-0.8869007999999999,-0.49486339999999995,-0.4179582,0.32867432,0.65960693,0.45376587,-0.8137282,-0.8223459,-0.5065836,0.11981201,0.7966919,0.4868164,-0.6094645,-0.9925987,-0.6078342999999999,-0.04840088,0.7772827,0.24987793,-0.42805105,-1.0073411,-0.44520026,-0.071136475,0.6338806,0.36795044,-0.36475235,-0.8841119,-0.6429720999999999,-0.11877441400000001,0.5308838,0.27548218,-0.25281739999999997,-0.79473317,-0.6183755,-0.009246826000000001,0.3578186,0.0074157715,-0.28043938,-0.66094065,-0.4375987,-0.03970337,0.37561035,-0.34851074,-0.18778825000000002,-0.7442865,-0.1575092,-0.030639648000000002,0.3475952,-0.71188354,-0.18078244000000002,-0.7519964,0.17923273,-0.47064209999999995,-0.12295532,-0.7027283,0.33047843,-0.5792688,0.0061304720000000005,-0.11016846,-2.1482239,-0.50405884,0.047036648,0.9211836999999999,-0.20972504,0.086883545,-1.5243835,-0.9916687,-0.03048563,0.11133611,0.34476268,0.13369751,-1.2619934,-1.1045532,-0.03826356,-0.16501838,0.46554428000000003,0.2171936,-0.88009644,-1.1707764,-0.035568953,-0.56819725,0.5524779,0.29736328,-0.75683594,-0.8668823,0.07898402,-0.72668487,0.33349532,0.17297363000000002,-0.16076659999999998,-0.2576294,0.5334219,-1.1999578,-0.107488975,1.111023,0.9276123,0.30770874,-0.12257981,-1.7056043,-0.15291996,检查1变、2变高压侧进出线开关在分闸位置，开闭站201、202断路器在工作位置。
0.45040894000000004,0.33084106,0.41497803,-0.9039689999999999,-0.43068907,-0.31093162,0.43804932,0.2255249,0.4185791,-0.8962844,-0.3356864,-0.36841589999999996,0.4187317,0.37210083,0.44735718,-0.8869007999999999,-0.49486339999999995,-0.4179582,0.32867432,0.65960693,0.45376587,-0.8137282,-0.8223459,-0.5065836,0.11981201,0.7966919,0.4868164,-0.6094645,-0.9925987,-0.6078342999999999,-0.04840088,0.7772827,0.24987793,-0.42805105,-1.0073411,-0.44520026,-0.071136475,0.6338806,0.36795044,-0.36475235,-0.8841119,-0.6429720999999999,-0.11877441400000001,0.5308838,0.27548218,-0.25281739999999997,-0.79473317,-0.6183755,-0.009246826000000001,0.3578186,0.0074157715,-0.28043938,-0.66094065,-0.4375987,-0.03970337,0.37561035,-0.34851074,-0.18778825000000002,-0.7442865,-0.1575092,-0.030639648000000002,0.3475952,-0.71188354,-0.18078244000000002,-0.7519964,0.17923273,-0.47064209999999995,-0.12295532,-0.7027283,0.33047843,-0.5792688,0.0061304720000000005,-0.11016846,-2.1482239,-0.50405884,0.047036648,0.9211836999999999,-0.20972504,0.086883545,-1.5243835,-0.9916687,-0.03048563,0.11133611,0.34476268,0.13369751,-1.2619934,-1.1045532,-0.03826356,-0.16501838,0.46554428000000003,0.2171936,-0.88009644,-1.1707764,-0.035568953,-0.56819725,0.5524779,0.29736328,-0.75683594,-0.8668823,0.07898402,-0.72668487,0.33349532,0.17297363000000002,-0.16076659999999998,-0.2576294,0.5334219,-1.1999578,-0.107488975,1.111023,0.9276123,0.30770874,-0.12257981,-1.7056043,-0.15291996,1.4882813,0.56881714,0.10757446,-0.55409527,-1.2179364,0.25540525000000003,检查1变、2变高压侧进出线开关在分闸位置，开闭站201、202断路器在工作位置。
0.43804932,0.2255249,0.4185791,-0.8962844,-0.3356864,-0.36841589999999996,0.4187317,0.37210083,0.44735718,-0.8869007999999999,-0.49486339999999995,-0.4179582,0.32867432,0.65960693,0.45376587,-0.8137282,-0.8223459,-0.5065836,0.11981201,0.7966919,0.4868164,-0.6094645,-0.9925987,-0.6078342999999999,-0.04840088,0.7772827,0.24987793,-0.42805105,-1.0073411,-0.44520026,-0.071136475,0.6338806,0.36795044,-0.36475235,-0.8841119,-0.6429720999999999,-0.11877441400000001,0.5308838,0.27548218,-0.25281739999999997,-0.79473317,-0.6183755,-0.009246826000000001,0.3578186,0.0074157715,-0.28043938,-0.66094065,-0.4375987,-0.03970337,0.37561035,-0.34851074,-0.18778825000000002,-0.7442865,-0.1575092,-0.030639648000000002,0.3475952,-0.71188354,-0.18078244000000002,-0.7519964,0.17923273,-0.47064209999999995,-0.12295532,-0.7027283,0.33047843,-0.5792688,0.0061304720000000005,-0.11016846,-2.1482239,-0.50405884,0.047036648,0.9211836999999999,-0.20972504,0.086883545,-1.5243835,-0.9916687,-0.03048563,0.11133611,0.34476268,0.13369751,-1.2619934,-1.1045532,-0.03826356,-0.16501838,0.46554428000000003,0.2171936,-0.88009644,-1.1707764,-0.035568953,-0.56819725,0.5524779,0.29736328,-0.75683594,-0.8668823,0.07898402,-0.72668487,0.33349532,0.17297363000000002,-0.16076659999999998,-0.2576294,0.5334219,-1.1999578,-0.107488975,1.111023,0.9276123,0.30770874,-0.12257981,-1.7056043,-0.15291996,1.4882813,0.56881714,0.10757446,-0.55409527,-1.2179364,0.25540525000000003,1.4490356,1.0429077,1.2303772,-0.7503291400000001,-1.5285766,-0.47277802,检查1变、2变高压侧进出线开关在分闸位置，开闭站201、202断路器在工作位置。
0.4187317,0.37210083,0.44735718,-0.8869007999999999,-0.49486339999999995,-0.4179582,0.32867432,0.65960693,0.45376587,-0.8137282,-0.8223459,-0.5065836,0.11981201,0.7966919,0.4868164,-0.6094645,-0.9925987,-0.6078342999999999,-0.04840088,0.7772827,0.24987793,-0.42805105,-1.0073411,-0.44520026,-0.071136475,0.6338806,0.36795044,-0.36475235,-0.8841119,-0.6429720999999999,-0.11877441400000001,0.5308838,0.27548218,-0.25281739999999997,-0.79473317,-0.6183755,-0.009246826000000001,0.3578186,0.0074157715,-0.28043938,-0.66094065,-0.4375987,-0.03970337,0.37561035,-0.34851074,-0.18778825000000002,-0.7442865,-0.1575092,-0.030639648000000002,0.3475952,-0.71188354,-0.18078244000000002,-0.7519964,0.17923273,-0.47064209999999995,-0.12295532,-0.7027283,0.33047843,-0.5792688,0.0061304720000000005,-0.11016846,-2.1482239,-0.50405884,0.047036648,0.9211836999999999,-0.20972504,0.086883545,-1.5243835,-0.9916687,-0.03048563,0.11133611,0.34476268,0.13369751,-1.2619934,-1.1045532,-0.03826356,-0.16501838,0.46554428000000003,0.2171936,-0.88009644,-1.1707764,-0.035568953,-0.56819725,0.5524779,0.29736328,-0.75683594,-0.8668823,0.07898402,-0.72668487,0.33349532,0.17297363000000002,-0.16076659999999998,-0.2576294,0.5334219,-1.1999578,-0.107488975,1.111023,0.9276123,0.30770874,-0.12257981,-1.7056043,-0.15291996,1.4882813,0.56881714,0.10757446,-0.55409527,-1.2179364,0.25540525000000003,1.4490356,1.0429077,1.2303772,-0.7503291400000001,-1.5285766,-0.47277802,1.5777283,1.0592957,1.5281981999999998,-1.0425279,-1.5973368,-0.57840705,检查1变、2变高压侧进出线开关在分闸位置，开闭站201、202断路器在工作位置。
0.32867432,0.65960693,0.45376587,-0.8137282,-0.8223459,-0.5065836,0.11981201,0.7966919,0.4868164,-0.6094645,-0.9925987,-0.6078342999999999,-0.04840088,0.7772827,0.24987793,-0.42805105,-1.0073411,-0.44520026,-0.071136475,0.6338806,0.36795044,-0.36475235,-0.8841119,-0.6429720999999999,-0.11877441400000001,0.5308838,0.27548218,-0.25281739999999997,-0.79473317,-0.6183755,-0.009246826000000001,0.3578186,0.0074157715,-0.28043938,-0.66094065,-0.4375987,-0.03970337,0.37561035,-0.34851074,-0.18778825000000002,-0.7442865,-0.1575092,-0.030639648000000002,0.3475952,-0.71188354,-0.18078244000000002,-0.7519964,0.17923273,-0.47064209999999995,-0.12295532,-0.7027283,0.33047843,-0.5792688,0.0061304720000000005,-0.11016846,-2.1482239,-0.50405884,0.047036648,0.9211836999999999,-0.20972504,0.086883545,-1.5243835,-0.9916687,-0.03048563,0.11133611,0.34476268,0.13369751,-1.2619934,-1.1045532,-0.03826356,-0.16501838,0.46554428000000003,0.2171936,-0.88009644,-1.1707764,-0.035568953,-0.56819725,0.5524779,0.29736328,-0.75683594,-0.8668823,0.07898402,-0.72668487,0.33349532,0.17297363000000002,-0.16076659999999998,-0.2576294,0.5334219,-1.1999578,-0.107488975,1.111023,0.9276123,0.30770874,-0.12257981,-1.7056043,-0.15291996,1.4882813,0.56881714,0.10757446,-0.55409527,-1.2179364,0.25540525000000003,1.4490356,1.0429077,1.2303772,-0.7503291400000001,-1.5285766,-0.47277802,1.5777283,1.0592957,1.5281981999999998,-1.0425279,-1.5973368,-0.57840705,1.6542358,0.8715514999999999,1.5386047,-1.1538514,-1.4596438,-0.54037774,检查1变、2变高压侧进出线开关在分闸位置，开闭站201、202断路器在工作位置。
0.11981201,0.7966919,0.4868164,-0.6094645,-0.9925987,-0.6078342999999999,-0.04840088,0.7772827,0.24987793,-0.42805105,-1.0073411,-0.44520026,-0.071136475,0.6338806,0.36795044,-0.36475235,-0.8841119,-0.6429720999999999,-0.11877441400000001,0.5308838,0.27548218,-0.25281739999999997,-0.79473317,-0.6183755,-0.009246826000000001,0.3578186,0.0074157715,-0.28043938,-0.66094065,-0.4375987,-0.03970337,0.37561035,-0.34851074,-0.18778825000000002,-0.7442865,-0.1575092,-0.030639648000000002,0.3475952,-0.71188354,-0.18078244000000002,-0.7519964,0.17923273,-0.47064209999999995,-0.12295532,-0.7027283,0.33047843,-0.5792688,0.0061304720000000005,-0.11016846,-2.1482239,-0.50405884,0.047036648,0.9211836999999999,-0.20972504,0.086883545,-1.5243835,-0.9916687,-0.03048563,0.11133611,0.34476268,0.13369751,-1.2619934,-1.1045532,-0.03826356,-0.16501838,0.46554428000000003,0.2171936,-0.88009644,-1.1707764,-0.035568953,-0.56819725,0.5524779,0.29736328,-0.75683594,-0.8668823,0.07898402,-0.72668487,0.33349532,0.17297363000000002,-0.16076659999999998,-0.2576294,0.5334219,-1.1999578,-0.107488975,1.111023,0.9276123,0.30770874,-0.12257981,-1.7056043,-0.15291996,1.4882813,0.56881714,0.10757446,-0.55409527,-1.2179364,0.25540525000000003,1.4490356,1.0429077,1.2303772,-0.7503291400000001,-1.5285766,-0.47277802,1.5777283,1.0592957,1.5281981999999998,-1.0425279,-1.5973368,-0.57840705,1.6542358,0.8715514999999999,1.5386047,-1.1538514,-1.4596438,-0.54037774,1.5714722,0.7764282,1.4144896999999998,-1.0007929,-1.5140848,-0.40255827,检查1变、2变高压侧进出线开关在分闸位置，开闭站201、202断路器在工作位置。
-0.04840088,0.7772827,0.24987793,-0.42805105,-1.0073411,-0.44520026,-0.071136475,0.6338806,0.36795044,-0.36475235,-0.8841119,-0.6429720999999999,-0.11877441400000001,0.5308838,0.27548218,-0.25281739999999997,-0.79473317,-0.6183755,-0.009246826000000001,0.3578186,0.0074157715,-0.28043938,-0.66094065,-0.4375987,-0.03970337,0.37561035,-0.34851074,-0.18778825000000002,-0.7442865,-0.1575092,-0.030639648000000002,0.3475952,-0.71188354,-0.18078244000000002,-0.7519964,0.17923273,-0.47064209999999995,-0.12295532,-0.7027283,0.33047843,-0.5792688,0.0061304720000000005,-0.11016846,-2.1482239,-0.50405884,0.047036648,0.9211836999999999,-0.20972504,0.086883545,-1.5243835,-0.9916687,-0.03048563,0.11133611,0.34476268,0.13369751,-1.2619934,-1.1045532,-0.03826356,-0.16501838,0.46554428000000003,0.2171936,-0.88009644,-1.1707764,-0.035568953,-0.56819725,0.5524779,0.29736328,-0.75683594,-0.8668823,0.07898402,-0.72668487,0.33349532,0.17297363000000002,-0.16076659999999998,-0.2576294,0.5334219,-1.1999578,-0.107488975,1.111023,0.9276123,0.30770874,-0.12257981,-1.7056043,-0.15291996,1.4882813,0.56881714,0.10757446,-0.55409527,-1.2179364,0.25540525000000003,1.4490356,1.0429077,1.2303772,-0.7503291400000001,-1.5285766,-0.47277802,1.5777283,1.0592957,1.5281981999999998,-1.0425279,-1.5973368,-0.57840705,1.6542358,0.8715514999999999,1.5386047,-1.1538514,-1.4596438,-0.54037774,1.5714722,0.7764282,1.4144896999999998,-1.0007929,-1.5140848,-0.40255827,1.4443054,0.6000365999999999,0.81396484,-0.73739314,-1.4844207,0.11794551,检查1变、2变高压侧进出线开关在分闸位置，开闭站201、202断路器在工作位置。
-0.071136475,0.6338806,0.36795044,-0.36475235,-0.8841119,-0.6429720999999999,-0.11877441400000001,0.5308838,0.27548218,-0.25281739999999997,-0.79473317,-0.6183755,-0.009246826000000001,0.3578186,0.0074157715,-0.28043938,-0.66094065,-0.4375987,-0.03970337,0.37561035,-0.34851074,-0.18778825000000002,-0.7442865,-0.1575092,-0.030639648000000002,0.3475952,-0.71188354,-0.18078244000000002,-0.7519964,0.17923273,-0.47064209999999995,-0.12295532,-0.7027283,0.33047843,-0.5792688,0.0061304720000000005,-0.11016846,-2.1482239,-0.50405884,0.047036648,0.9211836999999999,-0.20972504,0.086883545,-1.5243835,-0.9916687,-0.03048563,0.11133611,0.34476268,0.13369751,-1.2619934,-1.1045532,-0.03826356,-0.16501838,0.46554428000000003,0.2171936,-0.88009644,-1.1707764,-0.035568953,-0.56819725,0.5524779,0.29736328,-0.75683594,-0.8668823,0.07898402,-0.72668487,0.33349532,0.17297363000000002,-0.16076659999999998,-0.2576294,0.5334219,-1.1999578,-0.107488975,1.111023,0.9276123,0.30770874,-0.12257981,-1.7056043,-0.15291996,1.4882813,0.56881714,0.10757446,-0.55409527,-1.2179364,0.25540525000000003,1.4490356,1.0429077,1.2303772,-0.7503291400000001,-1.5285766,-0.47277802,1.5777283,1.0592957,1.5281981999999998,-1.0425279,-1.5973368,-0.57840705,1.6542358,0.8715514999999999,1.5386047,-1.1538514,-1.4596438,-0.54037774,1.5714722,0.7764282,1.4144896999999998,-1.0007929,-1.5140848,-0.40255827,1.4443054,0.6000365999999999,0.81396484,-0.73739314,-1.4844207,0.11794551,1.1435547,0.50427246,0.2914734,-0.28290129999999997,-1.5633279,0.45667344,检查1变、2变高压侧进出线开关在分闸位置，开闭站201、202断路器在工作位置。
-0.11877441400000001,0.5308838,0.27548218,-0.25281739999999997,-0.79473317,-0.6183755,-0.009246826000000001,0.3578186,0.0074157715,-0.28043938,-0.66094065,-0.4375987,-0.03970337,0.37561035,-0.34851074,-0.18778825000000002,-0.7442865,-0.1575092,-0.030639648000000002,0.3475952,-0.71188354,-0.18078244000000002,-0.7519964,0.17923273,-0.47064209999999995,-0.12295532,-0.7027283,0.33047843,-0.5792688,0.0061304720000000005,-0.11016846,-2.1482239,-0.50405884,0.047036648,0.9211836999999999,-0.20972504,0.086883545,-1.5243835,-0.9916687,-0.03048563,0.11133611,0.34476268,0.13369751,-1.2619934,-1.1045532,-0.03826356,-0.16501838,0.46554428000000003,0.2171936,-0.88009644,-1.1707764,-0.035568953,-0.56819725,0.5524779,0.29736328,-0.75683594,-0.8668823,0.07898402,-0.72668487,0.33349532,0.17297363000000002,-0.16076659999999998,-0.2576294,0.5334219,-1.1999578,-0.107488975,1.111023,0.9276123,0.30770874,-0.12257981,-1.7056043,-0.15291996,1.4882813,0.56881714,0.10757446,-0.55409527,-1.2179364,0.25540525000000003,1.4490356,1.0429077,1.2303772,-0.7503291400000001,-1.5285766,-0.47277802,1.5777283,1.0592957,1.5281981999999998,-1.0425279,-1.5973368,-0.57840705,1.6542358,0.8715514999999999,1.5386047,-1.1538514,-1.4596438,-0.54037774,1.5714722,0.7764282,1.4144896999999998,-1.0007929,-1.5140848,-0.40255827,1.4443054,0.6000365999999999,0.81396484,-0.73739314,-1.4844207,0.11794551,1.1435547,0.50427246,0.2914734,-0.28290129999999997,-1.5633279,0.45667344,0.7898864999999999,0.5128784,0.10961914,0.15954447,-1.7707001,0.3429047,检查1变、2变高压侧进出线开关在分闸位置，开闭站201、202断路器在工作位置。
-0.009246826000000001,0.3578186,0.0074157715,-0.28043938,-0.66094065,-0.4375987,-0.03970337,0.37561035,-0.34851074,-0.18778825000000002,-0.7442865,-0.1575092,-0.030639648000000002,0.3475952,-0.71188354,-0.18078244000000002,-0.7519964,0.17923273,-0.47064209999999995,-0.12295532,-0.7027283,0.33047843,-0.5792688,0.0061304720000000005,-0.11016846,-2.1482239,-0.50405884,0.047036648,0.9211836999999999,-0.20972504,0.086883545,-1.5243835,-0.9916687,-0.03048563,0.11133611,0.34476268,0.13369751,-1.2619934,-1.1045532,-0.03826356,-0.16501838,0.46554428000000003,0.2171936,-0.88009644,-1.1707764,-0.035568953,-0.56819725,0.5524779,0.29736328,-0.75683594,-0.8668823,0.07898402,-0.72668487,0.33349532,0.17297363000000002,-0.16076659999999998,-0.2576294,0.5334219,-1.1999578,-0.107488975,1.111023,0.9276123,0.30770874,-0.12257981,-1.7056043,-0.15291996,1.4882813,0.56881714,0.10757446,-0.55409527,-1.2179364,0.25540525000000003,1.4490356,1.0429077,1.2303772,-0.7503291400000001,-1.5285766,-0.47277802,1.5777283,1.0592957,1.5281981999999998,-1.0425279,-1.5973368,-0.57840705,1.6542358,0.8715514999999999,1.5386047,-1.1538514,-1.4596438,-0.54037774,1.5714722,0.7764282,1.4144896999999998,-1.0007929,-1.5140848,-0.40255827,1.4443054,0.6000365999999999,0.81396484,-0.73739314,-1.4844207,0.11794551,1.1435547,0.50427246,0.2914734,-0.28290129999999997,-1.5633279,0.45667344,0.7898864999999999,0.5128784,0.10961914,0.15954447,-1.7707001,0.3429047,0.50823975,0.43753052000000003,-0.03439331,0.43044114,-1.8000824,0.31524074,检查1变、2变高压侧进出线开关在分闸位置，开闭站201、202断路器在工作位置。
-0.03970337,0.37561035,-0.34851074,-0.18778825000000002,-0.7442865,-0.1575092,-0.030639648000000002,0.3475952,-0.71188354,-0.18078244000000002,-0.7519964,0.17923273,-0.47064209999999995,-0.12295532,-0.7027283,0.33047843,-0.5792688,0.0061304720000000005,-0.11016846,-2.1482239,-0.50405884,0.047036648,0.9211836999999999,-0.20972504,0.086883545,-1.5243835,-0.9916687,-0.03048563,0.11133611,0.34476268,0.13369751,-1.2619934,-1.1045532,-0.03826356,-0.16501838,0.46554428000000003,0.2171936,-0.88009644,-1.1707764,-0.035568953,-0.56819725,0.5524779,0.29736328,-0.75683594,-0.8668823,0.07898402,-0.72668487,0.33349532,0.17297363000000002,-0.16076659999999998,-0.2576294,0.5334219,-1.1999578,-0.107488975,1.111023,0.9276123,0.30770874,-0.12257981,-1.7056043,-0.15291996,1.4882813,0.56881714,0.10757446,-0.55409527,-1.2179364,0.25540525000000003,1.4490356,1.0429077,1.2303772,-0.7503291400000001,-1.5285766,-0.47277802,1.5777283,1.0592957,1.5281981999999998,-1.0425279,-1.5973368,-0.57840705,1.6542358,0.8715514999999999,1.5386047,-1.1538514,-1.4596438,-0.54037774,1.5714722,0.7764282,1.4144896999999998,-1.0007929,-1.5140848,-0.40255827,1.4443054,0.6000365999999999,0.81396484,-0.73739314,-1.4844207,0.11794551,1.1435547,0.50427246,0.2914734,-0.28290129999999997,-1.5633279,0.45667344,0.7898864999999999,0.5128784,0.10961914,0.15954447,-1.7707001,0.3429047,0.50823975,0.43753052000000003,-0.03439331,0.43044114,-1.8000824,0.31524074,0.35485839999999996,0.38946533,-0.12240600600000001,0.5603452,-1.8053824,0.31568763,检查1变、2变高压侧进出线开关在分闸位置，开闭站201、202断路器在工作位置。
-0.030639648000000002,0.3475952,-0.71188354,-0.18078244000000002,-0.7519964,0.17923273,-0.47064209999999995,-0.12295532,-0.7027283,0.33047843,-0.5792688,0.0061304720000000005,-0.11016846,-2.1482239,-0.50405884,0.047036648,0.9211836999999999,-0.20972504,0.086883545,-1.5243835,-0.9916687,-0.03048563,0.11133611,0.34476268,0.13369751,-1.2619934,-1.1045532,-0.03826356,-0.16501838,0.46554428000000003,0.2171936,-0.88009644,-1.1707764,-0.035568953,-0.56819725,0.5524779,0.29736328,-0.75683594,-0.8668823,0.07898402,-0.72668487,0.33349532,0.17297363000000002,-0.16076659999999998,-0.2576294,0.5334219,-1.1999578,-0.107488975,1.111023,0.9276123,0.30770874,-0.12257981,-1.7056043,-0.15291996,1.4882813,0.56881714,0.10757446,-0.55409527,-1.2179364,0.25540525000000003,1.4490356,1.0429077,1.2303772,-0.7503291400000001,-1.5285766,-0.47277802,1.5777283,1.0592957,1.5281981999999998,-1.0425279,-1.5973368,-0.57840705,1.6542358,0.8715514999999999,1.5386047,-1.1538514,-1.4596438,-0.54037774,1.5714722,0.7764282,1.4144896999999998,-1.0007929,-1.5140848,-0.40255827,1.4443054,0.6000365999999999,0.81396484,-0.73739314,-1.4844207,0.11794551,1.1435547,0.50427246,0.2914734,-0.28290129999999997,-1.5633279,0.45667344,0.7898864999999999,0.5128784,0.10961914,0.15954447,-1.7707001,0.3429047,0.50823975,0.43753052000000003,-0.03439331,0.43044114,-1.8000824,0.31524074,0.35485839999999996,0.38946533,-0.12240600600000001,0.5603452,-1.8053824,0.31568763,-0.96969604,-0.9585570999999999,-0.87475586,1.1799767,-0.79793024,0.5596308,检查1变、2变高压侧进出线开关在分闸位置，开闭站201、202断路器在工作位置。
-0.47064209999999995,-0.12295532,-0.7027283,0.33047843,-0.5792688,0.0061304720000000005,-0.11016846,-2.1482239,-0.50405884,0.047036648,0.9211836999999999,-0.20972504,0.086883545,-1.5243835,-0.9916687,-0.03048563,0.11133611,0.34476268,0.13369751,-1.2619934,-1.1045532,-0.03826356,-0.16501838,0.46554428000000003,0.2171936,-0.88009644,-1.1707764,-0.035568953,-0.56819725,0.5524779,0.29736328,-0.75683594,-0.8668823,0.07898402,-0.72668487,0.33349532,0.17297363000000002,-0.16076659999999998,-0.2576294,0.5334219,-1.1999578,-0.107488975,1.111023,0.9276123,0.30770874,-0.12257981,-1.7056043,-0.15291996,1.4882813,0.56881714,0.10757446,-0.55409527,-1.2179364,0.25540525000000003,1.4490356,1.0429077,1.2303772,-0.7503291400000001,-1.5285766,-0.47277802,1.5777283,1.0592957,1.5281981999999998,-1.0425279,-1.5973368,-0.57840705,1.6542358,0.8715514999999999,1.5386047,-1.1538514,-1.4596438,-0.54037774,1.5714722,0.7764282,1.4144896999999998,-1.0007929,-1.5140848,-0.40255827,1.4443054,0.6000365999999999,0.81396484,-0.73739314,-1.4844207,0.11794551,1.1435547,0.50427246,0.2914734,-0.28290129999999997,-1.5633279,0.45667344,0.7898864999999999,0.5128784,0.10961914,0.15954447,-1.7707001,0.3429047,0.50823975,0.43753052000000003,-0.03439331,0.43044114,-1.8000824,0.31524074,0.35485839999999996,0.38946533,-0.12240600600000001,0.5603452,-1.8053824,0.31568763,-0.96969604,-0.9585570999999999,-0.87475586,1.1799767,-0.79793024,0.5596308,-1.3279114,-0.7867736999999999,-0.6631775,1.2826343,-1.0082529,0.38515925,检查1变、2变高压侧进出线开关在分闸位置，开闭站201、202断路器在工作位置。
-0.11016846,-2.1482239,-0.50405884,0.047036648,0.9211836999999999,-0.20972504,0.086883545,-1.5243835,-0.9916687,-0.03048563,0.11133611,0.34476268,0.13369751,-1.2619934,-1.1045532,-0.03826356,-0.16501838,0.46554428000000003,0.2171936,-0.88009644,-1.1707764,-0.035568953,-0.56819725,0.5524779,0.29736328,-0.75683594,-0.8668823,0.07898402,-0.72668487,0.33349532,0.17297363000000002,-0.16076659999999998,-0.2576294,0.5334219,-1.1999578,-0.107488975,1.111023,0.9276123,0.30770874,-0.12257981,-1.7056043,-0.15291996,1.4882813,0.56881714,0.10757446,-0.55409527,-1.2179364,0.25540525000000003,1.4490356,1.0429077,1.2303772,-0.7503291400000001,-1.5285766,-0.47277802,1.5777283,1.0592957,1.5281981999999998,-1.0425279,-1.5973368,-0.57840705,1.6542358,0.8715514999999999,1.5386047,-1.1538514,-1.4596438,-0.54037774,1.5714722,0.7764282,1.4144896999999998,-1.0007929,-1.5140848,-0.40255827,1.4443054,0.6000365999999999,0.81396484,-0.73739314,-1.4844207,0.11794551,1.1435547,0.50427246,0.2914734,-0.28290129999999997,-1.5633279,0.45667344,0.7898864999999999,0.5128784,0.10961914,0.15954447,-1.7707001,0.3429047,0.50823975,0.43753052000000003,-0.03439331,0.43044114,-1.8000824,0.31524074,0.35485839999999996,0.38946533,-0.12240600600000001,0.5603452,-1.8053824,0.31568763,-0.96969604,-0.9585570999999999,-0.87475586,1.1799767,-0.79793024,0.5596308,-1.3279114,-0.7867736999999999,-0.6631775,1.2826343,-1.0082529,0.38515925,-0.4902649,-3.3157959999999997,0.6716614,0.026156902000000003,1.576101,-0.7482582999999999,检查1变、2变高压侧进出线开关在分闸位置，开闭站201、202断路器在工作位置。
0.086883545,-1.5243835,-0.9916687,-0.03048563,0.11133611,0.34476268,0.13369751,-1.2619934,-1.1045532,-0.03826356,-0.16501838,0.46554428000000003,0.2171936,-0.88009644,-1.1707764,-0.035568953,-0.56819725,0.5524779,0.29736328,-0.75683594,-0.8668823,0.07898402,-0.72668487,0.33349532,0.17297363000000002,-0.16076659999999998,-0.2576294,0.5334219,-1.1999578,-0.107488975,1.111023,0.9276123,0.30770874,-0.12257981,-1.7056043,-0.15291996,1.4882813,0.56881714,0.10757446,-0.55409527,-1.2179364,0.25540525000000003,1.4490356,1.0429077,1.2303772,-0.7503291400000001,-1.5285766,-0.47277802,1.5777283,1.0592957,1.5281981999999998,-1.0425279,-1.5973368,-0.57840705,1.6542358,0.8715514999999999,1.5386047,-1.1538514,-1.4596438,-0.54037774,1.5714722,0.7764282,1.4144896999999998,-1.0007929,-1.5140848,-0.40255827,1.4443054,0.6000365999999999,0.81396484,-0.73739314,-1.4844207,0.11794551,1.1435547,0.50427246,0.2914734,-0.28290129999999997,-1.5633279,0.45667344,0.7898864999999999,0.5128784,0.10961914,0.15954447,-1.7707001,0.3429047,0.50823975,0.43753052000000003,-0.03439331,0.43044114,-1.8000824,0.31524074,0.35485839999999996,0.38946533,-0.12240600600000001,0.5603452,-1.8053824,0.31568763,-0.96969604,-0.9585570999999999,-0.87475586,1.1799767,-0.79793024,0.5596308,-1.3279114,-0.7867736999999999,-0.6631775,1.2826343,-1.0082529,0.38515925,-0.4902649,-3.3157959999999997,0.6716614,0.026156902000000003,1.576101,-0.7482582999999999,-0.1395874,-2.4797058,0.4432373,-0.25212884,0.72893465,-0.6189474500000001,检查1变、2变高压侧进出线开关在分闸位置，开闭站201、202断路器在工作位置。
0.13369751,-1.2619934,-1.1045532,-0.03826356,-0.16501838,0.46554428000000003,0.2171936,-0.88009644,-1.1707764,-0.035568953,-0.56819725,0.5524779,0.29736328,-0.75683594,-0.8668823,0.07898402,-0.72668487,0.33349532,0.17297363000000002,-0.16076659999999998,-0.2576294,0.5334219,-1.1999578,-0.107488975,1.111023,0.9276123,0.30770874,-0.12257981,-1.7056043,-0.15291996,1.4882813,0.56881714,0.10757446,-0.55409527,-1.2179364,0.25540525000000003,1.4490356,1.0429077,1.2303772,-0.7503291400000001,-1.5285766,-0.47277802,1.5777283,1.0592957,1.5281981999999998,-1.0425279,-1.5973368,-0.57840705,1.6542358,0.8715514999999999,1.5386047,-1.1538514,-1.4596438,-0.54037774,1.5714722,0.7764282,1.4144896999999998,-1.0007929,-1.5140848,-0.40255827,1.4443054,0.6000365999999999,0.81396484,-0.73739314,-1.4844207,0.11794551,1.1435547,0.50427246,0.2914734,-0.28290129999999997,-1.5633279,0.45667344,0.7898864999999999,0.5128784,0.10961914,0.15954447,-1.7707001,0.3429047,0.50823975,0.43753052000000003,-0.03439331,0.43044114,-1.8000824,0.31524074,0.35485839999999996,0.38946533,-0.12240600600000001,0.5603452,-1.8053824,0.31568763,-0.96969604,-0.9585570999999999,-0.87475586,1.1799767,-0.79793024,0.5596308,-1.3279114,-0.7867736999999999,-0.6631775,1.2826343,-1.0082529,0.38515925,-0.4902649,-3.3157959999999997,0.6716614,0.026156902000000003,1.576101,-0.7482582999999999,-0.1395874,-2.4797058,0.4432373,-0.25212884,0.72893465,-0.6189474500000001,0.13156128,-2.0572815,-0.32162476,-0.3944776,0.29599488,0.038671613,检查1变、2变高压侧进出线开关在分闸位置，开闭站201、202断路器在工作位置。
0.2171936,-0.88009644,-1.1707764,-0.035568953,-0.56819725,0.5524779,0.29736328,-0.75683594,-0.8668823,0.07898402,-0.72668487,0.33349532,0.17297363000000002,-0.16076659999999998,-0.2576294,0.5334219,-1.1999578,-0.107488975,1.111023,0.9276123,0.30770874,-0.12257981,-1.7056043,-0.15291996,1.4882813,0.56881714,0.10757446,-0.55409527,-1.2179364,0.25540525000000003,1.4490356,1.0429077,1.2303772,-0.7503291400000001,-1.5285766,-0.47277802,1.5777283,1.0592957,1.5281981999999998,-1.0425279,-1.5973368,-0.57840705,1.6542358,0.8715514999999999,1.5386047,-1.1538514,-1.4596438,-0.54037774,1.5714722,0.7764282,1.4144896999999998,-1.0007929,-1.5140848,-0.40255827,1.4443054,0.6000365999999999,0.81396484,-0.73739314,-1.4844207,0.11794551,1.1435547,0.50427246,0.2914734,-0.28290129999999997,-1.5633279,0.45667344,0.7898864999999999,0.5128784,0.10961914,0.15954447,-1.7707001,0.3429047,0.50823975,0.43753052000000003,-0.03439331,0.43044114,-1.8000824,0.31524074,0.35485839999999996,0.38946533,-0.12240600600000001,0.5603452,-1.8053824,0.31568763,-0.96969604,-0.9585570999999999,-0.87475586,1.1799767,-0.79793024,0.5596308,-1.3279114,-0.7867736999999999,-0.6631775,1.2826343,-1.0082529,0.38515925,-0.4902649,-3.3157959999999997,0.6716614,0.026156902000000003,1.576101,-0.7482582999999999,-0.1395874,-2.4797058,0.4432373,-0.25212884,0.72893465,-0.6189474500000001,0.13156128,-2.0572815,-0.32162476,-0.3944776,0.29599488,0.038671613,0.6535034,-1.5969238,-0.43023682,-0.64180475,-0.29897946000000003,0.3071464,检查1变、2变高压侧进出线开关在分闸位置，开闭站201、202断路器在工作位置。
0.29736328,-0.75683594,-0.8668823,0.07898402,-0.72668487,0.33349532,0.17297363000000002,-0.16076659999999998,-0.2576294,0.5334219,-1.1999578,-0.107488975,1.111023,0.9276123,0.30770874,-0.12257981,-1.7056043,-0.15291996,1.4882813,0.56881714,0.10757446,-0.55409527,-1.2179364,0.25540525000000003,1.4490356,1.0429077,1.2303772,-0.7503291400000001,-1.5285766,-0.47277802,1.5777283,1.0592957,1.5281981999999998,-1.0425279,-1.5973368,-0.57840705,1.6542358,0.8715514999999999,1.5386047,-1.1538514,-1.4596438,-0.54037774,1.5714722,0.7764282,1.4144896999999998,-1.0007929,-1.5140848,-0.40255827,1.4443054,0.6000365999999999,0.81396484,-0.73739314,-1.4844207,0.11794551,1.1435547,0.50427246,0.2914734,-0.28290129999999997,-1.5633279,0.45667344,0.7898864999999999,0.5128784,0.10961914,0.15954447,-1.7707001,0.3429047,0.50823975,0.43753052000000003,-0.03439331,0.43044114,-1.8000824,0.31524074,0.35485839999999996,0.38946533,-0.12240600600000001,0.5603452,-1.8053824,0.31568763,-0.96969604,-0.9585570999999999,-0.87475586,1.1799767,-0.79793024,0.5596308,-1.3279114,-0.7867736999999999,-0.6631775,1.2826343,-1.0082529,0.38515925,-0.4902649,-3.3157959999999997,0.6716614,0.026156902000000003,1.576101,-0.7482582999999999,-0.1395874,-2.4797058,0.4432373,-0.25212884,0.72893465,-0.6189474500000001,0.13156128,-2.0572815,-0.32162476,-0.3944776,0.29599488,0.038671613,0.6535034,-1.5969238,-0.43023682,-0.64180475,-0.29897946000000003,0.3071464,0.7402649,-1.3737488,0.30697632,-0.6823241,-0.5773853999999999,-0.13052799,检查1变、2变高压侧进出线开关在分闸位置，开闭站201、202断路器在工作位置。
0.17297363000000002,-0.16076659999999998,-0.2576294,0.5334219,-1.1999578,-0.107488975,1.111023,0.9276123,0.30770874,-0.12257981,-1.7056043,-0.15291996,1.4882813,0.56881714,0.10757446,-0.55409527,-1.2179364,0.25540525000000003,1.4490356,1.0429077,1.2303772,-0.7503291400000001,-1.5285766,-0.47277802,1.5777283,1.0592957,1.5281981999999998,-1.0425279,-1.5973368,-0.57840705,1.6542358,0.8715514999999999,1.5386047,-1.1538514,-1.4596438,-0.54037774,1.5714722,0.7764282,1.4144896999999998,-1.0007929,-1.5140848,-0.40255827,1.4443054,0.6000365999999999,0.81396484,-0.73739314,-1.4844207,0.11794551,1.1435547,0.50427246,0.2914734,-0.28290129999999997,-1.5633279,0.45667344,0.7898864999999999,0.5128784,0.10961914,0.15954447,-1.7707001,0.3429047,0.50823975,0.43753052000000003,-0.03439331,0.43044114,-1.8000824,0.31524074,0.35485839999999996,0.38946533,-0.12240600600000001,0.5603452,-1.8053824,0.31568763,-0.96969604,-0.9585570999999999,-0.87475586,1.1799767,-0.79793024,0.5596308,-1.3279114,-0.7867736999999999,-0.6631775,1.2826343,-1.0082529,0.38515925,-0.4902649,-3.3157959999999997,0.6716614,0.026156902000000003,1.576101,-0.7482582999999999,-0.1395874,-2.4797058,0.4432373,-0.25212884,0.72893465,-0.6189474500000001,0.13156128,-2.0572815,-0.32162476,-0.3944776,0.29599488,0.038671613,0.6535034,-1.5969238,-0.43023682,-0.64180475,-0.29897946000000003,0.3071464,0.7402649,-1.3737488,0.30697632,-0.6823241,-0.5773853999999999,-0.13052799,0.9172058,-0.89593506,0.28637695,-0.5958243999999999,-0.9989121,0.11015178,检查1变、2变高压侧进出线开关在分闸位置，开闭站201、202断路器在工作位置。
1.111023,0.9276123,0.30770874,-0.12257981,-1.7056043,-0.15291996,1.4882813,0.56881714,0.10757446,-0.55409527,-1.2179364,0.25540525000000003,1.4490356,1.0429077,1.2303772,-0.7503291400000001,-1.5285766,-0.47277802,1.5777283,1.0592957,1.5281981999999998,-1.0425279,-1.5973368,-0.57840705,1.6542358,0.8715514999999999,1.5386047,-1.1538514,-1.4596438,-0.54037774,1.5714722,0.7764282,1.4144896999999998,-1.0007929,-1.5140848,-0.40255827,1.4443054,0.6000365999999999,0.81396484,-0.73739314,-1.4844207,0.11794551,1.1435547,0.50427246,0.2914734,-0.28290129999999997,-1.5633279,0.45667344,0.7898864999999999,0.5128784,0.10961914,0.15954447,-1.7707001,0.3429047,0.50823975,0.43753052000000003,-0.03439331,0.43044114,-1.8000824,0.31524074,0.35485839999999996,0.38946533,-0.12240600600000001,0.5603452,-1.8053824,0.31568763,-0.96969604,-0.9585570999999999,-0.87475586,1.1799767,-0.79793024,0.5596308,-1.3279114,-0.7867736999999999,-0.6631775,1.2826343,-1.0082529,0.38515925,-0.4902649,-3.3157959999999997,0.6716614,0.026156902000000003,1.576101,-0.7482582999999999,-0.1395874,-2.4797058,0.4432373,-0.25212884,0.72893465,-0.6189474500000001,0.13156128,-2.0572815,-0.32162476,-0.3944776,0.29599488,0.038671613,0.6535034,-1.5969238,-0.43023682,-0.64180475,-0.29897946000000003,0.3071464,0.7402649,-1.3737488,0.30697632,-0.6823241,-0.5773853999999999,-0.13052799,0.9172058,-0.89593506,0.28637695,-0.5958243999999999,-0.9989121,0.11015178,0.82525635,-0.51934814,0.4606018,-0.08493304,-1.1150445,-0.13816606,检查1变、2变高压侧进出线开关在分闸位置，开闭站201、202断路器在工作位置。
1.4882813,0.56881714,0.10757446,-0.55409527,-1.2179364,0.25540525000000003,1.4490356,1.0429077,1.2303772,-0.7503291400000001,-1.5285766,-0.47277802,1.5777283,1.0592957,1.5281981999999998,-1.0425279,-1.5973368,-0.57840705,1.6542358,0.8715514999999999,1.5386047,-1.1538514,-1.4596438,-0.54037774,1.5714722,0.7764282,1.4144896999999998,-1.0007929,-1.5140848,-0.40255827,1.4443054,0.6000365999999999,0.81396484,-0.73739314,-1.4844207,0.11794551,1.1435547,0.50427246,0.2914734,-0.28290129999999997,-1.5633279,0.45667344,0.7898864999999999,0.5128784,0.10961914,0.15954447,-1.7707001,0.3429047,0.50823975,0.43753052000000003,-0.03439331,0.43044114,-1.8000824,0.31524074,0.35485839999999996,0.38946533,-0.12240600600000001,0.5603452,-1.8053824,0.31568763,-0.96969604,-0.9585570999999999,-0.87475586,1.1799767,-0.79793024,0.5596308,-1.3279114,-0.7867736999999999,-0.6631775,1.2826343,-1.0082529,0.38515925,-0.4902649,-3.3157959999999997,0.6716614,0.026156902000000003,1.576101,-0.7482582999999999,-0.1395874,-2.4797058,0.4432373,-0.25212884,0.72893465,-0.6189474500000001,0.13156128,-2.0572815,-0.32162476,-0.3944776,0.29599488,0.038671613,0.6535034,-1.5969238,-0.43023682,-0.64180475,-0.29897946000000003,0.3071464,0.7402649,-1.3737488,0.30697632,-0.6823241,-0.5773853999999999,-0.13052799,0.9172058,-0.89593506,0.28637695,-0.5958243999999999,-0.9989121,0.11015178,0.82525635,-0.51934814,0.4606018,-0.08493304,-1.1150445,-0.13816606,0.6777649,-0.009979248000000001,1.1493835,0.28598952,-1.258118,-0.88135475,检查1变、2变高压侧进出线开关在分闸位置，开闭站201、202断路器在工作位置。
1.4490356,1.0429077,1.2303772,-0.7503291400000001,-1.5285766,-0.47277802,1.5777283,1.0592957,1.5281981999999998,-1.0425279,-1.5973368,-0.57840705,1.6542358,0.8715514999999999,1.5386047,-1.1538514,-1.4596438,-0.54037774,1.5714722,0.7764282,1.4144896999999998,-1.0007929,-1.5140848,-0.40255827,1.4443054,0.6000365999999999,0.81396484,-0.73739314,-1.4844207,0.11794551,1.1435547,0.50427246,0.2914734,-0.28290129999999997,-1.5633279,0.45667344,0.7898864999999999,0.5128784,0.10961914,0.15954447,-1.7707001,0.3429047,0.50823975,0.43753052000000003,-0.03439331,0.43044114,-1.8000824,0.31524074,0.35485839999999996,0.38946533,-0.12240600600000001,0.5603452,-1.8053824,0.31568763,-0.96969604,-0.9585570999999999,-0.87475586,1.1799767,-0.79793024,0.5596308,-1.3279114,-0.7867736999999999,-0.6631775,1.2826343,-1.0082529,0.38515925,-0.4902649,-3.3157959999999997,0.6716614,0.026156902000000003,1.576101,-0.7482582999999999,-0.1395874,-2.4797058,0.4432373,-0.25212884,0.72893465,-0.6189474500000001,0.13156128,-2.0572815,-0.32162476,-0.3944776,0.29599488,0.038671613,0.6535034,-1.5969238,-0.43023682,-0.64180475,-0.29897946000000003,0.3071464,0.7402649,-1.3737488,0.30697632,-0.6823241,-0.5773853999999999,-0.13052799,0.9172058,-0.89593506,0.28637695,-0.5958243999999999,-0.9989121,0.11015178,0.82525635,-0.51934814,0.4606018,-0.08493304,-1.1150445,-0.13816606,0.6777649,-0.009979248000000001,1.1493835,0.28598952,-1.258118,-0.88135475,1.3873291,1.0222473,1.0595703,-0.4955505,-1.8778674999999998,-0.37474072,检查1变、2变高压侧进出线开关在分闸位置，开闭站201、202断路器在工作位置。
1.5777283,1.0592957,1.5281981999999998,-1.0425279,-1.5973368,-0.57840705,1.6542358,0.8715514999999999,1.5386047,-1.1538514,-1.4596438,-0.54037774,1.5714722,0.7764282,1.4144896999999998,-1.0007929,-1.5140848,-0.40255827,1.4443054,0.6000365999999999,0.81396484,-0.73739314,-1.4844207,0.11794551,1.1435547,0.50427246,0.2914734,-0.28290129999999997,-1.5633279,0.45667344,0.7898864999999999,0.5128784,0.10961914,0.15954447,-1.7707001,0.3429047,0.50823975,0.43753052000000003,-0.03439331,0.43044114,-1.8000824,0.31524074,0.35485839999999996,0.38946533,-0.12240600600000001,0.5603452,-1.8053824,0.31568763,-0.96969604,-0.9585570999999999,-0.87475586,1.1799767,-0.79793024,0.5596308,-1.3279114,-0.7867736999999999,-0.6631775,1.2826343,-1.0082529,0.38515925,-0.4902649,-3.3157959999999997,0.6716614,0.026156902000000003,1.576101,-0.7482582999999999,-0.1395874,-2.4797058,0.4432373,-0.25212884,0.72893465,-0.6189474500000001,0.13156128,-2.0572815,-0.32162476,-0.3944776,0.29599488,0.038671613,0.6535034,-1.5969238,-0.43023682,-0.64180475,-0.29897946000000003,0.3071464,0.7402649,-1.3737488,0.30697632,-0.6823241,-0.5773853999999999,-0.13052799,0.9172058,-0.89593506,0.28637695,-0.5958243999999999,-0.9989121,0.11015178,0.82525635,-0.51934814,0.4606018,-0.08493304,-1.1150445,-0.13816606,0.6777649,-0.009979248000000001,1.1493835,0.28598952,-1.258118,-0.88135475,1.3873291,1.0222473,1.0595703,-0.4955505,-1.8778674999999998,-0.37474072,1.1462402,0.47787476,0.8547973600000001,-0.48995089999999997,-1.3927525,0.13167287,检查1变、2变高压侧进出线开关在分闸位置，开闭站201、202断路器在工作位置。
1.6542358,0.8715514999999999,1.5386047,-1.1538514,-1.4596438,-0.54037774,1.5714722,0.7764282,1.4144896999999998,-1.0007929,-1.5140848,-0.40255827,1.4443054,0.6000365999999999,0.81396484,-0.73739314,-1.4844207,0.11794551,1.1435547,0.50427246,0.2914734,-0.28290129999999997,-1.5633279,0.45667344,0.7898864999999999,0.5128784,0.10961914,0.15954447,-1.7707001,0.3429047,0.50823975,0.43753052000000003,-0.03439331,0.43044114,-1.8000824,0.31524074,0.35485839999999996,0.38946533,-0.12240600600000001,0.5603452,-1.8053824,0.31568763,-0.96969604,-0.9585570999999999,-0.87475586,1.1799767,-0.79793024,0.5596308,-1.3279114,-0.7867736999999999,-0.6631775,1.2826343,-1.0082529,0.38515925,-0.4902649,-3.3157959999999997,0.6716614,0.026156902000000003,1.576101,-0.7482582999999999,-0.1395874,-2.4797058,0.4432373,-0.25212884,0.72893465,-0.6189474500000001,0.13156128,-2.0572815,-0.32162476,-0.3944776,0.29599488,0.038671613,0.6535034,-1.5969238,-0.43023682,-0.64180475,-0.29897946000000003,0.3071464,0.7402649,-1.3737488,0.30697632,-0.6823241,-0.5773853999999999,-0.13052799,0.9172058,-0.89593506,0.28637695,-0.5958243999999999,-0.9989121,0.11015178,0.82525635,-0.51934814,0.4606018,-0.08493304,-1.1150445,-0.13816606,0.6777649,-0.009979248000000001,1.1493835,0.28598952,-1.258118,-0.88135475,1.3873291,1.0222473,1.0595703,-0.4955505,-1.8778674999999998,-0.37474072,1.1462402,0.47787476,0.8547973600000001,-0.48995089999999997,-1.3927525,0.13167287,1.3171082,0.060821533000000004,0.6033935500000001,-0.8258424400000001,-1.1013222,0.49145156,检查1变、2变高压侧进出线开关在分闸位置，开闭站201、202断路器在工作位置。
1.5714722,0.7764282,1.4144896999999998,-1.0007929,-1.5140848,-0.40255827,1.4443054,0.6000365999999999,0.81396484,-0.73739314,-1.4844207,0.11794551,1.1435547,0.50427246,0.2914734,-0.28290129999999997,-1.5633279,0.45667344,0.7898864999999999,0.5128784,0.10961914,0.15954447,-1.7707001,0.3429047,0.50823975,0.43753052000000003,-0.03439331,0.43044114,-1.8000824,0.31524074,0.35485839999999996,0.38946533,-0.12240600600000001,0.5603452,-1.8053824,0.31568763,-0.96969604,-0.9585570999999999,-0.87475586,1.1799767,-0.79793024,0.5596308,-1.3279114,-0.7867736999999999,-0.6631775,1.2826343,-1.0082529,0.38515925,-0.4902649,-3.3157959999999997,0.6716614,0.026156902000000003,1.576101,-0.7482582999999999,-0.1395874,-2.4797058,0.4432373,-0.25212884,0.72893465,-0.6189474500000001,0.13156128,-2.0572815,-0.32162476,-0.3944776,0.29599488,0.038671613,0.6535034,-1.5969238,-0.43023682,-0.64180475,-0.29897946000000003,0.3071464,0.7402649,-1.3737488,0.30697632,-0.6823241,-0.5773853999999999,-0.13052799,0.9172058,-0.89593506,0.28637695,-0.5958243999999999,-0.9989121,0.11015178,0.82525635,-0.51934814,0.4606018,-0.08493304,-1.1150445,-0.13816606,0.6777649,-0.009979248000000001,1.1493835,0.28598952,-1.258118,-0.88135475,1.3873291,1.0222473,1.0595703,-0.4955505,-1.8778674999999998,-0.37474072,1.1462402,0.47787476,0.8547973600000001,-0.48995089999999997,-1.3927525,0.13167287,1.3171082,0.060821533000000004,0.6033935500000001,-0.8258424400000001,-1.1013222,0.49145156,1.0146484,-0.696228,1.4693909,-0.8801036999999999,-0.43376422000000003,-0.2741096,检查1变、2变高压侧进出线开关在分闸位置，开闭站201、202断路器在工作位置。
1.4443054,0.6000365999999999,0.81396484,-0.73739314,-1.4844207,0.11794551,1.1435547,0.50427246,0.2914734,-0.28290129999999997,-1.5633279,0.45667344,0.7898864999999999,0.5128784,0.10961914,0.15954447,-1.7707001,0.3429047,0.50823975,0.43753052000000003,-0.03439331,0.43044114,-1.8000824,0.31524074,0.35485839999999996,0.38946533,-0.12240600600000001,0.5603452,-1.8053824,0.31568763,-0.96969604,-0.9585570999999999,-0.87475586,1.1799767,-0.79793024,0.5596308,-1.3279114,-0.7867736999999999,-0.6631775,1.2826343,-1.0082529,0.38515925,-0.4902649,-3.3157959999999997,0.6716614,0.026156902000000003,1.576101,-0.7482582999999999,-0.1395874,-2.4797058,0.4432373,-0.25212884,0.72893465,-0.6189474500000001,0.13156128,-2.0572815,-0.32162476,-0.3944776,0.29599488,0.038671613,0.6535034,-1.5969238,-0.43023682,-0.64180475,-0.29897946000000003,0.3071464,0.7402649,-1.3737488,0.30697632,-0.6823241,-0.5773853999999999,-0.13052799,0.9172058,-0.89593506,0.28637695,-0.5958243999999999,-0.9989121,0.11015178,0.82525635,-0.51934814,0.4606018,-0.08493304,-1.1150445,-0.13816606,0.6777649,-0.009979248000000001,1.1493835,0.28598952,-1.258118,-0.88135475,1.3873291,1.0222473,1.0595703,-0.4955505,-1.8778674999999998,-0.37474072,1.1462402,0.47787476,0.8547973600000001,-0.48995089999999997,-1.3927525,0.13167287,1.3171082,0.060821533000000004,0.6033935500000001,-0.8258424400000001,-1.1013222,0.49145156,1.0146484,-0.696228,1.4693909,-0.8801036999999999,-0.43376422000000003,-0.2741096,0.89889526,-0.14480591,1.3365173,-0.78355527,-0.8867771600000001,-0.12150793,检查1变、2变高压侧进出线开关在分闸位置，开闭站201、202断路器在工作位置。
1.1435547,0.50427246,0.2914734,-0.28290129999999997,-1.5633279,0.45667344,0.7898864999999999,0.5128784,0.10961914,0.15954447,-1.7707001,0.3429047,0.50823975,0.43753052000000003,-0.03439331,0.43044114,-1.8000824,0.31524074,0.35485839999999996,0.38946533,-0.12240600600000001,0.5603452,-1.8053824,0.31568763,-0.96969604,-0.9585570999999999,-0.87475586,1.1799767,-0.79793024,0.5596308,-1.3279114,-0.7867736999999999,-0.6631775,1.2826343,-1.0082529,0.38515925,-0.4902649,-3.3157959999999997,0.6716614,0.026156902000000003,1.576101,-0.7482582999999999,-0.1395874,-2.4797058,0.4432373,-0.25212884,0.72893465,-0.6189474500000001,0.13156128,-2.0572815,-0.32162476,-0.3944776,0.29599488,0.038671613,0.6535034,-1.5969238,-0.43023682,-0.64180475,-0.29897946000000003,0.3071464,0.7402649,-1.3737488,0.30697632,-0.6823241,-0.5773853999999999,-0.13052799,0.9172058,-0.89593506,0.28637695,-0.5958243999999999,-0.9989121,0.11015178,0.82525635,-0.51934814,0.4606018,-0.08493304,-1.1150445,-0.13816606,0.6777649,-0.009979248000000001,1.1493835,0.28598952,-1.258118,-0.88135475,1.3873291,1.0222473,1.0595703,-0.4955505,-1.8778674999999998,-0.37474072,1.1462402,0.47787476,0.8547973600000001,-0.48995089999999997,-1.3927525,0.13167287,1.3171082,0.060821533000000004,0.6033935500000001,-0.8258424400000001,-1.1013222,0.49145156,1.0146484,-0.696228,1.4693909,-0.8801036999999999,-0.43376422000000003,-0.2741096,0.89889526,-0.14480591,1.3365173,-0.78355527,-0.8867771600000001,-0.12150793,0.9497985999999999,-0.1359253,1.2223511,-0.82068515,-0.8524579,-0.006379217,检查1变、2变高压侧进出线开关在分闸位置，开闭站201、202断路器在工作位置。
0.7898864999999999,0.5128784,0.10961914,0.15954447,-1.7707001,0.3429047,0.50823975,0.43753052000000003,-0.03439331,0.43044114,-1.8000824,0.31524074,0.35485839999999996,0.38946533,-0.12240600600000001,0.5603452,-1.8053824,0.31568763,-0.96969604,-0.9585570999999999,-0.87475586,1.1799767,-0.79793024,0.5596308,-1.3279114,-0.7867736999999999,-0.6631775,1.2826343,-1.0082529,0.38515925,-0.4902649,-3.3157959999999997,0.6716614,0.026156902000000003,1.576101,-0.7482582999999999,-0.1395874,-2.4797058,0.4432373,-0.25212884,0.72893465,-0.6189474500000001,0.13156128,-2.0572815,-0.32162476,-0.3944776,0.29599488,0.038671613,0.6535034,-1.5969238,-0.43023682,-0.64180475,-0.29897946000000003,0.3071464,0.7402649,-1.3737488,0.30697632,-0.6823241,-0.5773853999999999,-0.13052799,0.9172058,-0.89593506,0.28637695,-0.5958243999999999,-0.9989121,0.11015178,0.82525635,-0.51934814,0.4606018,-0.08493304,-1.1150445,-0.13816606,0.6777649,-0.009979248000000001,1.1493835,0.28598952,-1.258118,-0.88135475,1.3873291,1.0222473,1.0595703,-0.4955505,-1.8778674999999998,-0.37474072,1.1462402,0.47787476,0.8547973600000001,-0.48995089999999997,-1.3927525,0.13167287,1.3171082,0.060821533000000004,0.6033935500000001,-0.8258424400000001,-1.1013222,0.49145156,1.0146484,-0.696228,1.4693909,-0.8801036999999999,-0.43376422000000003,-0.2741096,0.89889526,-0.14480591,1.3365173,-0.78355527,-0.8867771600000001,-0.12150793,0.9497985999999999,-0.1359253,1.2223511,-0.82068515,-0.8524579,-0.006379217,0.99172974,-0.16177368,1.0274048,-0.8057612,-0.7169664,0.17747818,检查1变、2变高压侧进出线开关在分闸位置，开闭站201、202断路器在工作位置。
0.50823975,0.43753052000000003,-0.03439331,0.43044114,-1.8000824,0.31524074,0.35485839999999996,0.38946533,-0.12240600600000001,0.5603452,-1.8053824,0.31568763,-0.96969604,-0.9585570999999999,-0.87475586,1.1799767,-0.79793024,0.5596308,-1.3279114,-0.7867736999999999,-0.6631775,1.2826343,-1.0082529,0.38515925,-0.4902649,-3.3157959999999997,0.6716614,0.026156902000000003,1.576101,-0.7482582999999999,-0.1395874,-2.4797058,0.4432373,-0.25212884,0.72893465,-0.6189474500000001,0.13156128,-2.0572815,-0.32162476,-0.3944776,0.29599488,0.038671613,0.6535034,-1.5969238,-0.43023682,-0.64180475,-0.29897946000000003,0.3071464,0.7402649,-1.3737488,0.30697632,-0.6823241,-0.5773853999999999,-0.13052799,0.9172058,-0.89593506,0.28637695,-0.5958243999999999,-0.9989121,0.11015178,0.82525635,-0.51934814,0.4606018,-0.08493304,-1.1150445,-0.13816606,0.6777649,-0.009979248000000001,1.1493835,0.28598952,-1.258118,-0.88135475,1.3873291,1.0222473,1.0595703,-0.4955505,-1.8778674999999998,-0.37474072,1.1462402,0.47787476,0.8547973600000001,-0.48995089999999997,-1.3927525,0.13167287,1.3171082,0.060821533000000004,0.6033935500000001,-0.8258424400000001,-1.1013222,0.49145156,1.0146484,-0.696228,1.4693909,-0.8801036999999999,-0.43376422000000003,-0.2741096,0.89889526,-0.14480591,1.3365173,-0.78355527,-0.8867771600000001,-0.12150793,0.9497985999999999,-0.1359253,1.2223511,-0.82068515,-0.8524579,-0.006379217,0.99172974,-0.16177368,1.0274048,-0.8057612,-0.7169664,0.17747818,1.0639038,0.4137268,0.35321045,-0.48446172,-0.7224995,0.3469637,检查1变、2变高压侧进出线开关在分闸位置，开闭站201、202断路器在工作位置。
0.35485839999999996,0.38946533,-0.12240600600000001,0.5603452,-1.8053824,0.31568763,-0.96969604,-0.9585570999999999,-0.87475586,1.1799767,-0.79793024,0.5596308,-1.3279114,-0.7867736999999999,-0.6631775,1.2826343,-1.0082529,0.38515925,-0.4902649,-3.3157959999999997,0.6716614,0.026156902000000003,1.576101,-0.7482582999999999,-0.1395874,-2.4797058,0.4432373,-0.25212884,0.72893465,-0.6189474500000001,0.13156128,-2.0572815,-0.32162476,-0.3944776,0.29599488,0.038671613,0.6535034,-1.5969238,-0.43023682,-0.64180475,-0.29897946000000003,0.3071464,0.7402649,-1.3737488,0.30697632,-0.6823241,-0.5773853999999999,-0.13052799,0.9172058,-0.89593506,0.28637695,-0.5958243999999999,-0.9989121,0.11015178,0.82525635,-0.51934814,0.4606018,-0.08493304,-1.1150445,-0.13816606,0.6777649,-0.009979248000000001,1.1493835,0.28598952,-1.258118,-0.88135475,1.3873291,1.0222473,1.0595703,-0.4955505,-1.8778674999999998,-0.37474072,1.1462402,0.47787476,0.8547973600000001,-0.48995089999999997,-1.3927525,0.13167287,1.3171082,0.060821533000000004,0.6033935500000001,-0.8258424400000001,-1.1013222,0.49145156,1.0146484,-0.696228,1.4693909,-0.8801036999999999,-0.43376422000000003,-0.2741096,0.89889526,-0.14480591,1.3365173,-0.78355527,-0.8867771600000001,-0.12150793,0.9497985999999999,-0.1359253,1.2223511,-0.82068515,-0.8524579,-0.006379217,0.99172974,-0.16177368,1.0274048,-0.8057612,-0.7169664,0.17747818,1.0639038,0.4137268,0.35321045,-0.48446172,-0.7224995,0.3469637,1.0602722,0.8923645,-0.15261841,-0.43765438,-1.1025681,0.29339704,检查1变、2变高压侧进出线开关在分闸位置，开闭站201、202断路器在工作位置。
-0.96969604,-0.9585570999999999,-0.87475586,1.1799767,-0.79793024,0.5596308,-1.3279114,-0.7867736999999999,-0.6631775,1.2826343,-1.0082529,0.38515925,-0.4902649,-3.3157959999999997,0.6716614,0.026156902000000003,1.576101,-0.7482582999999999,-0.1395874,-2.4797058,0.4432373,-0.25212884,0.72893465,-0.6189474500000001,0.13156128,-2.0572815,-0.32162476,-0.3944776,0.29599488,0.038671613,0.6535034,-1.5969238,-0.43023682,-0.64180475,-0.29897946000000003,0.3071464,0.7402649,-1.3737488,0.30697632,-0.6823241,-0.5773853999999999,-0.13052799,0.9172058,-0.89593506,0.28637695,-0.5958243999999999,-0.9989121,0.11015178,0.82525635,-0.51934814,0.4606018,-0.08493304,-1.1150445,-0.13816606,0.6777649,-0.009979248000000001,1.1493835,0.28598952,-1.258118,-0.88135475,1.3873291,1.0222473,1.0595703,-0.4955505,-1.8778674999999998,-0.37474072,1.1462402,0.47787476,0.8547973600000001,-0.48995089999999997,-1.3927525,0.13167287,1.3171082,0.060821533000000004,0.6033935500000001,-0.8258424400000001,-1.1013222,0.49145156,1.0146484,-0.696228,1.4693909,-0.8801036999999999,-0.43376422000000003,-0.2741096,0.89889526,-0.14480591,1.3365173,-0.78355527,-0.8867771600000001,-0.12150793,0.9497985999999999,-0.1359253,1.2223511,-0.82068515,-0.8524579,-0.006379217,0.99172974,-0.16177368,1.0274048,-0.8057612,-0.7169664,0.17747818,1.0639038,0.4137268,0.35321045,-0.48446172,-0.7224995,0.3469637,1.0602722,0.8923645,-0.15261841,-0.43765438,-1.1025681,0.29339704,1.054779,1.0487975999999999,-0.27233887,-0.7212911,-1.3648045,-0.14754619,检查1变、2变高压侧进出线开关在分闸位置，开闭站201、202断路器在工作位置。
-1.3279114,-0.7867736999999999,-0.6631775,1.2826343,-1.0082529,0.38515925,-0.4902649,-3.3157959999999997,0.6716614,0.026156902000000003,1.576101,-0.7482582999999999,-0.1395874,-2.4797058,0.4432373,-0.25212884,0.72893465,-0.6189474500000001,0.13156128,-2.0572815,-0.32162476,-0.3944776,0.29599488,0.038671613,0.6535034,-1.5969238,-0.43023682,-0.64180475,-0.29897946000000003,0.3071464,0.7402649,-1.3737488,0.30697632,-0.6823241,-0.5773853999999999,-0.13052799,0.9172058,-0.89593506,0.28637695,-0.5958243999999999,-0.9989121,0.11015178,0.82525635,-0.51934814,0.4606018,-0.08493304,-1.1150445,-0.13816606,0.6777649,-0.009979248000000001,1.1493835,0.28598952,-1.258118,-0.88135475,1.3873291,1.0222473,1.0595703,-0.4955505,-1.8778674999999998,-0.37474072,1.1462402,0.47787476,0.8547973600000001,-0.48995089999999997,-1.3927525,0.13167287,1.3171082,0.060821533000000004,0.6033935500000001,-0.8258424400000001,-1.1013222,0.49145156,1.0146484,-0.696228,1.4693909,-0.8801036999999999,-0.43376422000000003,-0.2741096,0.89889526,-0.14480591,1.3365173,-0.78355527,-0.8867771600000001,-0.12150793,0.9497985999999999,-0.1359253,1.2223511,-0.82068515,-0.8524579,-0.006379217,0.99172974,-0.16177368,1.0274048,-0.8057612,-0.7169664,0.17747818,1.0639038,0.4137268,0.35321045,-0.48446172,-0.7224995,0.3469637,1.0602722,0.8923645,-0.15261841,-0.43765438,-1.1025681,0.29339704,1.054779,1.0487975999999999,-0.27233887,-0.7212911,-1.3648045,-0.14754619,0.7084655999999999,0.8222046,0.47323608,-0.5003775,-1.1939975999999999,-1.0095294,检查1变、2变高压侧进出线开关在分闸位置，开闭站201、202断路器在工作位置。
-0.4902649,-3.3157959999999997,0.6716614,0.026156902000000003,1.576101,-0.7482582999999999,-0.1395874,-2.4797058,0.4432373,-0.25212884,0.72893465,-0.6189474500000001,0.13156128,-2.0572815,-0.32162476,-0.3944776,0.29599488,0.038671613,0.6535034,-1.5969238,-0.43023682,-0.64180475,-0.29897946000000003,0.3071464,0.7402649,-1.3737488,0.30697632,-0.6823241,-0.5773853999999999,-0.13052799,0.9172058,-0.89593506,0.28637695,-0.5958243999999999,-0.9989121,0.11015178,0.82525635,-0.51934814,0.4606018,-0.08493304,-1.1150445,-0.13816606,0.6777649,-0.009979248000000001,1.1493835,0.28598952,-1.258118,-0.88135475,1.3873291,1.0222473,1.0595703,-0.4955505,-1.8778674999999998,-0.37474072,1.1462402,0.47787476,0.8547973600000001,-0.48995089999999997,-1.3927525,0.13167287,1.3171082,0.060821533000000004,0.6033935500000001,-0.8258424400000001,-1.1013222,0.49145156,1.0146484,-0.696228,1.4693909,-0.8801036999999999,-0.43376422000000003,-0.2741096,0.89889526,-0.14480591,1.3365173,-0.78355527,-0.8867771600000001,-0.12150793,0.9497985999999999,-0.1359253,1.2223511,-0.82068515,-0.8524579,-0.006379217,0.99172974,-0.16177368,1.0274048,-0.8057612,-0.7169664,0.17747818,1.0639038,0.4137268,0.35321045,-0.48446172,-0.7224995,0.3469637,1.0602722,0.8923645,-0.15261841,-0.43765438,-1.1025681,0.29339704,1.054779,1.0487975999999999,-0.27233887,-0.7212911,-1.3648045,-0.14754619,0.7084655999999999,0.8222046,0.47323608,-0.5003775,-1.1939975999999999,-1.0095294,0.7084655999999999,0.8222046,0.47323608,-0.5003775,-1.1939975999999999,-1.0095294,检查1变、2变高压侧进出线开关在分闸位置，开闭站201、202断路器在工作位置。
-0.1395874,-2.4797058,0.4432373,-0.25212884,0.72893465,-0.6189474500000001,0.13156128,-2.0572815,-0.32162476,-0.3944776,0.29599488,0.038671613,0.6535034,-1.5969238,-0.43023682,-0.64180475,-0.29897946000000003,0.3071464,0.7402649,-1.3737488,0.30697632,-0.6823241,-0.5773853999999999,-0.13052799,0.9172058,-0.89593506,0.28637695,-0.5958243999999999,-0.9989121,0.11015178,0.82525635,-0.51934814,0.4606018,-0.08493304,-1.1150445,-0.13816606,0.6777649,-0.009979248000000001,1.1493835,0.28598952,-1.258118,-0.88135475,1.3873291,1.0222473,1.0595703,-0.4955505,-1.8778674999999998,-0.37474072,1.1462402,0.47787476,0.8547973600000001,-0.48995089999999997,-1.3927525,0.13167287,1.3171082,0.060821533000000004,0.6033935500000001,-0.8258424400000001,-1.1013222,0.49145156,1.0146484,-0.696228,1.4693909,-0.8801036999999999,-0.43376422000000003,-0.2741096,0.89889526,-0.14480591,1.3365173,-0.78355527,-0.8867771600000001,-0.12150793,0.9497985999999999,-0.1359253,1.2223511,-0.82068515,-0.8524579,-0.006379217,0.99172974,-0.16177368,1.0274048,-0.8057612,-0.7169664,0.17747818,1.0639038,0.4137268,0.35321045,-0.48446172,-0.7224995,0.3469637,1.0602722,0.8923645,-0.15261841,-0.43765438,-1.1025681,0.29339704,1.054779,1.0487975999999999,-0.27233887,-0.7212911,-1.3648045,-0.14754619,0.7084655999999999,0.8222046,0.47323608,-0.5003775,-1.1939975999999999,-1.0095294,0.7084655999999999,0.8222046,0.47323608,-0.5003775,-1.1939975999999999,-1.0095294,-1.5698547,-0.6296997,0.6265259,1.2992272,-0.16156197,-1.3131001,检查1变、2变高压侧进出线开关在分闸位置，开闭站201、202断路器在工作位置。
0.13156128,-2.0572815,-0.32162476,-0.3944776,0.29599488,0.038671613,0.6535034,-1.5969238,-0.43023682,-0.64180475,-0.29897946000000003,0.3071464,0.7402649,-1.3737488,0.30697632,-0.6823241,-0.5773853999999999,-0.13052799,0.9172058,-0.89593506,0.28637695,-0.5958243999999999,-0.9989121,0.11015178,0.82525635,-0.51934814,0.4606018,-0.08493304,-1.1150445,-0.13816606,0.6777649,-0.009979248000000001,1.1493835,0.28598952,-1.258118,-0.88135475,1.3873291,1.0222473,1.0595703,-0.4955505,-1.8778674999999998,-0.37474072,1.1462402,0.47787476,0.8547973600000001,-0.48995089999999997,-1.3927525,0.13167287,1.3171082,0.060821533000000004,0.6033935500000001,-0.8258424400000001,-1.1013222,0.49145156,1.0146484,-0.696228,1.4693909,-0.8801036999999999,-0.43376422000000003,-0.2741096,0.89889526,-0.14480591,1.3365173,-0.78355527,-0.8867771600000001,-0.12150793,0.9497985999999999,-0.1359253,1.2223511,-0.82068515,-0.8524579,-0.006379217,0.99172974,-0.16177368,1.0274048,-0.8057612,-0.7169664,0.17747818,1.0639038,0.4137268,0.35321045,-0.48446172,-0.7224995,0.3469637,1.0602722,0.8923645,-0.15261841,-0.43765438,-1.1025681,0.29339704,1.054779,1.0487975999999999,-0.27233887,-0.7212911,-1.3648045,-0.14754619,0.7084655999999999,0.8222046,0.47323608,-0.5003775,-1.1939975999999999,-1.0095294,0.7084655999999999,0.8222046,0.47323608,-0.5003775,-1.1939975999999999,-1.0095294,-1.5698547,-0.6296997,0.6265259,1.2992272,-0.16156197,-1.3131001,-2.0743713,-2.2247314,0.12921143000000002,1.5437254999999999,1.2476080999999999,-0.6985585,检查1变、2变高压侧进出线开关在分闸位置，开闭站201、202断路器在工作位置。
0.6535034,-1.5969238,-0.43023682,-0.64180475,-0.29897946000000003,0.3071464,0.7402649,-1.3737488,0.30697632,-0.6823241,-0.5773853999999999,-0.13052799,0.9172058,-0.89593506,0.28637695,-0.5958243999999999,-0.9989121,0.11015178,0.82525635,-0.51934814,0.4606018,-0.08493304,-1.1150445,-0.13816606,0.6777649,-0.009979248000000001,1.1493835,0.28598952,-1.258118,-0.88135475,1.3873291,1.0222473,1.0595703,-0.4955505,-1.8778674999999998,-0.37474072,1.1462402,0.47787476,0.8547973600000001,-0.48995089999999997,-1.3927525,0.13167287,1.3171082,0.060821533000000004,0.6033935500000001,-0.8258424400000001,-1.1013222,0.49145156,1.0146484,-0.696228,1.4693909,-0.8801036999999999,-0.43376422000000003,-0.2741096,0.89889526,-0.14480591,1.3365173,-0.78355527,-0.8867771600000001,-0.12150793,0.9497985999999999,-0.1359253,1.2223511,-0.82068515,-0.8524579,-0.006379217,0.99172974,-0.16177368,1.0274048,-0.8057612,-0.7169664,0.17747818,1.0639038,0.4137268,0.35321045,-0.48446172,-0.7224995,0.3469637,1.0602722,0.8923645,-0.15261841,-0.43765438,-1.1025681,0.29339704,1.054779,1.0487975999999999,-0.27233887,-0.7212911,-1.3648045,-0.14754619,0.7084655999999999,0.8222046,0.47323608,-0.5003775,-1.1939975999999999,-1.0095294,0.7084655999999999,0.8222046,0.47323608,-0.5003775,-1.1939975999999999,-1.0095294,-1.5698547,-0.6296997,0.6265259,1.2992272,-0.16156197,-1.3131001,-2.0743713,-2.2247314,0.12921143000000002,1.5437254999999999,1.2476080999999999,-0.6985585,-0.9143066400000001,-2.1990967,-0.22470093,0.21981525000000002,1.1855782,-0.23283266,检查1变、2变高压侧进出线开关在分闸位置，开闭站201、202断路器在工作位置。
0.7402649,-1.3737488,0.30697632,-0.6823241,-0.5773853999999999,-0.13052799,0.9172058,-0.89593506,0.28637695,-0.5958243999999999,-0.9989121,0.11015178,0.82525635,-0.51934814,0.4606018,-0.08493304,-1.1150445,-0.13816606,0.6777649,-0.009979248000000001,1.1493835,0.28598952,-1.258118,-0.88135475,1.3873291,1.0222473,1.0595703,-0.4955505,-1.8778674999999998,-0.37474072,1.1462402,0.47787476,0.8547973600000001,-0.48995089999999997,-1.3927525,0.13167287,1.3171082,0.060821533000000004,0.6033935500000001,-0.8258424400000001,-1.1013222,0.49145156,1.0146484,-0.696228,1.4693909,-0.8801036999999999,-0.43376422000000003,-0.2741096,0.89889526,-0.14480591,1.3365173,-0.78355527,-0.8867771600000001,-0.12150793,0.9497985999999999,-0.1359253,1.2223511,-0.82068515,-0.8524579,-0.006379217,0.99172974,-0.16177368,1.0274048,-0.8057612,-0.7169664,0.17747818,1.0639038,0.4137268,0.35321045,-0.48446172,-0.7224995,0.3469637,1.0602722,0.8923645,-0.15261841,-0.43765438,-1.1025681,0.29339704,1.054779,1.0487975999999999,-0.27233887,-0.7212911,-1.3648045,-0.14754619,0.7084655999999999,0.8222046,0.47323608,-0.5003775,-1.1939975999999999,-1.0095294,0.7084655999999999,0.8222046,0.47323608,-0.5003775,-1.1939975999999999,-1.0095294,-1.5698547,-0.6296997,0.6265259,1.2992272,-0.16156197,-1.3131001,-2.0743713,-2.2247314,0.12921143000000002,1.5437254999999999,1.2476080999999999,-0.6985585,-0.9143066400000001,-2.1990967,-0.22470093,0.21981525000000002,1.1855782,-0.23283266,-1.0801392,-1.4281921,0.31546019999999997,0.33470678,0.46085763,-0.7097148,检查1变、2变高压侧进出线开关在分闸位置，开闭站201、202断路器在工作位置。
0.9172058,-0.89593506,0.28637695,-0.5958243999999999,-0.9989121,0.11015178,0.82525635,-0.51934814,0.4606018,-0.08493304,-1.1150445,-0.13816606,0.6777649,-0.009979248000000001,1.1493835,0.28598952,-1.258118,-0.88135475,1.3873291,1.0222473,1.0595703,-0.4955505,-1.8778674999999998,-0.37474072,1.1462402,0.47787476,0.8547973600000001,-0.48995089999999997,-1.3927525,0.13167287,1.3171082,0.060821533000000004,0.6033935500000001,-0.8258424400000001,-1.1013222,0.49145156,1.0146484,-0.696228,1.4693909,-0.8801036999999999,-0.43376422000000003,-0.2741096,0.89889526,-0.14480591,1.3365173,-0.78355527,-0.8867771600000001,-0.12150793,0.9497985999999999,-0.1359253,1.2223511,-0.82068515,-0.8524579,-0.006379217,0.99172974,-0.16177368,1.0274048,-0.8057612,-0.7169664,0.17747818,1.0639038,0.4137268,0.35321045,-0.48446172,-0.7224995,0.3469637,1.0602722,0.8923645,-0.15261841,-0.43765438,-1.1025681,0.29339704,1.054779,1.0487975999999999,-0.27233887,-0.7212911,-1.3648045,-0.14754619,0.7084655999999999,0.8222046,0.47323608,-0.5003775,-1.1939975999999999,-1.0095294,0.7084655999999999,0.8222046,0.47323608,-0.5003775,-1.1939975999999999,-1.0095294,-1.5698547,-0.6296997,0.6265259,1.2992272,-0.16156197,-1.3131001,-2.0743713,-2.2247314,0.12921143000000002,1.5437254999999999,1.2476080999999999,-0.6985585,-0.9143066400000001,-2.1990967,-0.22470093,0.21981525000000002,1.1855782,-0.23283266,-1.0801392,-1.4281921,0.31546019999999997,0.33470678,0.46085763,-0.7097148,-0.8947449,-0.35751343,0.4633789,0.13829994,-0.58555746,-0.836255,检查1变、2变高压侧进出线开关在分闸位置，开闭站201、202断路器在工作位置。
0.82525635,-0.51934814,0.4606018,-0.08493304,-1.1150445,-0.13816606,0.6777649,-0.009979248000000001,1.1493835,0.28598952,-1.258118,-0.88135475,1.3873291,1.0222473,1.0595703,-0.4955505,-1.8778674999999998,-0.37474072,1.1462402,0.47787476,0.8547973600000001,-0.48995089999999997,-1.3927525,0.13167287,1.3171082,0.060821533000000004,0.6033935500000001,-0.8258424400000001,-1.1013222,0.49145156,1.0146484,-0.696228,1.4693909,-0.8801036999999999,-0.43376422000000003,-0.2741096,0.89889526,-0.14480591,1.3365173,-0.78355527,-0.8867771600000001,-0.12150793,0.9497985999999999,-0.1359253,1.2223511,-0.82068515,-0.8524579,-0.006379217,0.99172974,-0.16177368,1.0274048,-0.8057612,-0.7169664,0.17747818,1.0639038,0.4137268,0.35321045,-0.48446172,-0.7224995,0.3469637,1.0602722,0.8923645,-0.15261841,-0.43765438,-1.1025681,0.29339704,1.054779,1.0487975999999999,-0.27233887,-0.7212911,-1.3648045,-0.14754619,0.7084655999999999,0.8222046,0.47323608,-0.5003775,-1.1939975999999999,-1.0095294,0.7084655999999999,0.8222046,0.47323608,-0.5003775,-1.1939975999999999,-1.0095294,-1.5698547,-0.6296997,0.6265259,1.2992272,-0.16156197,-1.3131001,-2.0743713,-2.2247314,0.12921143000000002,1.5437254999999999,1.2476080999999999,-0.6985585,-0.9143066400000001,-2.1990967,-0.22470093,0.21981525000000002,1.1855782,-0.23283266,-1.0801392,-1.4281921,0.31546019999999997,0.33470678,0.46085763,-0.7097148,-0.8947449,-0.35751343,0.4633789,0.13829994,-0.58555746,-0.836255,0.25329589999999996,0.44125366,-0.08920288,-0.9364665,-1.2078829,-0.35028046,检查1变、2变高压侧进出线开关在分闸位置，开闭站201、202断路器在工作位置。
0.6777649,-0.009979248000000001,1.1493835,0.28598952,-1.258118,-0.88135475,1.3873291,1.0222473,1.0595703,-0.4955505,-1.8778674999999998,-0.37474072,1.1462402,0.47787476,0.8547973600000001,-0.48995089999999997,-1.3927525,0.13167287,1.3171082,0.060821533000000004,0.6033935500000001,-0.8258424400000001,-1.1013222,0.49145156,1.0146484,-0.696228,1.4693909,-0.8801036999999999,-0.43376422000000003,-0.2741096,0.89889526,-0.14480591,1.3365173,-0.78355527,-0.8867771600000001,-0.12150793,0.9497985999999999,-0.1359253,1.2223511,-0.82068515,-0.8524579,-0.006379217,0.99172974,-0.16177368,1.0274048,-0.8057612,-0.7169664,0.17747818,1.0639038,0.4137268,0.35321045,-0.48446172,-0.7224995,0.3469637,1.0602722,0.8923645,-0.15261841,-0.43765438,-1.1025681,0.29339704,1.054779,1.0487975999999999,-0.27233887,-0.7212911,-1.3648045,-0.14754619,0.7084655999999999,0.8222046,0.47323608,-0.5003775,-1.1939975999999999,-1.0095294,0.7084655999999999,0.8222046,0.47323608,-0.5003775,-1.1939975999999999,-1.0095294,-1.5698547,-0.6296997,0.6265259,1.2992272,-0.16156197,-1.3131001,-2.0743713,-2.2247314,0.12921143000000002,1.5437254999999999,1.2476080999999999,-0.6985585,-0.9143066400000001,-2.1990967,-0.22470093,0.21981525000000002,1.1855782,-0.23283266,-1.0801392,-1.4281921,0.31546019999999997,0.33470678,0.46085763,-0.7097148,-0.8947449,-0.35751343,0.4633789,0.13829994,-0.58555746,-0.836255,0.25329589999999996,0.44125366,-0.08920288,-0.9364665,-1.2078829,-0.35028046,0.37649536,0.47817993000000003,-0.028686523000000002,-1.0257225,-1.2027404,-0.43238604,检查1变、2变高压侧进出线开关在分闸位置，开闭站201、202断路器在工作位置。
1.3873291,1.0222473,1.0595703,-0.4955505,-1.8778674999999998,-0.37474072,1.1462402,0.47787476,0.8547973600000001,-0.48995089999999997,-1.3927525,0.13167287,1.3171082,0.060821533000000004,0.6033935500000001,-0.8258424400000001,-1.1013222,0.49145156,1.0146484,-0.696228,1.4693909,-0.8801036999999999,-0.43376422000000003,-0.2741096,0.89889526,-0.14480591,1.3365173,-0.78355527,-0.8867771600000001,-0.12150793,0.9497985999999999,-0.1359253,1.2223511,-0.82068515,-0.8524579,-0.006379217,0.99172974,-0.16177368,1.0274048,-0.8057612,-0.7169664,0.17747818,1.0639038,0.4137268,0.35321045,-0.48446172,-0.7224995,0.3469637,1.0602722,0.8923645,-0.15261841,-0.43765438,-1.1025681,0.29339704,1.054779,1.0487975999999999,-0.27233887,-0.7212911,-1.3648045,-0.14754619,0.7084655999999999,0.8222046,0.47323608,-0.5003775,-1.1939975999999999,-1.0095294,0.7084655999999999,0.8222046,0.47323608,-0.5003775,-1.1939975999999999,-1.0095294,-1.5698547,-0.6296997,0.6265259,1.2992272,-0.16156197,-1.3131001,-2.0743713,-2.2247314,0.12921143000000002,1.5437254999999999,1.2476080999999999,-0.6985585,-0.9143066400000001,-2.1990967,-0.22470093,0.21981525000000002,1.1855782,-0.23283266,-1.0801392,-1.4281921,0.31546019999999997,0.33470678,0.46085763,-0.7097148,-0.8947449,-0.35751343,0.4633789,0.13829994,-0.58555746,-0.836255,0.25329589999999996,0.44125366,-0.08920288,-0.9364665,-1.2078829,-0.35028046,0.37649536,0.47817993000000003,-0.028686523000000002,-1.0257225,-1.2027404,-0.43238604,0.49148559999999997,0.42626953,0.10842895500000001,-1.0636714,-1.0722396,-0.6085489,检查1变、2变高压侧进出线开关在分闸位置，开闭站201、202断路器在工作位置。
1.1462402,0.47787476,0.8547973600000001,-0.48995089999999997,-1.3927525,0.13167287,1.3171082,0.060821533000000004,0.6033935500000001,-0.8258424400000001,-1.1013222,0.49145156,1.0146484,-0.696228,1.4693909,-0.8801036999999999,-0.43376422000000003,-0.2741096,0.89889526,-0.14480591,1.3365173,-0.78355527,-0.8867771600000001,-0.12150793,0.9497985999999999,-0.1359253,1.2223511,-0.82068515,-0.8524579,-0.006379217,0.99172974,-0.16177368,1.0274048,-0.8057612,-0.7169664,0.17747818,1.0639038,0.4137268,0.35321045,-0.48446172,-0.7224995,0.3469637,1.0602722,0.8923645,-0.15261841,-0.43765438,-1.1025681,0.29339704,1.054779,1.0487975999999999,-0.27233887,-0.7212911,-1.3648045,-0.14754619,0.7084655999999999,0.8222046,0.47323608,-0.5003775,-1.1939975999999999,-1.0095294,0.7084655999999999,0.8222046,0.47323608,-0.5003775,-1.1939975999999999,-1.0095294,-1.5698547,-0.6296997,0.6265259,1.2992272,-0.16156197,-1.3131001,-2.0743713,-2.2247314,0.12921143000000002,1.5437254999999999,1.2476080999999999,-0.6985585,-0.9143066400000001,-2.1990967,-0.22470093,0.21981525000000002,1.1855782,-0.23283266,-1.0801392,-1.4281921,0.31546019999999997,0.33470678,0.46085763,-0.7097148,-0.8947449,-0.35751343,0.4633789,0.13829994,-0.58555746,-0.836255,0.25329589999999996,0.44125366,-0.08920288,-0.9364665,-1.2078829,-0.35028046,0.37649536,0.47817993000000003,-0.028686523000000002,-1.0257225,-1.2027404,-0.43238604,0.49148559999999997,0.42626953,0.10842895500000001,-1.0636714,-1.0722396,-0.6085489,0.5638428,0.37887573,0.16809082,-1.0918534,-0.938425,-0.66040295,检查1变、2变高压侧进出线开关在分闸位置，开闭站201、202断路器在工作位置。
1.3171082,0.060821533000000004,0.6033935500000001,-0.8258424400000001,-1.1013222,0.49145156,1.0146484,-0.696228,1.4693909,-0.8801036999999999,-0.43376422000000003,-0.2741096,0.89889526,-0.14480591,1.3365173,-0.78355527,-0.8867771600000001,-0.12150793,0.9497985999999999,-0.1359253,1.2223511,-0.82068515,-0.8524579,-0.006379217,0.99172974,-0.16177368,1.0274048,-0.8057612,-0.7169664,0.17747818,1.0639038,0.4137268,0.35321045,-0.48446172,-0.7224995,0.3469637,1.0602722,0.8923645,-0.15261841,-0.43765438,-1.1025681,0.29339704,1.054779,1.0487975999999999,-0.27233887,-0.7212911,-1.3648045,-0.14754619,0.7084655999999999,0.8222046,0.47323608,-0.5003775,-1.1939975999999999,-1.0095294,0.7084655999999999,0.8222046,0.47323608,-0.5003775,-1.1939975999999999,-1.0095294,-1.5698547,-0.6296997,0.6265259,1.2992272,-0.16156197,-1.3131001,-2.0743713,-2.2247314,0.12921143000000002,1.5437254999999999,1.2476080999999999,-0.6985585,-0.9143066400000001,-2.1990967,-0.22470093,0.21981525000000002,1.1855782,-0.23283266,-1.0801392,-1.4281921,0.31546019999999997,0.33470678,0.46085763,-0.7097148,-0.8947449,-0.35751343,0.4633789,0.13829994,-0.58555746,-0.836255,0.25329589999999996,0.44125366,-0.08920288,-0.9364665,-1.2078829,-0.35028046,0.37649536,0.47817993000000003,-0.028686523000000002,-1.0257225,-1.2027404,-0.43238604,0.49148559999999997,0.42626953,0.10842895500000001,-1.0636714,-1.0722396,-0.6085489,0.5638428,0.37887573,0.16809082,-1.0918534,-0.938425,-0.66040295,0.6383667,0.44067383,0.20471191,-1.1484935,-0.91471744,-0.65498763,检查1变、2变高压侧进出线开关在分闸位置，开闭站201、202断路器在工作位置。
1.0146484,-0.696228,1.4693909,-0.8801036999999999,-0.43376422000000003,-0.2741096,0.89889526,-0.14480591,1.3365173,-0.78355527,-0.8867771600000001,-0.12150793,0.9497985999999999,-0.1359253,1.2223511,-0.82068515,-0.8524579,-0.006379217,0.99172974,-0.16177368,1.0274048,-0.8057612,-0.7169664,0.17747818,1.0639038,0.4137268,0.35321045,-0.48446172,-0.7224995,0.3469637,1.0602722,0.8923645,-0.15261841,-0.43765438,-1.1025681,0.29339704,1.054779,1.0487975999999999,-0.27233887,-0.7212911,-1.3648045,-0.14754619,0.7084655999999999,0.8222046,0.47323608,-0.5003775,-1.1939975999999999,-1.0095294,0.7084655999999999,0.8222046,0.47323608,-0.5003775,-1.1939975999999999,-1.0095294,-1.5698547,-0.6296997,0.6265259,1.2992272,-0.16156197,-1.3131001,-2.0743713,-2.2247314,0.12921143000000002,1.5437254999999999,1.2476080999999999,-0.6985585,-0.9143066400000001,-2.1990967,-0.22470093,0.21981525000000002,1.1855782,-0.23283266,-1.0801392,-1.4281921,0.31546019999999997,0.33470678,0.46085763,-0.7097148,-0.8947449,-0.35751343,0.4633789,0.13829994,-0.58555746,-0.836255,0.25329589999999996,0.44125366,-0.08920288,-0.9364665,-1.2078829,-0.35028046,0.37649536,0.47817993000000003,-0.028686523000000002,-1.0257225,-1.2027404,-0.43238604,0.49148559999999997,0.42626953,0.10842895500000001,-1.0636714,-1.0722396,-0.6085489,0.5638428,0.37887573,0.16809082,-1.0918534,-0.938425,-0.66040295,0.6383667,0.44067383,0.20471191,-1.1484935,-0.91471744,-0.65498763,0.7039795,0.5222473,0.082611084,-1.2100943,-0.8700361999999999,-0.41824418,检查1变、2变高压侧进出线开关在分闸位置，开闭站201、202断路器在工作位置。
0.89889526,-0.14480591,1.3365173,-0.78355527,-0.8867771600000001,-0.12150793,0.9497985999999999,-0.1359253,1.2223511,-0.82068515,-0.8524579,-0.006379217,0.99172974,-0.16177368,1.0274048,-0.8057612,-0.7169664,0.17747818,1.0639038,0.4137268,0.35321045,-0.48446172,-0.7224995,0.3469637,1.0602722,0.8923645,-0.15261841,-0.43765438,-1.1025681,0.29339704,1.054779,1.0487975999999999,-0.27233887,-0.7212911,-1.3648045,-0.14754619,0.7084655999999999,0.8222046,0.47323608,-0.5003775,-1.1939975999999999,-1.0095294,0.7084655999999999,0.8222046,0.47323608,-0.5003775,-1.1939975999999999,-1.0095294,-1.5698547,-0.6296997,0.6265259,1.2992272,-0.16156197,-1.3131001,-2.0743713,-2.2247314,0.12921143000000002,1.5437254999999999,1.2476080999999999,-0.6985585,-0.9143066400000001,-2.1990967,-0.22470093,0.21981525000000002,1.1855782,-0.23283266,-1.0801392,-1.4281921,0.31546019999999997,0.33470678,0.46085763,-0.7097148,-0.8947449,-0.35751343,0.4633789,0.13829994,-0.58555746,-0.836255,0.25329589999999996,0.44125366,-0.08920288,-0.9364665,-1.2078829,-0.35028046,0.37649536,0.47817993000000003,-0.028686523000000002,-1.0257225,-1.2027404,-0.43238604,0.49148559999999997,0.42626953,0.10842895500000001,-1.0636714,-1.0722396,-0.6085489,0.5638428,0.37887573,0.16809082,-1.0918534,-0.938425,-0.66040295,0.6383667,0.44067383,0.20471191,-1.1484935,-0.91471744,-0.65498763,0.7039795,0.5222473,0.082611084,-1.2100943,-0.8700361999999999,-0.41824418,0.7362976,0.71920776,0.008178711,-1.2545261,-1.0112946,-0.25432855,检查1变、2变高压侧进出线开关在分闸位置，开闭站201、202断路器在工作位置。
0.9497985999999999,-0.1359253,1.2223511,-0.82068515,-0.8524579,-0.006379217,0.99172974,-0.16177368,1.0274048,-0.8057612,-0.7169664,0.17747818,1.0639038,0.4137268,0.35321045,-0.48446172,-0.7224995,0.3469637,1.0602722,0.8923645,-0.15261841,-0.43765438,-1.1025681,0.29339704,1.054779,1.0487975999999999,-0.27233887,-0.7212911,-1.3648045,-0.14754619,0.7084655999999999,0.8222046,0.47323608,-0.5003775,-1.1939975999999999,-1.0095294,0.7084655999999999,0.8222046,0.47323608,-0.5003775,-1.1939975999999999,-1.0095294,-1.5698547,-0.6296997,0.6265259,1.2992272,-0.16156197,-1.3131001,-2.0743713,-2.2247314,0.12921143000000002,1.5437254999999999,1.2476080999999999,-0.6985585,-0.9143066400000001,-2.1990967,-0.22470093,0.21981525000000002,1.1855782,-0.23283266,-1.0801392,-1.4281921,0.31546019999999997,0.33470678,0.46085763,-0.7097148,-0.8947449,-0.35751343,0.4633789,0.13829994,-0.58555746,-0.836255,0.25329589999999996,0.44125366,-0.08920288,-0.9364665,-1.2078829,-0.35028046,0.37649536,0.47817993000000003,-0.028686523000000002,-1.0257225,-1.2027404,-0.43238604,0.49148559999999997,0.42626953,0.10842895500000001,-1.0636714,-1.0722396,-0.6085489,0.5638428,0.37887573,0.16809082,-1.0918534,-0.938425,-0.66040295,0.6383667,0.44067383,0.20471191,-1.1484935,-0.91471744,-0.65498763,0.7039795,0.5222473,0.082611084,-1.2100943,-0.8700361999999999,-0.41824418,0.7362976,0.71920776,0.008178711,-1.2545261,-1.0112946,-0.25432855,0.755249,0.7249755999999999,-0.05343628,-1.2780306,-1.0090584,-0.17402236000000001,检查1变、2变高压侧进出线开关在分闸位置，开闭站201、202断路器在工作位置。
0.99172974,-0.16177368,1.0274048,-0.8057612,-0.7169664,0.17747818,1.0639038,0.4137268,0.35321045,-0.48446172,-0.7224995,0.3469637,1.0602722,0.8923645,-0.15261841,-0.43765438,-1.1025681,0.29339704,1.054779,1.0487975999999999,-0.27233887,-0.7212911,-1.3648045,-0.14754619,0.7084655999999999,0.8222046,0.47323608,-0.5003775,-1.1939975999999999,-1.0095294,0.7084655999999999,0.8222046,0.47323608,-0.5003775,-1.1939975999999999,-1.0095294,-1.5698547,-0.6296997,0.6265259,1.2992272,-0.16156197,-1.3131001,-2.0743713,-2.2247314,0.12921143000000002,1.5437254999999999,1.2476080999999999,-0.6985585,-0.9143066400000001,-2.1990967,-0.22470093,0.21981525000000002,1.1855782,-0.23283266,-1.0801392,-1.4281921,0.31546019999999997,0.33470678,0.46085763,-0.7097148,-0.8947449,-0.35751343,0.4633789,0.13829994,-0.58555746,-0.836255,0.25329589999999996,0.44125366,-0.08920288,-0.9364665,-1.2078829,-0.35028046,0.37649536,0.47817993000000003,-0.028686523000000002,-1.0257225,-1.2027404,-0.43238604,0.49148559999999997,0.42626953,0.10842895500000001,-1.0636714,-1.0722396,-0.6085489,0.5638428,0.37887573,0.16809082,-1.0918534,-0.938425,-0.66040295,0.6383667,0.44067383,0.20471191,-1.1484935,-0.91471744,-0.65498763,0.7039795,0.5222473,0.082611084,-1.2100943,-0.8700361999999999,-0.41824418,0.7362976,0.71920776,0.008178711,-1.2545261,-1.0112946,-0.25432855,0.755249,0.7249755999999999,-0.05343628,-1.2780306,-1.0090584,-0.17402236000000001,0.8843689,1.0102844,0.38128662,-1.4565005,-1.2478492,-0.44999725,检查1变、2变高压侧进出线开关在分闸位置，开闭站201、202断路器在工作位置。
1.0639038,0.4137268,0.35321045,-0.48446172,-0.7224995,0.3469637,1.0602722,0.8923645,-0.15261841,-0.43765438,-1.1025681,0.29339704,1.054779,1.0487975999999999,-0.27233887,-0.7212911,-1.3648045,-0.14754619,0.7084655999999999,0.8222046,0.47323608,-0.5003775,-1.1939975999999999,-1.0095294,0.7084655999999999,0.8222046,0.47323608,-0.5003775,-1.1939975999999999,-1.0095294,-1.5698547,-0.6296997,0.6265259,1.2992272,-0.16156197,-1.3131001,-2.0743713,-2.2247314,0.12921143000000002,1.5437254999999999,1.2476080999999999,-0.6985585,-0.9143066400000001,-2.1990967,-0.22470093,0.21981525000000002,1.1855782,-0.23283266,-1.0801392,-1.4281921,0.31546019999999997,0.33470678,0.46085763,-0.7097148,-0.8947449,-0.35751343,0.4633789,0.13829994,-0.58555746,-0.836255,0.25329589999999996,0.44125366,-0.08920288,-0.9364665,-1.2078829,-0.35028046,0.37649536,0.47817993000000003,-0.028686523000000002,-1.0257225,-1.2027404,-0.43238604,0.49148559999999997,0.42626953,0.10842895500000001,-1.0636714,-1.0722396,-0.6085489,0.5638428,0.37887573,0.16809082,-1.0918534,-0.938425,-0.66040295,0.6383667,0.44067383,0.20471191,-1.1484935,-0.91471744,-0.65498763,0.7039795,0.5222473,0.082611084,-1.2100943,-0.8700361999999999,-0.41824418,0.7362976,0.71920776,0.008178711,-1.2545261,-1.0112946,-0.25432855,0.755249,0.7249755999999999,-0.05343628,-1.2780306,-1.0090584,-0.17402236000000001,0.8843689,1.0102844,0.38128662,-1.4565005,-1.2478492,-0.44999725,0.6560364,1.2866821,1.0209656,-1.2522748,-1.496366,-0.94189376,检查1变、2变高压侧进出线开关在分闸位置，开闭站201、202断路器在工作位置。
1.0602722,0.8923645,-0.15261841,-0.43765438,-1.1025681,0.29339704,1.054779,1.0487975999999999,-0.27233887,-0.7212911,-1.3648045,-0.14754619,0.7084655999999999,0.8222046,0.47323608,-0.5003775,-1.1939975999999999,-1.0095294,0.7084655999999999,0.8222046,0.47323608,-0.5003775,-1.1939975999999999,-1.0095294,-1.5698547,-0.6296997,0.6265259,1.2992272,-0.16156197,-1.3131001,-2.0743713,-2.2247314,0.12921143000000002,1.5437254999999999,1.2476080999999999,-0.6985585,-0.9143066400000001,-2.1990967,-0.22470093,0.21981525000000002,1.1855782,-0.23283266,-1.0801392,-1.4281921,0.31546019999999997,0.33470678,0.46085763,-0.7097148,-0.8947449,-0.35751343,0.4633789,0.13829994,-0.58555746,-0.836255,0.25329589999999996,0.44125366,-0.08920288,-0.9364665,-1.2078829,-0.35028046,0.37649536,0.47817993000000003,-0.028686523000000002,-1.0257225,-1.2027404,-0.43238604,0.49148559999999997,0.42626953,0.10842895500000001,-1.0636714,-1.0722396,-0.6085489,0.5638428,0.37887573,0.16809082,-1.0918534,-0.938425,-0.66040295,0.6383667,0.44067383,0.20471191,-1.1484935,-0.91471744,-0.65498763,0.7039795,0.5222473,0.082611084,-1.2100943,-0.8700361999999999,-0.41824418,0.7362976,0.71920776,0.008178711,-1.2545261,-1.0112946,-0.25432855,0.755249,0.7249755999999999,-0.05343628,-1.2780306,-1.0090584,-0.17402236000000001,0.8843689,1.0102844,0.38128662,-1.4565005,-1.2478492,-0.44999725,0.6560364,1.2866821,1.0209656,-1.2522748,-1.496366,-0.94189376,1.1054382,1.9804993,0.786499,-1.718497,-2.211996,-0.4769286,检查1变、2变高压侧进出线开关在分闸位置，开闭站201、202断路器在工作位置。
1.054779,1.0487975999999999,-0.27233887,-0.7212911,-1.3648045,-0.14754619,0.7084655999999999,0.8222046,0.47323608,-0.5003775,-1.1939975999999999,-1.0095294,0.7084655999999999,0.8222046,0.47323608,-0.5003775,-1.1939975999999999,-1.0095294,-1.5698547,-0.6296997,0.6265259,1.2992272,-0.16156197,-1.3131001,-2.0743713,-2.2247314,0.12921143000000002,1.5437254999999999,1.2476080999999999,-0.6985585,-0.9143066400000001,-2.1990967,-0.22470093,0.21981525000000002,1.1855782,-0.23283266,-1.0801392,-1.4281921,0.31546019999999997,0.33470678,0.46085763,-0.7097148,-0.8947449,-0.35751343,0.4633789,0.13829994,-0.58555746,-0.836255,0.25329589999999996,0.44125366,-0.08920288,-0.9364665,-1.2078829,-0.35028046,0.37649536,0.47817993000000003,-0.028686523000000002,-1.0257225,-1.2027404,-0.43238604,0.49148559999999997,0.42626953,0.10842895500000001,-1.0636714,-1.0722396,-0.6085489,0.5638428,0.37887573,0.16809082,-1.0918534,-0.938425,-0.66040295,0.6383667,0.44067383,0.20471191,-1.1484935,-0.91471744,-0.65498763,0.7039795,0.5222473,0.082611084,-1.2100943,-0.8700361999999999,-0.41824418,0.7362976,0.71920776,0.008178711,-1.2545261,-1.0112946,-0.25432855,0.755249,0.7249755999999999,-0.05343628,-1.2780306,-1.0090584,-0.17402236000000001,0.8843689,1.0102844,0.38128662,-1.4565005,-1.2478492,-0.44999725,0.6560364,1.2866821,1.0209656,-1.2522748,-1.496366,-0.94189376,1.1054382,1.9804993,0.786499,-1.718497,-2.211996,-0.4769286,0.8090514999999999,1.181427,1.2017517,-1.3623191000000001,-1.3808582,-0.71992296,检查1变、2变高压侧进出线开关在分闸位置，开闭站201、202断路器在工作位置。
0.7084655999999999,0.8222046,0.47323608,-0.5003775,-1.1939975999999999,-1.0095294,0.7084655999999999,0.8222046,0.47323608,-0.5003775,-1.1939975999999999,-1.0095294,-1.5698547,-0.6296997,0.6265259,1.2992272,-0.16156197,-1.3131001,-2.0743713,-2.2247314,0.12921143000000002,1.5437254999999999,1.2476080999999999,-0.6985585,-0.9143066400000001,-2.1990967,-0.22470093,0.21981525000000002,1.1855782,-0.23283266,-1.0801392,-1.4281921,0.31546019999999997,0.33470678,0.46085763,-0.7097148,-0.8947449,-0.35751343,0.4633789,0.13829994,-0.58555746,-0.836255,0.25329589999999996,0.44125366,-0.08920288,-0.9364665,-1.2078829,-0.35028046,0.37649536,0.47817993000000003,-0.028686523000000002,-1.0257225,-1.2027404,-0.43238604,0.49148559999999997,0.42626953,0.10842895500000001,-1.0636714,-1.0722396,-0.6085489,0.5638428,0.37887573,0.16809082,-1.0918534,-0.938425,-0.66040295,0.6383667,0.44067383,0.20471191,-1.1484935,-0.91471744,-0.65498763,0.7039795,0.5222473,0.082611084,-1.2100943,-0.8700361999999999,-0.41824418,0.7362976,0.71920776,0.008178711,-1.2545261,-1.0112946,-0.25432855,0.755249,0.7249755999999999,-0.05343628,-1.2780306,-1.0090584,-0.17402236000000001,0.8843689,1.0102844,0.38128662,-1.4565005,-1.2478492,-0.44999725,0.6560364,1.2866821,1.0209656,-1.2522748,-1.496366,-0.94189376,1.1054382,1.9804993,0.786499,-1.718497,-2.211996,-0.4769286,0.8090514999999999,1.181427,1.2017517,-1.3623191000000001,-1.3808582,-0.71992296,0.76412964,1.0979003999999999,1.2677307,-1.2090228,-1.3000369,-0.60874885,检查1变、2变高压侧进出线开关在分闸位置，开闭站201、202断路器在工作位置。
0.7084655999999999,0.8222046,0.47323608,-0.5003775,-1.1939975999999999,-1.0095294,-1.5698547,-0.6296997,0.6265259,1.2992272,-0.16156197,-1.3131001,-2.0743713,-2.2247314,0.12921143000000002,1.5437254999999999,1.2476080999999999,-0.6985585,-0.9143066400000001,-2.1990967,-0.22470093,0.21981525000000002,1.1855782,-0.23283266,-1.0801392,-1.4281921,0.31546019999999997,0.33470678,0.46085763,-0.7097148,-0.8947449,-0.35751343,0.4633789,0.13829994,-0.58555746,-0.836255,0.25329589999999996,0.44125366,-0.08920288,-0.9364665,-1.2078829,-0.35028046,0.37649536,0.47817993000000003,-0.028686523000000002,-1.0257225,-1.2027404,-0.43238604,0.49148559999999997,0.42626953,0.10842895500000001,-1.0636714,-1.0722396,-0.6085489,0.5638428,0.37887573,0.16809082,-1.0918534,-0.938425,-0.66040295,0.6383667,0.44067383,0.20471191,-1.1484935,-0.91471744,-0.65498763,0.7039795,0.5222473,0.082611084,-1.2100943,-0.8700361999999999,-0.41824418,0.7362976,0.71920776,0.008178711,-1.2545261,-1.0112946,-0.25432855,0.755249,0.7249755999999999,-0.05343628,-1.2780306,-1.0090584,-0.17402236000000001,0.8843689,1.0102844,0.38128662,-1.4565005,-1.2478492,-0.44999725,0.6560364,1.2866821,1.0209656,-1.2522748,-1.496366,-0.94189376,1.1054382,1.9804993,0.786499,-1.718497,-2.211996,-0.4769286,0.8090514999999999,1.181427,1.2017517,-1.3623191000000001,-1.3808582,-0.71992296,0.76412964,1.0979003999999999,1.2677307,-1.2090228,-1.3000369,-0.60874885,0.6876221,0.9481200999999999,1.265686,-1.011203,-1.1543975,-0.4932335,检查1变、2变高压侧进出线开关在分闸位置，开闭站201、202断路器在工作位置。
-1.5698547,-0.6296997,0.6265259,1.2992272,-0.16156197,-1.3131001,-2.0743713,-2.2247314,0.12921143000000002,1.5437254999999999,1.2476080999999999,-0.6985585,-0.9143066400000001,-2.1990967,-0.22470093,0.21981525000000002,1.1855782,-0.23283266,-1.0801392,-1.4281921,0.31546019999999997,0.33470678,0.46085763,-0.7097148,-0.8947449,-0.35751343,0.4633789,0.13829994,-0.58555746,-0.836255,0.25329589999999996,0.44125366,-0.08920288,-0.9364665,-1.2078829,-0.35028046,0.37649536,0.47817993000000003,-0.028686523000000002,-1.0257225,-1.2027404,-0.43238604,0.49148559999999997,0.42626953,0.10842895500000001,-1.0636714,-1.0722396,-0.6085489,0.5638428,0.37887573,0.16809082,-1.0918534,-0.938425,-0.66040295,0.6383667,0.44067383,0.20471191,-1.1484935,-0.91471744,-0.65498763,0.7039795,0.5222473,0.082611084,-1.2100943,-0.8700361999999999,-0.41824418,0.7362976,0.71920776,0.008178711,-1.2545261,-1.0112946,-0.25432855,0.755249,0.7249755999999999,-0.05343628,-1.2780306,-1.0090584,-0.17402236000000001,0.8843689,1.0102844,0.38128662,-1.4565005,-1.2478492,-0.44999725,0.6560364,1.2866821,1.0209656,-1.2522748,-1.496366,-0.94189376,1.1054382,1.9804993,0.786499,-1.718497,-2.211996,-0.4769286,0.8090514999999999,1.181427,1.2017517,-1.3623191000000001,-1.3808582,-0.71992296,0.76412964,1.0979003999999999,1.2677307,-1.2090228,-1.3000369,-0.60874885,0.6876221,0.9481200999999999,1.265686,-1.011203,-1.1543975,-0.4932335,0.67123413,0.8817444,1.2071228,-0.77662915,-1.0938973,-0.33855789999999997,检查1变、2变高压侧进出线开关在分闸位置，开闭站201、202断路器在工作位置。
-2.0743713,-2.2247314,0.12921143000000002,1.5437254999999999,1.2476080999999999,-0.6985585,-0.9143066400000001,-2.1990967,-0.22470093,0.21981525000000002,1.1855782,-0.23283266,-1.0801392,-1.4281921,0.31546019999999997,0.33470678,0.46085763,-0.7097148,-0.8947449,-0.35751343,0.4633789,0.13829994,-0.58555746,-0.836255,0.25329589999999996,0.44125366,-0.08920288,-0.9364665,-1.2078829,-0.35028046,0.37649536,0.47817993000000003,-0.028686523000000002,-1.0257225,-1.2027404,-0.43238604,0.49148559999999997,0.42626953,0.10842895500000001,-1.0636714,-1.0722396,-0.6085489,0.5638428,0.37887573,0.16809082,-1.0918534,-0.938425,-0.66040295,0.6383667,0.44067383,0.20471191,-1.1484935,-0.91471744,-0.65498763,0.7039795,0.5222473,0.082611084,-1.2100943,-0.8700361999999999,-0.41824418,0.7362976,0.71920776,0.008178711,-1.2545261,-1.0112946,-0.25432855,0.755249,0.7249755999999999,-0.05343628,-1.2780306,-1.0090584,-0.17402236000000001,0.8843689,1.0102844,0.38128662,-1.4565005,-1.2478492,-0.44999725,0.6560364,1.2866821,1.0209656,-1.2522748,-1.496366,-0.94189376,1.1054382,1.9804993,0.786499,-1.718497,-2.211996,-0.4769286,0.8090514999999999,1.181427,1.2017517,-1.3623191000000001,-1.3808582,-0.71992296,0.76412964,1.0979003999999999,1.2677307,-1.2090228,-1.3000369,-0.60874885,0.6876221,0.9481200999999999,1.265686,-1.011203,-1.1543975,-0.4932335,0.67123413,0.8817444,1.2071228,-0.77662915,-1.0938973,-0.33855789999999997,0.6452637,0.9411010999999999,1.0481567,-0.5607542999999999,-1.181133,-0.1405253,检查1变、2变高压侧进出线开关在分闸位置，开闭站201、202断路器在工作位置。
-0.9143066400000001,-2.1990967,-0.22470093,0.21981525000000002,1.1855782,-0.23283266,-1.0801392,-1.4281921,0.31546019999999997,0.33470678,0.46085763,-0.7097148,-0.8947449,-0.35751343,0.4633789,0.13829994,-0.58555746,-0.836255,0.25329589999999996,0.44125366,-0.08920288,-0.9364665,-1.2078829,-0.35028046,0.37649536,0.47817993000000003,-0.028686523000000002,-1.0257225,-1.2027404,-0.43238604,0.49148559999999997,0.42626953,0.10842895500000001,-1.0636714,-1.0722396,-0.6085489,0.5638428,0.37887573,0.16809082,-1.0918534,-0.938425,-0.66040295,0.6383667,0.44067383,0.20471191,-1.1484935,-0.91471744,-0.65498763,0.7039795,0.5222473,0.082611084,-1.2100943,-0.8700361999999999,-0.41824418,0.7362976,0.71920776,0.008178711,-1.2545261,-1.0112946,-0.25432855,0.755249,0.7249755999999999,-0.05343628,-1.2780306,-1.0090584,-0.17402236000000001,0.8843689,1.0102844,0.38128662,-1.4565005,-1.2478492,-0.44999725,0.6560364,1.2866821,1.0209656,-1.2522748,-1.496366,-0.94189376,1.1054382,1.9804993,0.786499,-1.718497,-2.211996,-0.4769286,0.8090514999999999,1.181427,1.2017517,-1.3623191000000001,-1.3808582,-0.71992296,0.76412964,1.0979003999999999,1.2677307,-1.2090228,-1.3000369,-0.60874885,0.6876221,0.9481200999999999,1.265686,-1.011203,-1.1543975,-0.4932335,0.67123413,0.8817444,1.2071228,-0.77662915,-1.0938973,-0.33855789999999997,0.6452637,0.9411010999999999,1.0481567,-0.5607542999999999,-1.181133,-0.1405253,0.8051758,0.6246338,0.6192626999999999,-0.37247097,-0.95672786,0.25173122,检查1变、2变高压侧进出线开关在分闸位置，开闭站201、202断路器在工作位置。
-1.0801392,-1.4281921,0.31546019999999997,0.33470678,0.46085763,-0.7097148,-0.8947449,-0.35751343,0.4633789,0.13829994,-0.58555746,-0.836255,0.25329589999999996,0.44125366,-0.08920288,-0.9364665,-1.2078829,-0.35028046,0.37649536,0.47817993000000003,-0.028686523000000002,-1.0257225,-1.2027404,-0.43238604,0.49148559999999997,0.42626953,0.10842895500000001,-1.0636714,-1.0722396,-0.6085489,0.5638428,0.37887573,0.16809082,-1.0918534,-0.938425,-0.66040295,0.6383667,0.44067383,0.20471191,-1.1484935,-0.91471744,-0.65498763,0.7039795,0.5222473,0.082611084,-1.2100943,-0.8700361999999999,-0.41824418,0.7362976,0.71920776,0.008178711,-1.2545261,-1.0112946,-0.25432855,0.755249,0.7249755999999999,-0.05343628,-1.2780306,-1.0090584,-0.17402236000000001,0.8843689,1.0102844,0.38128662,-1.4565005,-1.2478492,-0.44999725,0.6560364,1.2866821,1.0209656,-1.2522748,-1.496366,-0.94189376,1.1054382,1.9804993,0.786499,-1.718497,-2.211996,-0.4769286,0.8090514999999999,1.181427,1.2017517,-1.3623191000000001,-1.3808582,-0.71992296,0.76412964,1.0979003999999999,1.2677307,-1.2090228,-1.3000369,-0.60874885,0.6876221,0.9481200999999999,1.265686,-1.011203,-1.1543975,-0.4932335,0.67123413,0.8817444,1.2071228,-0.77662915,-1.0938973,-0.33855789999999997,0.6452637,0.9411010999999999,1.0481567,-0.5607542999999999,-1.181133,-0.1405253,0.8051758,0.6246338,0.6192626999999999,-0.37247097,-0.95672786,0.25173122,0.9725341999999999,0.37020874,0.47781372,-0.28543234,-0.84268516,0.28773296,检查1变、2变高压侧进出线开关在分闸位置，开闭站201、202断路器在工作位置。
-0.8947449,-0.35751343,0.4633789,0.13829994,-0.58555746,-0.836255,0.25329589999999996,0.44125366,-0.08920288,-0.9364665,-1.2078829,-0.35028046,0.37649536,0.47817993000000003,-0.028686523000000002,-1.0257225,-1.2027404,-0.43238604,0.49148559999999997,0.42626953,0.10842895500000001,-1.0636714,-1.0722396,-0.6085489,0.5638428,0.37887573,0.16809082,-1.0918534,-0.938425,-0.66040295,0.6383667,0.44067383,0.20471191,-1.1484935,-0.91471744,-0.65498763,0.7039795,0.5222473,0.082611084,-1.2100943,-0.8700361999999999,-0.41824418,0.7362976,0.71920776,0.008178711,-1.2545261,-1.0112946,-0.25432855,0.755249,0.7249755999999999,-0.05343628,-1.2780306,-1.0090584,-0.17402236000000001,0.8843689,1.0102844,0.38128662,-1.4565005,-1.2478492,-0.44999725,0.6560364,1.2866821,1.0209656,-1.2522748,-1.496366,-0.94189376,1.1054382,1.9804993,0.786499,-1.718497,-2.211996,-0.4769286,0.8090514999999999,1.181427,1.2017517,-1.3623191000000001,-1.3808582,-0.71992296,0.76412964,1.0979003999999999,1.2677307,-1.2090228,-1.3000369,-0.60874885,0.6876221,0.9481200999999999,1.265686,-1.011203,-1.1543975,-0.4932335,0.67123413,0.8817444,1.2071228,-0.77662915,-1.0938973,-0.33855789999999997,0.6452637,0.9411010999999999,1.0481567,-0.5607542999999999,-1.181133,-0.1405253,0.8051758,0.6246338,0.6192626999999999,-0.37247097,-0.95672786,0.25173122,0.9725341999999999,0.37020874,0.47781372,-0.28543234,-0.84268516,0.28773296,1.0560303,0.31912229999999997,0.37554932,-0.22620034,-0.9366848,0.29546928,检查1变、2变高压侧进出线开关在分闸位置，开闭站201、202断路器在工作位置。
0.25329589999999996,0.44125366,-0.08920288,-0.9364665,-1.2078829,-0.35028046,0.37649536,0.47817993000000003,-0.028686523000000002,-1.0257225,-1.2027404,-0.43238604,0.49148559999999997,0.42626953,0.10842895500000001,-1.0636714,-1.0722396,-0.6085489,0.5638428,0.37887573,0.16809082,-1.0918534,-0.938425,-0.66040295,0.6383667,0.44067383,0.20471191,-1.1484935,-0.91471744,-0.65498763,0.7039795,0.5222473,0.082611084,-1.2100943,-0.8700361999999999,-0.41824418,0.7362976,0.71920776,0.008178711,-1.2545261,-1.0112946,-0.25432855,0.755249,0.7249755999999999,-0.05343628,-1.2780306,-1.0090584,-0.17402236000000001,0.8843689,1.0102844,0.38128662,-1.4565005,-1.2478492,-0.44999725,0.6560364,1.2866821,1.0209656,-1.2522748,-1.496366,-0.94189376,1.1054382,1.9804993,0.786499,-1.718497,-2.211996,-0.4769286,0.8090514999999999,1.181427,1.2017517,-1.3623191000000001,-1.3808582,-0.71992296,0.76412964,1.0979003999999999,1.2677307,-1.2090228,-1.3000369,-0.60874885,0.6876221,0.9481200999999999,1.265686,-1.011203,-1.1543975,-0.4932335,0.67123413,0.8817444,1.2071228,-0.77662915,-1.0938973,-0.33855789999999997,0.6452637,0.9411010999999999,1.0481567,-0.5607542999999999,-1.181133,-0.1405253,0.8051758,0.6246338,0.6192626999999999,-0.37247097,-0.95672786,0.25173122,0.9725341999999999,0.37020874,0.47781372,-0.28543234,-0.84268516,0.28773296,1.0560303,0.31912229999999997,0.37554932,-0.22620034,-0.9366848,0.29546928,1.2438965,-0.043945313,0.2635193,-0.30054593,-0.7812639,0.2674234,检查1变、2变高压侧进出线开关在分闸位置，开闭站201、202断路器在工作位置。
0.37649536,0.47817993000000003,-0.028686523000000002,-1.0257225,-1.2027404,-0.43238604,0.49148559999999997,0.42626953,0.10842895500000001,-1.0636714,-1.0722396,-0.6085489,0.5638428,0.37887573,0.16809082,-1.0918534,-0.938425,-0.66040295,0.6383667,0.44067383,0.20471191,-1.1484935,-0.91471744,-0.65498763,0.7039795,0.5222473,0.082611084,-1.2100943,-0.8700361999999999,-0.41824418,0.7362976,0.71920776,0.008178711,-1.2545261,-1.0112946,-0.25432855,0.755249,0.7249755999999999,-0.05343628,-1.2780306,-1.0090584,-0.17402236000000001,0.8843689,1.0102844,0.38128662,-1.4565005,-1.2478492,-0.44999725,0.6560364,1.2866821,1.0209656,-1.2522748,-1.496366,-0.94189376,1.1054382,1.9804993,0.786499,-1.718497,-2.211996,-0.4769286,0.8090514999999999,1.181427,1.2017517,-1.3623191000000001,-1.3808582,-0.71992296,0.76412964,1.0979003999999999,1.2677307,-1.2090228,-1.3000369,-0.60874885,0.6876221,0.9481200999999999,1.265686,-1.011203,-1.1543975,-0.4932335,0.67123413,0.8817444,1.2071228,-0.77662915,-1.0938973,-0.33855789999999997,0.6452637,0.9411010999999999,1.0481567,-0.5607542999999999,-1.181133,-0.1405253,0.8051758,0.6246338,0.6192626999999999,-0.37247097,-0.95672786,0.25173122,0.9725341999999999,0.37020874,0.47781372,-0.28543234,-0.84268516,0.28773296,1.0560303,0.31912229999999997,0.37554932,-0.22620034,-0.9366848,0.29546928,1.2438965,-0.043945313,0.2635193,-0.30054593,-0.7812639,0.2674234,1.3731384,-0.029907227,0.03668213,-0.38384205,-1.0006514,0.33360022,检查1变、2变高压侧进出线开关在分闸位置，开闭站201、202断路器在工作位置。
0.49148559999999997,0.42626953,0.10842895500000001,-1.0636714,-1.0722396,-0.6085489,0.5638428,0.37887573,0.16809082,-1.0918534,-0.938425,-0.66040295,0.6383667,0.44067383,0.20471191,-1.1484935,-0.91471744,-0.65498763,0.7039795,0.5222473,0.082611084,-1.2100943,-0.8700361999999999,-0.41824418,0.7362976,0.71920776,0.008178711,-1.2545261,-1.0112946,-0.25432855,0.755249,0.7249755999999999,-0.05343628,-1.2780306,-1.0090584,-0.17402236000000001,0.8843689,1.0102844,0.38128662,-1.4565005,-1.2478492,-0.44999725,0.6560364,1.2866821,1.0209656,-1.2522748,-1.496366,-0.94189376,1.1054382,1.9804993,0.786499,-1.718497,-2.211996,-0.4769286,0.8090514999999999,1.181427,1.2017517,-1.3623191000000001,-1.3808582,-0.71992296,0.76412964,1.0979003999999999,1.2677307,-1.2090228,-1.3000369,-0.60874885,0.6876221,0.9481200999999999,1.265686,-1.011203,-1.1543975,-0.4932335,0.67123413,0.8817444,1.2071228,-0.77662915,-1.0938973,-0.33855789999999997,0.6452637,0.9411010999999999,1.0481567,-0.5607542999999999,-1.181133,-0.1405253,0.8051758,0.6246338,0.6192626999999999,-0.37247097,-0.95672786,0.25173122,0.9725341999999999,0.37020874,0.47781372,-0.28543234,-0.84268516,0.28773296,1.0560303,0.31912229999999997,0.37554932,-0.22620034,-0.9366848,0.29546928,1.2438965,-0.043945313,0.2635193,-0.30054593,-0.7812639,0.2674234,1.3731384,-0.029907227,0.03668213,-0.38384205,-1.0006514,0.33360022,1.3998412999999998,0.17028809,-0.19854736,-0.42120594,-1.3628707,0.36360133,检查1变、2变高压侧进出线开关在分闸位置，开闭站201、202断路器在工作位置。
0.5638428,0.37887573,0.16809082,-1.0918534,-0.938425,-0.66040295,0.6383667,0.44067383,0.20471191,-1.1484935,-0.91471744,-0.65498763,0.7039795,0.5222473,0.082611084,-1.2100943,-0.8700361999999999,-0.41824418,0.7362976,0.71920776,0.008178711,-1.2545261,-1.0112946,-0.25432855,0.755249,0.7249755999999999,-0.05343628,-1.2780306,-1.0090584,-0.17402236000000001,0.8843689,1.0102844,0.38128662,-1.4565005,-1.2478492,-0.44999725,0.6560364,1.2866821,1.0209656,-1.2522748,-1.496366,-0.94189376,1.1054382,1.9804993,0.786499,-1.718497,-2.211996,-0.4769286,0.8090514999999999,1.181427,1.2017517,-1.3623191000000001,-1.3808582,-0.71992296,0.76412964,1.0979003999999999,1.2677307,-1.2090228,-1.3000369,-0.60874885,0.6876221,0.9481200999999999,1.265686,-1.011203,-1.1543975,-0.4932335,0.67123413,0.8817444,1.2071228,-0.77662915,-1.0938973,-0.33855789999999997,0.6452637,0.9411010999999999,1.0481567,-0.5607542999999999,-1.181133,-0.1405253,0.8051758,0.6246338,0.6192626999999999,-0.37247097,-0.95672786,0.25173122,0.9725341999999999,0.37020874,0.47781372,-0.28543234,-0.84268516,0.28773296,1.0560303,0.31912229999999997,0.37554932,-0.22620034,-0.9366848,0.29546928,1.2438965,-0.043945313,0.2635193,-0.30054593,-0.7812639,0.2674234,1.3731384,-0.029907227,0.03668213,-0.38384205,-1.0006514,0.33360022,1.3998412999999998,0.17028809,-0.19854736,-0.42120594,-1.3628707,0.36360133,1.2365112,0.29602049999999996,-0.4066162,-0.28621352,-1.5537467,0.45397788,检查1变、2变高压侧进出线开关在分闸位置，开闭站201、202断路器在工作位置。
0.6383667,0.44067383,0.20471191,-1.1484935,-0.91471744,-0.65498763,0.7039795,0.5222473,0.082611084,-1.2100943,-0.8700361999999999,-0.41824418,0.7362976,0.71920776,0.008178711,-1.2545261,-1.0112946,-0.25432855,0.755249,0.7249755999999999,-0.05343628,-1.2780306,-1.0090584,-0.17402236000000001,0.8843689,1.0102844,0.38128662,-1.4565005,-1.2478492,-0.44999725,0.6560364,1.2866821,1.0209656,-1.2522748,-1.496366,-0.94189376,1.1054382,1.9804993,0.786499,-1.718497,-2.211996,-0.4769286,0.8090514999999999,1.181427,1.2017517,-1.3623191000000001,-1.3808582,-0.71992296,0.76412964,1.0979003999999999,1.2677307,-1.2090228,-1.3000369,-0.60874885,0.6876221,0.9481200999999999,1.265686,-1.011203,-1.1543975,-0.4932335,0.67123413,0.8817444,1.2071228,-0.77662915,-1.0938973,-0.33855789999999997,0.6452637,0.9411010999999999,1.0481567,-0.5607542999999999,-1.181133,-0.1405253,0.8051758,0.6246338,0.6192626999999999,-0.37247097,-0.95672786,0.25173122,0.9725341999999999,0.37020874,0.47781372,-0.28543234,-0.84268516,0.28773296,1.0560303,0.31912229999999997,0.37554932,-0.22620034,-0.9366848,0.29546928,1.2438965,-0.043945313,0.2635193,-0.30054593,-0.7812639,0.2674234,1.3731384,-0.029907227,0.03668213,-0.38384205,-1.0006514,0.33360022,1.3998412999999998,0.17028809,-0.19854736,-0.42120594,-1.3628707,0.36360133,1.2365112,0.29602049999999996,-0.4066162,-0.28621352,-1.5537467,0.45397788,1.2365112,0.29602049999999996,-0.4066162,-0.28621352,-1.5537467,0.45397788,检查1变、2变高压侧进出线开关在分闸位置，开闭站201、202断路器在工作位置。
0.7039795,0.5222473,0.082611084,-1.2100943,-0.8700361999999999,-0.41824418,0.7362976,0.71920776,0.008178711,-1.2545261,-1.0112946,-0.25432855,0.755249,0.7249755999999999,-0.05343628,-1.2780306,-1.0090584,-0.17402236000000001,0.8843689,1.0102844,0.38128662,-1.4565005,-1.2478492,-0.44999725,0.6560364,1.2866821,1.0209656,-1.2522748,-1.496366,-0.94189376,1.1054382,1.9804993,0.786499,-1.718497,-2.211996,-0.4769286,0.8090514999999999,1.181427,1.2017517,-1.3623191000000001,-1.3808582,-0.71992296,0.76412964,1.0979003999999999,1.2677307,-1.2090228,-1.3000369,-0.60874885,0.6876221,0.9481200999999999,1.265686,-1.011203,-1.1543975,-0.4932335,0.67123413,0.8817444,1.2071228,-0.77662915,-1.0938973,-0.33855789999999997,0.6452637,0.9411010999999999,1.0481567,-0.5607542999999999,-1.181133,-0.1405253,0.8051758,0.6246338,0.6192626999999999,-0.37247097,-0.95672786,0.25173122,0.9725341999999999,0.37020874,0.47781372,-0.28543234,-0.84268516,0.28773296,1.0560303,0.31912229999999997,0.37554932,-0.22620034,-0.9366848,0.29546928,1.2438965,-0.043945313,0.2635193,-0.30054593,-0.7812639,0.2674234,1.3731384,-0.029907227,0.03668213,-0.38384205,-1.0006514,0.33360022,1.3998412999999998,0.17028809,-0.19854736,-0.42120594,-1.3628707,0.36360133,1.2365112,0.29602049999999996,-0.4066162,-0.28621352,-1.5537467,0.45397788,1.2365112,0.29602049999999996,-0.4066162,-0.28621352,-1.5537467,0.45397788,0.75009155,-0.08065796,-0.7628784,0.020505667,-1.3278744,0.5152384600000001,检查1变、2变高压侧进出线开关在分闸位置，开闭站201、202断路器在工作位置。
0.7362976,0.71920776,0.008178711,-1.2545261,-1.0112946,-0.25432855,0.755249,0.7249755999999999,-0.05343628,-1.2780306,-1.0090584,-0.17402236000000001,0.8843689,1.0102844,0.38128662,-1.4565005,-1.2478492,-0.44999725,0.6560364,1.2866821,1.0209656,-1.2522748,-1.496366,-0.94189376,1.1054382,1.9804993,0.786499,-1.718497,-2.211996,-0.4769286,0.8090514999999999,1.181427,1.2017517,-1.3623191000000001,-1.3808582,-0.71992296,0.76412964,1.0979003999999999,1.2677307,-1.2090228,-1.3000369,-0.60874885,0.6876221,0.9481200999999999,1.265686,-1.011203,-1.1543975,-0.4932335,0.67123413,0.8817444,1.2071228,-0.77662915,-1.0938973,-0.33855789999999997,0.6452637,0.9411010999999999,1.0481567,-0.5607542999999999,-1.181133,-0.1405253,0.8051758,0.6246338,0.6192626999999999,-0.37247097,-0.95672786,0.25173122,0.9725341999999999,0.37020874,0.47781372,-0.28543234,-0.84268516,0.28773296,1.0560303,0.31912229999999997,0.37554932,-0.22620034,-0.9366848,0.29546928,1.2438965,-0.043945313,0.2635193,-0.30054593,-0.7812639,0.2674234,1.3731384,-0.029907227,0.03668213,-0.38384205,-1.0006514,0.33360022,1.3998412999999998,0.17028809,-0.19854736,-0.42120594,-1.3628707,0.36360133,1.2365112,0.29602049999999996,-0.4066162,-0.28621352,-1.5537467,0.45397788,1.2365112,0.29602049999999996,-0.4066162,-0.28621352,-1.5537467,0.45397788,0.75009155,-0.08065796,-0.7628784,0.020505667,-1.3278744,0.5152384600000001,0.09225464,-0.053375244,-0.8285216999999999,0.30301629999999996,-1.4661404999999998,0.32279643,检查1变、2变高压侧进出线开关在分闸位置，开闭站201、202断路器在工作位置。
0.755249,0.7249755999999999,-0.05343628,-1.2780306,-1.0090584,-0.17402236000000001,0.8843689,1.0102844,0.38128662,-1.4565005,-1.2478492,-0.44999725,0.6560364,1.2866821,1.0209656,-1.2522748,-1.496366,-0.94189376,1.1054382,1.9804993,0.786499,-1.718497,-2.211996,-0.4769286,0.8090514999999999,1.181427,1.2017517,-1.3623191000000001,-1.3808582,-0.71992296,0.76412964,1.0979003999999999,1.2677307,-1.2090228,-1.3000369,-0.60874885,0.6876221,0.9481200999999999,1.265686,-1.011203,-1.1543975,-0.4932335,0.67123413,0.8817444,1.2071228,-0.77662915,-1.0938973,-0.33855789999999997,0.6452637,0.9411010999999999,1.0481567,-0.5607542999999999,-1.181133,-0.1405253,0.8051758,0.6246338,0.6192626999999999,-0.37247097,-0.95672786,0.25173122,0.9725341999999999,0.37020874,0.47781372,-0.28543234,-0.84268516,0.28773296,1.0560303,0.31912229999999997,0.37554932,-0.22620034,-0.9366848,0.29546928,1.2438965,-0.043945313,0.2635193,-0.30054593,-0.7812639,0.2674234,1.3731384,-0.029907227,0.03668213,-0.38384205,-1.0006514,0.33360022,1.3998412999999998,0.17028809,-0.19854736,-0.42120594,-1.3628707,0.36360133,1.2365112,0.29602049999999996,-0.4066162,-0.28621352,-1.5537467,0.45397788,1.2365112,0.29602049999999996,-0.4066162,-0.28621352,-1.5537467,0.45397788,0.75009155,-0.08065796,-0.7628784,0.020505667,-1.3278744,0.5152384600000001,0.09225464,-0.053375244,-0.8285216999999999,0.30301629999999996,-1.4661404999999998,0.32279643,-0.026947021,-0.7618408,-0.89416504,0.17287421,-0.7422723999999999,0.30526559999999997,检查1变、2变高压侧进出线开关在分闸位置，开闭站201、202断路器在工作位置。
0.8843689,1.0102844,0.38128662,-1.4565005,-1.2478492,-0.44999725,0.6560364,1.2866821,1.0209656,-1.2522748,-1.496366,-0.94189376,1.1054382,1.9804993,0.786499,-1.718497,-2.211996,-0.4769286,0.8090514999999999,1.181427,1.2017517,-1.3623191000000001,-1.3808582,-0.71992296,0.76412964,1.0979003999999999,1.2677307,-1.2090228,-1.3000369,-0.60874885,0.6876221,0.9481200999999999,1.265686,-1.011203,-1.1543975,-0.4932335,0.67123413,0.8817444,1.2071228,-0.77662915,-1.0938973,-0.33855789999999997,0.6452637,0.9411010999999999,1.0481567,-0.5607542999999999,-1.181133,-0.1405253,0.8051758,0.6246338,0.6192626999999999,-0.37247097,-0.95672786,0.25173122,0.9725341999999999,0.37020874,0.47781372,-0.28543234,-0.84268516,0.28773296,1.0560303,0.31912229999999997,0.37554932,-0.22620034,-0.9366848,0.29546928,1.2438965,-0.043945313,0.2635193,-0.30054593,-0.7812639,0.2674234,1.3731384,-0.029907227,0.03668213,-0.38384205,-1.0006514,0.33360022,1.3998412999999998,0.17028809,-0.19854736,-0.42120594,-1.3628707,0.36360133,1.2365112,0.29602049999999996,-0.4066162,-0.28621352,-1.5537467,0.45397788,1.2365112,0.29602049999999996,-0.4066162,-0.28621352,-1.5537467,0.45397788,0.75009155,-0.08065796,-0.7628784,0.020505667,-1.3278744,0.5152384600000001,0.09225464,-0.053375244,-0.8285216999999999,0.30301629999999996,-1.4661404999999998,0.32279643,-0.026947021,-0.7618408,-0.89416504,0.17287421,-0.7422723999999999,0.30526559999999997,0.009582519500000001,-1.1333618,-0.9682617,-0.09396756,-0.2939663,0.32990357,检查1变、2变高压侧进出线开关在分闸位置，开闭站201、202断路器在工作位置。
0.6560364,1.2866821,1.0209656,-1.2522748,-1.496366,-0.94189376,1.1054382,1.9804993,0.786499,-1.718497,-2.211996,-0.4769286,0.8090514999999999,1.181427,1.2017517,-1.3623191000000001,-1.3808582,-0.71992296,0.76412964,1.0979003999999999,1.2677307,-1.2090228,-1.3000369,-0.60874885,0.6876221,0.9481200999999999,1.265686,-1.011203,-1.1543975,-0.4932335,0.67123413,0.8817444,1.2071228,-0.77662915,-1.0938973,-0.33855789999999997,0.6452637,0.9411010999999999,1.0481567,-0.5607542999999999,-1.181133,-0.1405253,0.8051758,0.6246338,0.6192626999999999,-0.37247097,-0.95672786,0.25173122,0.9725341999999999,0.37020874,0.47781372,-0.28543234,-0.84268516,0.28773296,1.0560303,0.31912229999999997,0.37554932,-0.22620034,-0.9366848,0.29546928,1.2438965,-0.043945313,0.2635193,-0.30054593,-0.7812639,0.2674234,1.3731384,-0.029907227,0.03668213,-0.38384205,-1.0006514,0.33360022,1.3998412999999998,0.17028809,-0.19854736,-0.42120594,-1.3628707,0.36360133,1.2365112,0.29602049999999996,-0.4066162,-0.28621352,-1.5537467,0.45397788,1.2365112,0.29602049999999996,-0.4066162,-0.28621352,-1.5537467,0.45397788,0.75009155,-0.08065796,-0.7628784,0.020505667,-1.3278744,0.5152384600000001,0.09225464,-0.053375244,-0.8285216999999999,0.30301629999999996,-1.4661404999999998,0.32279643,-0.026947021,-0.7618408,-0.89416504,0.17287421,-0.7422723999999999,0.30526559999999997,0.009582519500000001,-1.1333618,-0.9682617,-0.09396756,-0.2939663,0.32990357,-0.063201904,-1.700531,-0.8905029,-0.10510135,0.29988945,0.25452024,检查1变、2变高压侧进出线开关在分闸位置，开闭站201、202断路器在工作位置。
1.1054382,1.9804993,0.786499,-1.718497,-2.211996,-0.4769286,0.8090514999999999,1.181427,1.2017517,-1.3623191000000001,-1.3808582,-0.71992296,0.76412964,1.0979003999999999,1.2677307,-1.2090228,-1.3000369,-0.60874885,0.6876221,0.9481200999999999,1.265686,-1.011203,-1.1543975,-0.4932335,0.67123413,0.8817444,1.2071228,-0.77662915,-1.0938973,-0.33855789999999997,0.6452637,0.9411010999999999,1.0481567,-0.5607542999999999,-1.181133,-0.1405253,0.8051758,0.6246338,0.6192626999999999,-0.37247097,-0.95672786,0.25173122,0.9725341999999999,0.37020874,0.47781372,-0.28543234,-0.84268516,0.28773296,1.0560303,0.31912229999999997,0.37554932,-0.22620034,-0.9366848,0.29546928,1.2438965,-0.043945313,0.2635193,-0.30054593,-0.7812639,0.2674234,1.3731384,-0.029907227,0.03668213,-0.38384205,-1.0006514,0.33360022,1.3998412999999998,0.17028809,-0.19854736,-0.42120594,-1.3628707,0.36360133,1.2365112,0.29602049999999996,-0.4066162,-0.28621352,-1.5537467,0.45397788,1.2365112,0.29602049999999996,-0.4066162,-0.28621352,-1.5537467,0.45397788,0.75009155,-0.08065796,-0.7628784,0.020505667,-1.3278744,0.5152384600000001,0.09225464,-0.053375244,-0.8285216999999999,0.30301629999999996,-1.4661404999999998,0.32279643,-0.026947021,-0.7618408,-0.89416504,0.17287421,-0.7422723999999999,0.30526559999999997,0.009582519500000001,-1.1333618,-0.9682617,-0.09396756,-0.2939663,0.32990357,-0.063201904,-1.700531,-0.8905029,-0.10510135,0.29988945,0.25452024,0.034118652,-1.8284302000000001,-0.8396300999999999,-0.22549415,0.4206494,0.21063851,检查1变、2变高压侧进出线开关在分闸位置，开闭站201、202断路器在工作位置。
0.8090514999999999,1.181427,1.2017517,-1.3623191000000001,-1.3808582,-0.71992296,0.76412964,1.0979003999999999,1.2677307,-1.2090228,-1.3000369,-0.60874885,0.6876221,0.9481200999999999,1.265686,-1.011203,-1.1543975,-0.4932335,0.67123413,0.8817444,1.2071228,-0.77662915,-1.0938973,-0.33855789999999997,0.6452637,0.9411010999999999,1.0481567,-0.5607542999999999,-1.181133,-0.1405253,0.8051758,0.6246338,0.6192626999999999,-0.37247097,-0.95672786,0.25173122,0.9725341999999999,0.37020874,0.47781372,-0.28543234,-0.84268516,0.28773296,1.0560303,0.31912229999999997,0.37554932,-0.22620034,-0.9366848,0.29546928,1.2438965,-0.043945313,0.2635193,-0.30054593,-0.7812639,0.2674234,1.3731384,-0.029907227,0.03668213,-0.38384205,-1.0006514,0.33360022,1.3998412999999998,0.17028809,-0.19854736,-0.42120594,-1.3628707,0.36360133,1.2365112,0.29602049999999996,-0.4066162,-0.28621352,-1.5537467,0.45397788,1.2365112,0.29602049999999996,-0.4066162,-0.28621352,-1.5537467,0.45397788,0.75009155,-0.08065796,-0.7628784,0.020505667,-1.3278744,0.5152384600000001,0.09225464,-0.053375244,-0.8285216999999999,0.30301629999999996,-1.4661404999999998,0.32279643,-0.026947021,-0.7618408,-0.89416504,0.17287421,-0.7422723999999999,0.30526559999999997,0.009582519500000001,-1.1333618,-0.9682617,-0.09396756,-0.2939663,0.32990357,-0.063201904,-1.700531,-0.8905029,-0.10510135,0.29988945,0.25452024,0.034118652,-1.8284302000000001,-0.8396300999999999,-0.22549415,0.4206494,0.21063851,0.24813843,-1.4303894,-1.0091858,-0.39036036,-0.0015634298000000001,0.37745446,检查1变、2变高压侧进出线开关在分闸位置，开闭站201、202断路器在工作位置。
0.76412964,1.0979003999999999,1.2677307,-1.2090228,-1.3000369,-0.60874885,0.6876221,0.9481200999999999,1.265686,-1.011203,-1.1543975,-0.4932335,0.67123413,0.8817444,1.2071228,-0.77662915,-1.0938973,-0.33855789999999997,0.6452637,0.9411010999999999,1.0481567,-0.5607542999999999,-1.181133,-0.1405253,0.8051758,0.6246338,0.6192626999999999,-0.37247097,-0.95672786,0.25173122,0.9725341999999999,0.37020874,0.47781372,-0.28543234,-0.84268516,0.28773296,1.0560303,0.31912229999999997,0.37554932,-0.22620034,-0.9366848,0.29546928,1.2438965,-0.043945313,0.2635193,-0.30054593,-0.7812639,0.2674234,1.3731384,-0.029907227,0.03668213,-0.38384205,-1.0006514,0.33360022,1.3998412999999998,0.17028809,-0.19854736,-0.42120594,-1.3628707,0.36360133,1.2365112,0.29602049999999996,-0.4066162,-0.28621352,-1.5537467,0.45397788,1.2365112,0.29602049999999996,-0.4066162,-0.28621352,-1.5537467,0.45397788,0.75009155,-0.08065796,-0.7628784,0.020505667,-1.3278744,0.5152384600000001,0.09225464,-0.053375244,-0.8285216999999999,0.30301629999999996,-1.4661404999999998,0.32279643,-0.026947021,-0.7618408,-0.89416504,0.17287421,-0.7422723999999999,0.30526559999999997,0.009582519500000001,-1.1333618,-0.9682617,-0.09396756,-0.2939663,0.32990357,-0.063201904,-1.700531,-0.8905029,-0.10510135,0.29988945,0.25452024,0.034118652,-1.8284302000000001,-0.8396300999999999,-0.22549415,0.4206494,0.21063851,0.24813843,-1.4303894,-1.0091858,-0.39036036,-0.0015634298000000001,0.37745446,0.3069458,-1.0408936,-0.92077637,-0.36608016,-0.4264323,0.29623327,检查1变、2变高压侧进出线开关在分闸位置，开闭站201、202断路器在工作位置。
0.6876221,0.9481200999999999,1.265686,-1.011203,-1.1543975,-0.4932335,0.67123413,0.8817444,1.2071228,-0.77662915,-1.0938973,-0.33855789999999997,0.6452637,0.9411010999999999,1.0481567,-0.5607542999999999,-1.181133,-0.1405253,0.8051758,0.6246338,0.6192626999999999,-0.37247097,-0.95672786,0.25173122,0.9725341999999999,0.37020874,0.47781372,-0.28543234,-0.84268516,0.28773296,1.0560303,0.31912229999999997,0.37554932,-0.22620034,-0.9366848,0.29546928,1.2438965,-0.043945313,0.2635193,-0.30054593,-0.7812639,0.2674234,1.3731384,-0.029907227,0.03668213,-0.38384205,-1.0006514,0.33360022,1.3998412999999998,0.17028809,-0.19854736,-0.42120594,-1.3628707,0.36360133,1.2365112,0.29602049999999996,-0.4066162,-0.28621352,-1.5537467,0.45397788,1.2365112,0.29602049999999996,-0.4066162,-0.28621352,-1.5537467,0.45397788,0.75009155,-0.08065796,-0.7628784,0.020505667,-1.3278744,0.5152384600000001,0.09225464,-0.053375244,-0.8285216999999999,0.30301629999999996,-1.4661404999999998,0.32279643,-0.026947021,-0.7618408,-0.89416504,0.17287421,-0.7422723999999999,0.30526559999999997,0.009582519500000001,-1.1333618,-0.9682617,-0.09396756,-0.2939663,0.32990357,-0.063201904,-1.700531,-0.8905029,-0.10510135,0.29988945,0.25452024,0.034118652,-1.8284302000000001,-0.8396300999999999,-0.22549415,0.4206494,0.21063851,0.24813843,-1.4303894,-1.0091858,-0.39036036,-0.0015634298000000001,0.37745446,0.3069458,-1.0408936,-0.92077637,-0.36608016,-0.4264323,0.29623327,0.5060425,-0.7127074999999999,-0.9743042,-0.43500423,-0.81129134,0.37908894,检查1变、2变高压侧进出线开关在分闸位置，开闭站201、202断路器在工作位置。
0.67123413,0.8817444,1.2071228,-0.77662915,-1.0938973,-0.33855789999999997,0.6452637,0.9411010999999999,1.0481567,-0.5607542999999999,-1.181133,-0.1405253,0.8051758,0.6246338,0.6192626999999999,-0.37247097,-0.95672786,0.25173122,0.9725341999999999,0.37020874,0.47781372,-0.28543234,-0.84268516,0.28773296,1.0560303,0.31912229999999997,0.37554932,-0.22620034,-0.9366848,0.29546928,1.2438965,-0.043945313,0.2635193,-0.30054593,-0.7812639,0.2674234,1.3731384,-0.029907227,0.03668213,-0.38384205,-1.0006514,0.33360022,1.3998412999999998,0.17028809,-0.19854736,-0.42120594,-1.3628707,0.36360133,1.2365112,0.29602049999999996,-0.4066162,-0.28621352,-1.5537467,0.45397788,1.2365112,0.29602049999999996,-0.4066162,-0.28621352,-1.5537467,0.45397788,0.75009155,-0.08065796,-0.7628784,0.020505667,-1.3278744,0.5152384600000001,0.09225464,-0.053375244,-0.8285216999999999,0.30301629999999996,-1.4661404999999998,0.32279643,-0.026947021,-0.7618408,-0.89416504,0.17287421,-0.7422723999999999,0.30526559999999997,0.009582519500000001,-1.1333618,-0.9682617,-0.09396756,-0.2939663,0.32990357,-0.063201904,-1.700531,-0.8905029,-0.10510135,0.29988945,0.25452024,0.034118652,-1.8284302000000001,-0.8396300999999999,-0.22549415,0.4206494,0.21063851,0.24813843,-1.4303894,-1.0091858,-0.39036036,-0.0015634298000000001,0.37745446,0.3069458,-1.0408936,-0.92077637,-0.36608016,-0.4264323,0.29623327,0.5060425,-0.7127074999999999,-0.9743042,-0.43500423,-0.81129134,0.37908894,0.5543213,-0.47335815000000003,-1.0799866,-0.34974706,-1.0704272,0.5168788,检查1变、2变高压侧进出线开关在分闸位置，开闭站201、202断路器在工作位置。
0.6452637,0.9411010999999999,1.0481567,-0.5607542999999999,-1.181133,-0.1405253,0.8051758,0.6246338,0.6192626999999999,-0.37247097,-0.95672786,0.25173122,0.9725341999999999,0.37020874,0.47781372,-0.28543234,-0.84268516,0.28773296,1.0560303,0.31912229999999997,0.37554932,-0.22620034,-0.9366848,0.29546928,1.2438965,-0.043945313,0.2635193,-0.30054593,-0.7812639,0.2674234,1.3731384,-0.029907227,0.03668213,-0.38384205,-1.0006514,0.33360022,1.3998412999999998,0.17028809,-0.19854736,-0.42120594,-1.3628707,0.36360133,1.2365112,0.29602049999999996,-0.4066162,-0.28621352,-1.5537467,0.45397788,1.2365112,0.29602049999999996,-0.4066162,-0.28621352,-1.5537467,0.45397788,0.75009155,-0.08065796,-0.7628784,0.020505667,-1.3278744,0.5152384600000001,0.09225464,-0.053375244,-0.8285216999999999,0.30301629999999996,-1.4661404999999998,0.32279643,-0.026947021,-0.7618408,-0.89416504,0.17287421,-0.7422723999999999,0.30526559999999997,0.009582519500000001,-1.1333618,-0.9682617,-0.09396756,-0.2939663,0.32990357,-0.063201904,-1.700531,-0.8905029,-0.10510135,0.29988945,0.25452024,0.034118652,-1.8284302000000001,-0.8396300999999999,-0.22549415,0.4206494,0.21063851,0.24813843,-1.4303894,-1.0091858,-0.39036036,-0.0015634298000000001,0.37745446,0.3069458,-1.0408936,-0.92077637,-0.36608016,-0.4264323,0.29623327,0.5060425,-0.7127074999999999,-0.9743042,-0.43500423,-0.81129134,0.37908894,0.5543213,-0.47335815000000003,-1.0799866,-0.34974706,-1.0704272,0.5168788,0.6305847,-0.30566406,-0.98605347,-0.20687103,-1.2162222,0.49367356,检查1变、2变高压侧进出线开关在分闸位置，开闭站201、202断路器在工作位置。
0.8051758,0.6246338,0.6192626999999999,-0.37247097,-0.95672786,0.25173122,0.9725341999999999,0.37020874,0.47781372,-0.28543234,-0.84268516,0.28773296,1.0560303,0.31912229999999997,0.37554932,-0.22620034,-0.9366848,0.29546928,1.2438965,-0.043945313,0.2635193,-0.30054593,-0.7812639,0.2674234,1.3731384,-0.029907227,0.03668213,-0.38384205,-1.0006514,0.33360022,1.3998412999999998,0.17028809,-0.19854736,-0.42120594,-1.3628707,0.36360133,1.2365112,0.29602049999999996,-0.4066162,-0.28621352,-1.5537467,0.45397788,1.2365112,0.29602049999999996,-0.4066162,-0.28621352,-1.5537467,0.45397788,0.75009155,-0.08065796,-0.7628784,0.020505667,-1.3278744,0.5152384600000001,0.09225464,-0.053375244,-0.8285216999999999,0.30301629999999996,-1.4661404999999998,0.32279643,-0.026947021,-0.7618408,-0.89416504,0.17287421,-0.7422723999999999,0.30526559999999997,0.009582519500000001,-1.1333618,-0.9682617,-0.09396756,-0.2939663,0.32990357,-0.063201904,-1.700531,-0.8905029,-0.10510135,0.29988945,0.25452024,0.034118652,-1.8284302000000001,-0.8396300999999999,-0.22549415,0.4206494,0.21063851,0.24813843,-1.4303894,-1.0091858,-0.39036036,-0.0015634298000000001,0.37745446,0.3069458,-1.0408936,-0.92077637,-0.36608016,-0.4264323,0.29623327,0.5060425,-0.7127074999999999,-0.9743042,-0.43500423,-0.81129134,0.37908894,0.5543213,-0.47335815000000003,-1.0799866,-0.34974706,-1.0704272,0.5168788,0.6305847,-0.30566406,-0.98605347,-0.20687103,-1.2162222,0.49367356,0.77822876,-0.23681639999999998,-0.8795166,-0.17334902,-1.2419577,0.48867053,检查1变、2变高压侧进出线开关在分闸位置，开闭站201、202断路器在工作位置。
0.9725341999999999,0.37020874,0.47781372,-0.28543234,-0.84268516,0.28773296,1.0560303,0.31912229999999997,0.37554932,-0.22620034,-0.9366848,0.29546928,1.2438965,-0.043945313,0.2635193,-0.30054593,-0.7812639,0.2674234,1.3731384,-0.029907227,0.03668213,-0.38384205,-1.0006514,0.33360022,1.3998412999999998,0.17028809,-0.19854736,-0.42120594,-1.3628707,0.36360133,1.2365112,0.29602049999999996,-0.4066162,-0.28621352,-1.5537467,0.45397788,1.2365112,0.29602049999999996,-0.4066162,-0.28621352,-1.5537467,0.45397788,0.75009155,-0.08065796,-0.7628784,0.020505667,-1.3278744,0.5152384600000001,0.09225464,-0.053375244,-0.8285216999999999,0.30301629999999996,-1.4661404999999998,0.32279643,-0.026947021,-0.7618408,-0.89416504,0.17287421,-0.7422723999999999,0.30526559999999997,0.009582519500000001,-1.1333618,-0.9682617,-0.09396756,-0.2939663,0.32990357,-0.063201904,-1.700531,-0.8905029,-0.10510135,0.29988945,0.25452024,0.034118652,-1.8284302000000001,-0.8396300999999999,-0.22549415,0.4206494,0.21063851,0.24813843,-1.4303894,-1.0091858,-0.39036036,-0.0015634298000000001,0.37745446,0.3069458,-1.0408936,-0.92077637,-0.36608016,-0.4264323,0.29623327,0.5060425,-0.7127074999999999,-0.9743042,-0.43500423,-0.81129134,0.37908894,0.5543213,-0.47335815000000003,-1.0799866,-0.34974706,-1.0704272,0.5168788,0.6305847,-0.30566406,-0.98605347,-0.20687103,-1.2162222,0.49367356,0.77822876,-0.23681639999999998,-0.8795166,-0.17334902,-1.2419577,0.48867053,1.0728455,-0.12738037,-0.47302246000000003,-0.24378192,-1.2186248,0.27538723,检查1变、2变高压侧进出线开关在分闸位置，开闭站201、202断路器在工作位置。
1.0560303,0.31912229999999997,0.37554932,-0.22620034,-0.9366848,0.29546928,1.2438965,-0.043945313,0.2635193,-0.30054593,-0.7812639,0.2674234,1.3731384,-0.029907227,0.03668213,-0.38384205,-1.0006514,0.33360022,1.3998412999999998,0.17028809,-0.19854736,-0.42120594,-1.3628707,0.36360133,1.2365112,0.29602049999999996,-0.4066162,-0.28621352,-1.5537467,0.45397788,1.2365112,0.29602049999999996,-0.4066162,-0.28621352,-1.5537467,0.45397788,0.75009155,-0.08065796,-0.7628784,0.020505667,-1.3278744,0.5152384600000001,0.09225464,-0.053375244,-0.8285216999999999,0.30301629999999996,-1.4661404999999998,0.32279643,-0.026947021,-0.7618408,-0.89416504,0.17287421,-0.7422723999999999,0.30526559999999997,0.009582519500000001,-1.1333618,-0.9682617,-0.09396756,-0.2939663,0.32990357,-0.063201904,-1.700531,-0.8905029,-0.10510135,0.29988945,0.25452024,0.034118652,-1.8284302000000001,-0.8396300999999999,-0.22549415,0.4206494,0.21063851,0.24813843,-1.4303894,-1.0091858,-0.39036036,-0.0015634298000000001,0.37745446,0.3069458,-1.0408936,-0.92077637,-0.36608016,-0.4264323,0.29623327,0.5060425,-0.7127074999999999,-0.9743042,-0.43500423,-0.81129134,0.37908894,0.5543213,-0.47335815000000003,-1.0799866,-0.34974706,-1.0704272,0.5168788,0.6305847,-0.30566406,-0.98605347,-0.20687103,-1.2162222,0.49367356,0.77822876,-0.23681639999999998,-0.8795166,-0.17334902,-1.2419577,0.48867053,1.0728455,-0.12738037,-0.47302246000000003,-0.24378192,-1.2186248,0.27538723,1.3269348,0.053894043,-0.14123535,-0.37647712,-1.2216914,0.112748496,检查1变、2变高压侧进出线开关在分闸位置，开闭站201、202断路器在工作位置。
1.2438965,-0.043945313,0.2635193,-0.30054593,-0.7812639,0.2674234,1.3731384,-0.029907227,0.03668213,-0.38384205,-1.0006514,0.33360022,1.3998412999999998,0.17028809,-0.19854736,-0.42120594,-1.3628707,0.36360133,1.2365112,0.29602049999999996,-0.4066162,-0.28621352,-1.5537467,0.45397788,1.2365112,0.29602049999999996,-0.4066162,-0.28621352,-1.5537467,0.45397788,0.75009155,-0.08065796,-0.7628784,0.020505667,-1.3278744,0.5152384600000001,0.09225464,-0.053375244,-0.8285216999999999,0.30301629999999996,-1.4661404999999998,0.32279643,-0.026947021,-0.7618408,-0.89416504,0.17287421,-0.7422723999999999,0.30526559999999997,0.009582519500000001,-1.1333618,-0.9682617,-0.09396756,-0.2939663,0.32990357,-0.063201904,-1.700531,-0.8905029,-0.10510135,0.29988945,0.25452024,0.034118652,-1.8284302000000001,-0.8396300999999999,-0.22549415,0.4206494,0.21063851,0.24813843,-1.4303894,-1.0091858,-0.39036036,-0.0015634298000000001,0.37745446,0.3069458,-1.0408936,-0.92077637,-0.36608016,-0.4264323,0.29623327,0.5060425,-0.7127074999999999,-0.9743042,-0.43500423,-0.81129134,0.37908894,0.5543213,-0.47335815000000003,-1.0799866,-0.34974706,-1.0704272,0.5168788,0.6305847,-0.30566406,-0.98605347,-0.20687103,-1.2162222,0.49367356,0.77822876,-0.23681639999999998,-0.8795166,-0.17334902,-1.2419577,0.48867053,1.0728455,-0.12738037,-0.47302246000000003,-0.24378192,-1.2186248,0.27538723,1.3269348,0.053894043,-0.14123535,-0.37647712,-1.2216914,0.112748496,1.7448730000000001,0.35513306,-0.022735596,-0.76197124,-1.1898049,0.33276367,检查1变、2变高压侧进出线开关在分闸位置，开闭站201、202断路器在工作位置。
1.3731384,-0.029907227,0.03668213,-0.38384205,-1.0006514,0.33360022,1.3998412999999998,0.17028809,-0.19854736,-0.42120594,-1.3628707,0.36360133,1.2365112,0.29602049999999996,-0.4066162,-0.28621352,-1.5537467,0.45397788,1.2365112,0.29602049999999996,-0.4066162,-0.28621352,-1.5537467,0.45397788,0.75009155,-0.08065796,-0.7628784,0.020505667,-1.3278744,0.5152384600000001,0.09225464,-0.053375244,-0.8285216999999999,0.30301629999999996,-1.4661404999999998,0.32279643,-0.026947021,-0.7618408,-0.89416504,0.17287421,-0.7422723999999999,0.30526559999999997,0.009582519500000001,-1.1333618,-0.9682617,-0.09396756,-0.2939663,0.32990357,-0.063201904,-1.700531,-0.8905029,-0.10510135,0.29988945,0.25452024,0.034118652,-1.8284302000000001,-0.8396300999999999,-0.22549415,0.4206494,0.21063851,0.24813843,-1.4303894,-1.0091858,-0.39036036,-0.0015634298000000001,0.37745446,0.3069458,-1.0408936,-0.92077637,-0.36608016,-0.4264323,0.29623327,0.5060425,-0.7127074999999999,-0.9743042,-0.43500423,-0.81129134,0.37908894,0.5543213,-0.47335815000000003,-1.0799866,-0.34974706,-1.0704272,0.5168788,0.6305847,-0.30566406,-0.98605347,-0.20687103,-1.2162222,0.49367356,0.77822876,-0.23681639999999998,-0.8795166,-0.17334902,-1.2419577,0.48867053,1.0728455,-0.12738037,-0.47302246000000003,-0.24378192,-1.2186248,0.27538723,1.3269348,0.053894043,-0.14123535,-0.37647712,-1.2216914,0.112748496,1.7448730000000001,0.35513306,-0.022735596,-0.76197124,-1.1898049,0.33276367,1.7911682,0.14630127,0.24163818,-0.89393735,-0.83766854,0.30230789999999996,检查1变、2变高压侧进出线开关在分闸位置，开闭站201、202断路器在工作位置。
1.3998412999999998,0.17028809,-0.19854736,-0.42120594,-1.3628707,0.36360133,1.2365112,0.29602049999999996,-0.4066162,-0.28621352,-1.5537467,0.45397788,1.2365112,0.29602049999999996,-0.4066162,-0.28621352,-1.5537467,0.45397788,0.75009155,-0.08065796,-0.7628784,0.020505667,-1.3278744,0.5152384600000001,0.09225464,-0.053375244,-0.8285216999999999,0.30301629999999996,-1.4661404999999998,0.32279643,-0.026947021,-0.7618408,-0.89416504,0.17287421,-0.7422723999999999,0.30526559999999997,0.009582519500000001,-1.1333618,-0.9682617,-0.09396756,-0.2939663,0.32990357,-0.063201904,-1.700531,-0.8905029,-0.10510135,0.29988945,0.25452024,0.034118652,-1.8284302000000001,-0.8396300999999999,-0.22549415,0.4206494,0.21063851,0.24813843,-1.4303894,-1.0091858,-0.39036036,-0.0015634298000000001,0.37745446,0.3069458,-1.0408936,-0.92077637,-0.36608016,-0.4264323,0.29623327,0.5060425,-0.7127074999999999,-0.9743042,-0.43500423,-0.81129134,0.37908894,0.5543213,-0.47335815000000003,-1.0799866,-0.34974706,-1.0704272,0.5168788,0.6305847,-0.30566406,-0.98605347,-0.20687103,-1.2162222,0.49367356,0.77822876,-0.23681639999999998,-0.8795166,-0.17334902,-1.2419577,0.48867053,1.0728455,-0.12738037,-0.47302246000000003,-0.24378192,-1.2186248,0.27538723,1.3269348,0.053894043,-0.14123535,-0.37647712,-1.2216914,0.112748496,1.7448730000000001,0.35513306,-0.022735596,-0.76197124,-1.1898049,0.33276367,1.7911682,0.14630127,0.24163818,-0.89393735,-0.83766854,0.30230789999999996,1.822876,-0.028411865,0.5722655999999999,-0.99722236,-0.60457027,0.08696300500000001,检查1变、2变高压侧进出线开关在分闸位置，开闭站201、202断路器在工作位置。
1.2365112,0.29602049999999996,-0.4066162,-0.28621352,-1.5537467,0.45397788,1.2365112,0.29602049999999996,-0.4066162,-0.28621352,-1.5537467,0.45397788,0.75009155,-0.08065796,-0.7628784,0.020505667,-1.3278744,0.5152384600000001,0.09225464,-0.053375244,-0.8285216999999999,0.30301629999999996,-1.4661404999999998,0.32279643,-0.026947021,-0.7618408,-0.89416504,0.17287421,-0.7422723999999999,0.30526559999999997,0.009582519500000001,-1.1333618,-0.9682617,-0.09396756,-0.2939663,0.32990357,-0.063201904,-1.700531,-0.8905029,-0.10510135,0.29988945,0.25452024,0.034118652,-1.8284302000000001,-0.8396300999999999,-0.22549415,0.4206494,0.21063851,0.24813843,-1.4303894,-1.0091858,-0.39036036,-0.0015634298000000001,0.37745446,0.3069458,-1.0408936,-0.92077637,-0.36608016,-0.4264323,0.29623327,0.5060425,-0.7127074999999999,-0.9743042,-0.43500423,-0.81129134,0.37908894,0.5543213,-0.47335815000000003,-1.0799866,-0.34974706,-1.0704272,0.5168788,0.6305847,-0.30566406,-0.98605347,-0.20687103,-1.2162222,0.49367356,0.77822876,-0.23681639999999998,-0.8795166,-0.17334902,-1.2419577,0.48867053,1.0728455,-0.12738037,-0.47302246000000003,-0.24378192,-1.2186248,0.27538723,1.3269348,0.053894043,-0.14123535,-0.37647712,-1.2216914,0.112748496,1.7448730000000001,0.35513306,-0.022735596,-0.76197124,-1.1898049,0.33276367,1.7911682,0.14630127,0.24163818,-0.89393735,-0.83766854,0.30230789999999996,1.822876,-0.028411865,0.5722655999999999,-0.99722236,-0.60457027,0.08696300500000001,1.9117737,0.27508545,0.83291626,-1.1656523,-0.8539591999999999,-0.08460526,检查1变、2变高压侧进出线开关在分闸位置，开闭站201、202断路器在工作位置。
1.2365112,0.29602049999999996,-0.4066162,-0.28621352,-1.5537467,0.45397788,0.75009155,-0.08065796,-0.7628784,0.020505667,-1.3278744,0.5152384600000001,0.09225464,-0.053375244,-0.8285216999999999,0.30301629999999996,-1.4661404999999998,0.32279643,-0.026947021,-0.7618408,-0.89416504,0.17287421,-0.7422723999999999,0.30526559999999997,0.009582519500000001,-1.1333618,-0.9682617,-0.09396756,-0.2939663,0.32990357,-0.063201904,-1.700531,-0.8905029,-0.10510135,0.29988945,0.25452024,0.034118652,-1.8284302000000001,-0.8396300999999999,-0.22549415,0.4206494,0.21063851,0.24813843,-1.4303894,-1.0091858,-0.39036036,-0.0015634298000000001,0.37745446,0.3069458,-1.0408936,-0.92077637,-0.36608016,-0.4264323,0.29623327,0.5060425,-0.7127074999999999,-0.9743042,-0.43500423,-0.81129134,0.37908894,0.5543213,-0.47335815000000003,-1.0799866,-0.34974706,-1.0704272,0.5168788,0.6305847,-0.30566406,-0.98605347,-0.20687103,-1.2162222,0.49367356,0.77822876,-0.23681639999999998,-0.8795166,-0.17334902,-1.2419577,0.48867053,1.0728455,-0.12738037,-0.47302246000000003,-0.24378192,-1.2186248,0.27538723,1.3269348,0.053894043,-0.14123535,-0.37647712,-1.2216914,0.112748496,1.7448730000000001,0.35513306,-0.022735596,-0.76197124,-1.1898049,0.33276367,1.7911682,0.14630127,0.24163818,-0.89393735,-0.83766854,0.30230789999999996,1.822876,-0.028411865,0.5722655999999999,-0.99722236,-0.60457027,0.08696300500000001,1.9117737,0.27508545,0.83291626,-1.1656523,-0.8539591999999999,-0.08460526,2.0639343,0.46597289999999997,0.9028014999999999,-1.3691497,-0.9978461999999999,-0.12752588,检查1变、2变高压侧进出线开关在分闸位置，开闭站201、202断路器在工作位置。
0.75009155,-0.08065796,-0.7628784,0.020505667,-1.3278744,0.5152384600000001,0.09225464,-0.053375244,-0.8285216999999999,0.30301629999999996,-1.4661404999999998,0.32279643,-0.026947021,-0.7618408,-0.89416504,0.17287421,-0.7422723999999999,0.30526559999999997,0.009582519500000001,-1.1333618,-0.9682617,-0.09396756,-0.2939663,0.32990357,-0.063201904,-1.700531,-0.8905029,-0.10510135,0.29988945,0.25452024,0.034118652,-1.8284302000000001,-0.8396300999999999,-0.22549415,0.4206494,0.21063851,0.24813843,-1.4303894,-1.0091858,-0.39036036,-0.0015634298000000001,0.37745446,0.3069458,-1.0408936,-0.92077637,-0.36608016,-0.4264323,0.29623327,0.5060425,-0.7127074999999999,-0.9743042,-0.43500423,-0.81129134,0.37908894,0.5543213,-0.47335815000000003,-1.0799866,-0.34974706,-1.0704272,0.5168788,0.6305847,-0.30566406,-0.98605347,-0.20687103,-1.2162222,0.49367356,0.77822876,-0.23681639999999998,-0.8795166,-0.17334902,-1.2419577,0.48867053,1.0728455,-0.12738037,-0.47302246000000003,-0.24378192,-1.2186248,0.27538723,1.3269348,0.053894043,-0.14123535,-0.37647712,-1.2216914,0.112748496,1.7448730000000001,0.35513306,-0.022735596,-0.76197124,-1.1898049,0.33276367,1.7911682,0.14630127,0.24163818,-0.89393735,-0.83766854,0.30230789999999996,1.822876,-0.028411865,0.5722655999999999,-0.99722236,-0.60457027,0.08696300500000001,1.9117737,0.27508545,0.83291626,-1.1656523,-0.8539591999999999,-0.08460526,2.0639343,0.46597289999999997,0.9028014999999999,-1.3691497,-0.9978461999999999,-0.12752588,2.0621643,0.6655884,1.125824,-1.4475987,-1.1181768,-0.32421166,检查1变、2变高压侧进出线开关在分闸位置，开闭站201、202断路器在工作位置。
0.09225464,-0.053375244,-0.8285216999999999,0.30301629999999996,-1.4661404999999998,0.32279643,-0.026947021,-0.7618408,-0.89416504,0.17287421,-0.7422723999999999,0.30526559999999997,0.009582519500000001,-1.1333618,-0.9682617,-0.09396756,-0.2939663,0.32990357,-0.063201904,-1.700531,-0.8905029,-0.10510135,0.29988945,0.25452024,0.034118652,-1.8284302000000001,-0.8396300999999999,-0.22549415,0.4206494,0.21063851,0.24813843,-1.4303894,-1.0091858,-0.39036036,-0.0015634298000000001,0.37745446,0.3069458,-1.0408936,-0.92077637,-0.36608016,-0.4264323,0.29623327,0.5060425,-0.7127074999999999,-0.9743042,-0.43500423,-0.81129134,0.37908894,0.5543213,-0.47335815000000003,-1.0799866,-0.34974706,-1.0704272,0.5168788,0.6305847,-0.30566406,-0.98605347,-0.20687103,-1.2162222,0.49367356,0.77822876,-0.23681639999999998,-0.8795166,-0.17334902,-1.2419577,0.48867053,1.0728455,-0.12738037,-0.47302246000000003,-0.24378192,-1.2186248,0.27538723,1.3269348,0.053894043,-0.14123535,-0.37647712,-1.2216914,0.112748496,1.7448730000000001,0.35513306,-0.022735596,-0.76197124,-1.1898049,0.33276367,1.7911682,0.14630127,0.24163818,-0.89393735,-0.83766854,0.30230789999999996,1.822876,-0.028411865,0.5722655999999999,-0.99722236,-0.60457027,0.08696300500000001,1.9117737,0.27508545,0.83291626,-1.1656523,-0.8539591999999999,-0.08460526,2.0639343,0.46597289999999997,0.9028014999999999,-1.3691497,-0.9978461999999999,-0.12752588,2.0621643,0.6655884,1.125824,-1.4475987,-1.1181768,-0.32421166,2.003479,0.8815917999999999,1.2130127,-1.4250859,-1.3122203,-0.39276218,检查1变、2变高压侧进出线开关在分闸位置，开闭站201、202断路器在工作位置。
-0.026947021,-0.7618408,-0.89416504,0.17287421,-0.7422723999999999,0.30526559999999997,0.009582519500000001,-1.1333618,-0.9682617,-0.09396756,-0.2939663,0.32990357,-0.063201904,-1.700531,-0.8905029,-0.10510135,0.29988945,0.25452024,0.034118652,-1.8284302000000001,-0.8396300999999999,-0.22549415,0.4206494,0.21063851,0.24813843,-1.4303894,-1.0091858,-0.39036036,-0.0015634298000000001,0.37745446,0.3069458,-1.0408936,-0.92077637,-0.36608016,-0.4264323,0.29623327,0.5060425,-0.7127074999999999,-0.9743042,-0.43500423,-0.81129134,0.37908894,0.5543213,-0.47335815000000003,-1.0799866,-0.34974706,-1.0704272,0.5168788,0.6305847,-0.30566406,-0.98605347,-0.20687103,-1.2162222,0.49367356,0.77822876,-0.23681639999999998,-0.8795166,-0.17334902,-1.2419577,0.48867053,1.0728455,-0.12738037,-0.47302246000000003,-0.24378192,-1.2186248,0.27538723,1.3269348,0.053894043,-0.14123535,-0.37647712,-1.2216914,0.112748496,1.7448730000000001,0.35513306,-0.022735596,-0.76197124,-1.1898049,0.33276367,1.7911682,0.14630127,0.24163818,-0.89393735,-0.83766854,0.30230789999999996,1.822876,-0.028411865,0.5722655999999999,-0.99722236,-0.60457027,0.08696300500000001,1.9117737,0.27508545,0.83291626,-1.1656523,-0.8539591999999999,-0.08460526,2.0639343,0.46597289999999997,0.9028014999999999,-1.3691497,-0.9978461999999999,-0.12752588,2.0621643,0.6655884,1.125824,-1.4475987,-1.1181768,-0.32421166,2.003479,0.8815917999999999,1.2130127,-1.4250859,-1.3122203,-0.39276218,2.0964355,0.7576598999999999,1.0977478,-1.5118303,-1.1771312,-0.29834425000000003,检查1变、2变高压侧进出线开关在分闸位置，开闭站201、202断路器在工作位置。
0.009582519500000001,-1.1333618,-0.9682617,-0.09396756,-0.2939663,0.32990357,-0.063201904,-1.700531,-0.8905029,-0.10510135,0.29988945,0.25452024,0.034118652,-1.8284302000000001,-0.8396300999999999,-0.22549415,0.4206494,0.21063851,0.24813843,-1.4303894,-1.0091858,-0.39036036,-0.0015634298000000001,0.37745446,0.3069458,-1.0408936,-0.92077637,-0.36608016,-0.4264323,0.29623327,0.5060425,-0.7127074999999999,-0.9743042,-0.43500423,-0.81129134,0.37908894,0.5543213,-0.47335815000000003,-1.0799866,-0.34974706,-1.0704272,0.5168788,0.6305847,-0.30566406,-0.98605347,-0.20687103,-1.2162222,0.49367356,0.77822876,-0.23681639999999998,-0.8795166,-0.17334902,-1.2419577,0.48867053,1.0728455,-0.12738037,-0.47302246000000003,-0.24378192,-1.2186248,0.27538723,1.3269348,0.053894043,-0.14123535,-0.37647712,-1.2216914,0.112748496,1.7448730000000001,0.35513306,-0.022735596,-0.76197124,-1.1898049,0.33276367,1.7911682,0.14630127,0.24163818,-0.89393735,-0.83766854,0.30230789999999996,1.822876,-0.028411865,0.5722655999999999,-0.99722236,-0.60457027,0.08696300500000001,1.9117737,0.27508545,0.83291626,-1.1656523,-0.8539591999999999,-0.08460526,2.0639343,0.46597289999999997,0.9028014999999999,-1.3691497,-0.9978461999999999,-0.12752588,2.0621643,0.6655884,1.125824,-1.4475987,-1.1181768,-0.32421166,2.003479,0.8815917999999999,1.2130127,-1.4250859,-1.3122203,-0.39276218,2.0964355,0.7576598999999999,1.0977478,-1.5118303,-1.1771312,-0.29834425000000003,2.083191,0.72424316,0.68518066,-1.4287314,-1.1533400999999999,0.039495483000000005,检查1变、2变高压侧进出线开关在分闸位置，开闭站201、202断路器在工作位置。
-0.063201904,-1.700531,-0.8905029,-0.10510135,0.29988945,0.25452024,0.034118652,-1.8284302000000001,-0.8396300999999999,-0.22549415,0.4206494,0.21063851,0.24813843,-1.4303894,-1.0091858,-0.39036036,-0.0015634298000000001,0.37745446,0.3069458,-1.0408936,-0.92077637,-0.36608016,-0.4264323,0.29623327,0.5060425,-0.7127074999999999,-0.9743042,-0.43500423,-0.81129134,0.37908894,0.5543213,-0.47335815000000003,-1.0799866,-0.34974706,-1.0704272,0.5168788,0.6305847,-0.30566406,-0.98605347,-0.20687103,-1.2162222,0.49367356,0.77822876,-0.23681639999999998,-0.8795166,-0.17334902,-1.2419577,0.48867053,1.0728455,-0.12738037,-0.47302246000000003,-0.24378192,-1.2186248,0.27538723,1.3269348,0.053894043,-0.14123535,-0.37647712,-1.2216914,0.112748496,1.7448730000000001,0.35513306,-0.022735596,-0.76197124,-1.1898049,0.33276367,1.7911682,0.14630127,0.24163818,-0.89393735,-0.83766854,0.30230789999999996,1.822876,-0.028411865,0.5722655999999999,-0.99722236,-0.60457027,0.08696300500000001,1.9117737,0.27508545,0.83291626,-1.1656523,-0.8539591999999999,-0.08460526,2.0639343,0.46597289999999997,0.9028014999999999,-1.3691497,-0.9978461999999999,-0.12752588,2.0621643,0.6655884,1.125824,-1.4475987,-1.1181768,-0.32421166,2.003479,0.8815917999999999,1.2130127,-1.4250859,-1.3122203,-0.39276218,2.0964355,0.7576598999999999,1.0977478,-1.5118303,-1.1771312,-0.29834425000000003,2.083191,0.72424316,0.68518066,-1.4287314,-1.1533400999999999,0.039495483000000005,1.9915161,0.7141723600000001,0.42965698,-1.2732847,-1.1627095,0.22418338000000002,检查1变、2变高压侧进出线开关在分闸位置，开闭站201、202断路器在工作位置。
0.034118652,-1.8284302000000001,-0.8396300999999999,-0.22549415,0.4206494,0.21063851,0.24813843,-1.4303894,-1.0091858,-0.39036036,-0.0015634298000000001,0.37745446,0.3069458,-1.0408936,-0.92077637,-0.36608016,-0.4264323,0.29623327,0.5060425,-0.7127074999999999,-0.9743042,-0.43500423,-0.81129134,0.37908894,0.5543213,-0.47335815000000003,-1.0799866,-0.34974706,-1.0704272,0.5168788,0.6305847,-0.30566406,-0.98605347,-0.20687103,-1.2162222,0.49367356,0.77822876,-0.23681639999999998,-0.8795166,-0.17334902,-1.2419577,0.48867053,1.0728455,-0.12738037,-0.47302246000000003,-0.24378192,-1.2186248,0.27538723,1.3269348,0.053894043,-0.14123535,-0.37647712,-1.2216914,0.112748496,1.7448730000000001,0.35513306,-0.022735596,-0.76197124,-1.1898049,0.33276367,1.7911682,0.14630127,0.24163818,-0.89393735,-0.83766854,0.30230789999999996,1.822876,-0.028411865,0.5722655999999999,-0.99722236,-0.60457027,0.08696300500000001,1.9117737,0.27508545,0.83291626,-1.1656523,-0.8539591999999999,-0.08460526,2.0639343,0.46597289999999997,0.9028014999999999,-1.3691497,-0.9978461999999999,-0.12752588,2.0621643,0.6655884,1.125824,-1.4475987,-1.1181768,-0.32421166,2.003479,0.8815917999999999,1.2130127,-1.4250859,-1.3122203,-0.39276218,2.0964355,0.7576598999999999,1.0977478,-1.5118303,-1.1771312,-0.29834425000000003,2.083191,0.72424316,0.68518066,-1.4287314,-1.1533400999999999,0.039495483000000005,1.9915161,0.7141723600000001,0.42965698,-1.2732847,-1.1627095,0.22418338000000002,1.9759216,0.60650635,0.26791382,-1.1979556,-1.0784247,0.3006312,检查1变、2变高压侧进出线开关在分闸位置，开闭站201、202断路器在工作位置。
0.24813843,-1.4303894,-1.0091858,-0.39036036,-0.0015634298000000001,0.37745446,0.3069458,-1.0408936,-0.92077637,-0.36608016,-0.4264323,0.29623327,0.5060425,-0.7127074999999999,-0.9743042,-0.43500423,-0.81129134,0.37908894,0.5543213,-0.47335815000000003,-1.0799866,-0.34974706,-1.0704272,0.5168788,0.6305847,-0.30566406,-0.98605347,-0.20687103,-1.2162222,0.49367356,0.77822876,-0.23681639999999998,-0.8795166,-0.17334902,-1.2419577,0.48867053,1.0728455,-0.12738037,-0.47302246000000003,-0.24378192,-1.2186248,0.27538723,1.3269348,0.053894043,-0.14123535,-0.37647712,-1.2216914,0.112748496,1.7448730000000001,0.35513306,-0.022735596,-0.76197124,-1.1898049,0.33276367,1.7911682,0.14630127,0.24163818,-0.89393735,-0.83766854,0.30230789999999996,1.822876,-0.028411865,0.5722655999999999,-0.99722236,-0.60457027,0.08696300500000001,1.9117737,0.27508545,0.83291626,-1.1656523,-0.8539591999999999,-0.08460526,2.0639343,0.46597289999999997,0.9028014999999999,-1.3691497,-0.9978461999999999,-0.12752588,2.0621643,0.6655884,1.125824,-1.4475987,-1.1181768,-0.32421166,2.003479,0.8815917999999999,1.2130127,-1.4250859,-1.3122203,-0.39276218,2.0964355,0.7576598999999999,1.0977478,-1.5118303,-1.1771312,-0.29834425000000003,2.083191,0.72424316,0.68518066,-1.4287314,-1.1533400999999999,0.039495483000000005,1.9915161,0.7141723600000001,0.42965698,-1.2732847,-1.1627095,0.22418338000000002,1.9759216,0.60650635,0.26791382,-1.1979556,-1.0784247,0.3006312,1.7939452999999999,0.6474304,0.08666992,-0.92641973,-1.1741163000000001,0.310608,检查1变、2变高压侧进出线开关在分闸位置，开闭站201、202断路器在工作位置。
0.3069458,-1.0408936,-0.92077637,-0.36608016,-0.4264323,0.29623327,0.5060425,-0.7127074999999999,-0.9743042,-0.43500423,-0.81129134,0.37908894,0.5543213,-0.47335815000000003,-1.0799866,-0.34974706,-1.0704272,0.5168788,0.6305847,-0.30566406,-0.98605347,-0.20687103,-1.2162222,0.49367356,0.77822876,-0.23681639999999998,-0.8795166,-0.17334902,-1.2419577,0.48867053,1.0728455,-0.12738037,-0.47302246000000003,-0.24378192,-1.2186248,0.27538723,1.3269348,0.053894043,-0.14123535,-0.37647712,-1.2216914,0.112748496,1.7448730000000001,0.35513306,-0.022735596,-0.76197124,-1.1898049,0.33276367,1.7911682,0.14630127,0.24163818,-0.89393735,-0.83766854,0.30230789999999996,1.822876,-0.028411865,0.5722655999999999,-0.99722236,-0.60457027,0.08696300500000001,1.9117737,0.27508545,0.83291626,-1.1656523,-0.8539591999999999,-0.08460526,2.0639343,0.46597289999999997,0.9028014999999999,-1.3691497,-0.9978461999999999,-0.12752588,2.0621643,0.6655884,1.125824,-1.4475987,-1.1181768,-0.32421166,2.003479,0.8815917999999999,1.2130127,-1.4250859,-1.3122203,-0.39276218,2.0964355,0.7576598999999999,1.0977478,-1.5118303,-1.1771312,-0.29834425000000003,2.083191,0.72424316,0.68518066,-1.4287314,-1.1533400999999999,0.039495483000000005,1.9915161,0.7141723600000001,0.42965698,-1.2732847,-1.1627095,0.22418338000000002,1.9759216,0.60650635,0.26791382,-1.1979556,-1.0784247,0.3006312,1.7939452999999999,0.6474304,0.08666992,-0.92641973,-1.1741163000000001,0.310608,1.6958617999999999,0.54644775,-0.23434448,-0.78197896,-1.1378957,0.46075976,检查1变、2变高压侧进出线开关在分闸位置，开闭站201、202断路器在工作位置。
0.5060425,-0.7127074999999999,-0.9743042,-0.43500423,-0.81129134,0.37908894,0.5543213,-0.47335815000000003,-1.0799866,-0.34974706,-1.0704272,0.5168788,0.6305847,-0.30566406,-0.98605347,-0.20687103,-1.2162222,0.49367356,0.77822876,-0.23681639999999998,-0.8795166,-0.17334902,-1.2419577,0.48867053,1.0728455,-0.12738037,-0.47302246000000003,-0.24378192,-1.2186248,0.27538723,1.3269348,0.053894043,-0.14123535,-0.37647712,-1.2216914,0.112748496,1.7448730000000001,0.35513306,-0.022735596,-0.76197124,-1.1898049,0.33276367,1.7911682,0.14630127,0.24163818,-0.89393735,-0.83766854,0.30230789999999996,1.822876,-0.028411865,0.5722655999999999,-0.99722236,-0.60457027,0.08696300500000001,1.9117737,0.27508545,0.83291626,-1.1656523,-0.8539591999999999,-0.08460526,2.0639343,0.46597289999999997,0.9028014999999999,-1.3691497,-0.9978461999999999,-0.12752588,2.0621643,0.6655884,1.125824,-1.4475987,-1.1181768,-0.32421166,2.003479,0.8815917999999999,1.2130127,-1.4250859,-1.3122203,-0.39276218,2.0964355,0.7576598999999999,1.0977478,-1.5118303,-1.1771312,-0.29834425000000003,2.083191,0.72424316,0.68518066,-1.4287314,-1.1533400999999999,0.039495483000000005,1.9915161,0.7141723600000001,0.42965698,-1.2732847,-1.1627095,0.22418338000000002,1.9759216,0.60650635,0.26791382,-1.1979556,-1.0784247,0.3006312,1.7939452999999999,0.6474304,0.08666992,-0.92641973,-1.1741163000000001,0.310608,1.6958617999999999,0.54644775,-0.23434448,-0.78197896,-1.1378957,0.46075976,1.6479492,0.5492554,-0.29599000000000003,-0.7271926400000001,-1.1592069,0.4745314,检查1变、2变高压侧进出线开关在分闸位置，开闭站201、202断路器在工作位置。
0.5543213,-0.47335815000000003,-1.0799866,-0.34974706,-1.0704272,0.5168788,0.6305847,-0.30566406,-0.98605347,-0.20687103,-1.2162222,0.49367356,0.77822876,-0.23681639999999998,-0.8795166,-0.17334902,-1.2419577,0.48867053,1.0728455,-0.12738037,-0.47302246000000003,-0.24378192,-1.2186248,0.27538723,1.3269348,0.053894043,-0.14123535,-0.37647712,-1.2216914,0.112748496,1.7448730000000001,0.35513306,-0.022735596,-0.76197124,-1.1898049,0.33276367,1.7911682,0.14630127,0.24163818,-0.89393735,-0.83766854,0.30230789999999996,1.822876,-0.028411865,0.5722655999999999,-0.99722236,-0.60457027,0.08696300500000001,1.9117737,0.27508545,0.83291626,-1.1656523,-0.8539591999999999,-0.08460526,2.0639343,0.46597289999999997,0.9028014999999999,-1.3691497,-0.9978461999999999,-0.12752588,2.0621643,0.6655884,1.125824,-1.4475987,-1.1181768,-0.32421166,2.003479,0.8815917999999999,1.2130127,-1.4250859,-1.3122203,-0.39276218,2.0964355,0.7576598999999999,1.0977478,-1.5118303,-1.1771312,-0.29834425000000003,2.083191,0.72424316,0.68518066,-1.4287314,-1.1533400999999999,0.039495483000000005,1.9915161,0.7141723600000001,0.42965698,-1.2732847,-1.1627095,0.22418338000000002,1.9759216,0.60650635,0.26791382,-1.1979556,-1.0784247,0.3006312,1.7939452999999999,0.6474304,0.08666992,-0.92641973,-1.1741163000000001,0.310608,1.6958617999999999,0.54644775,-0.23434448,-0.78197896,-1.1378957,0.46075976,1.6479492,0.5492554,-0.29599000000000003,-0.7271926400000001,-1.1592069,0.4745314,1.6152039,0.5416259999999999,-0.3583374,-0.69085383,-1.1705579,0.4869784,检查1变、2变高压侧进出线开关在分闸位置，开闭站201、202断路器在工作位置。
0.6305847,-0.30566406,-0.98605347,-0.20687103,-1.2162222,0.49367356,0.77822876,-0.23681639999999998,-0.8795166,-0.17334902,-1.2419577,0.48867053,1.0728455,-0.12738037,-0.47302246000000003,-0.24378192,-1.2186248,0.27538723,1.3269348,0.053894043,-0.14123535,-0.37647712,-1.2216914,0.112748496,1.7448730000000001,0.35513306,-0.022735596,-0.76197124,-1.1898049,0.33276367,1.7911682,0.14630127,0.24163818,-0.89393735,-0.83766854,0.30230789999999996,1.822876,-0.028411865,0.5722655999999999,-0.99722236,-0.60457027,0.08696300500000001,1.9117737,0.27508545,0.83291626,-1.1656523,-0.8539591999999999,-0.08460526,2.0639343,0.46597289999999997,0.9028014999999999,-1.3691497,-0.9978461999999999,-0.12752588,2.0621643,0.6655884,1.125824,-1.4475987,-1.1181768,-0.32421166,2.003479,0.8815917999999999,1.2130127,-1.4250859,-1.3122203,-0.39276218,2.0964355,0.7576598999999999,1.0977478,-1.5118303,-1.1771312,-0.29834425000000003,2.083191,0.72424316,0.68518066,-1.4287314,-1.1533400999999999,0.039495483000000005,1.9915161,0.7141723600000001,0.42965698,-1.2732847,-1.1627095,0.22418338000000002,1.9759216,0.60650635,0.26791382,-1.1979556,-1.0784247,0.3006312,1.7939452999999999,0.6474304,0.08666992,-0.92641973,-1.1741163000000001,0.310608,1.6958617999999999,0.54644775,-0.23434448,-0.78197896,-1.1378957,0.46075976,1.6479492,0.5492554,-0.29599000000000003,-0.7271926400000001,-1.1592069,0.4745314,1.6152039,0.5416259999999999,-0.3583374,-0.69085383,-1.1705579,0.4869784,1.3898315,0.36834717,-0.49676514,-0.51721936,-1.1233379000000001,0.3004535,检查1变、2变高压侧进出线开关在分闸位置，开闭站201、202断路器在工作位置。
0.77822876,-0.23681639999999998,-0.8795166,-0.17334902,-1.2419577,0.48867053,1.0728455,-0.12738037,-0.47302246000000003,-0.24378192,-1.2186248,0.27538723,1.3269348,0.053894043,-0.14123535,-0.37647712,-1.2216914,0.112748496,1.7448730000000001,0.35513306,-0.022735596,-0.76197124,-1.1898049,0.33276367,1.7911682,0.14630127,0.24163818,-0.89393735,-0.83766854,0.30230789999999996,1.822876,-0.028411865,0.5722655999999999,-0.99722236,-0.60457027,0.08696300500000001,1.9117737,0.27508545,0.83291626,-1.1656523,-0.8539591999999999,-0.08460526,2.0639343,0.46597289999999997,0.9028014999999999,-1.3691497,-0.9978461999999999,-0.12752588,2.0621643,0.6655884,1.125824,-1.4475987,-1.1181768,-0.32421166,2.003479,0.8815917999999999,1.2130127,-1.4250859,-1.3122203,-0.39276218,2.0964355,0.7576598999999999,1.0977478,-1.5118303,-1.1771312,-0.29834425000000003,2.083191,0.72424316,0.68518066,-1.4287314,-1.1533400999999999,0.039495483000000005,1.9915161,0.7141723600000001,0.42965698,-1.2732847,-1.1627095,0.22418338000000002,1.9759216,0.60650635,0.26791382,-1.1979556,-1.0784247,0.3006312,1.7939452999999999,0.6474304,0.08666992,-0.92641973,-1.1741163000000001,0.310608,1.6958617999999999,0.54644775,-0.23434448,-0.78197896,-1.1378957,0.46075976,1.6479492,0.5492554,-0.29599000000000003,-0.7271926400000001,-1.1592069,0.4745314,1.6152039,0.5416259999999999,-0.3583374,-0.69085383,-1.1705579,0.4869784,1.3898315,0.36834717,-0.49676514,-0.51721936,-1.1233379000000001,0.3004535,0.942749,0.06448364,-0.9592284999999999,-0.29124355,-0.9956904,0.44008303,检查1变、2变高压侧进出线开关在分闸位置，开闭站201、202断路器在工作位置。
1.0728455,-0.12738037,-0.47302246000000003,-0.24378192,-1.2186248,0.27538723,1.3269348,0.053894043,-0.14123535,-0.37647712,-1.2216914,0.112748496,1.7448730000000001,0.35513306,-0.022735596,-0.76197124,-1.1898049,0.33276367,1.7911682,0.14630127,0.24163818,-0.89393735,-0.83766854,0.30230789999999996,1.822876,-0.028411865,0.5722655999999999,-0.99722236,-0.60457027,0.08696300500000001,1.9117737,0.27508545,0.83291626,-1.1656523,-0.8539591999999999,-0.08460526,2.0639343,0.46597289999999997,0.9028014999999999,-1.3691497,-0.9978461999999999,-0.12752588,2.0621643,0.6655884,1.125824,-1.4475987,-1.1181768,-0.32421166,2.003479,0.8815917999999999,1.2130127,-1.4250859,-1.3122203,-0.39276218,2.0964355,0.7576598999999999,1.0977478,-1.5118303,-1.1771312,-0.29834425000000003,2.083191,0.72424316,0.68518066,-1.4287314,-1.1533400999999999,0.039495483000000005,1.9915161,0.7141723600000001,0.42965698,-1.2732847,-1.1627095,0.22418338000000002,1.9759216,0.60650635,0.26791382,-1.1979556,-1.0784247,0.3006312,1.7939452999999999,0.6474304,0.08666992,-0.92641973,-1.1741163000000001,0.310608,1.6958617999999999,0.54644775,-0.23434448,-0.78197896,-1.1378957,0.46075976,1.6479492,0.5492554,-0.29599000000000003,-0.7271926400000001,-1.1592069,0.4745314,1.6152039,0.5416259999999999,-0.3583374,-0.69085383,-1.1705579,0.4869784,1.3898315,0.36834717,-0.49676514,-0.51721936,-1.1233379000000001,0.3004535,0.942749,0.06448364,-0.9592284999999999,-0.29124355,-0.9956904,0.44008303,0.9045105,-0.1329956,-1.065918,-0.34022593,-0.85258996,0.47963518,检查1变、2变高压侧进出线开关在分闸位置，开闭站201、202断路器在工作位置。
1.3269348,0.053894043,-0.14123535,-0.37647712,-1.2216914,0.112748496,1.7448730000000001,0.35513306,-0.022735596,-0.76197124,-1.1898049,0.33276367,1.7911682,0.14630127,0.24163818,-0.89393735,-0.83766854,0.30230789999999996,1.822876,-0.028411865,0.5722655999999999,-0.99722236,-0.60457027,0.08696300500000001,1.9117737,0.27508545,0.83291626,-1.1656523,-0.8539591999999999,-0.08460526,2.0639343,0.46597289999999997,0.9028014999999999,-1.3691497,-0.9978461999999999,-0.12752588,2.0621643,0.6655884,1.125824,-1.4475987,-1.1181768,-0.32421166,2.003479,0.8815917999999999,1.2130127,-1.4250859,-1.3122203,-0.39276218,2.0964355,0.7576598999999999,1.0977478,-1.5118303,-1.1771312,-0.29834425000000003,2.083191,0.72424316,0.68518066,-1.4287314,-1.1533400999999999,0.039495483000000005,1.9915161,0.7141723600000001,0.42965698,-1.2732847,-1.1627095,0.22418338000000002,1.9759216,0.60650635,0.26791382,-1.1979556,-1.0784247,0.3006312,1.7939452999999999,0.6474304,0.08666992,-0.92641973,-1.1741163000000001,0.310608,1.6958617999999999,0.54644775,-0.23434448,-0.78197896,-1.1378957,0.46075976,1.6479492,0.5492554,-0.29599000000000003,-0.7271926400000001,-1.1592069,0.4745314,1.6152039,0.5416259999999999,-0.3583374,-0.69085383,-1.1705579,0.4869784,1.3898315,0.36834717,-0.49676514,-0.51721936,-1.1233379000000001,0.3004535,0.942749,0.06448364,-0.9592284999999999,-0.29124355,-0.9956904,0.44008303,0.9045105,-0.1329956,-1.065918,-0.34022593,-0.85258996,0.47963518,0.60128784,-0.6154175,-1.0221252,-0.2559688,-0.5149125999999999,0.3369426,检查1变、2变高压侧进出线开关在分闸位置，开闭站201、202断路器在工作位置。
1.7448730000000001,0.35513306,-0.022735596,-0.76197124,-1.1898049,0.33276367,1.7911682,0.14630127,0.24163818,-0.89393735,-0.83766854,0.30230789999999996,1.822876,-0.028411865,0.5722655999999999,-0.99722236,-0.60457027,0.08696300500000001,1.9117737,0.27508545,0.83291626,-1.1656523,-0.8539591999999999,-0.08460526,2.0639343,0.46597289999999997,0.9028014999999999,-1.3691497,-0.9978461999999999,-0.12752588,2.0621643,0.6655884,1.125824,-1.4475987,-1.1181768,-0.32421166,2.003479,0.8815917999999999,1.2130127,-1.4250859,-1.3122203,-0.39276218,2.0964355,0.7576598999999999,1.0977478,-1.5118303,-1.1771312,-0.29834425000000003,2.083191,0.72424316,0.68518066,-1.4287314,-1.1533400999999999,0.039495483000000005,1.9915161,0.7141723600000001,0.42965698,-1.2732847,-1.1627095,0.22418338000000002,1.9759216,0.60650635,0.26791382,-1.1979556,-1.0784247,0.3006312,1.7939452999999999,0.6474304,0.08666992,-0.92641973,-1.1741163000000001,0.310608,1.6958617999999999,0.54644775,-0.23434448,-0.78197896,-1.1378957,0.46075976,1.6479492,0.5492554,-0.29599000000000003,-0.7271926400000001,-1.1592069,0.4745314,1.6152039,0.5416259999999999,-0.3583374,-0.69085383,-1.1705579,0.4869784,1.3898315,0.36834717,-0.49676514,-0.51721936,-1.1233379000000001,0.3004535,0.942749,0.06448364,-0.9592284999999999,-0.29124355,-0.9956904,0.44008303,0.9045105,-0.1329956,-1.065918,-0.34022593,-0.85258996,0.47963518,0.60128784,-0.6154175,-1.0221252,-0.2559688,-0.5149125999999999,0.3369426,0.60128784,-0.6154175,-1.0221252,-0.2559688,-0.5149125999999999,0.3369426,检查1变、2变高压侧进出线开关在分闸位置，开闭站201、202断路器在工作位置。
1.7911682,0.14630127,0.24163818,-0.89393735,-0.83766854,0.30230789999999996,1.822876,-0.028411865,0.5722655999999999,-0.99722236,-0.60457027,0.08696300500000001,1.9117737,0.27508545,0.83291626,-1.1656523,-0.8539591999999999,-0.08460526,2.0639343,0.46597289999999997,0.9028014999999999,-1.3691497,-0.9978461999999999,-0.12752588,2.0621643,0.6655884,1.125824,-1.4475987,-1.1181768,-0.32421166,2.003479,0.8815917999999999,1.2130127,-1.4250859,-1.3122203,-0.39276218,2.0964355,0.7576598999999999,1.0977478,-1.5118303,-1.1771312,-0.29834425000000003,2.083191,0.72424316,0.68518066,-1.4287314,-1.1533400999999999,0.039495483000000005,1.9915161,0.7141723600000001,0.42965698,-1.2732847,-1.1627095,0.22418338000000002,1.9759216,0.60650635,0.26791382,-1.1979556,-1.0784247,0.3006312,1.7939452999999999,0.6474304,0.08666992,-0.92641973,-1.1741163000000001,0.310608,1.6958617999999999,0.54644775,-0.23434448,-0.78197896,-1.1378957,0.46075976,1.6479492,0.5492554,-0.29599000000000003,-0.7271926400000001,-1.1592069,0.4745314,1.6152039,0.5416259999999999,-0.3583374,-0.69085383,-1.1705579,0.4869784,1.3898315,0.36834717,-0.49676514,-0.51721936,-1.1233379000000001,0.3004535,0.942749,0.06448364,-0.9592284999999999,-0.29124355,-0.9956904,0.44008303,0.9045105,-0.1329956,-1.065918,-0.34022593,-0.85258996,0.47963518,0.60128784,-0.6154175,-1.0221252,-0.2559688,-0.5149125999999999,0.3369426,0.60128784,-0.6154175,-1.0221252,-0.2559688,-0.5149125999999999,0.3369426,0.47738647,-0.9048461999999999,-1.3359985,-0.27040434,-0.32109082,0.6332905999999999,检查1变、2变高压侧进出线开关在分闸位置，开闭站201、202断路器在工作位置。
1.822876,-0.028411865,0.5722655999999999,-0.99722236,-0.60457027,0.08696300500000001,1.9117737,0.27508545,0.83291626,-1.1656523,-0.8539591999999999,-0.08460526,2.0639343,0.46597289999999997,0.9028014999999999,-1.3691497,-0.9978461999999999,-0.12752588,2.0621643,0.6655884,1.125824,-1.4475987,-1.1181768,-0.32421166,2.003479,0.8815917999999999,1.2130127,-1.4250859,-1.3122203,-0.39276218,2.0964355,0.7576598999999999,1.0977478,-1.5118303,-1.1771312,-0.29834425000000003,2.083191,0.72424316,0.68518066,-1.4287314,-1.1533400999999999,0.039495483000000005,1.9915161,0.7141723600000001,0.42965698,-1.2732847,-1.1627095,0.22418338000000002,1.9759216,0.60650635,0.26791382,-1.1979556,-1.0784247,0.3006312,1.7939452999999999,0.6474304,0.08666992,-0.92641973,-1.1741163000000001,0.310608,1.6958617999999999,0.54644775,-0.23434448,-0.78197896,-1.1378957,0.46075976,1.6479492,0.5492554,-0.29599000000000003,-0.7271926400000001,-1.1592069,0.4745314,1.6152039,0.5416259999999999,-0.3583374,-0.69085383,-1.1705579,0.4869784,1.3898315,0.36834717,-0.49676514,-0.51721936,-1.1233379000000001,0.3004535,0.942749,0.06448364,-0.9592284999999999,-0.29124355,-0.9956904,0.44008303,0.9045105,-0.1329956,-1.065918,-0.34022593,-0.85258996,0.47963518,0.60128784,-0.6154175,-1.0221252,-0.2559688,-0.5149125999999999,0.3369426,0.60128784,-0.6154175,-1.0221252,-0.2559688,-0.5149125999999999,0.3369426,0.47738647,-0.9048461999999999,-1.3359985,-0.27040434,-0.32109082,0.6332905999999999,0.42404175,-1.147583,-1.1724854,-0.36178845,-0.14030826,0.46782863,检查1变、2变高压侧进出线开关在分闸位置，开闭站201、202断路器在工作位置。
1.9117737,0.27508545,0.83291626,-1.1656523,-0.8539591999999999,-0.08460526,2.0639343,0.46597289999999997,0.9028014999999999,-1.3691497,-0.9978461999999999,-0.12752588,2.0621643,0.6655884,1.125824,-1.4475987,-1.1181768,-0.32421166,2.003479,0.8815917999999999,1.2130127,-1.4250859,-1.3122203,-0.39276218,2.0964355,0.7576598999999999,1.0977478,-1.5118303,-1.1771312,-0.29834425000000003,2.083191,0.72424316,0.68518066,-1.4287314,-1.1533400999999999,0.039495483000000005,1.9915161,0.7141723600000001,0.42965698,-1.2732847,-1.1627095,0.22418338000000002,1.9759216,0.60650635,0.26791382,-1.1979556,-1.0784247,0.3006312,1.7939452999999999,0.6474304,0.08666992,-0.92641973,-1.1741163000000001,0.310608,1.6958617999999999,0.54644775,-0.23434448,-0.78197896,-1.1378957,0.46075976,1.6479492,0.5492554,-0.29599000000000003,-0.7271926400000001,-1.1592069,0.4745314,1.6152039,0.5416259999999999,-0.3583374,-0.69085383,-1.1705579,0.4869784,1.3898315,0.36834717,-0.49676514,-0.51721936,-1.1233379000000001,0.3004535,0.942749,0.06448364,-0.9592284999999999,-0.29124355,-0.9956904,0.44008303,0.9045105,-0.1329956,-1.065918,-0.34022593,-0.85258996,0.47963518,0.60128784,-0.6154175,-1.0221252,-0.2559688,-0.5149125999999999,0.3369426,0.60128784,-0.6154175,-1.0221252,-0.2559688,-0.5149125999999999,0.3369426,0.47738647,-0.9048461999999999,-1.3359985,-0.27040434,-0.32109082,0.6332905999999999,0.42404175,-1.147583,-1.1724854,-0.36178845,-0.14030826,0.46782863,0.55267334,-1.077301,-1.1546326,-0.48518568,-0.23398839999999999,0.45618165,检查1变、2变高压侧进出线开关在分闸位置，开闭站201、202断路器在工作位置。
2.0639343,0.46597289999999997,0.9028014999999999,-1.3691497,-0.9978461999999999,-0.12752588,2.0621643,0.6655884,1.125824,-1.4475987,-1.1181768,-0.32421166,2.003479,0.8815917999999999,1.2130127,-1.4250859,-1.3122203,-0.39276218,2.0964355,0.7576598999999999,1.0977478,-1.5118303,-1.1771312,-0.29834425000000003,2.083191,0.72424316,0.68518066,-1.4287314,-1.1533400999999999,0.039495483000000005,1.9915161,0.7141723600000001,0.42965698,-1.2732847,-1.1627095,0.22418338000000002,1.9759216,0.60650635,0.26791382,-1.1979556,-1.0784247,0.3006312,1.7939452999999999,0.6474304,0.08666992,-0.92641973,-1.1741163000000001,0.310608,1.6958617999999999,0.54644775,-0.23434448,-0.78197896,-1.1378957,0.46075976,1.6479492,0.5492554,-0.29599000000000003,-0.7271926400000001,-1.1592069,0.4745314,1.6152039,0.5416259999999999,-0.3583374,-0.69085383,-1.1705579,0.4869784,1.3898315,0.36834717,-0.49676514,-0.51721936,-1.1233379000000001,0.3004535,0.942749,0.06448364,-0.9592284999999999,-0.29124355,-0.9956904,0.44008303,0.9045105,-0.1329956,-1.065918,-0.34022593,-0.85258996,0.47963518,0.60128784,-0.6154175,-1.0221252,-0.2559688,-0.5149125999999999,0.3369426,0.60128784,-0.6154175,-1.0221252,-0.2559688,-0.5149125999999999,0.3369426,0.47738647,-0.9048461999999999,-1.3359985,-0.27040434,-0.32109082,0.6332905999999999,0.42404175,-1.147583,-1.1724854,-0.36178845,-0.14030826,0.46782863,0.55267334,-1.077301,-1.1546326,-0.48518568,-0.23398839999999999,0.45618165,0.72003174,-1.11969,-1.1586304,-0.60793173,-0.24339426,0.482485,检查1变、2变高压侧进出线开关在分闸位置，开闭站201、202断路器在工作位置。
2.0621643,0.6655884,1.125824,-1.4475987,-1.1181768,-0.32421166,2.003479,0.8815917999999999,1.2130127,-1.4250859,-1.3122203,-0.39276218,2.0964355,0.7576598999999999,1.0977478,-1.5118303,-1.1771312,-0.29834425000000003,2.083191,0.72424316,0.68518066,-1.4287314,-1.1533400999999999,0.039495483000000005,1.9915161,0.7141723600000001,0.42965698,-1.2732847,-1.1627095,0.22418338000000002,1.9759216,0.60650635,0.26791382,-1.1979556,-1.0784247,0.3006312,1.7939452999999999,0.6474304,0.08666992,-0.92641973,-1.1741163000000001,0.310608,1.6958617999999999,0.54644775,-0.23434448,-0.78197896,-1.1378957,0.46075976,1.6479492,0.5492554,-0.29599000000000003,-0.7271926400000001,-1.1592069,0.4745314,1.6152039,0.5416259999999999,-0.3583374,-0.69085383,-1.1705579,0.4869784,1.3898315,0.36834717,-0.49676514,-0.51721936,-1.1233379000000001,0.3004535,0.942749,0.06448364,-0.9592284999999999,-0.29124355,-0.9956904,0.44008303,0.9045105,-0.1329956,-1.065918,-0.34022593,-0.85258996,0.47963518,0.60128784,-0.6154175,-1.0221252,-0.2559688,-0.5149125999999999,0.3369426,0.60128784,-0.6154175,-1.0221252,-0.2559688,-0.5149125999999999,0.3369426,0.47738647,-0.9048461999999999,-1.3359985,-0.27040434,-0.32109082,0.6332905999999999,0.42404175,-1.147583,-1.1724854,-0.36178845,-0.14030826,0.46782863,0.55267334,-1.077301,-1.1546326,-0.48518568,-0.23398839999999999,0.45618165,0.72003174,-1.11969,-1.1586304,-0.60793173,-0.24339426,0.482485,0.9190674,-1.0479736,-1.1863708,-0.7346045,-0.38613329999999996,0.5525013,检查1变、2变高压侧进出线开关在分闸位置，开闭站201、202断路器在工作位置。
2.003479,0.8815917999999999,1.2130127,-1.4250859,-1.3122203,-0.39276218,2.0964355,0.7576598999999999,1.0977478,-1.5118303,-1.1771312,-0.29834425000000003,2.083191,0.72424316,0.68518066,-1.4287314,-1.1533400999999999,0.039495483000000005,1.9915161,0.7141723600000001,0.42965698,-1.2732847,-1.1627095,0.22418338000000002,1.9759216,0.60650635,0.26791382,-1.1979556,-1.0784247,0.3006312,1.7939452999999999,0.6474304,0.08666992,-0.92641973,-1.1741163000000001,0.310608,1.6958617999999999,0.54644775,-0.23434448,-0.78197896,-1.1378957,0.46075976,1.6479492,0.5492554,-0.29599000000000003,-0.7271926400000001,-1.1592069,0.4745314,1.6152039,0.5416259999999999,-0.3583374,-0.69085383,-1.1705579,0.4869784,1.3898315,0.36834717,-0.49676514,-0.51721936,-1.1233379000000001,0.3004535,0.942749,0.06448364,-0.9592284999999999,-0.29124355,-0.9956904,0.44008303,0.9045105,-0.1329956,-1.065918,-0.34022593,-0.85258996,0.47963518,0.60128784,-0.6154175,-1.0221252,-0.2559688,-0.5149125999999999,0.3369426,0.60128784,-0.6154175,-1.0221252,-0.2559688,-0.5149125999999999,0.3369426,0.47738647,-0.9048461999999999,-1.3359985,-0.27040434,-0.32109082,0.6332905999999999,0.42404175,-1.147583,-1.1724854,-0.36178845,-0.14030826,0.46782863,0.55267334,-1.077301,-1.1546326,-0.48518568,-0.23398839999999999,0.45618165,0.72003174,-1.11969,-1.1586304,-0.60793173,-0.24339426,0.482485,0.9190674,-1.0479736,-1.1863708,-0.7346045,-0.38613329999999996,0.5525013,1.0191956,-0.97262573,-1.108551,-0.7586683,-0.51961154,0.52631277,检查1变、2变高压侧进出线开关在分闸位置，开闭站201、202断路器在工作位置。
2.0964355,0.7576598999999999,1.0977478,-1.5118303,-1.1771312,-0.29834425000000003,2.083191,0.72424316,0.68518066,-1.4287314,-1.1533400999999999,0.039495483000000005,1.9915161,0.7141723600000001,0.42965698,-1.2732847,-1.1627095,0.22418338000000002,1.9759216,0.60650635,0.26791382,-1.1979556,-1.0784247,0.3006312,1.7939452999999999,0.6474304,0.08666992,-0.92641973,-1.1741163000000001,0.310608,1.6958617999999999,0.54644775,-0.23434448,-0.78197896,-1.1378957,0.46075976,1.6479492,0.5492554,-0.29599000000000003,-0.7271926400000001,-1.1592069,0.4745314,1.6152039,0.5416259999999999,-0.3583374,-0.69085383,-1.1705579,0.4869784,1.3898315,0.36834717,-0.49676514,-0.51721936,-1.1233379000000001,0.3004535,0.942749,0.06448364,-0.9592284999999999,-0.29124355,-0.9956904,0.44008303,0.9045105,-0.1329956,-1.065918,-0.34022593,-0.85258996,0.47963518,0.60128784,-0.6154175,-1.0221252,-0.2559688,-0.5149125999999999,0.3369426,0.60128784,-0.6154175,-1.0221252,-0.2559688,-0.5149125999999999,0.3369426,0.47738647,-0.9048461999999999,-1.3359985,-0.27040434,-0.32109082,0.6332905999999999,0.42404175,-1.147583,-1.1724854,-0.36178845,-0.14030826,0.46782863,0.55267334,-1.077301,-1.1546326,-0.48518568,-0.23398839999999999,0.45618165,0.72003174,-1.11969,-1.1586304,-0.60793173,-0.24339426,0.482485,0.9190674,-1.0479736,-1.1863708,-0.7346045,-0.38613329999999996,0.5525013,1.0191956,-0.97262573,-1.108551,-0.7586683,-0.51961154,0.52631277,1.0747375,-0.7067871,-0.9947815,-0.6655654999999999,-0.81603825,0.49489504,检查1变、2变高压侧进出线开关在分闸位置，开闭站201、202断路器在工作位置。
2.083191,0.72424316,0.68518066,-1.4287314,-1.1533400999999999,0.039495483000000005,1.9915161,0.7141723600000001,0.42965698,-1.2732847,-1.1627095,0.22418338000000002,1.9759216,0.60650635,0.26791382,-1.1979556,-1.0784247,0.3006312,1.7939452999999999,0.6474304,0.08666992,-0.92641973,-1.1741163000000001,0.310608,1.6958617999999999,0.54644775,-0.23434448,-0.78197896,-1.1378957,0.46075976,1.6479492,0.5492554,-0.29599000000000003,-0.7271926400000001,-1.1592069,0.4745314,1.6152039,0.5416259999999999,-0.3583374,-0.69085383,-1.1705579,0.4869784,1.3898315,0.36834717,-0.49676514,-0.51721936,-1.1233379000000001,0.3004535,0.942749,0.06448364,-0.9592284999999999,-0.29124355,-0.9956904,0.44008303,0.9045105,-0.1329956,-1.065918,-0.34022593,-0.85258996,0.47963518,0.60128784,-0.6154175,-1.0221252,-0.2559688,-0.5149125999999999,0.3369426,0.60128784,-0.6154175,-1.0221252,-0.2559688,-0.5149125999999999,0.3369426,0.47738647,-0.9048461999999999,-1.3359985,-0.27040434,-0.32109082,0.6332905999999999,0.42404175,-1.147583,-1.1724854,-0.36178845,-0.14030826,0.46782863,0.55267334,-1.077301,-1.1546326,-0.48518568,-0.23398839999999999,0.45618165,0.72003174,-1.11969,-1.1586304,-0.60793173,-0.24339426,0.482485,0.9190674,-1.0479736,-1.1863708,-0.7346045,-0.38613329999999996,0.5525013,1.0191956,-0.97262573,-1.108551,-0.7586683,-0.51961154,0.52631277,1.0747375,-0.7067871,-0.9947815,-0.6655654999999999,-0.81603825,0.49489504,1.0262756,-0.26535034,-0.84402466,-0.42484426000000003,-1.1830176,0.4260695,检查1变、2变高压侧进出线开关在分闸位置，开闭站201、202断路器在工作位置。
1.9915161,0.7141723600000001,0.42965698,-1.2732847,-1.1627095,0.22418338000000002,1.9759216,0.60650635,0.26791382,-1.1979556,-1.0784247,0.3006312,1.7939452999999999,0.6474304,0.08666992,-0.92641973,-1.1741163000000001,0.310608,1.6958617999999999,0.54644775,-0.23434448,-0.78197896,-1.1378957,0.46075976,1.6479492,0.5492554,-0.29599000000000003,-0.7271926400000001,-1.1592069,0.4745314,1.6152039,0.5416259999999999,-0.3583374,-0.69085383,-1.1705579,0.4869784,1.3898315,0.36834717,-0.49676514,-0.51721936,-1.1233379000000001,0.3004535,0.942749,0.06448364,-0.9592284999999999,-0.29124355,-0.9956904,0.44008303,0.9045105,-0.1329956,-1.065918,-0.34022593,-0.85258996,0.47963518,0.60128784,-0.6154175,-1.0221252,-0.2559688,-0.5149125999999999,0.3369426,0.60128784,-0.6154175,-1.0221252,-0.2559688,-0.5149125999999999,0.3369426,0.47738647,-0.9048461999999999,-1.3359985,-0.27040434,-0.32109082,0.6332905999999999,0.42404175,-1.147583,-1.1724854,-0.36178845,-0.14030826,0.46782863,0.55267334,-1.077301,-1.1546326,-0.48518568,-0.23398839999999999,0.45618165,0.72003174,-1.11969,-1.1586304,-0.60793173,-0.24339426,0.482485,0.9190674,-1.0479736,-1.1863708,-0.7346045,-0.38613329999999996,0.5525013,1.0191956,-0.97262573,-1.108551,-0.7586683,-0.51961154,0.52631277,1.0747375,-0.7067871,-0.9947815,-0.6655654999999999,-0.81603825,0.49489504,1.0262756,-0.26535034,-0.84402466,-0.42484426000000003,-1.1830176,0.4260695,1.04953,-0.0057067870000000005,-0.57141113,-0.3011887,-1.3129098,0.22670649,检查1变、2变高压侧进出线开关在分闸位置，开闭站201、202断路器在工作位置。
1.9759216,0.60650635,0.26791382,-1.1979556,-1.0784247,0.3006312,1.7939452999999999,0.6474304,0.08666992,-0.92641973,-1.1741163000000001,0.310608,1.6958617999999999,0.54644775,-0.23434448,-0.78197896,-1.1378957,0.46075976,1.6479492,0.5492554,-0.29599000000000003,-0.7271926400000001,-1.1592069,0.4745314,1.6152039,0.5416259999999999,-0.3583374,-0.69085383,-1.1705579,0.4869784,1.3898315,0.36834717,-0.49676514,-0.51721936,-1.1233379000000001,0.3004535,0.942749,0.06448364,-0.9592284999999999,-0.29124355,-0.9956904,0.44008303,0.9045105,-0.1329956,-1.065918,-0.34022593,-0.85258996,0.47963518,0.60128784,-0.6154175,-1.0221252,-0.2559688,-0.5149125999999999,0.3369426,0.60128784,-0.6154175,-1.0221252,-0.2559688,-0.5149125999999999,0.3369426,0.47738647,-0.9048461999999999,-1.3359985,-0.27040434,-0.32109082,0.6332905999999999,0.42404175,-1.147583,-1.1724854,-0.36178845,-0.14030826,0.46782863,0.55267334,-1.077301,-1.1546326,-0.48518568,-0.23398839999999999,0.45618165,0.72003174,-1.11969,-1.1586304,-0.60793173,-0.24339426,0.482485,0.9190674,-1.0479736,-1.1863708,-0.7346045,-0.38613329999999996,0.5525013,1.0191956,-0.97262573,-1.108551,-0.7586683,-0.51961154,0.52631277,1.0747375,-0.7067871,-0.9947815,-0.6655654999999999,-0.81603825,0.49489504,1.0262756,-0.26535034,-0.84402466,-0.42484426000000003,-1.1830176,0.4260695,1.04953,-0.0057067870000000005,-0.57141113,-0.3011887,-1.3129098,0.22670649,1.3607788,0.3164673,-0.05661010700000001,-0.4228325,-1.3515207999999999,-0.068863645,检查1变、2变高压侧进出线开关在分闸位置，开闭站201、202断路器在工作位置。
1.7939452999999999,0.6474304,0.08666992,-0.92641973,-1.1741163000000001,0.310608,1.6958617999999999,0.54644775,-0.23434448,-0.78197896,-1.1378957,0.46075976,1.6479492,0.5492554,-0.29599000000000003,-0.7271926400000001,-1.1592069,0.4745314,1.6152039,0.5416259999999999,-0.3583374,-0.69085383,-1.1705579,0.4869784,1.3898315,0.36834717,-0.49676514,-0.51721936,-1.1233379000000001,0.3004535,0.942749,0.06448364,-0.9592284999999999,-0.29124355,-0.9956904,0.44008303,0.9045105,-0.1329956,-1.065918,-0.34022593,-0.85258996,0.47963518,0.60128784,-0.6154175,-1.0221252,-0.2559688,-0.5149125999999999,0.3369426,0.60128784,-0.6154175,-1.0221252,-0.2559688,-0.5149125999999999,0.3369426,0.47738647,-0.9048461999999999,-1.3359985,-0.27040434,-0.32109082,0.6332905999999999,0.42404175,-1.147583,-1.1724854,-0.36178845,-0.14030826,0.46782863,0.55267334,-1.077301,-1.1546326,-0.48518568,-0.23398839999999999,0.45618165,0.72003174,-1.11969,-1.1586304,-0.60793173,-0.24339426,0.482485,0.9190674,-1.0479736,-1.1863708,-0.7346045,-0.38613329999999996,0.5525013,1.0191956,-0.97262573,-1.108551,-0.7586683,-0.51961154,0.52631277,1.0747375,-0.7067871,-0.9947815,-0.6655654999999999,-0.81603825,0.49489504,1.0262756,-0.26535034,-0.84402466,-0.42484426000000003,-1.1830176,0.4260695,1.04953,-0.0057067870000000005,-0.57141113,-0.3011887,-1.3129098,0.22670649,1.3607788,0.3164673,-0.05661010700000001,-0.4228325,-1.3515207999999999,-0.068863645,1.6545105,0.40246582000000003,0.20333862,-0.66796005,-1.2863495,-0.12010704,检查1变、2变高压侧进出线开关在分闸位置，开闭站201、202断路器在工作位置。
1.6958617999999999,0.54644775,-0.23434448,-0.78197896,-1.1378957,0.46075976,1.6479492,0.5492554,-0.29599000000000003,-0.7271926400000001,-1.1592069,0.4745314,1.6152039,0.5416259999999999,-0.3583374,-0.69085383,-1.1705579,0.4869784,1.3898315,0.36834717,-0.49676514,-0.51721936,-1.1233379000000001,0.3004535,0.942749,0.06448364,-0.9592284999999999,-0.29124355,-0.9956904,0.44008303,0.9045105,-0.1329956,-1.065918,-0.34022593,-0.85258996,0.47963518,0.60128784,-0.6154175,-1.0221252,-0.2559688,-0.5149125999999999,0.3369426,0.60128784,-0.6154175,-1.0221252,-0.2559688,-0.5149125999999999,0.3369426,0.47738647,-0.9048461999999999,-1.3359985,-0.27040434,-0.32109082,0.6332905999999999,0.42404175,-1.147583,-1.1724854,-0.36178845,-0.14030826,0.46782863,0.55267334,-1.077301,-1.1546326,-0.48518568,-0.23398839999999999,0.45618165,0.72003174,-1.11969,-1.1586304,-0.60793173,-0.24339426,0.482485,0.9190674,-1.0479736,-1.1863708,-0.7346045,-0.38613329999999996,0.5525013,1.0191956,-0.97262573,-1.108551,-0.7586683,-0.51961154,0.52631277,1.0747375,-0.7067871,-0.9947815,-0.6655654999999999,-0.81603825,0.49489504,1.0262756,-0.26535034,-0.84402466,-0.42484426000000003,-1.1830176,0.4260695,1.04953,-0.0057067870000000005,-0.57141113,-0.3011887,-1.3129098,0.22670649,1.3607788,0.3164673,-0.05661010700000001,-0.4228325,-1.3515207999999999,-0.068863645,1.6545105,0.40246582000000003,0.20333862,-0.66796005,-1.2863495,-0.12010704,1.783844,0.30044556,0.06878662,-0.8238548,-1.0672424,0.31392962,检查1变、2变高压侧进出线开关在分闸位置，开闭站201、202断路器在工作位置。
1.6479492,0.5492554,-0.29599000000000003,-0.7271926400000001,-1.1592069,0.4745314,1.6152039,0.5416259999999999,-0.3583374,-0.69085383,-1.1705579,0.4869784,1.3898315,0.36834717,-0.49676514,-0.51721936,-1.1233379000000001,0.3004535,0.942749,0.06448364,-0.9592284999999999,-0.29124355,-0.9956904,0.44008303,0.9045105,-0.1329956,-1.065918,-0.34022593,-0.85258996,0.47963518,0.60128784,-0.6154175,-1.0221252,-0.2559688,-0.5149125999999999,0.3369426,0.60128784,-0.6154175,-1.0221252,-0.2559688,-0.5149125999999999,0.3369426,0.47738647,-0.9048461999999999,-1.3359985,-0.27040434,-0.32109082,0.6332905999999999,0.42404175,-1.147583,-1.1724854,-0.36178845,-0.14030826,0.46782863,0.55267334,-1.077301,-1.1546326,-0.48518568,-0.23398839999999999,0.45618165,0.72003174,-1.11969,-1.1586304,-0.60793173,-0.24339426,0.482485,0.9190674,-1.0479736,-1.1863708,-0.7346045,-0.38613329999999996,0.5525013,1.0191956,-0.97262573,-1.108551,-0.7586683,-0.51961154,0.52631277,1.0747375,-0.7067871,-0.9947815,-0.6655654999999999,-0.81603825,0.49489504,1.0262756,-0.26535034,-0.84402466,-0.42484426000000003,-1.1830176,0.4260695,1.04953,-0.0057067870000000005,-0.57141113,-0.3011887,-1.3129098,0.22670649,1.3607788,0.3164673,-0.05661010700000001,-0.4228325,-1.3515207999999999,-0.068863645,1.6545105,0.40246582000000003,0.20333862,-0.66796005,-1.2863495,-0.12010704,1.783844,0.30044556,0.06878662,-0.8238548,-1.0672424,0.31392962,1.7489624,0.41339109999999996,0.37609863,-0.85735554,-1.1251066,0.20854351000000002,检查1变、2变高压侧进出线开关在分闸位置，开闭站201、202断路器在工作位置。
1.6152039,0.5416259999999999,-0.3583374,-0.69085383,-1.1705579,0.4869784,1.3898315,0.36834717,-0.49676514,-0.51721936,-1.1233379000000001,0.3004535,0.942749,0.06448364,-0.9592284999999999,-0.29124355,-0.9956904,0.44008303,0.9045105,-0.1329956,-1.065918,-0.34022593,-0.85258996,0.47963518,0.60128784,-0.6154175,-1.0221252,-0.2559688,-0.5149125999999999,0.3369426,0.60128784,-0.6154175,-1.0221252,-0.2559688,-0.5149125999999999,0.3369426,0.47738647,-0.9048461999999999,-1.3359985,-0.27040434,-0.32109082,0.6332905999999999,0.42404175,-1.147583,-1.1724854,-0.36178845,-0.14030826,0.46782863,0.55267334,-1.077301,-1.1546326,-0.48518568,-0.23398839999999999,0.45618165,0.72003174,-1.11969,-1.1586304,-0.60793173,-0.24339426,0.482485,0.9190674,-1.0479736,-1.1863708,-0.7346045,-0.38613329999999996,0.5525013,1.0191956,-0.97262573,-1.108551,-0.7586683,-0.51961154,0.52631277,1.0747375,-0.7067871,-0.9947815,-0.6655654999999999,-0.81603825,0.49489504,1.0262756,-0.26535034,-0.84402466,-0.42484426000000003,-1.1830176,0.4260695,1.04953,-0.0057067870000000005,-0.57141113,-0.3011887,-1.3129098,0.22670649,1.3607788,0.3164673,-0.05661010700000001,-0.4228325,-1.3515207999999999,-0.068863645,1.6545105,0.40246582000000003,0.20333862,-0.66796005,-1.2863495,-0.12010704,1.783844,0.30044556,0.06878662,-0.8238548,-1.0672424,0.31392962,1.7489624,0.41339109999999996,0.37609863,-0.85735554,-1.1251066,0.20854351000000002,1.8325806,0.2574768,0.8292846700000001,-0.99570996,-0.9362104,-0.15188129,检查1变、2变高压侧进出线开关在分闸位置，开闭站201、202断路器在工作位置。
1.3898315,0.36834717,-0.49676514,-0.51721936,-1.1233379000000001,0.3004535,0.942749,0.06448364,-0.9592284999999999,-0.29124355,-0.9956904,0.44008303,0.9045105,-0.1329956,-1.065918,-0.34022593,-0.85258996,0.47963518,0.60128784,-0.6154175,-1.0221252,-0.2559688,-0.5149125999999999,0.3369426,0.60128784,-0.6154175,-1.0221252,-0.2559688,-0.5149125999999999,0.3369426,0.47738647,-0.9048461999999999,-1.3359985,-0.27040434,-0.32109082,0.6332905999999999,0.42404175,-1.147583,-1.1724854,-0.36178845,-0.14030826,0.46782863,0.55267334,-1.077301,-1.1546326,-0.48518568,-0.23398839999999999,0.45618165,0.72003174,-1.11969,-1.1586304,-0.60793173,-0.24339426,0.482485,0.9190674,-1.0479736,-1.1863708,-0.7346045,-0.38613329999999996,0.5525013,1.0191956,-0.97262573,-1.108551,-0.7586683,-0.51961154,0.52631277,1.0747375,-0.7067871,-0.9947815,-0.6655654999999999,-0.81603825,0.49489504,1.0262756,-0.26535034,-0.84402466,-0.42484426000000003,-1.1830176,0.4260695,1.04953,-0.0057067870000000005,-0.57141113,-0.3011887,-1.3129098,0.22670649,1.3607788,0.3164673,-0.05661010700000001,-0.4228325,-1.3515207999999999,-0.068863645,1.6545105,0.40246582000000003,0.20333862,-0.66796005,-1.2863495,-0.12010704,1.783844,0.30044556,0.06878662,-0.8238548,-1.0672424,0.31392962,1.7489624,0.41339109999999996,0.37609863,-0.85735554,-1.1251066,0.20854351000000002,1.8325806,0.2574768,0.8292846700000001,-0.99570996,-0.9362104,-0.15188129,1.8239136,0.29266357,0.8527832,-1.053883,-0.9547502999999999,-0.07927002,检查1变、2变高压侧进出线开关在分闸位置，开闭站201、202断路器在工作位置。
0.942749,0.06448364,-0.9592284999999999,-0.29124355,-0.9956904,0.44008303,0.9045105,-0.1329956,-1.065918,-0.34022593,-0.85258996,0.47963518,0.60128784,-0.6154175,-1.0221252,-0.2559688,-0.5149125999999999,0.3369426,0.60128784,-0.6154175,-1.0221252,-0.2559688,-0.5149125999999999,0.3369426,0.47738647,-0.9048461999999999,-1.3359985,-0.27040434,-0.32109082,0.6332905999999999,0.42404175,-1.147583,-1.1724854,-0.36178845,-0.14030826,0.46782863,0.55267334,-1.077301,-1.1546326,-0.48518568,-0.23398839999999999,0.45618165,0.72003174,-1.11969,-1.1586304,-0.60793173,-0.24339426,0.482485,0.9190674,-1.0479736,-1.1863708,-0.7346045,-0.38613329999999996,0.5525013,1.0191956,-0.97262573,-1.108551,-0.7586683,-0.51961154,0.52631277,1.0747375,-0.7067871,-0.9947815,-0.6655654999999999,-0.81603825,0.49489504,1.0262756,-0.26535034,-0.84402466,-0.42484426000000003,-1.1830176,0.4260695,1.04953,-0.0057067870000000005,-0.57141113,-0.3011887,-1.3129098,0.22670649,1.3607788,0.3164673,-0.05661010700000001,-0.4228325,-1.3515207999999999,-0.068863645,1.6545105,0.40246582000000003,0.20333862,-0.66796005,-1.2863495,-0.12010704,1.783844,0.30044556,0.06878662,-0.8238548,-1.0672424,0.31392962,1.7489624,0.41339109999999996,0.37609863,-0.85735554,-1.1251066,0.20854351000000002,1.8325806,0.2574768,0.8292846700000001,-0.99570996,-0.9362104,-0.15188129,1.8239136,0.29266357,0.8527832,-1.053883,-0.9547502999999999,-0.07927002,1.8953856999999998,0.42102049999999996,0.76361084,-1.1589806,-1.0731268,0.04586439,检查1变、2变高压侧进出线开关在分闸位置，开闭站201、202断路器在工作位置。
0.9045105,-0.1329956,-1.065918,-0.34022593,-0.85258996,0.47963518,0.60128784,-0.6154175,-1.0221252,-0.2559688,-0.5149125999999999,0.3369426,0.60128784,-0.6154175,-1.0221252,-0.2559688,-0.5149125999999999,0.3369426,0.47738647,-0.9048461999999999,-1.3359985,-0.27040434,-0.32109082,0.6332905999999999,0.42404175,-1.147583,-1.1724854,-0.36178845,-0.14030826,0.46782863,0.55267334,-1.077301,-1.1546326,-0.48518568,-0.23398839999999999,0.45618165,0.72003174,-1.11969,-1.1586304,-0.60793173,-0.24339426,0.482485,0.9190674,-1.0479736,-1.1863708,-0.7346045,-0.38613329999999996,0.5525013,1.0191956,-0.97262573,-1.108551,-0.7586683,-0.51961154,0.52631277,1.0747375,-0.7067871,-0.9947815,-0.6655654999999999,-0.81603825,0.49489504,1.0262756,-0.26535034,-0.84402466,-0.42484426000000003,-1.1830176,0.4260695,1.04953,-0.0057067870000000005,-0.57141113,-0.3011887,-1.3129098,0.22670649,1.3607788,0.3164673,-0.05661010700000001,-0.4228325,-1.3515207999999999,-0.068863645,1.6545105,0.40246582000000003,0.20333862,-0.66796005,-1.2863495,-0.12010704,1.783844,0.30044556,0.06878662,-0.8238548,-1.0672424,0.31392962,1.7489624,0.41339109999999996,0.37609863,-0.85735554,-1.1251066,0.20854351000000002,1.8325806,0.2574768,0.8292846700000001,-0.99570996,-0.9362104,-0.15188129,1.8239136,0.29266357,0.8527832,-1.053883,-0.9547502999999999,-0.07927002,1.8953856999999998,0.42102049999999996,0.76361084,-1.1589806,-1.0731268,0.04586439,1.9076537999999998,0.36108398,0.8515625,-1.1603326,-0.9882342,-0.07076497400000001,检查1变、2变高压侧进出线开关在分闸位置，开闭站201、202断路器在工作位置。
0.60128784,-0.6154175,-1.0221252,-0.2559688,-0.5149125999999999,0.3369426,0.60128784,-0.6154175,-1.0221252,-0.2559688,-0.5149125999999999,0.3369426,0.47738647,-0.9048461999999999,-1.3359985,-0.27040434,-0.32109082,0.6332905999999999,0.42404175,-1.147583,-1.1724854,-0.36178845,-0.14030826,0.46782863,0.55267334,-1.077301,-1.1546326,-0.48518568,-0.23398839999999999,0.45618165,0.72003174,-1.11969,-1.1586304,-0.60793173,-0.24339426,0.482485,0.9190674,-1.0479736,-1.1863708,-0.7346045,-0.38613329999999996,0.5525013,1.0191956,-0.97262573,-1.108551,-0.7586683,-0.51961154,0.52631277,1.0747375,-0.7067871,-0.9947815,-0.6655654999999999,-0.81603825,0.49489504,1.0262756,-0.26535034,-0.84402466,-0.42484426000000003,-1.1830176,0.4260695,1.04953,-0.0057067870000000005,-0.57141113,-0.3011887,-1.3129098,0.22670649,1.3607788,0.3164673,-0.05661010700000001,-0.4228325,-1.3515207999999999,-0.068863645,1.6545105,0.40246582000000003,0.20333862,-0.66796005,-1.2863495,-0.12010704,1.783844,0.30044556,0.06878662,-0.8238548,-1.0672424,0.31392962,1.7489624,0.41339109999999996,0.37609863,-0.85735554,-1.1251066,0.20854351000000002,1.8325806,0.2574768,0.8292846700000001,-0.99570996,-0.9362104,-0.15188129,1.8239136,0.29266357,0.8527832,-1.053883,-0.9547502999999999,-0.07927002,1.8953856999999998,0.42102049999999996,0.76361084,-1.1589806,-1.0731268,0.04586439,1.9076537999999998,0.36108398,0.8515625,-1.1603326,-0.9882342,-0.07076497400000001,1.7837524,0.47961426,0.6643066400000001,-0.99062675,-1.0694366,0.024303168,检查1变、2变高压侧进出线开关在分闸位置，开闭站201、202断路器在工作位置。
0.60128784,-0.6154175,-1.0221252,-0.2559688,-0.5149125999999999,0.3369426,0.47738647,-0.9048461999999999,-1.3359985,-0.27040434,-0.32109082,0.6332905999999999,0.42404175,-1.147583,-1.1724854,-0.36178845,-0.14030826,0.46782863,0.55267334,-1.077301,-1.1546326,-0.48518568,-0.23398839999999999,0.45618165,0.72003174,-1.11969,-1.1586304,-0.60793173,-0.24339426,0.482485,0.9190674,-1.0479736,-1.1863708,-0.7346045,-0.38613329999999996,0.5525013,1.0191956,-0.97262573,-1.108551,-0.7586683,-0.51961154,0.52631277,1.0747375,-0.7067871,-0.9947815,-0.6655654999999999,-0.81603825,0.49489504,1.0262756,-0.26535034,-0.84402466,-0.42484426000000003,-1.1830176,0.4260695,1.04953,-0.0057067870000000005,-0.57141113,-0.3011887,-1.3129098,0.22670649,1.3607788,0.3164673,-0.05661010700000001,-0.4228325,-1.3515207999999999,-0.068863645,1.6545105,0.40246582000000003,0.20333862,-0.66796005,-1.2863495,-0.12010704,1.783844,0.30044556,0.06878662,-0.8238548,-1.0672424,0.31392962,1.7489624,0.41339109999999996,0.37609863,-0.85735554,-1.1251066,0.20854351000000002,1.8325806,0.2574768,0.8292846700000001,-0.99570996,-0.9362104,-0.15188129,1.8239136,0.29266357,0.8527832,-1.053883,-0.9547502999999999,-0.07927002,1.8953856999999998,0.42102049999999996,0.76361084,-1.1589806,-1.0731268,0.04586439,1.9076537999999998,0.36108398,0.8515625,-1.1603326,-0.9882342,-0.07076497400000001,1.7837524,0.47961426,0.6643066400000001,-0.99062675,-1.0694366,0.024303168,1.557312,0.7306824,0.36395264,-0.7092347,-1.2701132,0.15870109999999998,检查1变、2变高压侧进出线开关在分闸位置，开闭站201、202断路器在工作位置。
0.47738647,-0.9048461999999999,-1.3359985,-0.27040434,-0.32109082,0.6332905999999999,0.42404175,-1.147583,-1.1724854,-0.36178845,-0.14030826,0.46782863,0.55267334,-1.077301,-1.1546326,-0.48518568,-0.23398839999999999,0.45618165,0.72003174,-1.11969,-1.1586304,-0.60793173,-0.24339426,0.482485,0.9190674,-1.0479736,-1.1863708,-0.7346045,-0.38613329999999996,0.5525013,1.0191956,-0.97262573,-1.108551,-0.7586683,-0.51961154,0.52631277,1.0747375,-0.7067871,-0.9947815,-0.6655654999999999,-0.81603825,0.49489504,1.0262756,-0.26535034,-0.84402466,-0.42484426000000003,-1.1830176,0.4260695,1.04953,-0.0057067870000000005,-0.57141113,-0.3011887,-1.3129098,0.22670649,1.3607788,0.3164673,-0.05661010700000001,-0.4228325,-1.3515207999999999,-0.068863645,1.6545105,0.40246582000000003,0.20333862,-0.66796005,-1.2863495,-0.12010704,1.783844,0.30044556,0.06878662,-0.8238548,-1.0672424,0.31392962,1.7489624,0.41339109999999996,0.37609863,-0.85735554,-1.1251066,0.20854351000000002,1.8325806,0.2574768,0.8292846700000001,-0.99570996,-0.9362104,-0.15188129,1.8239136,0.29266357,0.8527832,-1.053883,-0.9547502999999999,-0.07927002,1.8953856999999998,0.42102049999999996,0.76361084,-1.1589806,-1.0731268,0.04586439,1.9076537999999998,0.36108398,0.8515625,-1.1603326,-0.9882342,-0.07076497400000001,1.7837524,0.47961426,0.6643066400000001,-0.99062675,-1.0694366,0.024303168,1.557312,0.7306824,0.36395264,-0.7092347,-1.2701132,0.15870109999999998,1.3830261,1.0988464,-0.16156006,-0.51548415,-1.5997796,0.5082561999999999,检查1变、2变高压侧进出线开关在分闸位置，开闭站201、202断路器在工作位置。
0.42404175,-1.147583,-1.1724854,-0.36178845,-0.14030826,0.46782863,0.55267334,-1.077301,-1.1546326,-0.48518568,-0.23398839999999999,0.45618165,0.72003174,-1.11969,-1.1586304,-0.60793173,-0.24339426,0.482485,0.9190674,-1.0479736,-1.1863708,-0.7346045,-0.38613329999999996,0.5525013,1.0191956,-0.97262573,-1.108551,-0.7586683,-0.51961154,0.52631277,1.0747375,-0.7067871,-0.9947815,-0.6655654999999999,-0.81603825,0.49489504,1.0262756,-0.26535034,-0.84402466,-0.42484426000000003,-1.1830176,0.4260695,1.04953,-0.0057067870000000005,-0.57141113,-0.3011887,-1.3129098,0.22670649,1.3607788,0.3164673,-0.05661010700000001,-0.4228325,-1.3515207999999999,-0.068863645,1.6545105,0.40246582000000003,0.20333862,-0.66796005,-1.2863495,-0.12010704,1.783844,0.30044556,0.06878662,-0.8238548,-1.0672424,0.31392962,1.7489624,0.41339109999999996,0.37609863,-0.85735554,-1.1251066,0.20854351000000002,1.8325806,0.2574768,0.8292846700000001,-0.99570996,-0.9362104,-0.15188129,1.8239136,0.29266357,0.8527832,-1.053883,-0.9547502999999999,-0.07927002,1.8953856999999998,0.42102049999999996,0.76361084,-1.1589806,-1.0731268,0.04586439,1.9076537999999998,0.36108398,0.8515625,-1.1603326,-0.9882342,-0.07076497400000001,1.7837524,0.47961426,0.6643066400000001,-0.99062675,-1.0694366,0.024303168,1.557312,0.7306824,0.36395264,-0.7092347,-1.2701132,0.15870109999999998,1.3830261,1.0988464,-0.16156006,-0.51548415,-1.5997796,0.5082561999999999,1.2000427,0.9097594999999999,-0.342865,-0.38494402,-1.3453888,0.39659655,检查1变、2变高压侧进出线开关在分闸位置，开闭站201、202断路器在工作位置。
0.55267334,-1.077301,-1.1546326,-0.48518568,-0.23398839999999999,0.45618165,0.72003174,-1.11969,-1.1586304,-0.60793173,-0.24339426,0.482485,0.9190674,-1.0479736,-1.1863708,-0.7346045,-0.38613329999999996,0.5525013,1.0191956,-0.97262573,-1.108551,-0.7586683,-0.51961154,0.52631277,1.0747375,-0.7067871,-0.9947815,-0.6655654999999999,-0.81603825,0.49489504,1.0262756,-0.26535034,-0.84402466,-0.42484426000000003,-1.1830176,0.4260695,1.04953,-0.0057067870000000005,-0.57141113,-0.3011887,-1.3129098,0.22670649,1.3607788,0.3164673,-0.05661010700000001,-0.4228325,-1.3515207999999999,-0.068863645,1.6545105,0.40246582000000003,0.20333862,-0.66796005,-1.2863495,-0.12010704,1.783844,0.30044556,0.06878662,-0.8238548,-1.0672424,0.31392962,1.7489624,0.41339109999999996,0.37609863,-0.85735554,-1.1251066,0.20854351000000002,1.8325806,0.2574768,0.8292846700000001,-0.99570996,-0.9362104,-0.15188129,1.8239136,0.29266357,0.8527832,-1.053883,-0.9547502999999999,-0.07927002,1.8953856999999998,0.42102049999999996,0.76361084,-1.1589806,-1.0731268,0.04586439,1.9076537999999998,0.36108398,0.8515625,-1.1603326,-0.9882342,-0.07076497400000001,1.7837524,0.47961426,0.6643066400000001,-0.99062675,-1.0694366,0.024303168,1.557312,0.7306824,0.36395264,-0.7092347,-1.2701132,0.15870109999999998,1.3830261,1.0988464,-0.16156006,-0.51548415,-1.5997796,0.5082561999999999,1.2000427,0.9097594999999999,-0.342865,-0.38494402,-1.3453888,0.39659655,0.6274109,1.1929321,-0.43914795,0.06384969,-1.6061356999999998,0.22721885,检查1变、2变高压侧进出线开关在分闸位置，开闭站201、202断路器在工作位置。
0.72003174,-1.11969,-1.1586304,-0.60793173,-0.24339426,0.482485,0.9190674,-1.0479736,-1.1863708,-0.7346045,-0.38613329999999996,0.5525013,1.0191956,-0.97262573,-1.108551,-0.7586683,-0.51961154,0.52631277,1.0747375,-0.7067871,-0.9947815,-0.6655654999999999,-0.81603825,0.49489504,1.0262756,-0.26535034,-0.84402466,-0.42484426000000003,-1.1830176,0.4260695,1.04953,-0.0057067870000000005,-0.57141113,-0.3011887,-1.3129098,0.22670649,1.3607788,0.3164673,-0.05661010700000001,-0.4228325,-1.3515207999999999,-0.068863645,1.6545105,0.40246582000000003,0.20333862,-0.66796005,-1.2863495,-0.12010704,1.783844,0.30044556,0.06878662,-0.8238548,-1.0672424,0.31392962,1.7489624,0.41339109999999996,0.37609863,-0.85735554,-1.1251066,0.20854351000000002,1.8325806,0.2574768,0.8292846700000001,-0.99570996,-0.9362104,-0.15188129,1.8239136,0.29266357,0.8527832,-1.053883,-0.9547502999999999,-0.07927002,1.8953856999999998,0.42102049999999996,0.76361084,-1.1589806,-1.0731268,0.04586439,1.9076537999999998,0.36108398,0.8515625,-1.1603326,-0.9882342,-0.07076497400000001,1.7837524,0.47961426,0.6643066400000001,-0.99062675,-1.0694366,0.024303168,1.557312,0.7306824,0.36395264,-0.7092347,-1.2701132,0.15870109999999998,1.3830261,1.0988464,-0.16156006,-0.51548415,-1.5997796,0.5082561999999999,1.2000427,0.9097594999999999,-0.342865,-0.38494402,-1.3453888,0.39659655,0.6274109,1.1929321,-0.43914795,0.06384969,-1.6061356999999998,0.22721885,0.35519409999999996,0.8883667,-0.8612671,0.18368888,-1.3452283999999999,0.44820994000000003,检查1变、2变高压侧进出线开关在分闸位置，开闭站201、202断路器在工作位置。
0.9190674,-1.0479736,-1.1863708,-0.7346045,-0.38613329999999996,0.5525013,1.0191956,-0.97262573,-1.108551,-0.7586683,-0.51961154,0.52631277,1.0747375,-0.7067871,-0.9947815,-0.6655654999999999,-0.81603825,0.49489504,1.0262756,-0.26535034,-0.84402466,-0.42484426000000003,-1.1830176,0.4260695,1.04953,-0.0057067870000000005,-0.57141113,-0.3011887,-1.3129098,0.22670649,1.3607788,0.3164673,-0.05661010700000001,-0.4228325,-1.3515207999999999,-0.068863645,1.6545105,0.40246582000000003,0.20333862,-0.66796005,-1.2863495,-0.12010704,1.783844,0.30044556,0.06878662,-0.8238548,-1.0672424,0.31392962,1.7489624,0.41339109999999996,0.37609863,-0.85735554,-1.1251066,0.20854351000000002,1.8325806,0.2574768,0.8292846700000001,-0.99570996,-0.9362104,-0.15188129,1.8239136,0.29266357,0.8527832,-1.053883,-0.9547502999999999,-0.07927002,1.8953856999999998,0.42102049999999996,0.76361084,-1.1589806,-1.0731268,0.04586439,1.9076537999999998,0.36108398,0.8515625,-1.1603326,-0.9882342,-0.07076497400000001,1.7837524,0.47961426,0.6643066400000001,-0.99062675,-1.0694366,0.024303168,1.557312,0.7306824,0.36395264,-0.7092347,-1.2701132,0.15870109999999998,1.3830261,1.0988464,-0.16156006,-0.51548415,-1.5997796,0.5082561999999999,1.2000427,0.9097594999999999,-0.342865,-0.38494402,-1.3453888,0.39659655,0.6274109,1.1929321,-0.43914795,0.06384969,-1.6061356999999998,0.22721885,0.35519409999999996,0.8883667,-0.8612671,0.18368888,-1.3452283999999999,0.44820994000000003,0.42529297,0.10131836,-1.2132568,-0.0065101385,-0.6231512,0.6808389,检查1变、2变高压侧进出线开关在分闸位置，开闭站201、202断路器在工作位置。
1.0191956,-0.97262573,-1.108551,-0.7586683,-0.51961154,0.52631277,1.0747375,-0.7067871,-0.9947815,-0.6655654999999999,-0.81603825,0.49489504,1.0262756,-0.26535034,-0.84402466,-0.42484426000000003,-1.1830176,0.4260695,1.04953,-0.0057067870000000005,-0.57141113,-0.3011887,-1.3129098,0.22670649,1.3607788,0.3164673,-0.05661010700000001,-0.4228325,-1.3515207999999999,-0.068863645,1.6545105,0.40246582000000003,0.20333862,-0.66796005,-1.2863495,-0.12010704,1.783844,0.30044556,0.06878662,-0.8238548,-1.0672424,0.31392962,1.7489624,0.41339109999999996,0.37609863,-0.85735554,-1.1251066,0.20854351000000002,1.8325806,0.2574768,0.8292846700000001,-0.99570996,-0.9362104,-0.15188129,1.8239136,0.29266357,0.8527832,-1.053883,-0.9547502999999999,-0.07927002,1.8953856999999998,0.42102049999999996,0.76361084,-1.1589806,-1.0731268,0.04586439,1.9076537999999998,0.36108398,0.8515625,-1.1603326,-0.9882342,-0.07076497400000001,1.7837524,0.47961426,0.6643066400000001,-0.99062675,-1.0694366,0.024303168,1.557312,0.7306824,0.36395264,-0.7092347,-1.2701132,0.15870109999999998,1.3830261,1.0988464,-0.16156006,-0.51548415,-1.5997796,0.5082561999999999,1.2000427,0.9097594999999999,-0.342865,-0.38494402,-1.3453888,0.39659655,0.6274109,1.1929321,-0.43914795,0.06384969,-1.6061356999999998,0.22721885,0.35519409999999996,0.8883667,-0.8612671,0.18368888,-1.3452283999999999,0.44820994000000003,0.42529297,0.10131836,-1.2132568,-0.0065101385,-0.6231512,0.6808389,-0.09869385,0.23846436000000001,-1.1505737,0.37736857,-0.8720344999999999,0.5058964,检查1变、2变高压侧进出线开关在分闸位置，开闭站201、202断路器在工作位置。
1.0747375,-0.7067871,-0.9947815,-0.6655654999999999,-0.81603825,0.49489504,1.0262756,-0.26535034,-0.84402466,-0.42484426000000003,-1.1830176,0.4260695,1.04953,-0.0057067870000000005,-0.57141113,-0.3011887,-1.3129098,0.22670649,1.3607788,0.3164673,-0.05661010700000001,-0.4228325,-1.3515207999999999,-0.068863645,1.6545105,0.40246582000000003,0.20333862,-0.66796005,-1.2863495,-0.12010704,1.783844,0.30044556,0.06878662,-0.8238548,-1.0672424,0.31392962,1.7489624,0.41339109999999996,0.37609863,-0.85735554,-1.1251066,0.20854351000000002,1.8325806,0.2574768,0.8292846700000001,-0.99570996,-0.9362104,-0.15188129,1.8239136,0.29266357,0.8527832,-1.053883,-0.9547502999999999,-0.07927002,1.8953856999999998,0.42102049999999996,0.76361084,-1.1589806,-1.0731268,0.04586439,1.9076537999999998,0.36108398,0.8515625,-1.1603326,-0.9882342,-0.07076497400000001,1.7837524,0.47961426,0.6643066400000001,-0.99062675,-1.0694366,0.024303168,1.557312,0.7306824,0.36395264,-0.7092347,-1.2701132,0.15870109999999998,1.3830261,1.0988464,-0.16156006,-0.51548415,-1.5997796,0.5082561999999999,1.2000427,0.9097594999999999,-0.342865,-0.38494402,-1.3453888,0.39659655,0.6274109,1.1929321,-0.43914795,0.06384969,-1.6061356999999998,0.22721885,0.35519409999999996,0.8883667,-0.8612671,0.18368888,-1.3452283999999999,0.44820994000000003,0.42529297,0.10131836,-1.2132568,-0.0065101385,-0.6231512,0.6808389,-0.09869385,0.23846436000000001,-1.1505737,0.37736857,-0.8720344999999999,0.5058964,-0.10308838000000001,-0.6722716999999999,-1.5257263,0.25463199999999997,-0.0848012,0.81607985,检查1变、2变高压侧进出线开关在分闸位置，开闭站201、202断路器在工作位置。
1.0262756,-0.26535034,-0.84402466,-0.42484426000000003,-1.1830176,0.4260695,1.04953,-0.0057067870000000005,-0.57141113,-0.3011887,-1.3129098,0.22670649,1.3607788,0.3164673,-0.05661010700000001,-0.4228325,-1.3515207999999999,-0.068863645,1.6545105,0.40246582000000003,0.20333862,-0.66796005,-1.2863495,-0.12010704,1.783844,0.30044556,0.06878662,-0.8238548,-1.0672424,0.31392962,1.7489624,0.41339109999999996,0.37609863,-0.85735554,-1.1251066,0.20854351000000002,1.8325806,0.2574768,0.8292846700000001,-0.99570996,-0.9362104,-0.15188129,1.8239136,0.29266357,0.8527832,-1.053883,-0.9547502999999999,-0.07927002,1.8953856999999998,0.42102049999999996,0.76361084,-1.1589806,-1.0731268,0.04586439,1.9076537999999998,0.36108398,0.8515625,-1.1603326,-0.9882342,-0.07076497400000001,1.7837524,0.47961426,0.6643066400000001,-0.99062675,-1.0694366,0.024303168,1.557312,0.7306824,0.36395264,-0.7092347,-1.2701132,0.15870109999999998,1.3830261,1.0988464,-0.16156006,-0.51548415,-1.5997796,0.5082561999999999,1.2000427,0.9097594999999999,-0.342865,-0.38494402,-1.3453888,0.39659655,0.6274109,1.1929321,-0.43914795,0.06384969,-1.6061356999999998,0.22721885,0.35519409999999996,0.8883667,-0.8612671,0.18368888,-1.3452283999999999,0.44820994000000003,0.42529297,0.10131836,-1.2132568,-0.0065101385,-0.6231512,0.6808389,-0.09869385,0.23846436000000001,-1.1505737,0.37736857,-0.8720344999999999,0.5058964,-0.10308838000000001,-0.6722716999999999,-1.5257263,0.25463199999999997,-0.0848012,0.81607985,0.0049133300000000005,-0.49819946,-1.3700256,0.05450082,-0.29327226,0.64140964,检查1变、2变高压侧进出线开关在分闸位置，开闭站201、202断路器在工作位置。
1.04953,-0.0057067870000000005,-0.57141113,-0.3011887,-1.3129098,0.22670649,1.3607788,0.3164673,-0.05661010700000001,-0.4228325,-1.3515207999999999,-0.068863645,1.6545105,0.40246582000000003,0.20333862,-0.66796005,-1.2863495,-0.12010704,1.783844,0.30044556,0.06878662,-0.8238548,-1.0672424,0.31392962,1.7489624,0.41339109999999996,0.37609863,-0.85735554,-1.1251066,0.20854351000000002,1.8325806,0.2574768,0.8292846700000001,-0.99570996,-0.9362104,-0.15188129,1.8239136,0.29266357,0.8527832,-1.053883,-0.9547502999999999,-0.07927002,1.8953856999999998,0.42102049999999996,0.76361084,-1.1589806,-1.0731268,0.04586439,1.9076537999999998,0.36108398,0.8515625,-1.1603326,-0.9882342,-0.07076497400000001,1.7837524,0.47961426,0.6643066400000001,-0.99062675,-1.0694366,0.024303168,1.557312,0.7306824,0.36395264,-0.7092347,-1.2701132,0.15870109999999998,1.3830261,1.0988464,-0.16156006,-0.51548415,-1.5997796,0.5082561999999999,1.2000427,0.9097594999999999,-0.342865,-0.38494402,-1.3453888,0.39659655,0.6274109,1.1929321,-0.43914795,0.06384969,-1.6061356999999998,0.22721885,0.35519409999999996,0.8883667,-0.8612671,0.18368888,-1.3452283999999999,0.44820994000000003,0.42529297,0.10131836,-1.2132568,-0.0065101385,-0.6231512,0.6808389,-0.09869385,0.23846436000000001,-1.1505737,0.37736857,-0.8720344999999999,0.5058964,-0.10308838000000001,-0.6722716999999999,-1.5257263,0.25463199999999997,-0.0848012,0.81607985,0.0049133300000000005,-0.49819946,-1.3700256,0.05450082,-0.29327226,0.64140964,0.15399169999999998,-0.71936035,-1.3711853,-0.13969707,-0.06722665,0.64007264,检查1变、2变高压侧进出线开关在分闸位置，开闭站201、202断路器在工作位置。
1.3607788,0.3164673,-0.05661010700000001,-0.4228325,-1.3515207999999999,-0.068863645,1.6545105,0.40246582000000003,0.20333862,-0.66796005,-1.2863495,-0.12010704,1.783844,0.30044556,0.06878662,-0.8238548,-1.0672424,0.31392962,1.7489624,0.41339109999999996,0.37609863,-0.85735554,-1.1251066,0.20854351000000002,1.8325806,0.2574768,0.8292846700000001,-0.99570996,-0.9362104,-0.15188129,1.8239136,0.29266357,0.8527832,-1.053883,-0.9547502999999999,-0.07927002,1.8953856999999998,0.42102049999999996,0.76361084,-1.1589806,-1.0731268,0.04586439,1.9076537999999998,0.36108398,0.8515625,-1.1603326,-0.9882342,-0.07076497400000001,1.7837524,0.47961426,0.6643066400000001,-0.99062675,-1.0694366,0.024303168,1.557312,0.7306824,0.36395264,-0.7092347,-1.2701132,0.15870109999999998,1.3830261,1.0988464,-0.16156006,-0.51548415,-1.5997796,0.5082561999999999,1.2000427,0.9097594999999999,-0.342865,-0.38494402,-1.3453888,0.39659655,0.6274109,1.1929321,-0.43914795,0.06384969,-1.6061356999999998,0.22721885,0.35519409999999996,0.8883667,-0.8612671,0.18368888,-1.3452283999999999,0.44820994000000003,0.42529297,0.10131836,-1.2132568,-0.0065101385,-0.6231512,0.6808389,-0.09869385,0.23846436000000001,-1.1505737,0.37736857,-0.8720344999999999,0.5058964,-0.10308838000000001,-0.6722716999999999,-1.5257263,0.25463199999999997,-0.0848012,0.81607985,0.0049133300000000005,-0.49819946,-1.3700256,0.05450082,-0.29327226,0.64140964,0.15399169999999998,-0.71936035,-1.3711853,-0.13969707,-0.06722665,0.64007264,0.39663696,-0.42697144000000004,-1.3331298999999999,-0.39130664,-0.32527249999999996,0.6083742400000001,检查1变、2变高压侧进出线开关在分闸位置，开闭站201、202断路器在工作位置。
1.6545105,0.40246582000000003,0.20333862,-0.66796005,-1.2863495,-0.12010704,1.783844,0.30044556,0.06878662,-0.8238548,-1.0672424,0.31392962,1.7489624,0.41339109999999996,0.37609863,-0.85735554,-1.1251066,0.20854351000000002,1.8325806,0.2574768,0.8292846700000001,-0.99570996,-0.9362104,-0.15188129,1.8239136,0.29266357,0.8527832,-1.053883,-0.9547502999999999,-0.07927002,1.8953856999999998,0.42102049999999996,0.76361084,-1.1589806,-1.0731268,0.04586439,1.9076537999999998,0.36108398,0.8515625,-1.1603326,-0.9882342,-0.07076497400000001,1.7837524,0.47961426,0.6643066400000001,-0.99062675,-1.0694366,0.024303168,1.557312,0.7306824,0.36395264,-0.7092347,-1.2701132,0.15870109999999998,1.3830261,1.0988464,-0.16156006,-0.51548415,-1.5997796,0.5082561999999999,1.2000427,0.9097594999999999,-0.342865,-0.38494402,-1.3453888,0.39659655,0.6274109,1.1929321,-0.43914795,0.06384969,-1.6061356999999998,0.22721885,0.35519409999999996,0.8883667,-0.8612671,0.18368888,-1.3452283999999999,0.44820994000000003,0.42529297,0.10131836,-1.2132568,-0.0065101385,-0.6231512,0.6808389,-0.09869385,0.23846436000000001,-1.1505737,0.37736857,-0.8720344999999999,0.5058964,-0.10308838000000001,-0.6722716999999999,-1.5257263,0.25463199999999997,-0.0848012,0.81607985,0.0049133300000000005,-0.49819946,-1.3700256,0.05450082,-0.29327226,0.64140964,0.15399169999999998,-0.71936035,-1.3711853,-0.13969707,-0.06722665,0.64007264,0.39663696,-0.42697144000000004,-1.3331298999999999,-0.39130664,-0.32527249999999996,0.6083742400000001,0.5121155,-0.31851196,-1.4170837,-0.47592217000000003,-0.42943129999999996,0.6944659999999999,检查1变、2变高压侧进出线开关在分闸位置，开闭站201、202断路器在工作位置。
1.783844,0.30044556,0.06878662,-0.8238548,-1.0672424,0.31392962,1.7489624,0.41339109999999996,0.37609863,-0.85735554,-1.1251066,0.20854351000000002,1.8325806,0.2574768,0.8292846700000001,-0.99570996,-0.9362104,-0.15188129,1.8239136,0.29266357,0.8527832,-1.053883,-0.9547502999999999,-0.07927002,1.8953856999999998,0.42102049999999996,0.76361084,-1.1589806,-1.0731268,0.04586439,1.9076537999999998,0.36108398,0.8515625,-1.1603326,-0.9882342,-0.07076497400000001,1.7837524,0.47961426,0.6643066400000001,-0.99062675,-1.0694366,0.024303168,1.557312,0.7306824,0.36395264,-0.7092347,-1.2701132,0.15870109999999998,1.3830261,1.0988464,-0.16156006,-0.51548415,-1.5997796,0.5082561999999999,1.2000427,0.9097594999999999,-0.342865,-0.38494402,-1.3453888,0.39659655,0.6274109,1.1929321,-0.43914795,0.06384969,-1.6061356999999998,0.22721885,0.35519409999999996,0.8883667,-0.8612671,0.18368888,-1.3452283999999999,0.44820994000000003,0.42529297,0.10131836,-1.2132568,-0.0065101385,-0.6231512,0.6808389,-0.09869385,0.23846436000000001,-1.1505737,0.37736857,-0.8720344999999999,0.5058964,-0.10308838000000001,-0.6722716999999999,-1.5257263,0.25463199999999997,-0.0848012,0.81607985,0.0049133300000000005,-0.49819946,-1.3700256,0.05450082,-0.29327226,0.64140964,0.15399169999999998,-0.71936035,-1.3711853,-0.13969707,-0.06722665,0.64007264,0.39663696,-0.42697144000000004,-1.3331298999999999,-0.39130664,-0.32527249999999996,0.6083742400000001,0.5121155,-0.31851196,-1.4170837,-0.47592217000000003,-0.42943129999999996,0.6944659999999999,0.48501587,-0.27639769999999997,-1.3780823,-0.41942567000000003,-0.46651426,0.65818304,检查1变、2变高压侧进出线开关在分闸位置，开闭站201、202断路器在工作位置。
1.7489624,0.41339109999999996,0.37609863,-0.85735554,-1.1251066,0.20854351000000002,1.8325806,0.2574768,0.8292846700000001,-0.99570996,-0.9362104,-0.15188129,1.8239136,0.29266357,0.8527832,-1.053883,-0.9547502999999999,-0.07927002,1.8953856999999998,0.42102049999999996,0.76361084,-1.1589806,-1.0731268,0.04586439,1.9076537999999998,0.36108398,0.8515625,-1.1603326,-0.9882342,-0.07076497400000001,1.7837524,0.47961426,0.6643066400000001,-0.99062675,-1.0694366,0.024303168,1.557312,0.7306824,0.36395264,-0.7092347,-1.2701132,0.15870109999999998,1.3830261,1.0988464,-0.16156006,-0.51548415,-1.5997796,0.5082561999999999,1.2000427,0.9097594999999999,-0.342865,-0.38494402,-1.3453888,0.39659655,0.6274109,1.1929321,-0.43914795,0.06384969,-1.6061356999999998,0.22721885,0.35519409999999996,0.8883667,-0.8612671,0.18368888,-1.3452283999999999,0.44820994000000003,0.42529297,0.10131836,-1.2132568,-0.0065101385,-0.6231512,0.6808389,-0.09869385,0.23846436000000001,-1.1505737,0.37736857,-0.8720344999999999,0.5058964,-0.10308838000000001,-0.6722716999999999,-1.5257263,0.25463199999999997,-0.0848012,0.81607985,0.0049133300000000005,-0.49819946,-1.3700256,0.05450082,-0.29327226,0.64140964,0.15399169999999998,-0.71936035,-1.3711853,-0.13969707,-0.06722665,0.64007264,0.39663696,-0.42697144000000004,-1.3331298999999999,-0.39130664,-0.32527249999999996,0.6083742400000001,0.5121155,-0.31851196,-1.4170837,-0.47592217000000003,-0.42943129999999996,0.6944659999999999,0.48501587,-0.27639769999999997,-1.3780823,-0.41942567000000003,-0.46651426,0.65818304,0.5889282,0.23727417,-1.2180481,-0.39159328,-0.91652966,0.53440076,检查1变、2变高压侧进出线开关在分闸位置，开闭站201、202断路器在工作位置。
1.8325806,0.2574768,0.8292846700000001,-0.99570996,-0.9362104,-0.15188129,1.8239136,0.29266357,0.8527832,-1.053883,-0.9547502999999999,-0.07927002,1.8953856999999998,0.42102049999999996,0.76361084,-1.1589806,-1.0731268,0.04586439,1.9076537999999998,0.36108398,0.8515625,-1.1603326,-0.9882342,-0.07076497400000001,1.7837524,0.47961426,0.6643066400000001,-0.99062675,-1.0694366,0.024303168,1.557312,0.7306824,0.36395264,-0.7092347,-1.2701132,0.15870109999999998,1.3830261,1.0988464,-0.16156006,-0.51548415,-1.5997796,0.5082561999999999,1.2000427,0.9097594999999999,-0.342865,-0.38494402,-1.3453888,0.39659655,0.6274109,1.1929321,-0.43914795,0.06384969,-1.6061356999999998,0.22721885,0.35519409999999996,0.8883667,-0.8612671,0.18368888,-1.3452283999999999,0.44820994000000003,0.42529297,0.10131836,-1.2132568,-0.0065101385,-0.6231512,0.6808389,-0.09869385,0.23846436000000001,-1.1505737,0.37736857,-0.8720344999999999,0.5058964,-0.10308838000000001,-0.6722716999999999,-1.5257263,0.25463199999999997,-0.0848012,0.81607985,0.0049133300000000005,-0.49819946,-1.3700256,0.05450082,-0.29327226,0.64140964,0.15399169999999998,-0.71936035,-1.3711853,-0.13969707,-0.06722665,0.64007264,0.39663696,-0.42697144000000004,-1.3331298999999999,-0.39130664,-0.32527249999999996,0.6083742400000001,0.5121155,-0.31851196,-1.4170837,-0.47592217000000003,-0.42943129999999996,0.6944659999999999,0.48501587,-0.27639769999999997,-1.3780823,-0.41942567000000003,-0.46651426,0.65818304,0.5889282,0.23727417,-1.2180481,-0.39159328,-0.91652966,0.53440076,0.64004517,0.5150757,-1.0364075,-0.35186148,-1.1480172,0.39204812,检查1变、2变高压侧进出线开关在分闸位置，开闭站201、202断路器在工作位置。
1.8239136,0.29266357,0.8527832,-1.053883,-0.9547502999999999,-0.07927002,1.8953856999999998,0.42102049999999996,0.76361084,-1.1589806,-1.0731268,0.04586439,1.9076537999999998,0.36108398,0.8515625,-1.1603326,-0.9882342,-0.07076497400000001,1.7837524,0.47961426,0.6643066400000001,-0.99062675,-1.0694366,0.024303168,1.557312,0.7306824,0.36395264,-0.7092347,-1.2701132,0.15870109999999998,1.3830261,1.0988464,-0.16156006,-0.51548415,-1.5997796,0.5082561999999999,1.2000427,0.9097594999999999,-0.342865,-0.38494402,-1.3453888,0.39659655,0.6274109,1.1929321,-0.43914795,0.06384969,-1.6061356999999998,0.22721885,0.35519409999999996,0.8883667,-0.8612671,0.18368888,-1.3452283999999999,0.44820994000000003,0.42529297,0.10131836,-1.2132568,-0.0065101385,-0.6231512,0.6808389,-0.09869385,0.23846436000000001,-1.1505737,0.37736857,-0.8720344999999999,0.5058964,-0.10308838000000001,-0.6722716999999999,-1.5257263,0.25463199999999997,-0.0848012,0.81607985,0.0049133300000000005,-0.49819946,-1.3700256,0.05450082,-0.29327226,0.64140964,0.15399169999999998,-0.71936035,-1.3711853,-0.13969707,-0.06722665,0.64007264,0.39663696,-0.42697144000000004,-1.3331298999999999,-0.39130664,-0.32527249999999996,0.6083742400000001,0.5121155,-0.31851196,-1.4170837,-0.47592217000000003,-0.42943129999999996,0.6944659999999999,0.48501587,-0.27639769999999997,-1.3780823,-0.41942567000000003,-0.46651426,0.65818304,0.5889282,0.23727417,-1.2180481,-0.39159328,-0.91652966,0.53440076,0.64004517,0.5150757,-1.0364075,-0.35186148,-1.1480172,0.39204812,0.6857300000000001,0.57611084,-0.9293518,-0.36451649999999997,-1.1932284,0.30131945,检查1变、2变高压侧进出线开关在分闸位置，开闭站201、202断路器在工作位置。
1.8953856999999998,0.42102049999999996,0.76361084,-1.1589806,-1.0731268,0.04586439,1.9076537999999998,0.36108398,0.8515625,-1.1603326,-0.9882342,-0.07076497400000001,1.7837524,0.47961426,0.6643066400000001,-0.99062675,-1.0694366,0.024303168,1.557312,0.7306824,0.36395264,-0.7092347,-1.2701132,0.15870109999999998,1.3830261,1.0988464,-0.16156006,-0.51548415,-1.5997796,0.5082561999999999,1.2000427,0.9097594999999999,-0.342865,-0.38494402,-1.3453888,0.39659655,0.6274109,1.1929321,-0.43914795,0.06384969,-1.6061356999999998,0.22721885,0.35519409999999996,0.8883667,-0.8612671,0.18368888,-1.3452283999999999,0.44820994000000003,0.42529297,0.10131836,-1.2132568,-0.0065101385,-0.6231512,0.6808389,-0.09869385,0.23846436000000001,-1.1505737,0.37736857,-0.8720344999999999,0.5058964,-0.10308838000000001,-0.6722716999999999,-1.5257263,0.25463199999999997,-0.0848012,0.81607985,0.0049133300000000005,-0.49819946,-1.3700256,0.05450082,-0.29327226,0.64140964,0.15399169999999998,-0.71936035,-1.3711853,-0.13969707,-0.06722665,0.64007264,0.39663696,-0.42697144000000004,-1.3331298999999999,-0.39130664,-0.32527249999999996,0.6083742400000001,0.5121155,-0.31851196,-1.4170837,-0.47592217000000003,-0.42943129999999996,0.6944659999999999,0.48501587,-0.27639769999999997,-1.3780823,-0.41942567000000003,-0.46651426,0.65818304,0.5889282,0.23727417,-1.2180481,-0.39159328,-0.91652966,0.53440076,0.64004517,0.5150757,-1.0364075,-0.35186148,-1.1480172,0.39204812,0.6857300000000001,0.57611084,-0.9293518,-0.36451649999999997,-1.1932284,0.30131945,0.8282776,0.81521606,-0.5324402,-0.35979486,-1.3638027,0.002221644,检查1变、2变高压侧进出线开关在分闸位置，开闭站201、202断路器在工作位置。
1.9076537999999998,0.36108398,0.8515625,-1.1603326,-0.9882342,-0.07076497400000001,1.7837524,0.47961426,0.6643066400000001,-0.99062675,-1.0694366,0.024303168,1.557312,0.7306824,0.36395264,-0.7092347,-1.2701132,0.15870109999999998,1.3830261,1.0988464,-0.16156006,-0.51548415,-1.5997796,0.5082561999999999,1.2000427,0.9097594999999999,-0.342865,-0.38494402,-1.3453888,0.39659655,0.6274109,1.1929321,-0.43914795,0.06384969,-1.6061356999999998,0.22721885,0.35519409999999996,0.8883667,-0.8612671,0.18368888,-1.3452283999999999,0.44820994000000003,0.42529297,0.10131836,-1.2132568,-0.0065101385,-0.6231512,0.6808389,-0.09869385,0.23846436000000001,-1.1505737,0.37736857,-0.8720344999999999,0.5058964,-0.10308838000000001,-0.6722716999999999,-1.5257263,0.25463199999999997,-0.0848012,0.81607985,0.0049133300000000005,-0.49819946,-1.3700256,0.05450082,-0.29327226,0.64140964,0.15399169999999998,-0.71936035,-1.3711853,-0.13969707,-0.06722665,0.64007264,0.39663696,-0.42697144000000004,-1.3331298999999999,-0.39130664,-0.32527249999999996,0.6083742400000001,0.5121155,-0.31851196,-1.4170837,-0.47592217000000003,-0.42943129999999996,0.6944659999999999,0.48501587,-0.27639769999999997,-1.3780823,-0.41942567000000003,-0.46651426,0.65818304,0.5889282,0.23727417,-1.2180481,-0.39159328,-0.91652966,0.53440076,0.64004517,0.5150757,-1.0364075,-0.35186148,-1.1480172,0.39204812,0.6857300000000001,0.57611084,-0.9293518,-0.36451649999999997,-1.1932284,0.30131945,0.8282776,0.81521606,-0.5324402,-0.35979486,-1.3638027,0.002221644,1.0534058,0.8020324999999999,-0.08312988,-0.38651586,-1.2261817,-0.18140848,检查1变、2变高压侧进出线开关在分闸位置，开闭站201、202断路器在工作位置。
1.7837524,0.47961426,0.6643066400000001,-0.99062675,-1.0694366,0.024303168,1.557312,0.7306824,0.36395264,-0.7092347,-1.2701132,0.15870109999999998,1.3830261,1.0988464,-0.16156006,-0.51548415,-1.5997796,0.5082561999999999,1.2000427,0.9097594999999999,-0.342865,-0.38494402,-1.3453888,0.39659655,0.6274109,1.1929321,-0.43914795,0.06384969,-1.6061356999999998,0.22721885,0.35519409999999996,0.8883667,-0.8612671,0.18368888,-1.3452283999999999,0.44820994000000003,0.42529297,0.10131836,-1.2132568,-0.0065101385,-0.6231512,0.6808389,-0.09869385,0.23846436000000001,-1.1505737,0.37736857,-0.8720344999999999,0.5058964,-0.10308838000000001,-0.6722716999999999,-1.5257263,0.25463199999999997,-0.0848012,0.81607985,0.0049133300000000005,-0.49819946,-1.3700256,0.05450082,-0.29327226,0.64140964,0.15399169999999998,-0.71936035,-1.3711853,-0.13969707,-0.06722665,0.64007264,0.39663696,-0.42697144000000004,-1.3331298999999999,-0.39130664,-0.32527249999999996,0.6083742400000001,0.5121155,-0.31851196,-1.4170837,-0.47592217000000003,-0.42943129999999996,0.6944659999999999,0.48501587,-0.27639769999999997,-1.3780823,-0.41942567000000003,-0.46651426,0.65818304,0.5889282,0.23727417,-1.2180481,-0.39159328,-0.91652966,0.53440076,0.64004517,0.5150757,-1.0364075,-0.35186148,-1.1480172,0.39204812,0.6857300000000001,0.57611084,-0.9293518,-0.36451649999999997,-1.1932284,0.30131945,0.8282776,0.81521606,-0.5324402,-0.35979486,-1.3638027,0.002221644,1.0534058,0.8020324999999999,-0.08312988,-0.38651586,-1.2261817,-0.18140848,1.116394,0.7969971,0.16384888,-0.39564145,-1.153794,-0.24538876,检查1变、2变高压侧进出线开关在分闸位置，开闭站201、202断路器在工作位置。
1.557312,0.7306824,0.36395264,-0.7092347,-1.2701132,0.15870109999999998,1.3830261,1.0988464,-0.16156006,-0.51548415,-1.5997796,0.5082561999999999,1.2000427,0.9097594999999999,-0.342865,-0.38494402,-1.3453888,0.39659655,0.6274109,1.1929321,-0.43914795,0.06384969,-1.6061356999999998,0.22721885,0.35519409999999996,0.8883667,-0.8612671,0.18368888,-1.3452283999999999,0.44820994000000003,0.42529297,0.10131836,-1.2132568,-0.0065101385,-0.6231512,0.6808389,-0.09869385,0.23846436000000001,-1.1505737,0.37736857,-0.8720344999999999,0.5058964,-0.10308838000000001,-0.6722716999999999,-1.5257263,0.25463199999999997,-0.0848012,0.81607985,0.0049133300000000005,-0.49819946,-1.3700256,0.05450082,-0.29327226,0.64140964,0.15399169999999998,-0.71936035,-1.3711853,-0.13969707,-0.06722665,0.64007264,0.39663696,-0.42697144000000004,-1.3331298999999999,-0.39130664,-0.32527249999999996,0.6083742400000001,0.5121155,-0.31851196,-1.4170837,-0.47592217000000003,-0.42943129999999996,0.6944659999999999,0.48501587,-0.27639769999999997,-1.3780823,-0.41942567000000003,-0.46651426,0.65818304,0.5889282,0.23727417,-1.2180481,-0.39159328,-0.91652966,0.53440076,0.64004517,0.5150757,-1.0364075,-0.35186148,-1.1480172,0.39204812,0.6857300000000001,0.57611084,-0.9293518,-0.36451649999999997,-1.1932284,0.30131945,0.8282776,0.81521606,-0.5324402,-0.35979486,-1.3638027,0.002221644,1.0534058,0.8020324999999999,-0.08312988,-0.38651586,-1.2261817,-0.18140848,1.116394,0.7969971,0.16384888,-0.39564145,-1.153794,-0.24538876,1.3157043,0.8865050999999999,0.40396118000000003,-0.6217224,-1.1449645,-0.16027702,检查1变、2变高压侧进出线开关在分闸位置，开闭站201、202断路器在工作位置。
1.3830261,1.0988464,-0.16156006,-0.51548415,-1.5997796,0.5082561999999999,1.2000427,0.9097594999999999,-0.342865,-0.38494402,-1.3453888,0.39659655,0.6274109,1.1929321,-0.43914795,0.06384969,-1.6061356999999998,0.22721885,0.35519409999999996,0.8883667,-0.8612671,0.18368888,-1.3452283999999999,0.44820994000000003,0.42529297,0.10131836,-1.2132568,-0.0065101385,-0.6231512,0.6808389,-0.09869385,0.23846436000000001,-1.1505737,0.37736857,-0.8720344999999999,0.5058964,-0.10308838000000001,-0.6722716999999999,-1.5257263,0.25463199999999997,-0.0848012,0.81607985,0.0049133300000000005,-0.49819946,-1.3700256,0.05450082,-0.29327226,0.64140964,0.15399169999999998,-0.71936035,-1.3711853,-0.13969707,-0.06722665,0.64007264,0.39663696,-0.42697144000000004,-1.3331298999999999,-0.39130664,-0.32527249999999996,0.6083742400000001,0.5121155,-0.31851196,-1.4170837,-0.47592217000000003,-0.42943129999999996,0.6944659999999999,0.48501587,-0.27639769999999997,-1.3780823,-0.41942567000000003,-0.46651426,0.65818304,0.5889282,0.23727417,-1.2180481,-0.39159328,-0.91652966,0.53440076,0.64004517,0.5150757,-1.0364075,-0.35186148,-1.1480172,0.39204812,0.6857300000000001,0.57611084,-0.9293518,-0.36451649999999997,-1.1932284,0.30131945,0.8282776,0.81521606,-0.5324402,-0.35979486,-1.3638027,0.002221644,1.0534058,0.8020324999999999,-0.08312988,-0.38651586,-1.2261817,-0.18140848,1.116394,0.7969971,0.16384888,-0.39564145,-1.153794,-0.24538876,1.3157043,0.8865050999999999,0.40396118000000003,-0.6217224,-1.1449645,-0.16027702,1.472992,0.77227783,0.658844,-0.8352769600000001,-0.9984474999999999,-0.26405649999999997,检查1变、2变高压侧进出线开关在分闸位置，开闭站201、202断路器在工作位置。
1.2000427,0.9097594999999999,-0.342865,-0.38494402,-1.3453888,0.39659655,0.6274109,1.1929321,-0.43914795,0.06384969,-1.6061356999999998,0.22721885,0.35519409999999996,0.8883667,-0.8612671,0.18368888,-1.3452283999999999,0.44820994000000003,0.42529297,0.10131836,-1.2132568,-0.0065101385,-0.6231512,0.6808389,-0.09869385,0.23846436000000001,-1.1505737,0.37736857,-0.8720344999999999,0.5058964,-0.10308838000000001,-0.6722716999999999,-1.5257263,0.25463199999999997,-0.0848012,0.81607985,0.0049133300000000005,-0.49819946,-1.3700256,0.05450082,-0.29327226,0.64140964,0.15399169999999998,-0.71936035,-1.3711853,-0.13969707,-0.06722665,0.64007264,0.39663696,-0.42697144000000004,-1.3331298999999999,-0.39130664,-0.32527249999999996,0.6083742400000001,0.5121155,-0.31851196,-1.4170837,-0.47592217000000003,-0.42943129999999996,0.6944659999999999,0.48501587,-0.27639769999999997,-1.3780823,-0.41942567000000003,-0.46651426,0.65818304,0.5889282,0.23727417,-1.2180481,-0.39159328,-0.91652966,0.53440076,0.64004517,0.5150757,-1.0364075,-0.35186148,-1.1480172,0.39204812,0.6857300000000001,0.57611084,-0.9293518,-0.36451649999999997,-1.1932284,0.30131945,0.8282776,0.81521606,-0.5324402,-0.35979486,-1.3638027,0.002221644,1.0534058,0.8020324999999999,-0.08312988,-0.38651586,-1.2261817,-0.18140848,1.116394,0.7969971,0.16384888,-0.39564145,-1.153794,-0.24538876,1.3157043,0.8865050999999999,0.40396118000000003,-0.6217224,-1.1449645,-0.16027702,1.472992,0.77227783,0.658844,-0.8352769600000001,-0.9984474999999999,-0.26405649999999997,1.5515442,0.81918335,0.8074340999999999,-0.98369205,-1.0393484,-0.26231867000000003,检查1变、2变高压侧进出线开关在分闸位置，开闭站201、202断路器在工作位置。
0.6274109,1.1929321,-0.43914795,0.06384969,-1.6061356999999998,0.22721885,0.35519409999999996,0.8883667,-0.8612671,0.18368888,-1.3452283999999999,0.44820994000000003,0.42529297,0.10131836,-1.2132568,-0.0065101385,-0.6231512,0.6808389,-0.09869385,0.23846436000000001,-1.1505737,0.37736857,-0.8720344999999999,0.5058964,-0.10308838000000001,-0.6722716999999999,-1.5257263,0.25463199999999997,-0.0848012,0.81607985,0.0049133300000000005,-0.49819946,-1.3700256,0.05450082,-0.29327226,0.64140964,0.15399169999999998,-0.71936035,-1.3711853,-0.13969707,-0.06722665,0.64007264,0.39663696,-0.42697144000000004,-1.3331298999999999,-0.39130664,-0.32527249999999996,0.6083742400000001,0.5121155,-0.31851196,-1.4170837,-0.47592217000000003,-0.42943129999999996,0.6944659999999999,0.48501587,-0.27639769999999997,-1.3780823,-0.41942567000000003,-0.46651426,0.65818304,0.5889282,0.23727417,-1.2180481,-0.39159328,-0.91652966,0.53440076,0.64004517,0.5150757,-1.0364075,-0.35186148,-1.1480172,0.39204812,0.6857300000000001,0.57611084,-0.9293518,-0.36451649999999997,-1.1932284,0.30131945,0.8282776,0.81521606,-0.5324402,-0.35979486,-1.3638027,0.002221644,1.0534058,0.8020324999999999,-0.08312988,-0.38651586,-1.2261817,-0.18140848,1.116394,0.7969971,0.16384888,-0.39564145,-1.153794,-0.24538876,1.3157043,0.8865050999999999,0.40396118000000003,-0.6217224,-1.1449645,-0.16027702,1.472992,0.77227783,0.658844,-0.8352769600000001,-0.9984474999999999,-0.26405649999999997,1.5515442,0.81918335,0.8074340999999999,-0.98369205,-1.0393484,-0.26231867000000003,1.578064,0.7970581,0.8337097,-1.0111777,-1.0202458,-0.28008586,检查1变、2变高压侧进出线开关在分闸位置，开闭站201、202断路器在工作位置。
0.35519409999999996,0.8883667,-0.8612671,0.18368888,-1.3452283999999999,0.44820994000000003,0.42529297,0.10131836,-1.2132568,-0.0065101385,-0.6231512,0.6808389,-0.09869385,0.23846436000000001,-1.1505737,0.37736857,-0.8720344999999999,0.5058964,-0.10308838000000001,-0.6722716999999999,-1.5257263,0.25463199999999997,-0.0848012,0.81607985,0.0049133300000000005,-0.49819946,-1.3700256,0.05450082,-0.29327226,0.64140964,0.15399169999999998,-0.71936035,-1.3711853,-0.13969707,-0.06722665,0.64007264,0.39663696,-0.42697144000000004,-1.3331298999999999,-0.39130664,-0.32527249999999996,0.6083742400000001,0.5121155,-0.31851196,-1.4170837,-0.47592217000000003,-0.42943129999999996,0.6944659999999999,0.48501587,-0.27639769999999997,-1.3780823,-0.41942567000000003,-0.46651426,0.65818304,0.5889282,0.23727417,-1.2180481,-0.39159328,-0.91652966,0.53440076,0.64004517,0.5150757,-1.0364075,-0.35186148,-1.1480172,0.39204812,0.6857300000000001,0.57611084,-0.9293518,-0.36451649999999997,-1.1932284,0.30131945,0.8282776,0.81521606,-0.5324402,-0.35979486,-1.3638027,0.002221644,1.0534058,0.8020324999999999,-0.08312988,-0.38651586,-1.2261817,-0.18140848,1.116394,0.7969971,0.16384888,-0.39564145,-1.153794,-0.24538876,1.3157043,0.8865050999999999,0.40396118000000003,-0.6217224,-1.1449645,-0.16027702,1.472992,0.77227783,0.658844,-0.8352769600000001,-0.9984474999999999,-0.26405649999999997,1.5515442,0.81918335,0.8074340999999999,-0.98369205,-1.0393484,-0.26231867000000003,1.578064,0.7970581,0.8337097,-1.0111777,-1.0202458,-0.28008586,1.5544739,0.87145996,0.7039489999999999,-0.96281326,-1.0992306,-0.18940176,检查1变、2变高压侧进出线开关在分闸位置，开闭站201、202断路器在工作位置。
0.42529297,0.10131836,-1.2132568,-0.0065101385,-0.6231512,0.6808389,-0.09869385,0.23846436000000001,-1.1505737,0.37736857,-0.8720344999999999,0.5058964,-0.10308838000000001,-0.6722716999999999,-1.5257263,0.25463199999999997,-0.0848012,0.81607985,0.0049133300000000005,-0.49819946,-1.3700256,0.05450082,-0.29327226,0.64140964,0.15399169999999998,-0.71936035,-1.3711853,-0.13969707,-0.06722665,0.64007264,0.39663696,-0.42697144000000004,-1.3331298999999999,-0.39130664,-0.32527249999999996,0.6083742400000001,0.5121155,-0.31851196,-1.4170837,-0.47592217000000003,-0.42943129999999996,0.6944659999999999,0.48501587,-0.27639769999999997,-1.3780823,-0.41942567000000003,-0.46651426,0.65818304,0.5889282,0.23727417,-1.2180481,-0.39159328,-0.91652966,0.53440076,0.64004517,0.5150757,-1.0364075,-0.35186148,-1.1480172,0.39204812,0.6857300000000001,0.57611084,-0.9293518,-0.36451649999999997,-1.1932284,0.30131945,0.8282776,0.81521606,-0.5324402,-0.35979486,-1.3638027,0.002221644,1.0534058,0.8020324999999999,-0.08312988,-0.38651586,-1.2261817,-0.18140848,1.116394,0.7969971,0.16384888,-0.39564145,-1.153794,-0.24538876,1.3157043,0.8865050999999999,0.40396118000000003,-0.6217224,-1.1449645,-0.16027702,1.472992,0.77227783,0.658844,-0.8352769600000001,-0.9984474999999999,-0.26405649999999997,1.5515442,0.81918335,0.8074340999999999,-0.98369205,-1.0393484,-0.26231867000000003,1.578064,0.7970581,0.8337097,-1.0111777,-1.0202458,-0.28008586,1.5544739,0.87145996,0.7039489999999999,-0.96281326,-1.0992306,-0.18940176,1.4389037999999998,0.70758057,0.2713318,-0.8049029,-0.9370204999999999,0.123801515,检查1变、2变高压侧进出线开关在分闸位置，开闭站201、202断路器在工作位置。
-0.09869385,0.23846436000000001,-1.1505737,0.37736857,-0.8720344999999999,0.5058964,-0.10308838000000001,-0.6722716999999999,-1.5257263,0.25463199999999997,-0.0848012,0.81607985,0.0049133300000000005,-0.49819946,-1.3700256,0.05450082,-0.29327226,0.64140964,0.15399169999999998,-0.71936035,-1.3711853,-0.13969707,-0.06722665,0.64007264,0.39663696,-0.42697144000000004,-1.3331298999999999,-0.39130664,-0.32527249999999996,0.6083742400000001,0.5121155,-0.31851196,-1.4170837,-0.47592217000000003,-0.42943129999999996,0.6944659999999999,0.48501587,-0.27639769999999997,-1.3780823,-0.41942567000000003,-0.46651426,0.65818304,0.5889282,0.23727417,-1.2180481,-0.39159328,-0.91652966,0.53440076,0.64004517,0.5150757,-1.0364075,-0.35186148,-1.1480172,0.39204812,0.6857300000000001,0.57611084,-0.9293518,-0.36451649999999997,-1.1932284,0.30131945,0.8282776,0.81521606,-0.5324402,-0.35979486,-1.3638027,0.002221644,1.0534058,0.8020324999999999,-0.08312988,-0.38651586,-1.2261817,-0.18140848,1.116394,0.7969971,0.16384888,-0.39564145,-1.153794,-0.24538876,1.3157043,0.8865050999999999,0.40396118000000003,-0.6217224,-1.1449645,-0.16027702,1.472992,0.77227783,0.658844,-0.8352769600000001,-0.9984474999999999,-0.26405649999999997,1.5515442,0.81918335,0.8074340999999999,-0.98369205,-1.0393484,-0.26231867000000003,1.578064,0.7970581,0.8337097,-1.0111777,-1.0202458,-0.28008586,1.5544739,0.87145996,0.7039489999999999,-0.96281326,-1.0992306,-0.18940176,1.4389037999999998,0.70758057,0.2713318,-0.8049029,-0.9370204999999999,0.123801515,1.2527466,0.74121094,-0.09881592,-0.6181386999999999,-0.95961463,0.39932399999999996,检查1变、2变高压侧进出线开关在分闸位置，开闭站201、202断路器在工作位置。
-0.10308838000000001,-0.6722716999999999,-1.5257263,0.25463199999999997,-0.0848012,0.81607985,0.0049133300000000005,-0.49819946,-1.3700256,0.05450082,-0.29327226,0.64140964,0.15399169999999998,-0.71936035,-1.3711853,-0.13969707,-0.06722665,0.64007264,0.39663696,-0.42697144000000004,-1.3331298999999999,-0.39130664,-0.32527249999999996,0.6083742400000001,0.5121155,-0.31851196,-1.4170837,-0.47592217000000003,-0.42943129999999996,0.6944659999999999,0.48501587,-0.27639769999999997,-1.3780823,-0.41942567000000003,-0.46651426,0.65818304,0.5889282,0.23727417,-1.2180481,-0.39159328,-0.91652966,0.53440076,0.64004517,0.5150757,-1.0364075,-0.35186148,-1.1480172,0.39204812,0.6857300000000001,0.57611084,-0.9293518,-0.36451649999999997,-1.1932284,0.30131945,0.8282776,0.81521606,-0.5324402,-0.35979486,-1.3638027,0.002221644,1.0534058,0.8020324999999999,-0.08312988,-0.38651586,-1.2261817,-0.18140848,1.116394,0.7969971,0.16384888,-0.39564145,-1.153794,-0.24538876,1.3157043,0.8865050999999999,0.40396118000000003,-0.6217224,-1.1449645,-0.16027702,1.472992,0.77227783,0.658844,-0.8352769600000001,-0.9984474999999999,-0.26405649999999997,1.5515442,0.81918335,0.8074340999999999,-0.98369205,-1.0393484,-0.26231867000000003,1.578064,0.7970581,0.8337097,-1.0111777,-1.0202458,-0.28008586,1.5544739,0.87145996,0.7039489999999999,-0.96281326,-1.0992306,-0.18940176,1.4389037999999998,0.70758057,0.2713318,-0.8049029,-0.9370204999999999,0.123801515,1.2527466,0.74121094,-0.09881592,-0.6181386999999999,-0.95961463,0.39932399999999996,1.151886,0.4382019,-0.19348145,-0.56965214,-0.62020135,0.31089574000000003,检查1变、2变高压侧进出线开关在分闸位置，开闭站201、202断路器在工作位置。
0.0049133300000000005,-0.49819946,-1.3700256,0.05450082,-0.29327226,0.64140964,0.15399169999999998,-0.71936035,-1.3711853,-0.13969707,-0.06722665,0.64007264,0.39663696,-0.42697144000000004,-1.3331298999999999,-0.39130664,-0.32527249999999996,0.6083742400000001,0.5121155,-0.31851196,-1.4170837,-0.47592217000000003,-0.42943129999999996,0.6944659999999999,0.48501587,-0.27639769999999997,-1.3780823,-0.41942567000000003,-0.46651426,0.65818304,0.5889282,0.23727417,-1.2180481,-0.39159328,-0.91652966,0.53440076,0.64004517,0.5150757,-1.0364075,-0.35186148,-1.1480172,0.39204812,0.6857300000000001,0.57611084,-0.9293518,-0.36451649999999997,-1.1932284,0.30131945,0.8282776,0.81521606,-0.5324402,-0.35979486,-1.3638027,0.002221644,1.0534058,0.8020324999999999,-0.08312988,-0.38651586,-1.2261817,-0.18140848,1.116394,0.7969971,0.16384888,-0.39564145,-1.153794,-0.24538876,1.3157043,0.8865050999999999,0.40396118000000003,-0.6217224,-1.1449645,-0.16027702,1.472992,0.77227783,0.658844,-0.8352769600000001,-0.9984474999999999,-0.26405649999999997,1.5515442,0.81918335,0.8074340999999999,-0.98369205,-1.0393484,-0.26231867000000003,1.578064,0.7970581,0.8337097,-1.0111777,-1.0202458,-0.28008586,1.5544739,0.87145996,0.7039489999999999,-0.96281326,-1.0992306,-0.18940176,1.4389037999999998,0.70758057,0.2713318,-0.8049029,-0.9370204999999999,0.123801515,1.2527466,0.74121094,-0.09881592,-0.6181386999999999,-0.95961463,0.39932399999999996,1.151886,0.4382019,-0.19348145,-0.56965214,-0.62020135,0.31089574000000003,0.50549316,0.9501953,-0.35733032000000003,-0.009695768,-1.1312932,0.2638635,检查1变、2变高压侧进出线开关在分闸位置，开闭站201、202断路器在工作位置。
0.15399169999999998,-0.71936035,-1.3711853,-0.13969707,-0.06722665,0.64007264,0.39663696,-0.42697144000000004,-1.3331298999999999,-0.39130664,-0.32527249999999996,0.6083742400000001,0.5121155,-0.31851196,-1.4170837,-0.47592217000000003,-0.42943129999999996,0.6944659999999999,0.48501587,-0.27639769999999997,-1.3780823,-0.41942567000000003,-0.46651426,0.65818304,0.5889282,0.23727417,-1.2180481,-0.39159328,-0.91652966,0.53440076,0.64004517,0.5150757,-1.0364075,-0.35186148,-1.1480172,0.39204812,0.6857300000000001,0.57611084,-0.9293518,-0.36451649999999997,-1.1932284,0.30131945,0.8282776,0.81521606,-0.5324402,-0.35979486,-1.3638027,0.002221644,1.0534058,0.8020324999999999,-0.08312988,-0.38651586,-1.2261817,-0.18140848,1.116394,0.7969971,0.16384888,-0.39564145,-1.153794,-0.24538876,1.3157043,0.8865050999999999,0.40396118000000003,-0.6217224,-1.1449645,-0.16027702,1.472992,0.77227783,0.658844,-0.8352769600000001,-0.9984474999999999,-0.26405649999999997,1.5515442,0.81918335,0.8074340999999999,-0.98369205,-1.0393484,-0.26231867000000003,1.578064,0.7970581,0.8337097,-1.0111777,-1.0202458,-0.28008586,1.5544739,0.87145996,0.7039489999999999,-0.96281326,-1.0992306,-0.18940176,1.4389037999999998,0.70758057,0.2713318,-0.8049029,-0.9370204999999999,0.123801515,1.2527466,0.74121094,-0.09881592,-0.6181386999999999,-0.95961463,0.39932399999999996,1.151886,0.4382019,-0.19348145,-0.56965214,-0.62020135,0.31089574000000003,0.50549316,0.9501953,-0.35733032000000003,-0.009695768,-1.1312932,0.2638635,0.28479004,0.5775757,-1.0332642,0.11458194000000001,-0.8024571500000001,0.7759534,检查1变、2变高压侧进出线开关在分闸位置，开闭站201、202断路器在工作位置。
0.39663696,-0.42697144000000004,-1.3331298999999999,-0.39130664,-0.32527249999999996,0.6083742400000001,0.5121155,-0.31851196,-1.4170837,-0.47592217000000003,-0.42943129999999996,0.6944659999999999,0.48501587,-0.27639769999999997,-1.3780823,-0.41942567000000003,-0.46651426,0.65818304,0.5889282,0.23727417,-1.2180481,-0.39159328,-0.91652966,0.53440076,0.64004517,0.5150757,-1.0364075,-0.35186148,-1.1480172,0.39204812,0.6857300000000001,0.57611084,-0.9293518,-0.36451649999999997,-1.1932284,0.30131945,0.8282776,0.81521606,-0.5324402,-0.35979486,-1.3638027,0.002221644,1.0534058,0.8020324999999999,-0.08312988,-0.38651586,-1.2261817,-0.18140848,1.116394,0.7969971,0.16384888,-0.39564145,-1.153794,-0.24538876,1.3157043,0.8865050999999999,0.40396118000000003,-0.6217224,-1.1449645,-0.16027702,1.472992,0.77227783,0.658844,-0.8352769600000001,-0.9984474999999999,-0.26405649999999997,1.5515442,0.81918335,0.8074340999999999,-0.98369205,-1.0393484,-0.26231867000000003,1.578064,0.7970581,0.8337097,-1.0111777,-1.0202458,-0.28008586,1.5544739,0.87145996,0.7039489999999999,-0.96281326,-1.0992306,-0.18940176,1.4389037999999998,0.70758057,0.2713318,-0.8049029,-0.9370204999999999,0.123801515,1.2527466,0.74121094,-0.09881592,-0.6181386999999999,-0.95961463,0.39932399999999996,1.151886,0.4382019,-0.19348145,-0.56965214,-0.62020135,0.31089574000000003,0.50549316,0.9501953,-0.35733032000000003,-0.009695768,-1.1312932,0.2638635,0.28479004,0.5775757,-1.0332642,0.11458194000000001,-0.8024571500000001,0.7759534,0.1581726,0.5159302,-1.4726563,0.10352719,-0.9138049500000001,0.9674105,检查1变、2变高压侧进出线开关在分闸位置，开闭站201、202断路器在工作位置。
0.5121155,-0.31851196,-1.4170837,-0.47592217000000003,-0.42943129999999996,0.6944659999999999,0.48501587,-0.27639769999999997,-1.3780823,-0.41942567000000003,-0.46651426,0.65818304,0.5889282,0.23727417,-1.2180481,-0.39159328,-0.91652966,0.53440076,0.64004517,0.5150757,-1.0364075,-0.35186148,-1.1480172,0.39204812,0.6857300000000001,0.57611084,-0.9293518,-0.36451649999999997,-1.1932284,0.30131945,0.8282776,0.81521606,-0.5324402,-0.35979486,-1.3638027,0.002221644,1.0534058,0.8020324999999999,-0.08312988,-0.38651586,-1.2261817,-0.18140848,1.116394,0.7969971,0.16384888,-0.39564145,-1.153794,-0.24538876,1.3157043,0.8865050999999999,0.40396118000000003,-0.6217224,-1.1449645,-0.16027702,1.472992,0.77227783,0.658844,-0.8352769600000001,-0.9984474999999999,-0.26405649999999997,1.5515442,0.81918335,0.8074340999999999,-0.98369205,-1.0393484,-0.26231867000000003,1.578064,0.7970581,0.8337097,-1.0111777,-1.0202458,-0.28008586,1.5544739,0.87145996,0.7039489999999999,-0.96281326,-1.0992306,-0.18940176,1.4389037999999998,0.70758057,0.2713318,-0.8049029,-0.9370204999999999,0.123801515,1.2527466,0.74121094,-0.09881592,-0.6181386999999999,-0.95961463,0.39932399999999996,1.151886,0.4382019,-0.19348145,-0.56965214,-0.62020135,0.31089574000000003,0.50549316,0.9501953,-0.35733032000000003,-0.009695768,-1.1312932,0.2638635,0.28479004,0.5775757,-1.0332642,0.11458194000000001,-0.8024571500000001,0.7759534,0.1581726,0.5159302,-1.4726563,0.10352719,-0.9138049500000001,0.9674105,-0.027770996000000003,-0.18630981,-1.3862305,0.22058773,-0.35243082000000003,0.7648073999999999,检查1变、2变高压侧进出线开关在分闸位置，开闭站201、202断路器在工作位置。
0.48501587,-0.27639769999999997,-1.3780823,-0.41942567000000003,-0.46651426,0.65818304,0.5889282,0.23727417,-1.2180481,-0.39159328,-0.91652966,0.53440076,0.64004517,0.5150757,-1.0364075,-0.35186148,-1.1480172,0.39204812,0.6857300000000001,0.57611084,-0.9293518,-0.36451649999999997,-1.1932284,0.30131945,0.8282776,0.81521606,-0.5324402,-0.35979486,-1.3638027,0.002221644,1.0534058,0.8020324999999999,-0.08312988,-0.38651586,-1.2261817,-0.18140848,1.116394,0.7969971,0.16384888,-0.39564145,-1.153794,-0.24538876,1.3157043,0.8865050999999999,0.40396118000000003,-0.6217224,-1.1449645,-0.16027702,1.472992,0.77227783,0.658844,-0.8352769600000001,-0.9984474999999999,-0.26405649999999997,1.5515442,0.81918335,0.8074340999999999,-0.98369205,-1.0393484,-0.26231867000000003,1.578064,0.7970581,0.8337097,-1.0111777,-1.0202458,-0.28008586,1.5544739,0.87145996,0.7039489999999999,-0.96281326,-1.0992306,-0.18940176,1.4389037999999998,0.70758057,0.2713318,-0.8049029,-0.9370204999999999,0.123801515,1.2527466,0.74121094,-0.09881592,-0.6181386999999999,-0.95961463,0.39932399999999996,1.151886,0.4382019,-0.19348145,-0.56965214,-0.62020135,0.31089574000000003,0.50549316,0.9501953,-0.35733032000000003,-0.009695768,-1.1312932,0.2638635,0.28479004,0.5775757,-1.0332642,0.11458194000000001,-0.8024571500000001,0.7759534,0.1581726,0.5159302,-1.4726563,0.10352719,-0.9138049500000001,0.9674105,-0.027770996000000003,-0.18630981,-1.3862305,0.22058773,-0.35243082000000003,0.7648073999999999,0.21426392,-0.45394897,-1.409729,-0.06463301,-0.21895337,0.72142947,检查1变、2变高压侧进出线开关在分闸位置，开闭站201、202断路器在工作位置。
0.5889282,0.23727417,-1.2180481,-0.39159328,-0.91652966,0.53440076,0.64004517,0.5150757,-1.0364075,-0.35186148,-1.1480172,0.39204812,0.6857300000000001,0.57611084,-0.9293518,-0.36451649999999997,-1.1932284,0.30131945,0.8282776,0.81521606,-0.5324402,-0.35979486,-1.3638027,0.002221644,1.0534058,0.8020324999999999,-0.08312988,-0.38651586,-1.2261817,-0.18140848,1.116394,0.7969971,0.16384888,-0.39564145,-1.153794,-0.24538876,1.3157043,0.8865050999999999,0.40396118000000003,-0.6217224,-1.1449645,-0.16027702,1.472992,0.77227783,0.658844,-0.8352769600000001,-0.9984474999999999,-0.26405649999999997,1.5515442,0.81918335,0.8074340999999999,-0.98369205,-1.0393484,-0.26231867000000003,1.578064,0.7970581,0.8337097,-1.0111777,-1.0202458,-0.28008586,1.5544739,0.87145996,0.7039489999999999,-0.96281326,-1.0992306,-0.18940176,1.4389037999999998,0.70758057,0.2713318,-0.8049029,-0.9370204999999999,0.123801515,1.2527466,0.74121094,-0.09881592,-0.6181386999999999,-0.95961463,0.39932399999999996,1.151886,0.4382019,-0.19348145,-0.56965214,-0.62020135,0.31089574000000003,0.50549316,0.9501953,-0.35733032000000003,-0.009695768,-1.1312932,0.2638635,0.28479004,0.5775757,-1.0332642,0.11458194000000001,-0.8024571500000001,0.7759534,0.1581726,0.5159302,-1.4726563,0.10352719,-0.9138049500000001,0.9674105,-0.027770996000000003,-0.18630981,-1.3862305,0.22058773,-0.35243082000000003,0.7648073999999999,0.21426392,-0.45394897,-1.409729,-0.06463301,-0.21895337,0.72142947,0.35565186,-0.50527954,-1.1869812,-0.24388397,-0.30289608,0.45490217,检查1变、2变高压侧进出线开关在分闸位置，开闭站201、202断路器在工作位置。
0.64004517,0.5150757,-1.0364075,-0.35186148,-1.1480172,0.39204812,0.6857300000000001,0.57611084,-0.9293518,-0.36451649999999997,-1.1932284,0.30131945,0.8282776,0.81521606,-0.5324402,-0.35979486,-1.3638027,0.002221644,1.0534058,0.8020324999999999,-0.08312988,-0.38651586,-1.2261817,-0.18140848,1.116394,0.7969971,0.16384888,-0.39564145,-1.153794,-0.24538876,1.3157043,0.8865050999999999,0.40396118000000003,-0.6217224,-1.1449645,-0.16027702,1.472992,0.77227783,0.658844,-0.8352769600000001,-0.9984474999999999,-0.26405649999999997,1.5515442,0.81918335,0.8074340999999999,-0.98369205,-1.0393484,-0.26231867000000003,1.578064,0.7970581,0.8337097,-1.0111777,-1.0202458,-0.28008586,1.5544739,0.87145996,0.7039489999999999,-0.96281326,-1.0992306,-0.18940176,1.4389037999999998,0.70758057,0.2713318,-0.8049029,-0.9370204999999999,0.123801515,1.2527466,0.74121094,-0.09881592,-0.6181386999999999,-0.95961463,0.39932399999999996,1.151886,0.4382019,-0.19348145,-0.56965214,-0.62020135,0.31089574000000003,0.50549316,0.9501953,-0.35733032000000003,-0.009695768,-1.1312932,0.2638635,0.28479004,0.5775757,-1.0332642,0.11458194000000001,-0.8024571500000001,0.7759534,0.1581726,0.5159302,-1.4726563,0.10352719,-0.9138049500000001,0.9674105,-0.027770996000000003,-0.18630981,-1.3862305,0.22058773,-0.35243082000000003,0.7648073999999999,0.21426392,-0.45394897,-1.409729,-0.06463301,-0.21895337,0.72142947,0.35565186,-0.50527954,-1.1869812,-0.24388397,-0.30289608,0.45490217,0.48791504,-0.5252685500000001,-1.0707092,-0.37754536,-0.35723937,0.32556814,检查1变、2变高压侧进出线开关在分闸位置，开闭站201、202断路器在工作位置。
0.6857300000000001,0.57611084,-0.9293518,-0.36451649999999997,-1.1932284,0.30131945,0.8282776,0.81521606,-0.5324402,-0.35979486,-1.3638027,0.002221644,1.0534058,0.8020324999999999,-0.08312988,-0.38651586,-1.2261817,-0.18140848,1.116394,0.7969971,0.16384888,-0.39564145,-1.153794,-0.24538876,1.3157043,0.8865050999999999,0.40396118000000003,-0.6217224,-1.1449645,-0.16027702,1.472992,0.77227783,0.658844,-0.8352769600000001,-0.9984474999999999,-0.26405649999999997,1.5515442,0.81918335,0.8074340999999999,-0.98369205,-1.0393484,-0.26231867000000003,1.578064,0.7970581,0.8337097,-1.0111777,-1.0202458,-0.28008586,1.5544739,0.87145996,0.7039489999999999,-0.96281326,-1.0992306,-0.18940176,1.4389037999999998,0.70758057,0.2713318,-0.8049029,-0.9370204999999999,0.123801515,1.2527466,0.74121094,-0.09881592,-0.6181386999999999,-0.95961463,0.39932399999999996,1.151886,0.4382019,-0.19348145,-0.56965214,-0.62020135,0.31089574000000003,0.50549316,0.9501953,-0.35733032000000003,-0.009695768,-1.1312932,0.2638635,0.28479004,0.5775757,-1.0332642,0.11458194000000001,-0.8024571500000001,0.7759534,0.1581726,0.5159302,-1.4726563,0.10352719,-0.9138049500000001,0.9674105,-0.027770996000000003,-0.18630981,-1.3862305,0.22058773,-0.35243082000000003,0.7648073999999999,0.21426392,-0.45394897,-1.409729,-0.06463301,-0.21895337,0.72142947,0.35565186,-0.50527954,-1.1869812,-0.24388397,-0.30289608,0.45490217,0.48791504,-0.5252685500000001,-1.0707092,-0.37754536,-0.35723937,0.32556814,0.4810791,-0.5000304999999999,-1.0723267,-0.35901606,-0.44638622,0.3239739,检查1变、2变高压侧进出线开关在分闸位置，开闭站201、202断路器在工作位置。
0.8282776,0.81521606,-0.5324402,-0.35979486,-1.3638027,0.002221644,1.0534058,0.8020324999999999,-0.08312988,-0.38651586,-1.2261817,-0.18140848,1.116394,0.7969971,0.16384888,-0.39564145,-1.153794,-0.24538876,1.3157043,0.8865050999999999,0.40396118000000003,-0.6217224,-1.1449645,-0.16027702,1.472992,0.77227783,0.658844,-0.8352769600000001,-0.9984474999999999,-0.26405649999999997,1.5515442,0.81918335,0.8074340999999999,-0.98369205,-1.0393484,-0.26231867000000003,1.578064,0.7970581,0.8337097,-1.0111777,-1.0202458,-0.28008586,1.5544739,0.87145996,0.7039489999999999,-0.96281326,-1.0992306,-0.18940176,1.4389037999999998,0.70758057,0.2713318,-0.8049029,-0.9370204999999999,0.123801515,1.2527466,0.74121094,-0.09881592,-0.6181386999999999,-0.95961463,0.39932399999999996,1.151886,0.4382019,-0.19348145,-0.56965214,-0.62020135,0.31089574000000003,0.50549316,0.9501953,-0.35733032000000003,-0.009695768,-1.1312932,0.2638635,0.28479004,0.5775757,-1.0332642,0.11458194000000001,-0.8024571500000001,0.7759534,0.1581726,0.5159302,-1.4726563,0.10352719,-0.9138049500000001,0.9674105,-0.027770996000000003,-0.18630981,-1.3862305,0.22058773,-0.35243082000000003,0.7648073999999999,0.21426392,-0.45394897,-1.409729,-0.06463301,-0.21895337,0.72142947,0.35565186,-0.50527954,-1.1869812,-0.24388397,-0.30289608,0.45490217,0.48791504,-0.5252685500000001,-1.0707092,-0.37754536,-0.35723937,0.32556814,0.4810791,-0.5000304999999999,-1.0723267,-0.35901606,-0.44638622,0.3239739,0.52685547,-0.42916869999999996,-1.1004944,-0.3592857,-0.5860556,0.35801116,检查1变、2变高压侧进出线开关在分闸位置，开闭站201、202断路器在工作位置。
1.0534058,0.8020324999999999,-0.08312988,-0.38651586,-1.2261817,-0.18140848,1.116394,0.7969971,0.16384888,-0.39564145,-1.153794,-0.24538876,1.3157043,0.8865050999999999,0.40396118000000003,-0.6217224,-1.1449645,-0.16027702,1.472992,0.77227783,0.658844,-0.8352769600000001,-0.9984474999999999,-0.26405649999999997,1.5515442,0.81918335,0.8074340999999999,-0.98369205,-1.0393484,-0.26231867000000003,1.578064,0.7970581,0.8337097,-1.0111777,-1.0202458,-0.28008586,1.5544739,0.87145996,0.7039489999999999,-0.96281326,-1.0992306,-0.18940176,1.4389037999999998,0.70758057,0.2713318,-0.8049029,-0.9370204999999999,0.123801515,1.2527466,0.74121094,-0.09881592,-0.6181386999999999,-0.95961463,0.39932399999999996,1.151886,0.4382019,-0.19348145,-0.56965214,-0.62020135,0.31089574000000003,0.50549316,0.9501953,-0.35733032000000003,-0.009695768,-1.1312932,0.2638635,0.28479004,0.5775757,-1.0332642,0.11458194000000001,-0.8024571500000001,0.7759534,0.1581726,0.5159302,-1.4726563,0.10352719,-0.9138049500000001,0.9674105,-0.027770996000000003,-0.18630981,-1.3862305,0.22058773,-0.35243082000000003,0.7648073999999999,0.21426392,-0.45394897,-1.409729,-0.06463301,-0.21895337,0.72142947,0.35565186,-0.50527954,-1.1869812,-0.24388397,-0.30289608,0.45490217,0.48791504,-0.5252685500000001,-1.0707092,-0.37754536,-0.35723937,0.32556814,0.4810791,-0.5000304999999999,-1.0723267,-0.35901606,-0.44638622,0.3239739,0.52685547,-0.42916869999999996,-1.1004944,-0.3592857,-0.5860556,0.35801116,0.6038207999999999,-0.33892822,-1.147644,-0.36885083,-0.7122033,0.42000299999999996,检查1变、2变高压侧进出线开关在分闸位置，开闭站201、202断路器在工作位置。
1.116394,0.7969971,0.16384888,-0.39564145,-1.153794,-0.24538876,1.3157043,0.8865050999999999,0.40396118000000003,-0.6217224,-1.1449645,-0.16027702,1.472992,0.77227783,0.658844,-0.8352769600000001,-0.9984474999999999,-0.26405649999999997,1.5515442,0.81918335,0.8074340999999999,-0.98369205,-1.0393484,-0.26231867000000003,1.578064,0.7970581,0.8337097,-1.0111777,-1.0202458,-0.28008586,1.5544739,0.87145996,0.7039489999999999,-0.96281326,-1.0992306,-0.18940176,1.4389037999999998,0.70758057,0.2713318,-0.8049029,-0.9370204999999999,0.123801515,1.2527466,0.74121094,-0.09881592,-0.6181386999999999,-0.95961463,0.39932399999999996,1.151886,0.4382019,-0.19348145,-0.56965214,-0.62020135,0.31089574000000003,0.50549316,0.9501953,-0.35733032000000003,-0.009695768,-1.1312932,0.2638635,0.28479004,0.5775757,-1.0332642,0.11458194000000001,-0.8024571500000001,0.7759534,0.1581726,0.5159302,-1.4726563,0.10352719,-0.9138049500000001,0.9674105,-0.027770996000000003,-0.18630981,-1.3862305,0.22058773,-0.35243082000000003,0.7648073999999999,0.21426392,-0.45394897,-1.409729,-0.06463301,-0.21895337,0.72142947,0.35565186,-0.50527954,-1.1869812,-0.24388397,-0.30289608,0.45490217,0.48791504,-0.5252685500000001,-1.0707092,-0.37754536,-0.35723937,0.32556814,0.4810791,-0.5000304999999999,-1.0723267,-0.35901606,-0.44638622,0.3239739,0.52685547,-0.42916869999999996,-1.1004944,-0.3592857,-0.5860556,0.35801116,0.6038207999999999,-0.33892822,-1.147644,-0.36885083,-0.7122033,0.42000299999999996,0.6368408,-0.33535767,-1.180542,-0.35719216,-0.7347281999999999,0.4660533,检查1变、2变高压侧进出线开关在分闸位置，开闭站201、202断路器在工作位置。
1.3157043,0.8865050999999999,0.40396118000000003,-0.6217224,-1.1449645,-0.16027702,1.472992,0.77227783,0.658844,-0.8352769600000001,-0.9984474999999999,-0.26405649999999997,1.5515442,0.81918335,0.8074340999999999,-0.98369205,-1.0393484,-0.26231867000000003,1.578064,0.7970581,0.8337097,-1.0111777,-1.0202458,-0.28008586,1.5544739,0.87145996,0.7039489999999999,-0.96281326,-1.0992306,-0.18940176,1.4389037999999998,0.70758057,0.2713318,-0.8049029,-0.9370204999999999,0.123801515,1.2527466,0.74121094,-0.09881592,-0.6181386999999999,-0.95961463,0.39932399999999996,1.151886,0.4382019,-0.19348145,-0.56965214,-0.62020135,0.31089574000000003,0.50549316,0.9501953,-0.35733032000000003,-0.009695768,-1.1312932,0.2638635,0.28479004,0.5775757,-1.0332642,0.11458194000000001,-0.8024571500000001,0.7759534,0.1581726,0.5159302,-1.4726563,0.10352719,-0.9138049500000001,0.9674105,-0.027770996000000003,-0.18630981,-1.3862305,0.22058773,-0.35243082000000003,0.7648073999999999,0.21426392,-0.45394897,-1.409729,-0.06463301,-0.21895337,0.72142947,0.35565186,-0.50527954,-1.1869812,-0.24388397,-0.30289608,0.45490217,0.48791504,-0.5252685500000001,-1.0707092,-0.37754536,-0.35723937,0.32556814,0.4810791,-0.5000304999999999,-1.0723267,-0.35901606,-0.44638622,0.3239739,0.52685547,-0.42916869999999996,-1.1004944,-0.3592857,-0.5860556,0.35801116,0.6038207999999999,-0.33892822,-1.147644,-0.36885083,-0.7122033,0.42000299999999996,0.6368408,-0.33535767,-1.180542,-0.35719216,-0.7347281999999999,0.4660533,0.7909851,-0.11114502,-1.0188599,-0.36687934,-0.9798557,0.35769486,检查1变、2变高压侧进出线开关在分闸位置，开闭站201、202断路器在工作位置。
1.472992,0.77227783,0.658844,-0.8352769600000001,-0.9984474999999999,-0.26405649999999997,1.5515442,0.81918335,0.8074340999999999,-0.98369205,-1.0393484,-0.26231867000000003,1.578064,0.7970581,0.8337097,-1.0111777,-1.0202458,-0.28008586,1.5544739,0.87145996,0.7039489999999999,-0.96281326,-1.0992306,-0.18940176,1.4389037999999998,0.70758057,0.2713318,-0.8049029,-0.9370204999999999,0.123801515,1.2527466,0.74121094,-0.09881592,-0.6181386999999999,-0.95961463,0.39932399999999996,1.151886,0.4382019,-0.19348145,-0.56965214,-0.62020135,0.31089574000000003,0.50549316,0.9501953,-0.35733032000000003,-0.009695768,-1.1312932,0.2638635,0.28479004,0.5775757,-1.0332642,0.11458194000000001,-0.8024571500000001,0.7759534,0.1581726,0.5159302,-1.4726563,0.10352719,-0.9138049500000001,0.9674105,-0.027770996000000003,-0.18630981,-1.3862305,0.22058773,-0.35243082000000003,0.7648073999999999,0.21426392,-0.45394897,-1.409729,-0.06463301,-0.21895337,0.72142947,0.35565186,-0.50527954,-1.1869812,-0.24388397,-0.30289608,0.45490217,0.48791504,-0.5252685500000001,-1.0707092,-0.37754536,-0.35723937,0.32556814,0.4810791,-0.5000304999999999,-1.0723267,-0.35901606,-0.44638622,0.3239739,0.52685547,-0.42916869999999996,-1.1004944,-0.3592857,-0.5860556,0.35801116,0.6038207999999999,-0.33892822,-1.147644,-0.36885083,-0.7122033,0.42000299999999996,0.6368408,-0.33535767,-1.180542,-0.35719216,-0.7347281999999999,0.4660533,0.7909851,-0.11114502,-1.0188599,-0.36687934,-0.9798557,0.35769486,0.85894775,0.13024902,-0.9512634,-0.29716945,-1.1966105,0.36355925,检查1变、2变高压侧进出线开关在分闸位置，开闭站201、202断路器在工作位置。
1.5515442,0.81918335,0.8074340999999999,-0.98369205,-1.0393484,-0.26231867000000003,1.578064,0.7970581,0.8337097,-1.0111777,-1.0202458,-0.28008586,1.5544739,0.87145996,0.7039489999999999,-0.96281326,-1.0992306,-0.18940176,1.4389037999999998,0.70758057,0.2713318,-0.8049029,-0.9370204999999999,0.123801515,1.2527466,0.74121094,-0.09881592,-0.6181386999999999,-0.95961463,0.39932399999999996,1.151886,0.4382019,-0.19348145,-0.56965214,-0.62020135,0.31089574000000003,0.50549316,0.9501953,-0.35733032000000003,-0.009695768,-1.1312932,0.2638635,0.28479004,0.5775757,-1.0332642,0.11458194000000001,-0.8024571500000001,0.7759534,0.1581726,0.5159302,-1.4726563,0.10352719,-0.9138049500000001,0.9674105,-0.027770996000000003,-0.18630981,-1.3862305,0.22058773,-0.35243082000000003,0.7648073999999999,0.21426392,-0.45394897,-1.409729,-0.06463301,-0.21895337,0.72142947,0.35565186,-0.50527954,-1.1869812,-0.24388397,-0.30289608,0.45490217,0.48791504,-0.5252685500000001,-1.0707092,-0.37754536,-0.35723937,0.32556814,0.4810791,-0.5000304999999999,-1.0723267,-0.35901606,-0.44638622,0.3239739,0.52685547,-0.42916869999999996,-1.1004944,-0.3592857,-0.5860556,0.35801116,0.6038207999999999,-0.33892822,-1.147644,-0.36885083,-0.7122033,0.42000299999999996,0.6368408,-0.33535767,-1.180542,-0.35719216,-0.7347281999999999,0.4660533,0.7909851,-0.11114502,-1.0188599,-0.36687934,-0.9798557,0.35769486,0.85894775,0.13024902,-0.9512634,-0.29716945,-1.1966105,0.36355925,0.85894775,0.13024902,-0.9512634,-0.29716945,-1.1966105,0.36355925,检查1变、2变高压侧进出线开关在分闸位置，开闭站201、202断路器在工作位置。
1.578064,0.7970581,0.8337097,-1.0111777,-1.0202458,-0.28008586,1.5544739,0.87145996,0.7039489999999999,-0.96281326,-1.0992306,-0.18940176,1.4389037999999998,0.70758057,0.2713318,-0.8049029,-0.9370204999999999,0.123801515,1.2527466,0.74121094,-0.09881592,-0.6181386999999999,-0.95961463,0.39932399999999996,1.151886,0.4382019,-0.19348145,-0.56965214,-0.62020135,0.31089574000000003,0.50549316,0.9501953,-0.35733032000000003,-0.009695768,-1.1312932,0.2638635,0.28479004,0.5775757,-1.0332642,0.11458194000000001,-0.8024571500000001,0.7759534,0.1581726,0.5159302,-1.4726563,0.10352719,-0.9138049500000001,0.9674105,-0.027770996000000003,-0.18630981,-1.3862305,0.22058773,-0.35243082000000003,0.7648073999999999,0.21426392,-0.45394897,-1.409729,-0.06463301,-0.21895337,0.72142947,0.35565186,-0.50527954,-1.1869812,-0.24388397,-0.30289608,0.45490217,0.48791504,-0.5252685500000001,-1.0707092,-0.37754536,-0.35723937,0.32556814,0.4810791,-0.5000304999999999,-1.0723267,-0.35901606,-0.44638622,0.3239739,0.52685547,-0.42916869999999996,-1.1004944,-0.3592857,-0.5860556,0.35801116,0.6038207999999999,-0.33892822,-1.147644,-0.36885083,-0.7122033,0.42000299999999996,0.6368408,-0.33535767,-1.180542,-0.35719216,-0.7347281999999999,0.4660533,0.7909851,-0.11114502,-1.0188599,-0.36687934,-0.9798557,0.35769486,0.85894775,0.13024902,-0.9512634,-0.29716945,-1.1966105,0.36355925,0.85894775,0.13024902,-0.9512634,-0.29716945,-1.1966105,0.36355925,0.9529114,0.07876587,-0.89538574,-0.32260072,-1.1372439,0.35734773000000003,检查1变、2变高压侧进出线开关在分闸位置，开闭站201、202断路器在工作位置。
1.5544739,0.87145996,0.7039489999999999,-0.96281326,-1.0992306,-0.18940176,1.4389037999999998,0.70758057,0.2713318,-0.8049029,-0.9370204999999999,0.123801515,1.2527466,0.74121094,-0.09881592,-0.6181386999999999,-0.95961463,0.39932399999999996,1.151886,0.4382019,-0.19348145,-0.56965214,-0.62020135,0.31089574000000003,0.50549316,0.9501953,-0.35733032000000003,-0.009695768,-1.1312932,0.2638635,0.28479004,0.5775757,-1.0332642,0.11458194000000001,-0.8024571500000001,0.7759534,0.1581726,0.5159302,-1.4726563,0.10352719,-0.9138049500000001,0.9674105,-0.027770996000000003,-0.18630981,-1.3862305,0.22058773,-0.35243082000000003,0.7648073999999999,0.21426392,-0.45394897,-1.409729,-0.06463301,-0.21895337,0.72142947,0.35565186,-0.50527954,-1.1869812,-0.24388397,-0.30289608,0.45490217,0.48791504,-0.5252685500000001,-1.0707092,-0.37754536,-0.35723937,0.32556814,0.4810791,-0.5000304999999999,-1.0723267,-0.35901606,-0.44638622,0.3239739,0.52685547,-0.42916869999999996,-1.1004944,-0.3592857,-0.5860556,0.35801116,0.6038207999999999,-0.33892822,-1.147644,-0.36885083,-0.7122033,0.42000299999999996,0.6368408,-0.33535767,-1.180542,-0.35719216,-0.7347281999999999,0.4660533,0.7909851,-0.11114502,-1.0188599,-0.36687934,-0.9798557,0.35769486,0.85894775,0.13024902,-0.9512634,-0.29716945,-1.1966105,0.36355925,0.85894775,0.13024902,-0.9512634,-0.29716945,-1.1966105,0.36355925,0.9529114,0.07876587,-0.89538574,-0.32260072,-1.1372439,0.35734773000000003,0.9529114,0.07876587,-0.89538574,-0.32260072,-1.1372439,0.35734773000000003,检查1变、2变高压侧进出线开关在分闸位置，开闭站201、202断路器在工作位置。
1.4389037999999998,0.70758057,0.2713318,-0.8049029,-0.9370204999999999,0.123801515,1.2527466,0.74121094,-0.09881592,-0.6181386999999999,-0.95961463,0.39932399999999996,1.151886,0.4382019,-0.19348145,-0.56965214,-0.62020135,0.31089574000000003,0.50549316,0.9501953,-0.35733032000000003,-0.009695768,-1.1312932,0.2638635,0.28479004,0.5775757,-1.0332642,0.11458194000000001,-0.8024571500000001,0.7759534,0.1581726,0.5159302,-1.4726563,0.10352719,-0.9138049500000001,0.9674105,-0.027770996000000003,-0.18630981,-1.3862305,0.22058773,-0.35243082000000003,0.7648073999999999,0.21426392,-0.45394897,-1.409729,-0.06463301,-0.21895337,0.72142947,0.35565186,-0.50527954,-1.1869812,-0.24388397,-0.30289608,0.45490217,0.48791504,-0.5252685500000001,-1.0707092,-0.37754536,-0.35723937,0.32556814,0.4810791,-0.5000304999999999,-1.0723267,-0.35901606,-0.44638622,0.3239739,0.52685547,-0.42916869999999996,-1.1004944,-0.3592857,-0.5860556,0.35801116,0.6038207999999999,-0.33892822,-1.147644,-0.36885083,-0.7122033,0.42000299999999996,0.6368408,-0.33535767,-1.180542,-0.35719216,-0.7347281999999999,0.4660533,0.7909851,-0.11114502,-1.0188599,-0.36687934,-0.9798557,0.35769486,0.85894775,0.13024902,-0.9512634,-0.29716945,-1.1966105,0.36355925,0.85894775,0.13024902,-0.9512634,-0.29716945,-1.1966105,0.36355925,0.9529114,0.07876587,-0.89538574,-0.32260072,-1.1372439,0.35734773000000003,0.9529114,0.07876587,-0.89538574,-0.32260072,-1.1372439,0.35734773000000003,1.2440796,0.18252563,-0.6656189,-0.44858889999999996,-1.1928879000000001,0.29168606,检查1变、2变高压侧进出线开关在分闸位置，开闭站201、202断路器在工作位置。
1.2527466,0.74121094,-0.09881592,-0.6181386999999999,-0.95961463,0.39932399999999996,1.151886,0.4382019,-0.19348145,-0.56965214,-0.62020135,0.31089574000000003,0.50549316,0.9501953,-0.35733032000000003,-0.009695768,-1.1312932,0.2638635,0.28479004,0.5775757,-1.0332642,0.11458194000000001,-0.8024571500000001,0.7759534,0.1581726,0.5159302,-1.4726563,0.10352719,-0.9138049500000001,0.9674105,-0.027770996000000003,-0.18630981,-1.3862305,0.22058773,-0.35243082000000003,0.7648073999999999,0.21426392,-0.45394897,-1.409729,-0.06463301,-0.21895337,0.72142947,0.35565186,-0.50527954,-1.1869812,-0.24388397,-0.30289608,0.45490217,0.48791504,-0.5252685500000001,-1.0707092,-0.37754536,-0.35723937,0.32556814,0.4810791,-0.5000304999999999,-1.0723267,-0.35901606,-0.44638622,0.3239739,0.52685547,-0.42916869999999996,-1.1004944,-0.3592857,-0.5860556,0.35801116,0.6038207999999999,-0.33892822,-1.147644,-0.36885083,-0.7122033,0.42000299999999996,0.6368408,-0.33535767,-1.180542,-0.35719216,-0.7347281999999999,0.4660533,0.7909851,-0.11114502,-1.0188599,-0.36687934,-0.9798557,0.35769486,0.85894775,0.13024902,-0.9512634,-0.29716945,-1.1966105,0.36355925,0.85894775,0.13024902,-0.9512634,-0.29716945,-1.1966105,0.36355925,0.9529114,0.07876587,-0.89538574,-0.32260072,-1.1372439,0.35734773000000003,0.9529114,0.07876587,-0.89538574,-0.32260072,-1.1372439,0.35734773000000003,1.2440796,0.18252563,-0.6656189,-0.44858889999999996,-1.1928879000000001,0.29168606,1.2440796,0.18252563,-0.6656189,-0.44858889999999996,-1.1928879000000001,0.29168606,检查1变、2变高压侧进出线开关在分闸位置，开闭站201、202断路器在工作位置。
1.151886,0.4382019,-0.19348145,-0.56965214,-0.62020135,0.31089574000000003,0.50549316,0.9501953,-0.35733032000000003,-0.009695768,-1.1312932,0.2638635,0.28479004,0.5775757,-1.0332642,0.11458194000000001,-0.8024571500000001,0.7759534,0.1581726,0.5159302,-1.4726563,0.10352719,-0.9138049500000001,0.9674105,-0.027770996000000003,-0.18630981,-1.3862305,0.22058773,-0.35243082000000003,0.7648073999999999,0.21426392,-0.45394897,-1.409729,-0.06463301,-0.21895337,0.72142947,0.35565186,-0.50527954,-1.1869812,-0.24388397,-0.30289608,0.45490217,0.48791504,-0.5252685500000001,-1.0707092,-0.37754536,-0.35723937,0.32556814,0.4810791,-0.5000304999999999,-1.0723267,-0.35901606,-0.44638622,0.3239739,0.52685547,-0.42916869999999996,-1.1004944,-0.3592857,-0.5860556,0.35801116,0.6038207999999999,-0.33892822,-1.147644,-0.36885083,-0.7122033,0.42000299999999996,0.6368408,-0.33535767,-1.180542,-0.35719216,-0.7347281999999999,0.4660533,0.7909851,-0.11114502,-1.0188599,-0.36687934,-0.9798557,0.35769486,0.85894775,0.13024902,-0.9512634,-0.29716945,-1.1966105,0.36355925,0.85894775,0.13024902,-0.9512634,-0.29716945,-1.1966105,0.36355925,0.9529114,0.07876587,-0.89538574,-0.32260072,-1.1372439,0.35734773000000003,0.9529114,0.07876587,-0.89538574,-0.32260072,-1.1372439,0.35734773000000003,1.2440796,0.18252563,-0.6656189,-0.44858889999999996,-1.1928879000000001,0.29168606,1.2440796,0.18252563,-0.6656189,-0.44858889999999996,-1.1928879000000001,0.29168606,1.955719,0.564209,-0.49499512,-1.0201633,-1.3794978,0.43324637,检查1变、2变高压侧进出线开关在分闸位置，开闭站201、202断路器在工作位置。
0.50549316,0.9501953,-0.35733032000000003,-0.009695768,-1.1312932,0.2638635,0.28479004,0.5775757,-1.0332642,0.11458194000000001,-0.8024571500000001,0.7759534,0.1581726,0.5159302,-1.4726563,0.10352719,-0.9138049500000001,0.9674105,-0.027770996000000003,-0.18630981,-1.3862305,0.22058773,-0.35243082000000003,0.7648073999999999,0.21426392,-0.45394897,-1.409729,-0.06463301,-0.21895337,0.72142947,0.35565186,-0.50527954,-1.1869812,-0.24388397,-0.30289608,0.45490217,0.48791504,-0.5252685500000001,-1.0707092,-0.37754536,-0.35723937,0.32556814,0.4810791,-0.5000304999999999,-1.0723267,-0.35901606,-0.44638622,0.3239739,0.52685547,-0.42916869999999996,-1.1004944,-0.3592857,-0.5860556,0.35801116,0.6038207999999999,-0.33892822,-1.147644,-0.36885083,-0.7122033,0.42000299999999996,0.6368408,-0.33535767,-1.180542,-0.35719216,-0.7347281999999999,0.4660533,0.7909851,-0.11114502,-1.0188599,-0.36687934,-0.9798557,0.35769486,0.85894775,0.13024902,-0.9512634,-0.29716945,-1.1966105,0.36355925,0.85894775,0.13024902,-0.9512634,-0.29716945,-1.1966105,0.36355925,0.9529114,0.07876587,-0.89538574,-0.32260072,-1.1372439,0.35734773000000003,0.9529114,0.07876587,-0.89538574,-0.32260072,-1.1372439,0.35734773000000003,1.2440796,0.18252563,-0.6656189,-0.44858889999999996,-1.1928879000000001,0.29168606,1.2440796,0.18252563,-0.6656189,-0.44858889999999996,-1.1928879000000001,0.29168606,1.955719,0.564209,-0.49499512,-1.0201633,-1.3794978,0.43324637,1.9458008,0.60720825,-0.43075562,-1.002744,-1.3918276,0.4163252,检查1变、2变高压侧进出线开关在分闸位置，开闭站201、202断路器在工作位置。
0.28479004,0.5775757,-1.0332642,0.11458194000000001,-0.8024571500000001,0.7759534,0.1581726,0.5159302,-1.4726563,0.10352719,-0.9138049500000001,0.9674105,-0.027770996000000003,-0.18630981,-1.3862305,0.22058773,-0.35243082000000003,0.7648073999999999,0.21426392,-0.45394897,-1.409729,-0.06463301,-0.21895337,0.72142947,0.35565186,-0.50527954,-1.1869812,-0.24388397,-0.30289608,0.45490217,0.48791504,-0.5252685500000001,-1.0707092,-0.37754536,-0.35723937,0.32556814,0.4810791,-0.5000304999999999,-1.0723267,-0.35901606,-0.44638622,0.3239739,0.52685547,-0.42916869999999996,-1.1004944,-0.3592857,-0.5860556,0.35801116,0.6038207999999999,-0.33892822,-1.147644,-0.36885083,-0.7122033,0.42000299999999996,0.6368408,-0.33535767,-1.180542,-0.35719216,-0.7347281999999999,0.4660533,0.7909851,-0.11114502,-1.0188599,-0.36687934,-0.9798557,0.35769486,0.85894775,0.13024902,-0.9512634,-0.29716945,-1.1966105,0.36355925,0.85894775,0.13024902,-0.9512634,-0.29716945,-1.1966105,0.36355925,0.9529114,0.07876587,-0.89538574,-0.32260072,-1.1372439,0.35734773000000003,0.9529114,0.07876587,-0.89538574,-0.32260072,-1.1372439,0.35734773000000003,1.2440796,0.18252563,-0.6656189,-0.44858889999999996,-1.1928879000000001,0.29168606,1.2440796,0.18252563,-0.6656189,-0.44858889999999996,-1.1928879000000001,0.29168606,1.955719,0.564209,-0.49499512,-1.0201633,-1.3794978,0.43324637,1.9458008,0.60720825,-0.43075562,-1.002744,-1.3918276,0.4163252,2.0490112,0.82318115,0.7218017600000001,-1.2695321,-1.323029,-0.10953824000000001,检查1变、2变高压侧进出线开关在分闸位置，开闭站201、202断路器在工作位置。
0.0,0.0,0.0,0.0,0.0,0.0,0.012786865000000001,-0.014984131000000001,0.034332275,-0.013728797000000001,0.011888258,-0.03377442,0.12817383000000002,-0.06921387,-0.11004639000000001,-0.14868975,0.068243735,0.08733457,0.111694336,-0.07376099,-0.11080932600000001,-0.14053035,0.07540756500000001,0.077429,0.111694336,-0.07376099,-0.11080932600000001,-0.14053035,0.07540756500000001,0.077429,-0.09362793,0.010772705,-0.031341553,0.047829628000000006,-0.005173631000000001,-0.023411750000000002,-0.23815918,0.33969116,-0.5300598,0.16735935,-0.3479104,0.45380919999999997,-0.26507568,0.41241455,-0.70217896,0.18537104000000001,-0.4224351,0.6178988999999999,-0.33554077,0.275177,-0.03491211,0.19898868,-0.27249363,-0.104590714,-0.265625,-0.026641846,0.5933838,0.10047233,-0.03757377,-0.7221696,-0.265625,-0.026641846,0.5933838,0.10047233,-0.03757377,-0.7221696,0.06878662,-0.24295044000000002,0.23217773,-0.22940832,0.15870634,-0.34544066,-0.12026977500000001,-0.16363525,0.10662842,-0.042957723,0.08464159,-0.22448476,-0.13336182,-0.04449463,-0.16882324,-0.11300140600000001,0.06915715,-0.05264251,-0.13336182,-0.04449463,-0.16882324,-0.11300140600000001,0.06915715,-0.05264251,-0.13162231,0.49581909999999996,0.29696655,-0.11412305,-0.40915442,-0.54351103,-0.5808715999999999,-0.016326904,-0.45977783,0.35732323,0.09637766,0.23918289,-0.38327026000000003,0.2645874,0.060363770000000004,0.21884292,-0.17646164,-0.25035074,0.26394653,-0.067840576,-0.41757202,-0.40904325,0.16104739999999998,0.24323541,0.26394653,-0.067840576,-0.41757202,-0.40904325,0.16104739999999998,0.24323541,哈哈哈哈
0.012786865000000001,-0.014984131000000001,0.034332275,-0.013728797000000001,0.011888258,-0.03377442,0.12817383000000002,-0.06921387,-0.11004639000000001,-0.14868975,0.068243735,0.08733457,0.111694336,-0.07376099,-0.11080932600000001,-0.14053035,0.07540756500000001,0.077429,0.111694336,-0.07376099,-0.11080932600000001,-0.14053035,0.07540756500000001,0.077429,-0.09362793,0.010772705,-0.031341553,0.047829628000000006,-0.005173631000000001,-0.023411750000000002,-0.23815918,0.33969116,-0.5300598,0.16735935,-0.3479104,0.45380919999999997,-0.26507568,0.41241455,-0.70217896,0.18537104000000001,-0.4224351,0.6178988999999999,-0.33554077,0.275177,-0.03491211,0.19898868,-0.27249363,-0.104590714,-0.265625,-0.026641846,0.5933838,0.10047233,-0.03757377,-0.7221696,-0.265625,-0.026641846,0.5933838,0.10047233,-0.03757377,-0.7221696,0.06878662,-0.24295044000000002,0.23217773,-0.22940832,0.15870634,-0.34544066,-0.12026977500000001,-0.16363525,0.10662842,-0.042957723,0.08464159,-0.22448476,-0.13336182,-0.04449463,-0.16882324,-0.11300140600000001,0.06915715,-0.05264251,-0.13336182,-0.04449463,-0.16882324,-0.11300140600000001,0.06915715,-0.05264251,-0.13162231,0.49581909999999996,0.29696655,-0.11412305,-0.40915442,-0.54351103,-0.5808715999999999,-0.016326904,-0.45977783,0.35732323,0.09637766,0.23918289,-0.38327026000000003,0.2645874,0.060363770000000004,0.21884292,-0.17646164,-0.25035074,0.26394653,-0.067840576,-0.41757202,-0.40904325,0.16104739999999998,0.24323541,0.26394653,-0.067840576,-0.41757202,-0.40904325,0.16104739999999998,0.24323541,0.044128418,-0.06774902000000001,-0.15509033,-0.08869648000000001,0.12786177,0.08037114000000001,哈哈哈哈
0.12817383000000002,-0.06921387,-0.11004639000000001,-0.14868975,0.068243735,0.08733457,0.111694336,-0.07376099,-0.11080932600000001,-0.14053035,0.07540756500000001,0.077429,0.111694336,-0.07376099,-0.11080932600000001,-0.14053035,0.07540756500000001,0.077429,-0.09362793,0.010772705,-0.031341553,0.047829628000000006,-0.005173631000000001,-0.023411750000000002,-0.23815918,0.33969116,-0.5300598,0.16735935,-0.3479104,0.45380919999999997,-0.26507568,0.41241455,-0.70217896,0.18537104000000001,-0.4224351,0.6178988999999999,-0.33554077,0.275177,-0.03491211,0.19898868,-0.27249363,-0.104590714,-0.265625,-0.026641846,0.5933838,0.10047233,-0.03757377,-0.7221696,-0.265625,-0.026641846,0.5933838,0.10047233,-0.03757377,-0.7221696,0.06878662,-0.24295044000000002,0.23217773,-0.22940832,0.15870634,-0.34544066,-0.12026977500000001,-0.16363525,0.10662842,-0.042957723,0.08464159,-0.22448476,-0.13336182,-0.04449463,-0.16882324,-0.11300140600000001,0.06915715,-0.05264251,-0.13336182,-0.04449463,-0.16882324,-0.11300140600000001,0.06915715,-0.05264251,-0.13162231,0.49581909999999996,0.29696655,-0.11412305,-0.40915442,-0.54351103,-0.5808715999999999,-0.016326904,-0.45977783,0.35732323,0.09637766,0.23918289,-0.38327026000000003,0.2645874,0.060363770000000004,0.21884292,-0.17646164,-0.25035074,0.26394653,-0.067840576,-0.41757202,-0.40904325,0.16104739999999998,0.24323541,0.26394653,-0.067840576,-0.41757202,-0.40904325,0.16104739999999998,0.24323541,0.044128418,-0.06774902000000001,-0.15509033,-0.08869648000000001,0.12786177,0.08037114000000001,0.044128418,-0.06774902000000001,-0.15509033,-0.08869648000000001,0.12786177,0.08037114000000001,哈哈哈哈
0.111694336,-0.07376099,-0.11080932600000001,-0.14053035,0.07540756500000001,0.077429,0.111694336,-0.07376099,-0.11080932600000001,-0.14053035,0.07540756500000001,0.077429,-0.09362793,0.010772705,-0.031341553,0.047829628000000006,-0.005173631000000001,-0.023411750000000002,-0.23815918,0.33969116,-0.5300598,0.16735935,-0.3479104,0.45380919999999997,-0.26507568,0.41241455,-0.70217896,0.18537104000000001,-0.4224351,0.6178988999999999,-0.33554077,0.275177,-0.03491211,0.19898868,-0.27249363,-0.104590714,-0.265625,-0.026641846,0.5933838,0.10047233,-0.03757377,-0.7221696,-0.265625,-0.026641846,0.5933838,0.10047233,-0.03757377,-0.7221696,0.06878662,-0.24295044000000002,0.23217773,-0.22940832,0.15870634,-0.34544066,-0.12026977500000001,-0.16363525,0.10662842,-0.042957723,0.08464159,-0.22448476,-0.13336182,-0.04449463,-0.16882324,-0.11300140600000001,0.06915715,-0.05264251,-0.13336182,-0.04449463,-0.16882324,-0.11300140600000001,0.06915715,-0.05264251,-0.13162231,0.49581909999999996,0.29696655,-0.11412305,-0.40915442,-0.54351103,-0.5808715999999999,-0.016326904,-0.45977783,0.35732323,0.09637766,0.23918289,-0.38327026000000003,0.2645874,0.060363770000000004,0.21884292,-0.17646164,-0.25035074,0.26394653,-0.067840576,-0.41757202,-0.40904325,0.16104739999999998,0.24323541,0.26394653,-0.067840576,-0.41757202,-0.40904325,0.16104739999999998,0.24323541,0.044128418,-0.06774902000000001,-0.15509033,-0.08869648000000001,0.12786177,0.08037114000000001,0.044128418,-0.06774902000000001,-0.15509033,-0.08869648000000001,0.12786177,0.08037114000000001,0.146698,-0.23492432,-0.27127075,-0.18736893000000002,0.31124726,0.19759724,哈哈哈哈
0.111694336,-0.07376099,-0.11080932600000001,-0.14053035,0.07540756500000001,0.077429,-0.09362793,0.010772705,-0.031341553,0.047829628000000006,-0.005173631000000001,-0.023411750000000002,-0.23815918,0.33969116,-0.5300598,0.16735935,-0.3479104,0.45380919999999997,-0.26507568,0.41241455,-0.70217896,0.18537104000000001,-0.4224351,0.6178988999999999,-0.33554077,0.275177,-0.03491211,0.19898868,-0.27249363,-0.104590714,-0.265625,-0.026641846,0.5933838,0.10047233,-0.03757377,-0.7221696,-0.265625,-0.026641846,0.5933838,0.10047233,-0.03757377,-0.7221696,0.06878662,-0.24295044000000002,0.23217773,-0.22940832,0.15870634,-0.34544066,-0.12026977500000001,-0.16363525,0.10662842,-0.042957723,0.08464159,-0.22448476,-0.13336182,-0.04449463,-0.16882324,-0.11300140600000001,0.06915715,-0.05264251,-0.13336182,-0.04449463,-0.16882324,-0.11300140600000001,0.06915715,-0.05264251,-0.13162231,0.49581909999999996,0.29696655,-0.11412305,-0.40915442,-0.54351103,-0.5808715999999999,-0.016326904,-0.45977783,0.35732323,0.09637766,0.23918289,-0.38327026000000003,0.2645874,0.060363770000000004,0.21884292,-0.17646164,-0.25035074,0.26394653,-0.067840576,-0.41757202,-0.40904325,0.16104739999999998,0.24323541,0.26394653,-0.067840576,-0.41757202,-0.40904325,0.16104739999999998,0.24323541,0.044128418,-0.06774902000000001,-0.15509033,-0.08869648000000001,0.12786177,0.08037114000000001,0.044128418,-0.06774902000000001,-0.15509033,-0.08869648000000001,0.12786177,0.08037114000000001,0.146698,-0.23492432,-0.27127075,-0.18736893000000002,0.31124726,0.19759724,-0.34454346,0.40682983,-1.1647644,0.31365007,-0.036252037,1.0721877,哈哈哈哈
-0.09362793,0.010772705,-0.031341553,0.047829628000000006,-0.005173631000000001,-0.023411750000000002,-0.23815918,0.33969116,-0.5300598,0.16735935,-0.3479104,0.45380919999999997,-0.26507568,0.41241455,-0.70217896,0.18537104000000001,-0.4224351,0.6178988999999999,-0.33554077,0.275177,-0.03491211,0.19898868,-0.27249363,-0.104590714,-0.265625,-0.026641846,0.5933838,0.10047233,-0.03757377,-0.7221696,-0.265625,-0.026641846,0.5933838,0.10047233,-0.03757377,-0.7221696,0.06878662,-0.24295044000000002,0.23217773,-0.22940832,0.15870634,-0.34544066,-0.12026977500000001,-0.16363525,0.10662842,-0.042957723,0.08464159,-0.22448476,-0.13336182,-0.04449463,-0.16882324,-0.11300140600000001,0.06915715,-0.05264251,-0.13336182,-0.04449463,-0.16882324,-0.11300140600000001,0.06915715,-0.05264251,-0.13162231,0.49581909999999996,0.29696655,-0.11412305,-0.40915442,-0.54351103,-0.5808715999999999,-0.016326904,-0.45977783,0.35732323,0.09637766,0.23918289,-0.38327026000000003,0.2645874,0.060363770000000004,0.21884292,-0.17646164,-0.25035074,0.26394653,-0.067840576,-0.41757202,-0.40904325,0.16104739999999998,0.24323541,0.26394653,-0.067840576,-0.41757202,-0.40904325,0.16104739999999998,0.24323541,0.044128418,-0.06774902000000001,-0.15509033,-0.08869648000000001,0.12786177,0.08037114000000001,0.044128418,-0.06774902000000001,-0.15509033,-0.08869648000000001,0.12786177,0.08037114000000001,0.146698,-0.23492432,-0.27127075,-0.18736893000000002,0.31124726,0.19759724,-0.34454346,0.40682983,-1.1647644,0.31365007,-0.036252037,1.0721877,-0.34454346,0.40682983,-1.1647644,0.31365007,-0.036252037,1.0721877,哈哈哈哈
-0.23815918,0.33969116,-0.5300598,0.16735935,-0.3479104,0.45380919999999997,-0.26507568,0.41241455,-0.70217896,0.18537104000000001,-0.4224351,0.6178988999999999,-0.33554077,0.275177,-0.03491211,0.19898868,-0.27249363,-0.104590714,-0.265625,-0.026641846,0.5933838,0.10047233,-0.03757377,-0.7221696,-0.265625,-0.026641846,0.5933838,0.10047233,-0.03757377,-0.7221696,0.06878662,-0.24295044000000002,0.23217773,-0.22940832,0.15870634,-0.34544066,-0.12026977500000001,-0.16363525,0.10662842,-0.042957723,0.08464159,-0.22448476,-0.13336182,-0.04449463,-0.16882324,-0.11300140600000001,0.06915715,-0.05264251,-0.13336182,-0.04449463,-0.16882324,-0.11300140600000001,0.06915715,-0.05264251,-0.13162231,0.49581909999999996,0.29696655,-0.11412305,-0.40915442,-0.54351103,-0.5808715999999999,-0.016326904,-0.45977783,0.35732323,0.09637766,0.23918289,-0.38327026000000003,0.2645874,0.060363770000000004,0.21884292,-0.17646164,-0.25035074,0.26394653,-0.067840576,-0.41757202,-0.40904325,0.16104739999999998,0.24323541,0.26394653,-0.067840576,-0.41757202,-0.40904325,0.16104739999999998,0.24323541,0.044128418,-0.06774902000000001,-0.15509033,-0.08869648000000001,0.12786177,0.08037114000000001,0.044128418,-0.06774902000000001,-0.15509033,-0.08869648000000001,0.12786177,0.08037114000000001,0.146698,-0.23492432,-0.27127075,-0.18736893000000002,0.31124726,0.19759724,-0.34454346,0.40682983,-1.1647644,0.31365007,-0.036252037,1.0721877,-0.34454346,0.40682983,-1.1647644,0.31365007,-0.036252037,1.0721877,-1.8201904,4.186737,-3.0516663,1.167712,-3.0855687,3.2215903,哈哈哈哈
-0.26507568,0.41241455,-0.70217896,0.18537104000000001,-0.4224351,0.6178988999999999,-0.33554077,0.275177,-0.03491211,0.19898868,-0.27249363,-0.104590714,-0.265625,-0.026641846,0.5933838,0.10047233,-0.03757377,-0.7221696,-0.265625,-0.026641846,0.5933838,0.10047233,-0.03757377,-0.7221696,0.06878662,-0.24295044000000002,0.23217773,-0.22940832,0.15870634,-0.34544066,-0.12026977500000001,-0.16363525,0.10662842,-0.042957723,0.08464159,-0.22448476,-0.13336182,-0.04449463,-0.16882324,-0.11300140600000001,0.06915715,-0.05264251,-0.13336182,-0.04449463,-0.16882324,-0.11300140600000001,0.06915715,-0.05264251,-0.13162231,0.49581909999999996,0.29696655,-0.11412305,-0.40915442,-0.54351103,-0.5808715999999999,-0.016326904,-0.45977783,0.35732323,0.09637766,0.23918289,-0.38327026000000003,0.2645874,0.060363770000000004,0.21884292,-0.17646164,-0.25035074,0.26394653,-0.067840576,-0.41757202,-0.40904325,0.16104739999999998,0.24323541,0.26394653,-0.067840576,-0.41757202,-0.40904325,0.16104739999999998,0.24323541,0.044128418,-0.06774902000000001,-0.15509033,-0.08869648000000001,0.12786177,0.08037114000000001,0.044128418,-0.06774902000000001,-0.15509033,-0.08869648000000001,0.12786177,0.08037114000000001,0.146698,-0.23492432,-0.27127075,-0.18736893000000002,0.31124726,0.19759724,-0.34454346,0.40682983,-1.1647644,0.31365007,-0.036252037,1.0721877,-0.34454346,0.40682983,-1.1647644,0.31365007,-0.036252037,1.0721877,-1.8201904,4.186737,-3.0516663,1.167712,-3.0855687,3.2215903,-2.1317444,4.1924744,-2.3710938,1.3246883,-3.1001039,2.5124562,哈哈哈哈
-0.33554077,0.275177,-0.03491211,0.19898868,-0.27249363,-0.104590714,-0.265625,-0.026641846,0.5933838,0.10047233,-0.03757377,-0.7221696,-0.265625,-0.026641846,0.5933838,0.10047233,-0.03757377,-0.7221696,0.06878662,-0.24295044000000002,0.23217773,-0.22940832,0.15870634,-0.34544066,-0.12026977500000001,-0.16363525,0.10662842,-0.042957723,0.08464159,-0.22448476,-0.13336182,-0.04449463,-0.16882324,-0.11300140600000001,0.06915715,-0.05264251,-0.13336182,-0.04449463,-0.16882324,-0.11300140600000001,0.06915715,-0.05264251,-0.13162231,0.49581909999999996,0.29696655,-0.11412305,-0.40915442,-0.54351103,-0.5808715999999999,-0.016326904,-0.45977783,0.35732323,0.09637766,0.23918289,-0.38327026000000003,0.2645874,0.060363770000000004,0.21884292,-0.17646164,-0.25035074,0.26394653,-0.067840576,-0.41757202,-0.40904325,0.16104739999999998,0.24323541,0.26394653,-0.067840576,-0.41757202,-0.40904325,0.16104739999999998,0.24323541,0.044128418,-0.06774902000000001,-0.15509033,-0.08869648000000001,0.12786177,0.08037114000000001,0.044128418,-0.06774902000000001,-0.15509033,-0.08869648000000001,0.12786177,0.08037114000000001,0.146698,-0.23492432,-0.27127075,-0.18736893000000002,0.31124726,0.19759724,-0.34454346,0.40682983,-1.1647644,0.31365007,-0.036252037,1.0721877,-0.34454346,0.40682983,-1.1647644,0.31365007,-0.036252037,1.0721877,-1.8201904,4.186737,-3.0516663,1.167712,-3.0855687,3.2215903,-2.1317444,4.1924744,-2.3710938,1.3246883,-3.1001039,2.5124562,-2.1317444,4.1924744,-2.3710938,1.3246883,-3.1001039,2.5124562,哈哈哈哈
-0.265625,-0.026641846,0.5933838,0.10047233,-0.03757377,-0.7221696,-0.265625,-0.026641846,0.5933838,0.10047233,-0.03757377,-0.7221696,0.06878662,-0.24295044000000002,0.23217773,-0.22940832,0.15870634,-0.34544066,-0.12026977500000001,-0.16363525,0.10662842,-0.042957723,0.08464159,-0.22448476,-0.13336182,-0.04449463,-0.16882324,-0.11300140600000001,0.06915715,-0.05264251,-0.13336182,-0.04449463,-0.16882324,-0.11300140600000001,0.06915715,-0.05264251,-0.13162231,0.49581909999999996,0.29696655,-0.11412305,-0.40915442,-0.54351103,-0.5808715999999999,-0.016326904,-0.45977783,0.35732323,0.09637766,0.23918289,-0.38327026000000003,0.2645874,0.060363770000000004,0.21884292,-0.17646164,-0.25035074,0.26394653,-0.067840576,-0.41757202,-0.40904325,0.16104739999999998,0.24323541,0.26394653,-0.067840576,-0.41757202,-0.40904325,0.16104739999999998,0.24323541,0.044128418,-0.06774902000000001,-0.15509033,-0.08869648000000001,0.12786177,0.08037114000000001,0.044128418,-0.06774902000000001,-0.15509033,-0.08869648000000001,0.12786177,0.08037114000000001,0.146698,-0.23492432,-0.27127075,-0.18736893000000002,0.31124726,0.19759724,-0.34454346,0.40682983,-1.1647644,0.31365007,-0.036252037,1.0721877,-0.34454346,0.40682983,-1.1647644,0.31365007,-0.036252037,1.0721877,-1.8201904,4.186737,-3.0516663,1.167712,-3.0855687,3.2215903,-2.1317444,4.1924744,-2.3710938,1.3246883,-3.1001039,2.5124562,-2.1317444,4.1924744,-2.3710938,1.3246883,-3.1001039,2.5124562,-0.057647705,4.3160706,2.272461,-1.3369305,-3.932293,-2.3737266,哈哈哈哈
-0.265625,-0.026641846,0.5933838,0.10047233,-0.03757377,-0.7221696,0.06878662,-0.24295044000000002,0.23217773,-0.22940832,0.15870634,-0.34544066,-0.12026977500000001,-0.16363525,0.10662842,-0.042957723,0.08464159,-0.22448476,-0.13336182,-0.04449463,-0.16882324,-0.11300140600000001,0.06915715,-0.05264251,-0.13336182,-0.04449463,-0.16882324,-0.11300140600000001,0.06915715,-0.05264251,-0.13162231,0.49581909999999996,0.29696655,-0.11412305,-0.40915442,-0.54351103,-0.5808715999999999,-0.016326904,-0.45977783,0.35732323,0.09637766,0.23918289,-0.38327026000000003,0.2645874,0.060363770000000004,0.21884292,-0.17646164,-0.25035074,0.26394653,-0.067840576,-0.41757202,-0.40904325,0.16104739999999998,0.24323541,0.26394653,-0.067840576,-0.41757202,-0.40904325,0.16104739999999998,0.24323541,0.044128418,-0.06774902000000001,-0.15509033,-0.08869648000000001,0.12786177,0.08037114000000001,0.044128418,-0.06774902000000001,-0.15509033,-0.08869648000000001,0.12786177,0.08037114000000001,0.146698,-0.23492432,-0.27127075,-0.18736893000000002,0.31124726,0.19759724,-0.34454346,0.40682983,-1.1647644,0.31365007,-0.036252037,1.0721877,-0.34454346,0.40682983,-1.1647644,0.31365007,-0.036252037,1.0721877,-1.8201904,4.186737,-3.0516663,1.167712,-3.0855687,3.2215903,-2.1317444,4.1924744,-2.3710938,1.3246883,-3.1001039,2.5124562,-2.1317444,4.1924744,-2.3710938,1.3246883,-3.1001039,2.5124562,-0.057647705,4.3160706,2.272461,-1.3369305,-3.932293,-2.3737266,-0.057647705,4.3160706,2.272461,-1.3369305,-3.932293,-2.3737266,哈哈哈哈
0.06878662,-0.24295044000000002,0.23217773,-0.22940832,0.15870634,-0.34544066,-0.12026977500000001,-0.16363525,0.10662842,-0.042957723,0.08464159,-0.22448476,-0.13336182,-0.04449463,-0.16882324,-0.11300140600000001,0.06915715,-0.05264251,-0.13336182,-0.04449463,-0.16882324,-0.11300140600000001,0.06915715,-0.05264251,-0.13162231,0.49581909999999996,0.29696655,-0.11412305,-0.40915442,-0.54351103,-0.5808715999999999,-0.016326904,-0.45977783,0.35732323,0.09637766,0.23918289,-0.38327026000000003,0.2645874,0.060363770000000004,0.21884292,-0.17646164,-0.25035074,0.26394653,-0.067840576,-0.41757202,-0.40904325,0.16104739999999998,0.24323541,0.26394653,-0.067840576,-0.41757202,-0.40904325,0.16104739999999998,0.24323541,0.044128418,-0.06774902000000001,-0.15509033,-0.08869648000000001,0.12786177,0.08037114000000001,0.044128418,-0.06774902000000001,-0.15509033,-0.08869648000000001,0.12786177,0.08037114000000001,0.146698,-0.23492432,-0.27127075,-0.18736893000000002,0.31124726,0.19759724,-0.34454346,0.40682983,-1.1647644,0.31365007,-0.036252037,1.0721877,-0.34454346,0.40682983,-1.1647644,0.31365007,-0.036252037,1.0721877,-1.8201904,4.186737,-3.0516663,1.167712,-3.0855687,3.2215903,-2.1317444,4.1924744,-2.3710938,1.3246883,-3.1001039,2.5124562,-2.1317444,4.1924744,-2.3710938,1.3246883,-3.1001039,2.5124562,-0.057647705,4.3160706,2.272461,-1.3369305,-3.932293,-2.3737266,-0.057647705,4.3160706,2.272461,-1.3369305,-3.932293,-2.3737266,2.6448975,4.3160706,4.879608,-3.4693203,-4.9439983,-4.030622,哈哈哈哈
-0.12026977500000001,-0.16363525,0.10662842,-0.042957723,0.08464159,-0.22448476,-0.13336182,-0.04449463,-0.16882324,-0.11300140600000001,0.06915715,-0.05264251,-0.13336182,-0.04449463,-0.16882324,-0.11300140600000001,0.06915715,-0.05264251,-0.13162231,0.49581909999999996,0.29696655,-0.11412305,-0.40915442,-0.54351103,-0.5808715999999999,-0.016326904,-0.45977783,0.35732323,0.09637766,0.23918289,-0.38327026000000003,0.2645874,0.060363770000000004,0.21884292,-0.17646164,-0.25035074,0.26394653,-0.067840576,-0.41757202,-0.40904325,0.16104739999999998,0.24323541,0.26394653,-0.067840576,-0.41757202,-0.40904325,0.16104739999999998,0.24323541,0.044128418,-0.06774902000000001,-0.15509033,-0.08869648000000001,0.12786177,0.08037114000000001,0.044128418,-0.06774902000000001,-0.15509033,-0.08869648000000001,0.12786177,0.08037114000000001,0.146698,-0.23492432,-0.27127075,-0.18736893000000002,0.31124726,0.19759724,-0.34454346,0.40682983,-1.1647644,0.31365007,-0.036252037,1.0721877,-0.34454346,0.40682983,-1.1647644,0.31365007,-0.036252037,1.0721877,-1.8201904,4.186737,-3.0516663,1.167712,-3.0855687,3.2215903,-2.1317444,4.1924744,-2.3710938,1.3246883,-3.1001039,2.5124562,-2.1317444,4.1924744,-2.3710938,1.3246883,-3.1001039,2.5124562,-0.057647705,4.3160706,2.272461,-1.3369305,-3.932293,-2.3737266,-0.057647705,4.3160706,2.272461,-1.3369305,-3.932293,-2.3737266,2.6448975,4.3160706,4.879608,-3.4693203,-4.9439983,-4.030622,-0.7258911,4.3160706,4.879608,-0.06115108700000001,-4.9518094,-4.433618,哈哈哈哈
-0.13336182,-0.04449463,-0.16882324,-0.11300140600000001,0.06915715,-0.05264251,-0.13336182,-0.04449463,-0.16882324,-0.11300140600000001,0.06915715,-0.05264251,-0.13162231,0.49581909999999996,0.29696655,-0.11412305,-0.40915442,-0.54351103,-0.5808715999999999,-0.016326904,-0.45977783,0.35732323,0.09637766,0.23918289,-0.38327026000000003,0.2645874,0.060363770000000004,0.21884292,-0.17646164,-0.25035074,0.26394653,-0.067840576,-0.41757202,-0.40904325,0.16104739999999998,0.24323541,0.26394653,-0.067840576,-0.41757202,-0.40904325,0.16104739999999998,0.24323541,0.044128418,-0.06774902000000001,-0.15509033,-0.08869648000000001,0.12786177,0.08037114000000001,0.044128418,-0.06774902000000001,-0.15509033,-0.08869648000000001,0.12786177,0.08037114000000001,0.146698,-0.23492432,-0.27127075,-0.18736893000000002,0.31124726,0.19759724,-0.34454346,0.40682983,-1.1647644,0.31365007,-0.036252037,1.0721877,-0.34454346,0.40682983,-1.1647644,0.31365007,-0.036252037,1.0721877,-1.8201904,4.186737,-3.0516663,1.167712,-3.0855687,3.2215903,-2.1317444,4.1924744,-2.3710938,1.3246883,-3.1001039,2.5124562,-2.1317444,4.1924744,-2.3710938,1.3246883,-3.1001039,2.5124562,-0.057647705,4.3160706,2.272461,-1.3369305,-3.932293,-2.3737266,-0.057647705,4.3160706,2.272461,-1.3369305,-3.932293,-2.3737266,2.6448975,4.3160706,4.879608,-3.4693203,-4.9439983,-4.030622,-0.7258911,4.3160706,4.879608,-0.06115108700000001,-4.9518094,-4.433618,-0.7258911,4.3160706,4.879608,-0.06115108700000001,-4.9518094,-4.433618,哈哈哈哈
-0.13336182,-0.04449463,-0.16882324,-0.11300140600000001,0.06915715,-0.05264251,-0.13162231,0.49581909999999996,0.29696655,-0.11412305,-0.40915442,-0.54351103,-0.5808715999999999,-0.016326904,-0.45977783,0.35732323,0.09637766,0.23918289,-0.38327026000000003,0.2645874,0.060363770000000004,0.21884292,-0.17646164,-0.25035074,0.26394653,-0.067840576,-0.41757202,-0.40904325,0.16104739999999998,0.24323541,0.26394653,-0.067840576,-0.41757202,-0.40904325,0.16104739999999998,0.24323541,0.044128418,-0.06774902000000001,-0.15509033,-0.08869648000000001,0.12786177,0.08037114000000001,0.044128418,-0.06774902000000001,-0.15509033,-0.08869648000000001,0.12786177,0.08037114000000001,0.146698,-0.23492432,-0.27127075,-0.18736893000000002,0.31124726,0.19759724,-0.34454346,0.40682983,-1.1647644,0.31365007,-0.036252037,1.0721877,-0.34454346,0.40682983,-1.1647644,0.31365007,-0.036252037,1.0721877,-1.8201904,4.186737,-3.0516663,1.167712,-3.0855687,3.2215903,-2.1317444,4.1924744,-2.3710938,1.3246883,-3.1001039,2.5124562,-2.1317444,4.1924744,-2.3710938,1.3246883,-3.1001039,2.5124562,-0.057647705,4.3160706,2.272461,-1.3369305,-3.932293,-2.3737266,-0.057647705,4.3160706,2.272461,-1.3369305,-3.932293,-2.3737266,2.6448975,4.3160706,4.879608,-3.4693203,-4.9439983,-4.030622,-0.7258911,4.3160706,4.879608,-0.06115108700000001,-4.9518094,-4.433618,-0.7258911,4.3160706,4.879608,-0.06115108700000001,-4.9518094,-4.433618,2.8993835,3.6212158,-2.2399902,-3.4841137,-2.5325499000000002,2.4201493,哈哈哈哈
-0.13162231,0.49581909999999996,0.29696655,-0.11412305,-0.40915442,-0.54351103,-0.5808715999999999,-0.016326904,-0.45977783,0.35732323,0.09637766,0.23918289,-0.38327026000000003,0.2645874,0.060363770000000004,0.21884292,-0.17646164,-0.25035074,0.26394653,-0.067840576,-0.41757202,-0.40904325,0.16104739999999998,0.24323541,0.26394653,-0.067840576,-0.41757202,-0.40904325,0.16104739999999998,0.24323541,0.044128418,-0.06774902000000001,-0.15509033,-0.08869648000000001,0.12786177,0.08037114000000001,0.044128418,-0.06774902000000001,-0.15509033,-0.08869648000000001,0.12786177,0.08037114000000001,0.146698,-0.23492432,-0.27127075,-0.18736893000000002,0.31124726,0.19759724,-0.34454346,0.40682983,-1.1647644,0.31365007,-0.036252037,1.0721877,-0.34454346,0.40682983,-1.1647644,0.31365007,-0.036252037,1.0721877,-1.8201904,4.186737,-3.0516663,1.167712,-3.0855687,3.2215903,-2.1317444,4.1924744,-2.3710938,1.3246883,-3.1001039,2.5124562,-2.1317444,4.1924744,-2.3710938,1.3246883,-3.1001039,2.5124562,-0.057647705,4.3160706,2.272461,-1.3369305,-3.932293,-2.3737266,-0.057647705,4.3160706,2.272461,-1.3369305,-3.932293,-2.3737266,2.6448975,4.3160706,4.879608,-3.4693203,-4.9439983,-4.030622,-0.7258911,4.3160706,4.879608,-0.06115108700000001,-4.9518094,-4.433618,-0.7258911,4.3160706,4.879608,-0.06115108700000001,-4.9518094,-4.433618,2.8993835,3.6212158,-2.2399902,-3.4841137,-2.5325499000000002,2.4201493,-0.6758423,4.3160706,2.9371948,0.23466182,-3.2385516,-2.935582,哈哈哈哈
-0.5808715999999999,-0.016326904,-0.45977783,0.35732323,0.09637766,0.23918289,-0.38327026000000003,0.2645874,0.060363770000000004,0.21884292,-0.17646164,-0.25035074,0.26394653,-0.067840576,-0.41757202,-0.40904325,0.16104739999999998,0.24323541,0.26394653,-0.067840576,-0.41757202,-0.40904325,0.16104739999999998,0.24323541,0.044128418,-0.06774902000000001,-0.15509033,-0.08869648000000001,0.12786177,0.08037114000000001,0.044128418,-0.06774902000000001,-0.15509033,-0.08869648000000001,0.12786177,0.08037114000000001,0.146698,-0.23492432,-0.27127075,-0.18736893000000002,0.31124726,0.19759724,-0.34454346,0.40682983,-1.1647644,0.31365007,-0.036252037,1.0721877,-0.34454346,0.40682983,-1.1647644,0.31365007,-0.036252037,1.0721877,-1.8201904,4.186737,-3.0516663,1.167712,-3.0855687,3.2215903,-2.1317444,4.1924744,-2.3710938,1.3246883,-3.1001039,2.5124562,-2.1317444,4.1924744,-2.3710938,1.3246883,-3.1001039,2.5124562,-0.057647705,4.3160706,2.272461,-1.3369305,-3.932293,-2.3737266,-0.057647705,4.3160706,2.272461,-1.3369305,-3.932293,-2.3737266,2.6448975,4.3160706,4.879608,-3.4693203,-4.9439983,-4.030622,-0.7258911,4.3160706,4.879608,-0.06115108700000001,-4.9518094,-4.433618,-0.7258911,4.3160706,4.879608,-0.06115108700000001,-4.9518094,-4.433618,2.8993835,3.6212158,-2.2399902,-3.4841137,-2.5325499000000002,2.4201493,-0.6758423,4.3160706,2.9371948,0.23466182,-3.2385516,-2.935582,3.6769714000000002,4.3160706,4.879608,-4.378375,-4.6431866,-5.119531,哈哈哈哈
-0.38327026000000003,0.2645874,0.060363770000000004,0.21884292,-0.17646164,-0.25035074,0.26394653,-0.067840576,-0.41757202,-0.40904325,0.16104739999999998,0.24323541,0.26394653,-0.067840576,-0.41757202,-0.40904325,0.16104739999999998,0.24323541,0.044128418,-0.06774902000000001,-0.15509033,-0.08869648000000001,0.12786177,0.08037114000000001,0.044128418,-0.06774902000000001,-0.15509033,-0.08869648000000001,0.12786177,0.08037114000000001,0.146698,-0.23492432,-0.27127075,-0.18736893000000002,0.31124726,0.19759724,-0.34454346,0.40682983,-1.1647644,0.31365007,-0.036252037,1.0721877,-0.34454346,0.40682983,-1.1647644,0.31365007,-0.036252037,1.0721877,-1.8201904,4.186737,-3.0516663,1.167712,-3.0855687,3.2215903,-2.1317444,4.1924744,-2.3710938,1.3246883,-3.1001039,2.5124562,-2.1317444,4.1924744,-2.3710938,1.3246883,-3.1001039,2.5124562,-0.057647705,4.3160706,2.272461,-1.3369305,-3.932293,-2.3737266,-0.057647705,4.3160706,2.272461,-1.3369305,-3.932293,-2.3737266,2.6448975,4.3160706,4.879608,-3.4693203,-4.9439983,-4.030622,-0.7258911,4.3160706,4.879608,-0.06115108700000001,-4.9518094,-4.433618,-0.7258911,4.3160706,4.879608,-0.06115108700000001,-4.9518094,-4.433618,2.8993835,3.6212158,-2.2399902,-3.4841137,-2.5325499000000002,2.4201493,-0.6758423,4.3160706,2.9371948,0.23466182,-3.2385516,-2.935582,3.6769714000000002,4.3160706,4.879608,-4.378375,-4.6431866,-5.119531,3.6769714000000002,4.3160706,4.879608,-4.299073,-5.0017314,-4.23167,哈哈哈哈
0.26394653,-0.067840576,-0.41757202,-0.40904325,0.16104739999999998,0.24323541,0.26394653,-0.067840576,-0.41757202,-0.40904325,0.16104739999999998,0.24323541,0.044128418,-0.06774902000000001,-0.15509033,-0.08869648000000001,0.12786177,0.08037114000000001,0.044128418,-0.06774902000000001,-0.15509033,-0.08869648000000001,0.12786177,0.08037114000000001,0.146698,-0.23492432,-0.27127075,-0.18736893000000002,0.31124726,0.19759724,-0.34454346,0.40682983,-1.1647644,0.31365007,-0.036252037,1.0721877,-0.34454346,0.40682983,-1.1647644,0.31365007,-0.036252037,1.0721877,-1.8201904,4.186737,-3.0516663,1.167712,-3.0855687,3.2215903,-2.1317444,4.1924744,-2.3710938,1.3246883,-3.1001039,2.5124562,-2.1317444,4.1924744,-2.3710938,1.3246883,-3.1001039,2.5124562,-0.057647705,4.3160706,2.272461,-1.3369305,-3.932293,-2.3737266,-0.057647705,4.3160706,2.272461,-1.3369305,-3.932293,-2.3737266,2.6448975,4.3160706,4.879608,-3.4693203,-4.9439983,-4.030622,-0.7258911,4.3160706,4.879608,-0.06115108700000001,-4.9518094,-4.433618,-0.7258911,4.3160706,4.879608,-0.06115108700000001,-4.9518094,-4.433618,2.8993835,3.6212158,-2.2399902,-3.4841137,-2.5325499000000002,2.4201493,-0.6758423,4.3160706,2.9371948,0.23466182,-3.2385516,-2.935582,3.6769714000000002,4.3160706,4.879608,-4.378375,-4.6431866,-5.119531,3.6769714000000002,4.3160706,4.879608,-4.299073,-5.0017314,-4.23167,3.6769714000000002,4.3160706,4.879608,-4.1097703,-4.8015585,-3.8082395,哈哈哈哈
0.26394653,-0.067840576,-0.41757202,-0.40904325,0.16104739999999998,0.24323541,0.044128418,-0.06774902000000001,-0.15509033,-0.08869648000000001,0.12786177,0.08037114000000001,0.044128418,-0.06774902000000001,-0.15509033,-0.08869648000000001,0.12786177,0.08037114000000001,0.146698,-0.23492432,-0.27127075,-0.18736893000000002,0.31124726,0.19759724,-0.34454346,0.40682983,-1.1647644,0.31365007,-0.036252037,1.0721877,-0.34454346,0.40682983,-1.1647644,0.31365007,-0.036252037,1.0721877,-1.8201904,4.186737,-3.0516663,1.167712,-3.0855687,3.2215903,-2.1317444,4.1924744,-2.3710938,1.3246883,-3.1001039,2.5124562,-2.1317444,4.1924744,-2.3710938,1.3246883,-3.1001039,2.5124562,-0.057647705,4.3160706,2.272461,-1.3369305,-3.932293,-2.3737266,-0.057647705,4.3160706,2.272461,-1.3369305,-3.932293,-2.3737266,2.6448975,4.3160706,4.879608,-3.4693203,-4.9439983,-4.030622,-0.7258911,4.3160706,4.879608,-0.06115108700000001,-4.9518094,-4.433618,-0.7258911,4.3160706,4.879608,-0.06115108700000001,-4.9518094,-4.433618,2.8993835,3.6212158,-2.2399902,-3.4841137,-2.5325499000000002,2.4201493,-0.6758423,4.3160706,2.9371948,0.23466182,-3.2385516,-2.935582,3.6769714000000002,4.3160706,4.879608,-4.378375,-4.6431866,-5.119531,3.6769714000000002,4.3160706,4.879608,-4.299073,-5.0017314,-4.23167,3.6769714000000002,4.3160706,4.879608,-4.1097703,-4.8015585,-3.8082395,3.6769714000000002,4.3160706,4.879608,-3.956936,-4.600611,-3.6738858,哈哈哈哈
0.044128418,-0.06774902000000001,-0.15509033,-0.08869648000000001,0.12786177,0.08037114000000001,0.044128418,-0.06774902000000001,-0.15509033,-0.08869648000000001,0.12786177,0.08037114000000001,0.146698,-0.23492432,-0.27127075,-0.18736893000000002,0.31124726,0.19759724,-0.34454346,0.40682983,-1.1647644,0.31365007,-0.036252037,1.0721877,-0.34454346,0.40682983,-1.1647644,0.31365007,-0.036252037,1.0721877,-1.8201904,4.186737,-3.0516663,1.167712,-3.0855687,3.2215903,-2.1317444,4.1924744,-2.3710938,1.3246883,-3.1001039,2.5124562,-2.1317444,4.1924744,-2.3710938,1.3246883,-3.1001039,2.5124562,-0.057647705,4.3160706,2.272461,-1.3369305,-3.932293,-2.3737266,-0.057647705,4.3160706,2.272461,-1.3369305,-3.932293,-2.3737266,2.6448975,4.3160706,4.879608,-3.4693203,-4.9439983,-4.030622,-0.7258911,4.3160706,4.879608,-0.06115108700000001,-4.9518094,-4.433618,-0.7258911,4.3160706,4.879608,-0.06115108700000001,-4.9518094,-4.433618,2.8993835,3.6212158,-2.2399902,-3.4841137,-2.5325499000000002,2.4201493,-0.6758423,4.3160706,2.9371948,0.23466182,-3.2385516,-2.935582,3.6769714000000002,4.3160706,4.879608,-4.378375,-4.6431866,-5.119531,3.6769714000000002,4.3160706,4.879608,-4.299073,-5.0017314,-4.23167,3.6769714000000002,4.3160706,4.879608,-4.1097703,-4.8015585,-3.8082395,3.6769714000000002,4.3160706,4.879608,-3.956936,-4.600611,-3.6738858,3.6769714000000002,4.3160706,4.879608,-3.956936,-4.600611,-3.6738858,哈哈哈哈
0.044128418,-0.06774902000000001,-0.15509033,-0.08869648000000001,0.12786177,0.08037114000000001,0.146698,-0.23492432,-0.27127075,-0.18736893000000002,0.31124726,0.19759724,-0.34454346,0.40682983,-1.1647644,0.31365007,-0.036252037,1.0721877,-0.34454346,0.40682983,-1.1647644,0.31365007,-0.036252037,1.0721877,-1.8201904,4.186737,-3.0516663,1.167712,-3.0855687,3.2215903,-2.1317444,4.1924744,-2.3710938,1.3246883,-3.1001039,2.5124562,-2.1317444,4.1924744,-2.3710938,1.3246883,-3.1001039,2.5124562,-0.057647705,4.3160706,2.272461,-1.3369305,-3.932293,-2.3737266,-0.057647705,4.3160706,2.272461,-1.3369305,-3.932293,-2.3737266,2.6448975,4.3160706,4.879608,-3.4693203,-4.9439983,-4.030622,-0.7258911,4.3160706,4.879608,-0.06115108700000001,-4.9518094,-4.433618,-0.7258911,4.3160706,4.879608,-0.06115108700000001,-4.9518094,-4.433618,2.8993835,3.6212158,-2.2399902,-3.4841137,-2.5325499000000002,2.4201493,-0.6758423,4.3160706,2.9371948,0.23466182,-3.2385516,-2.935582,3.6769714000000002,4.3160706,4.879608,-4.378375,-4.6431866,-5.119531,3.6769714000000002,4.3160706,4.879608,-4.299073,-5.0017314,-4.23167,3.6769714000000002,4.3160706,4.879608,-4.1097703,-4.8015585,-3.8082395,3.6769714000000002,4.3160706,4.879608,-3.956936,-4.600611,-3.6738858,3.6769714000000002,4.3160706,4.879608,-3.956936,-4.600611,-3.6738858,0.7341614,4.3160706,4.879608,-1.1921334,-4.762809,-4.895887,哈哈哈哈
0.146698,-0.23492432,-0.27127075,-0.18736893000000002,0.31124726,0.19759724,-0.34454346,0.40682983,-1.1647644,0.31365007,-0.036252037,1.0721877,-0.34454346,0.40682983,-1.1647644,0.31365007,-0.036252037,1.0721877,-1.8201904,4.186737,-3.0516663,1.167712,-3.0855687,3.2215903,-2.1317444,4.1924744,-2.3710938,1.3246883,-3.1001039,2.5124562,-2.1317444,4.1924744,-2.3710938,1.3246883,-3.1001039,2.5124562,-0.057647705,4.3160706,2.272461,-1.3369305,-3.932293,-2.3737266,-0.057647705,4.3160706,2.272461,-1.3369305,-3.932293,-2.3737266,2.6448975,4.3160706,4.879608,-3.4693203,-4.9439983,-4.030622,-0.7258911,4.3160706,4.879608,-0.06115108700000001,-4.9518094,-4.433618,-0.7258911,4.3160706,4.879608,-0.06115108700000001,-4.9518094,-4.433618,2.8993835,3.6212158,-2.2399902,-3.4841137,-2.5325499000000002,2.4201493,-0.6758423,4.3160706,2.9371948,0.23466182,-3.2385516,-2.935582,3.6769714000000002,4.3160706,4.879608,-4.378375,-4.6431866,-5.119531,3.6769714000000002,4.3160706,4.879608,-4.299073,-5.0017314,-4.23167,3.6769714000000002,4.3160706,4.879608,-4.1097703,-4.8015585,-3.8082395,3.6769714000000002,4.3160706,4.879608,-3.956936,-4.600611,-3.6738858,3.6769714000000002,4.3160706,4.879608,-3.956936,-4.600611,-3.6738858,0.7341614,4.3160706,4.879608,-1.1921334,-4.762809,-4.895887,2.1650085,4.3160706,4.879608,-3.031981,-4.898553,-4.7512609999999995,哈哈哈哈
-0.34454346,0.40682983,-1.1647644,0.31365007,-0.036252037,1.0721877,-0.34454346,0.40682983,-1.1647644,0.31365007,-0.036252037,1.0721877,-1.8201904,4.186737,-3.0516663,1.167712,-3.0855687,3.2215903,-2.1317444,4.1924744,-2.3710938,1.3246883,-3.1001039,2.5124562,-2.1317444,4.1924744,-2.3710938,1.3246883,-3.1001039,2.5124562,-0.057647705,4.3160706,2.272461,-1.3369305,-3.932293,-2.3737266,-0.057647705,4.3160706,2.272461,-1.3369305,-3.932293,-2.3737266,2.6448975,4.3160706,4.879608,-3.4693203,-4.9439983,-4.030622,-0.7258911,4.3160706,4.879608,-0.06115108700000001,-4.9518094,-4.433618,-0.7258911,4.3160706,4.879608,-0.06115108700000001,-4.9518094,-4.433618,2.8993835,3.6212158,-2.2399902,-3.4841137,-2.5325499000000002,2.4201493,-0.6758423,4.3160706,2.9371948,0.23466182,-3.2385516,-2.935582,3.6769714000000002,4.3160706,4.879608,-4.378375,-4.6431866,-5.119531,3.6769714000000002,4.3160706,4.879608,-4.299073,-5.0017314,-4.23167,3.6769714000000002,4.3160706,4.879608,-4.1097703,-4.8015585,-3.8082395,3.6769714000000002,4.3160706,4.879608,-3.956936,-4.600611,-3.6738858,3.6769714000000002,4.3160706,4.879608,-3.956936,-4.600611,-3.6738858,0.7341614,4.3160706,4.879608,-1.1921334,-4.762809,-4.895887,2.1650085,4.3160706,4.879608,-3.031981,-4.898553,-4.7512609999999995,3.6769714000000002,4.3160706,4.879608,-4.4688826,-4.9527235,-4.7061524,哈哈哈哈
-0.34454346,0.40682983,-1.1647644,0.31365007,-0.036252037,1.0721877,-1.8201904,4.186737,-3.0516663,1.167712,-3.0855687,3.2215903,-2.1317444,4.1924744,-2.3710938,1.3246883,-3.1001039,2.5124562,-2.1317444,4.1924744,-2.3710938,1.3246883,-3.1001039,2.5124562,-0.057647705,4.3160706,2.272461,-1.3369305,-3.932293,-2.3737266,-0.057647705,4.3160706,2.272461,-1.3369305,-3.932293,-2.3737266,2.6448975,4.3160706,4.879608,-3.4693203,-4.9439983,-4.030622,-0.7258911,4.3160706,4.879608,-0.06115108700000001,-4.9518094,-4.433618,-0.7258911,4.3160706,4.879608,-0.06115108700000001,-4.9518094,-4.433618,2.8993835,3.6212158,-2.2399902,-3.4841137,-2.5325499000000002,2.4201493,-0.6758423,4.3160706,2.9371948,0.23466182,-3.2385516,-2.935582,3.6769714000000002,4.3160706,4.879608,-4.378375,-4.6431866,-5.119531,3.6769714000000002,4.3160706,4.879608,-4.299073,-5.0017314,-4.23167,3.6769714000000002,4.3160706,4.879608,-4.1097703,-4.8015585,-3.8082395,3.6769714000000002,4.3160706,4.879608,-3.956936,-4.600611,-3.6738858,3.6769714000000002,4.3160706,4.879608,-3.956936,-4.600611,-3.6738858,0.7341614,4.3160706,4.879608,-1.1921334,-4.762809,-4.895887,2.1650085,4.3160706,4.879608,-3.031981,-4.898553,-4.7512609999999995,3.6769714000000002,4.3160706,4.879608,-4.4688826,-4.9527235,-4.7061524,3.6769714000000002,4.3160706,4.879608,-4.7059619999999995,-4.8253922,-3.8521879,哈哈哈哈
-1.8201904,4.186737,-3.0516663,1.167712,-3.0855687,3.2215903,-2.1317444,4.1924744,-2.3710938,1.3246883,-3.1001039,2.5124562,-2.1317444,4.1924744,-2.3710938,1.3246883,-3.1001039,2.5124562,-0.057647705,4.3160706,2.272461,-1.3369305,-3.932293,-2.3737266,-0.057647705,4.3160706,2.272461,-1.3369305,-3.932293,-2.3737266,2.6448975,4.3160706,4.879608,-3.4693203,-4.9439983,-4.030622,-0.7258911,4.3160706,4.879608,-0.06115108700000001,-4.9518094,-4.433618,-0.7258911,4.3160706,4.879608,-0.06115108700000001,-4.9518094,-4.433618,2.8993835,3.6212158,-2.2399902,-3.4841137,-2.5325499000000002,2.4201493,-0.6758423,4.3160706,2.9371948,0.23466182,-3.2385516,-2.935582,3.6769714000000002,4.3160706,4.879608,-4.378375,-4.6431866,-5.119531,3.6769714000000002,4.3160706,4.879608,-4.299073,-5.0017314,-4.23167,3.6769714000000002,4.3160706,4.879608,-4.1097703,-4.8015585,-3.8082395,3.6769714000000002,4.3160706,4.879608,-3.956936,-4.600611,-3.6738858,3.6769714000000002,4.3160706,4.879608,-3.956936,-4.600611,-3.6738858,0.7341614,4.3160706,4.879608,-1.1921334,-4.762809,-4.895887,2.1650085,4.3160706,4.879608,-3.031981,-4.898553,-4.7512609999999995,3.6769714000000002,4.3160706,4.879608,-4.4688826,-4.9527235,-4.7061524,3.6769714000000002,4.3160706,4.879608,-4.7059619999999995,-4.8253922,-3.8521879,3.5420837,4.3160706,4.879608,-4.092302,-4.3384953,-3.4183936,哈哈哈哈
-2.1317444,4.1924744,-2.3710938,1.3246883,-3.1001039,2.5124562,-2.1317444,4.1924744,-2.3710938,1.3246883,-3.1001039,2.5124562,-0.057647705,4.3160706,2.272461,-1.3369305,-3.932293,-2.3737266,-0.057647705,4.3160706,2.272461,-1.3369305,-3.932293,-2.3737266,2.6448975,4.3160706,4.879608,-3.4693203,-4.9439983,-4.030622,-0.7258911,4.3160706,4.879608,-0.06115108700000001,-4.9518094,-4.433618,-0.7258911,4.3160706,4.879608,-0.06115108700000001,-4.9518094,-4.433618,2.8993835,3.6212158,-2.2399902,-3.4841137,-2.5325499000000002,2.4201493,-0.6758423,4.3160706,2.9371948,0.23466182,-3.2385516,-2.935582,3.6769714000000002,4.3160706,4.879608,-4.378375,-4.6431866,-5.119531,3.6769714000000002,4.3160706,4.879608,-4.299073,-5.0017314,-4.23167,3.6769714000000002,4.3160706,4.879608,-4.1097703,-4.8015585,-3.8082395,3.6769714000000002,4.3160706,4.879608,-3.956936,-4.600611,-3.6738858,3.6769714000000002,4.3160706,4.879608,-3.956936,-4.600611,-3.6738858,0.7341614,4.3160706,4.879608,-1.1921334,-4.762809,-4.895887,2.1650085,4.3160706,4.879608,-3.031981,-4.898553,-4.7512609999999995,3.6769714000000002,4.3160706,4.879608,-4.4688826,-4.9527235,-4.7061524,3.6769714000000002,4.3160706,4.879608,-4.7059619999999995,-4.8253922,-3.8521879,3.5420837,4.3160706,4.879608,-4.092302,-4.3384953,-3.4183936,3.5420837,4.3160706,4.879608,-4.092302,-4.3384953,-3.4183936,哈哈哈哈
-2.1317444,4.1924744,-2.3710938,1.3246883,-3.1001039,2.5124562,-0.057647705,4.3160706,2.272461,-1.3369305,-3.932293,-2.3737266,-0.057647705,4.3160706,2.272461,-1.3369305,-3.932293,-2.3737266,2.6448975,4.3160706,4.879608,-3.4693203,-4.9439983,-4.030622,-0.7258911,4.3160706,4.879608,-0.06115108700000001,-4.9518094,-4.433618,-0.7258911,4.3160706,4.879608,-0.06115108700000001,-4.9518094,-4.433618,2.8993835,3.6212158,-2.2399902,-3.4841137,-2.5325499000000002,2.4201493,-0.6758423,4.3160706,2.9371948,0.23466182,-3.2385516,-2.935582,3.6769714000000002,4.3160706,4.879608,-4.378375,-4.6431866,-5.119531,3.6769714000000002,4.3160706,4.879608,-4.299073,-5.0017314,-4.23167,3.6769714000000002,4.3160706,4.879608,-4.1097703,-4.8015585,-3.8082395,3.6769714000000002,4.3160706,4.879608,-3.956936,-4.600611,-3.6738858,3.6769714000000002,4.3160706,4.879608,-3.956936,-4.600611,-3.6738858,0.7341614,4.3160706,4.879608,-1.1921334,-4.762809,-4.895887,2.1650085,4.3160706,4.879608,-3.031981,-4.898553,-4.7512609999999995,3.6769714000000002,4.3160706,4.879608,-4.4688826,-4.9527235,-4.7061524,3.6769714000000002,4.3160706,4.879608,-4.7059619999999995,-4.8253922,-3.8521879,3.5420837,4.3160706,4.879608,-4.092302,-4.3384953,-3.4183936,3.5420837,4.3160706,4.879608,-4.092302,-4.3384953,-3.4183936,3.6769714000000002,4.3160706,4.879608,-4.644153,-4.9773846,-4.288832,哈哈哈哈
-0.057647705,4.3160706,2.272461,-1.3369305,-3.932293,-2.3737266,-0.057647705,4.3160706,2.272461,-1.3369305,-3.932293,-2.3737266,2.6448975,4.3160706,4.879608,-3.4693203,-4.9439983,-4.030622,-0.7258911,4.3160706,4.879608,-0.06115108700000001,-4.9518094,-4.433618,-0.7258911,4.3160706,4.879608,-0.06115108700000001,-4.9518094,-4.433618,2.8993835,3.6212158,-2.2399902,-3.4841137,-2.5325499000000002,2.4201493,-0.6758423,4.3160706,2.9371948,0.23466182,-3.2385516,-2.935582,3.6769714000000002,4.3160706,4.879608,-4.378375,-4.6431866,-5.119531,3.6769714000000002,4.3160706,4.879608,-4.299073,-5.0017314,-4.23167,3.6769714000000002,4.3160706,4.879608,-4.1097703,-4.8015585,-3.8082395,3.6769714000000002,4.3160706,4.879608,-3.956936,-4.600611,-3.6738858,3.6769714000000002,4.3160706,4.879608,-3.956936,-4.600611,-3.6738858,0.7341614,4.3160706,4.879608,-1.1921334,-4.762809,-4.895887,2.1650085,4.3160706,4.879608,-3.031981,-4.898553,-4.7512609999999995,3.6769714000000002,4.3160706,4.879608,-4.4688826,-4.9527235,-4.7061524,3.6769714000000002,4.3160706,4.879608,-4.7059619999999995,-4.8253922,-3.8521879,3.5420837,4.3160706,4.879608,-4.092302,-4.3384953,-3.4183936,3.5420837,4.3160706,4.879608,-4.092302,-4.3384953,-3.4183936,3.6769714000000002,4.3160706,4.879608,-4.644153,-4.9773846,-4.288832,3.6769714000000002,4.3160706,0.92025757,-4.12874,-5.029333,-0.46305835,哈哈哈哈
-0.057647705,4.3160706,2.272461,-1.3369305,-3.932293,-2.3737266,2.6448975,4.3160706,4.879608,-3.4693203,-4.9439983,-4.030622,-0.7258911,4.3160706,4.879608,-0.06115108700000001,-4.9518094,-4.433618,-0.7258911,4.3160706,4.879608,-0.06115108700000001,-4.9518094,-4.433618,2.8993835,3.6212158,-2.2399902,-3.4841137,-2.5325499000000002,2.4201493,-0.6758423,4.3160706,2.9371948,0.23466182,-3.2385516,-2.935582,3.6769714000000002,4.3160706,4.879608,-4.378375,-4.6431866,-5.119531,3.6769714000000002,4.3160706,4.879608,-4.299073,-5.0017314,-4.23167,3.6769714000000002,4.3160706,4.879608,-4.1097703,-4.8015585,-3.8082395,3.6769714000000002,4.3160706,4.879608,-3.956936,-4.600611,-3.6738858,3.6769714000000002,4.3160706,4.879608,-3.956936,-4.600611,-3.6738858,0.7341614,4.3160706,4.879608,-1.1921334,-4.762809,-4.895887,2.1650085,4.3160706,4.879608,-3.031981,-4.898553,-4.7512609999999995,3.6769714000000002,4.3160706,4.879608,-4.4688826,-4.9527235,-4.7061524,3.6769714000000002,4.3160706,4.879608,-4.7059619999999995,-4.8253922,-3.8521879,3.5420837,4.3160706,4.879608,-4.092302,-4.3384953,-3.4183936,3.5420837,4.3160706,4.879608,-4.092302,-4.3384953,-3.4183936,3.6769714000000002,4.3160706,4.879608,-4.644153,-4.9773846,-4.288832,3.6769714000000002,4.3160706,0.92025757,-4.12874,-5.029333,-0.46305835,3.6769714000000002,4.3160706,0.92025757,-4.12874,-5.029333,-0.46305835,哈哈哈哈
2.6448975,4.3160706,4.879608,-3.4693203,-4.9439983,-4.030622,-0.7258911,4.3160706,4.879608,-0.06115108700000001,-4.9518094,-4.433618,-0.7258911,4.3160706,4.879608,-0.06115108700000001,-4.9518094,-4.433618,2.8993835,3.6212158,-2.2399902,-3.4841137,-2.5325499000000002,2.4201493,-0.6758423,4.3160706,2.9371948,0.23466182,-3.2385516,-2.935582,3.6769714000000002,4.3160706,4.879608,-4.378375,-4.6431866,-5.119531,3.6769714000000002,4.3160706,4.879608,-4.299073,-5.0017314,-4.23167,3.6769714000000002,4.3160706,4.879608,-4.1097703,-4.8015585,-3.8082395,3.6769714000000002,4.3160706,4.879608,-3.956936,-4.600611,-3.6738858,3.6769714000000002,4.3160706,4.879608,-3.956936,-4.600611,-3.6738858,0.7341614,4.3160706,4.879608,-1.1921334,-4.762809,-4.895887,2.1650085,4.3160706,4.879608,-3.031981,-4.898553,-4.7512609999999995,3.6769714000000002,4.3160706,4.879608,-4.4688826,-4.9527235,-4.7061524,3.6769714000000002,4.3160706,4.879608,-4.7059619999999995,-4.8253922,-3.8521879,3.5420837,4.3160706,4.879608,-4.092302,-4.3384953,-3.4183936,3.5420837,4.3160706,4.879608,-4.092302,-4.3384953,-3.4183936,3.6769714000000002,4.3160706,4.879608,-4.644153,-4.9773846,-4.288832,3.6769714000000002,4.3160706,0.92025757,-4.12874,-5.029333,-0.46305835,3.6769714000000002,4.3160706,0.92025757,-4.12874,-5.029333,-0.46305835,3.2929993,4.3160706,4.879608,-3.6861138,-4.5334964,-3.5516822,哈哈哈哈
-0.7258911,4.3160706,4.879608,-0.06115108700000001,-4.9518094,-4.433618,-0.7258911,4.3160706,4.879608,-0.06115108700000001,-4.9518094,-4.433618,2.8993835,3.6212158,-2.2399902,-3.4841137,-2.5325499000000002,2.4201493,-0.6758423,4.3160706,2.9371948,0.23466182,-3.2385516,-2.935582,3.6769714000000002,4.3160706,4.879608,-4.378375,-4.6431866,-5.119531,3.6769714000000002,4.3160706,4.879608,-4.299073,-5.0017314,-4.23167,3.6769714000000002,4.3160706,4.879608,-4.1097703,-4.8015585,-3.8082395,3.6769714000000002,4.3160706,4.879608,-3.956936,-4.600611,-3.6738858,3.6769714000000002,4.3160706,4.879608,-3.956936,-4.600611,-3.6738858,0.7341614,4.3160706,4.879608,-1.1921334,-4.762809,-4.895887,2.1650085,4.3160706,4.879608,-3.031981,-4.898553,-4.7512609999999995,3.6769714000000002,4.3160706,4.879608,-4.4688826,-4.9527235,-4.7061524,3.6769714000000002,4.3160706,4.879608,-4.7059619999999995,-4.8253922,-3.8521879,3.5420837,4.3160706,4.879608,-4.092302,-4.3384953,-3.4183936,3.5420837,4.3160706,4.879608,-4.092302,-4.3384953,-3.4183936,3.6769714000000002,4.3160706,4.879608,-4.644153,-4.9773846,-4.288832,3.6769714000000002,4.3160706,0.92025757,-4.12874,-5.029333,-0.46305835,3.6769714000000002,4.3160706,0.92025757,-4.12874,-5.029333,-0.46305835,3.2929993,4.3160706,4.879608,-3.6861138,-4.5334964,-3.5516822,3.2929993,4.3160706,4.879608,-3.6861138,-4.5334964,-3.5516822,哈哈哈哈
-0.7258911,4.3160706,4.879608,-0.06115108700000001,-4.9518094,-4.433618,2.8993835,3.6212158,-2.2399902,-3.4841137,-2.5325499000000002,2.4201493,-0.6758423,4.3160706,2.9371948,0.23466182,-3.2385516,-2.935582,3.6769714000000002,4.3160706,4.879608,-4.378375,-4.6431866,-5.119531,3.6769714000000002,4.3160706,4.879608,-4.299073,-5.0017314,-4.23167,3.6769714000000002,4.3160706,4.879608,-4.1097703,-4.8015585,-3.8082395,3.6769714000000002,4.3160706,4.879608,-3.956936,-4.600611,-3.6738858,3.6769714000000002,4.3160706,4.879608,-3.956936,-4.600611,-3.6738858,0.7341614,4.3160706,4.879608,-1.1921334,-4.762809,-4.895887,2.1650085,4.3160706,4.879608,-3.031981,-4.898553,-4.7512609999999995,3.6769714000000002,4.3160706,4.879608,-4.4688826,-4.9527235,-4.7061524,3.6769714000000002,4.3160706,4.879608,-4.7059619999999995,-4.8253922,-3.8521879,3.5420837,4.3160706,4.879608,-4.092302,-4.3384953,-3.4183936,3.5420837,4.3160706,4.879608,-4.092302,-4.3384953,-3.4183936,3.6769714000000002,4.3160706,4.879608,-4.644153,-4.9773846,-4.288832,3.6769714000000002,4.3160706,0.92025757,-4.12874,-5.029333,-0.46305835,3.6769714000000002,4.3160706,0.92025757,-4.12874,-5.029333,-0.46305835,3.2929993,4.3160706,4.879608,-3.6861138,-4.5334964,-3.5516822,3.2929993,4.3160706,4.879608,-3.6861138,-4.5334964,-3.5516822,3.2929993,4.3160706,4.879608,-3.6861138,-4.5334964,-3.5516822,哈哈哈哈
2.8993835,3.6212158,-2.2399902,-3.4841137,-2.5325499000000002,2.4201493,-0.6758423,4.3160706,2.9371948,0.23466182,-3.2385516,-2.935582,3.6769714000000002,4.3160706,4.879608,-4.378375,-4.6431866,-5.119531,3.6769714000000002,4.3160706,4.879608,-4.299073,-5.0017314,-4.23167,3.6769714000000002,4.3160706,4.879608,-4.1097703,-4.8015585,-3.8082395,3.6769714000000002,4.3160706,4.879608,-3.956936,-4.600611,-3.6738858,3.6769714000000002,4.3160706,4.879608,-3.956936,-4.600611,-3.6738858,0.7341614,4.3160706,4.879608,-1.1921334,-4.762809,-4.895887,2.1650085,4.3160706,4.879608,-3.031981,-4.898553,-4.7512609999999995,3.6769714000000002,4.3160706,4.879608,-4.4688826,-4.9527235,-4.7061524,3.6769714000000002,4.3160706,4.879608,-4.7059619999999995,-4.8253922,-3.8521879,3.5420837,4.3160706,4.879608,-4.092302,-4.3384953,-3.4183936,3.5420837,4.3160706,4.879608,-4.092302,-4.3384953,-3.4183936,3.6769714000000002,4.3160706,4.879608,-4.644153,-4.9773846,-4.288832,3.6769714000000002,4.3160706,0.92025757,-4.12874,-5.029333,-0.46305835,3.6769714000000002,4.3160706,0.92025757,-4.12874,-5.029333,-0.46305835,3.2929993,4.3160706,4.879608,-3.6861138,-4.5334964,-3.5516822,3.2929993,4.3160706,4.879608,-3.6861138,-4.5334964,-3.5516822,3.2929993,4.3160706,4.879608,-3.6861138,-4.5334964,-3.5516822,3.013794,2.3749084,4.879608,-3.329194,-2.214019,-3.449926,哈哈哈哈
-0.6758423,4.3160706,2.9371948,0.23466182,-3.2385516,-2.935582,3.6769714000000002,4.3160706,4.879608,-4.378375,-4.6431866,-5.119531,3.6769714000000002,4.3160706,4.879608,-4.299073,-5.0017314,-4.23167,3.6769714000000002,4.3160706,4.879608,-4.1097703,-4.8015585,-3.8082395,3.6769714000000002,4.3160706,4.879608,-3.956936,-4.600611,-3.6738858,3.6769714000000002,4.3160706,4.879608,-3.956936,-4.600611,-3.6738858,0.7341614,4.3160706,4.879608,-1.1921334,-4.762809,-4.895887,2.1650085,4.3160706,4.879608,-3.031981,-4.898553,-4.7512609999999995,3.6769714000000002,4.3160706,4.879608,-4.4688826,-4.9527235,-4.7061524,3.6769714000000002,4.3160706,4.879608,-4.7059619999999995,-4.8253922,-3.8521879,3.5420837,4.3160706,4.879608,-4.092302,-4.3384953,-3.4183936,3.5420837,4.3160706,4.879608,-4.092302,-4.3384953,-3.4183936,3.6769714000000002,4.3160706,4.879608,-4.644153,-4.9773846,-4.288832,3.6769714000000002,4.3160706,0.92025757,-4.12874,-5.029333,-0.46305835,3.6769714000000002,4.3160706,0.92025757,-4.12874,-5.029333,-0.46305835,3.2929993,4.3160706,4.879608,-3.6861138,-4.5334964,-3.5516822,3.2929993,4.3160706,4.879608,-3.6861138,-4.5334964,-3.5516822,3.2929993,4.3160706,4.879608,-3.6861138,-4.5334964,-3.5516822,3.013794,2.3749084,4.879608,-3.329194,-2.214019,-3.449926,0.6744384999999999,4.3160706,-0.79019165,-0.40291667000000003,-4.236248,1.4878452,哈哈哈哈
3.6769714000000002,4.3160706,4.879608,-4.378375,-4.6431866,-5.119531,3.6769714000000002,4.3160706,4.879608,-4.299073,-5.0017314,-4.23167,3.6769714000000002,4.3160706,4.879608,-4.1097703,-4.8015585,-3.8082395,3.6769714000000002,4.3160706,4.879608,-3.956936,-4.600611,-3.6738858,3.6769714000000002,4.3160706,4.879608,-3.956936,-4.600611,-3.6738858,0.7341614,4.3160706,4.879608,-1.1921334,-4.762809,-4.895887,2.1650085,4.3160706,4.879608,-3.031981,-4.898553,-4.7512609999999995,3.6769714000000002,4.3160706,4.879608,-4.4688826,-4.9527235,-4.7061524,3.6769714000000002,4.3160706,4.879608,-4.7059619999999995,-4.8253922,-3.8521879,3.5420837,4.3160706,4.879608,-4.092302,-4.3384953,-3.4183936,3.5420837,4.3160706,4.879608,-4.092302,-4.3384953,-3.4183936,3.6769714000000002,4.3160706,4.879608,-4.644153,-4.9773846,-4.288832,3.6769714000000002,4.3160706,0.92025757,-4.12874,-5.029333,-0.46305835,3.6769714000000002,4.3160706,0.92025757,-4.12874,-5.029333,-0.46305835,3.2929993,4.3160706,4.879608,-3.6861138,-4.5334964,-3.5516822,3.2929993,4.3160706,4.879608,-3.6861138,-4.5334964,-3.5516822,3.2929993,4.3160706,4.879608,-3.6861138,-4.5334964,-3.5516822,3.013794,2.3749084,4.879608,-3.329194,-2.214019,-3.449926,0.6744384999999999,4.3160706,-0.79019165,-0.40291667000000003,-4.236248,1.4878452,2.0577087,4.3160706,4.879608,-1.8198689,-4.1939735,-4.038295,哈哈哈哈
3.6769714000000002,4.3160706,4.879608,-4.299073,-5.0017314,-4.23167,3.6769714000000002,4.3160706,4.879608,-4.1097703,-4.8015585,-3.8082395,3.6769714000000002,4.3160706,4.879608,-3.956936,-4.600611,-3.6738858,3.6769714000000002,4.3160706,4.879608,-3.956936,-4.600611,-3.6738858,0.7341614,4.3160706,4.879608,-1.1921334,-4.762809,-4.895887,2.1650085,4.3160706,4.879608,-3.031981,-4.898553,-4.7512609999999995,3.6769714000000002,4.3160706,4.879608,-4.4688826,-4.9527235,-4.7061524,3.6769714000000002,4.3160706,4.879608,-4.7059619999999995,-4.8253922,-3.8521879,3.5420837,4.3160706,4.879608,-4.092302,-4.3384953,-3.4183936,3.5420837,4.3160706,4.879608,-4.092302,-4.3384953,-3.4183936,3.6769714000000002,4.3160706,4.879608,-4.644153,-4.9773846,-4.288832,3.6769714000000002,4.3160706,0.92025757,-4.12874,-5.029333,-0.46305835,3.6769714000000002,4.3160706,0.92025757,-4.12874,-5.029333,-0.46305835,3.2929993,4.3160706,4.879608,-3.6861138,-4.5334964,-3.5516822,3.2929993,4.3160706,4.879608,-3.6861138,-4.5334964,-3.5516822,3.2929993,4.3160706,4.879608,-3.6861138,-4.5334964,-3.5516822,3.013794,2.3749084,4.879608,-3.329194,-2.214019,-3.449926,0.6744384999999999,4.3160706,-0.79019165,-0.40291667000000003,-4.236248,1.4878452,2.0577087,4.3160706,4.879608,-1.8198689,-4.1939735,-4.038295,3.319275,4.3160706,4.879608,-3.0878859,-4.05952,-4.023962,哈哈哈哈
3.6769714000000002,4.3160706,4.879608,-4.1097703,-4.8015585,-3.8082395,3.6769714000000002,4.3160706,4.879608,-3.956936,-4.600611,-3.6738858,3.6769714000000002,4.3160706,4.879608,-3.956936,-4.600611,-3.6738858,0.7341614,4.3160706,4.879608,-1.1921334,-4.762809,-4.895887,2.1650085,4.3160706,4.879608,-3.031981,-4.898553,-4.7512609999999995,3.6769714000000002,4.3160706,4.879608,-4.4688826,-4.9527235,-4.7061524,3.6769714000000002,4.3160706,4.879608,-4.7059619999999995,-4.8253922,-3.8521879,3.5420837,4.3160706,4.879608,-4.092302,-4.3384953,-3.4183936,3.5420837,4.3160706,4.879608,-4.092302,-4.3384953,-3.4183936,3.6769714000000002,4.3160706,4.879608,-4.644153,-4.9773846,-4.288832,3.6769714000000002,4.3160706,0.92025757,-4.12874,-5.029333,-0.46305835,3.6769714000000002,4.3160706,0.92025757,-4.12874,-5.029333,-0.46305835,3.2929993,4.3160706,4.879608,-3.6861138,-4.5334964,-3.5516822,3.2929993,4.3160706,4.879608,-3.6861138,-4.5334964,-3.5516822,3.2929993,4.3160706,4.879608,-3.6861138,-4.5334964,-3.5516822,3.013794,2.3749084,4.879608,-3.329194,-2.214019,-3.449926,0.6744384999999999,4.3160706,-0.79019165,-0.40291667000000003,-4.236248,1.4878452,2.0577087,4.3160706,4.879608,-1.8198689,-4.1939735,-4.038295,3.319275,4.3160706,4.879608,-3.0878859,-4.05952,-4.023962,3.6769714000000002,4.3160706,4.879608,-3.4366288,-3.7406018,-4.34383,哈哈哈哈
3.6769714000000002,4.3160706,4.879608,-3.956936,-4.600611,-3.6738858,3.6769714000000002,4.3160706,4.879608,-3.956936,-4.600611,-3.6738858,0.7341614,4.3160706,4.879608,-1.1921334,-4.762809,-4.895887,2.1650085,4.3160706,4.879608,-3.031981,-4.898553,-4.7512609999999995,3.6769714000000002,4.3160706,4.879608,-4.4688826,-4.9527235,-4.7061524,3.6769714000000002,4.3160706,4.879608,-4.7059619999999995,-4.8253922,-3.8521879,3.5420837,4.3160706,4.879608,-4.092302,-4.3384953,-3.4183936,3.5420837,4.3160706,4.879608,-4.092302,-4.3384953,-3.4183936,3.6769714000000002,4.3160706,4.879608,-4.644153,-4.9773846,-4.288832,3.6769714000000002,4.3160706,0.92025757,-4.12874,-5.029333,-0.46305835,3.6769714000000002,4.3160706,0.92025757,-4.12874,-5.029333,-0.46305835,3.2929993,4.3160706,4.879608,-3.6861138,-4.5334964,-3.5516822,3.2929993,4.3160706,4.879608,-3.6861138,-4.5334964,-3.5516822,3.2929993,4.3160706,4.879608,-3.6861138,-4.5334964,-3.5516822,3.013794,2.3749084,4.879608,-3.329194,-2.214019,-3.449926,0.6744384999999999,4.3160706,-0.79019165,-0.40291667000000003,-4.236248,1.4878452,2.0577087,4.3160706,4.879608,-1.8198689,-4.1939735,-4.038295,3.319275,4.3160706,4.879608,-3.0878859,-4.05952,-4.023962,3.6769714000000002,4.3160706,4.879608,-3.4366288,-3.7406018,-4.34383,0.9171448,4.3160706,4.879608,-0.7151565999999999,-3.9819431,-3.8591447,哈哈哈哈
3.6769714000000002,4.3160706,4.879608,-3.956936,-4.600611,-3.6738858,0.7341614,4.3160706,4.879608,-1.1921334,-4.762809,-4.895887,2.1650085,4.3160706,4.879608,-3.031981,-4.898553,-4.7512609999999995,3.6769714000000002,4.3160706,4.879608,-4.4688826,-4.9527235,-4.7061524,3.6769714000000002,4.3160706,4.879608,-4.7059619999999995,-4.8253922,-3.8521879,3.5420837,4.3160706,4.879608,-4.092302,-4.3384953,-3.4183936,3.5420837,4.3160706,4.879608,-4.092302,-4.3384953,-3.4183936,3.6769714000000002,4.3160706,4.879608,-4.644153,-4.9773846,-4.288832,3.6769714000000002,4.3160706,0.92025757,-4.12874,-5.029333,-0.46305835,3.6769714000000002,4.3160706,0.92025757,-4.12874,-5.029333,-0.46305835,3.2929993,4.3160706,4.879608,-3.6861138,-4.5334964,-3.5516822,3.2929993,4.3160706,4.879608,-3.6861138,-4.5334964,-3.5516822,3.2929993,4.3160706,4.879608,-3.6861138,-4.5334964,-3.5516822,3.013794,2.3749084,4.879608,-3.329194,-2.214019,-3.449926,0.6744384999999999,4.3160706,-0.79019165,-0.40291667000000003,-4.236248,1.4878452,2.0577087,4.3160706,4.879608,-1.8198689,-4.1939735,-4.038295,3.319275,4.3160706,4.879608,-3.0878859,-4.05952,-4.023962,3.6769714000000002,4.3160706,4.879608,-3.4366288,-3.7406018,-4.34383,0.9171448,4.3160706,4.879608,-0.7151565999999999,-3.9819431,-3.8591447,3.1646729,4.3160706,4.879608,-3.1405993,-4.265055,-3.7170885,哈哈哈哈
0.7341614,4.3160706,4.879608,-1.1921334,-4.762809,-4.895887,2.1650085,4.3160706,4.879608,-3.031981,-4.898553,-4.7512609999999995,3.6769714000000002,4.3160706,4.879608,-4.4688826,-4.9527235,-4.7061524,3.6769714000000002,4.3160706,4.879608,-4.7059619999999995,-4.8253922,-3.8521879,3.5420837,4.3160706,4.879608,-4.092302,-4.3384953,-3.4183936,3.5420837,4.3160706,4.879608,-4.092302,-4.3384953,-3.4183936,3.6769714000000002,4.3160706,4.879608,-4.644153,-4.9773846,-4.288832,3.6769714000000002,4.3160706,0.92025757,-4.12874,-5.029333,-0.46305835,3.6769714000000002,4.3160706,0.92025757,-4.12874,-5.029333,-0.46305835,3.2929993,4.3160706,4.879608,-3.6861138,-4.5334964,-3.5516822,3.2929993,4.3160706,4.879608,-3.6861138,-4.5334964,-3.5516822,3.2929993,4.3160706,4.879608,-3.6861138,-4.5334964,-3.5516822,3.013794,2.3749084,4.879608,-3.329194,-2.214019,-3.449926,0.6744384999999999,4.3160706,-0.79019165,-0.40291667000000003,-4.236248,1.4878452,2.0577087,4.3160706,4.879608,-1.8198689,-4.1939735,-4.038295,3.319275,4.3160706,4.879608,-3.0878859,-4.05952,-4.023962,3.6769714000000002,4.3160706,4.879608,-3.4366288,-3.7406018,-4.34383,0.9171448,4.3160706,4.879608,-0.7151565999999999,-3.9819431,-3.8591447,3.1646729,4.3160706,4.879608,-3.1405993,-4.265055,-3.7170885,3.5928955,4.2566223,2.1028442,-3.6944942,-4.139881,-0.78875214,哈哈哈哈
2.1650085,4.3160706,4.879608,-3.031981,-4.898553,-4.7512609999999995,3.6769714000000002,4.3160706,4.879608,-4.4688826,-4.9527235,-4.7061524,3.6769714000000002,4.3160706,4.879608,-4.7059619999999995,-4.8253922,-3.8521879,3.5420837,4.3160706,4.879608,-4.092302,-4.3384953,-3.4183936,3.5420837,4.3160706,4.879608,-4.092302,-4.3384953,-3.4183936,3.6769714000000002,4.3160706,4.879608,-4.644153,-4.9773846,-4.288832,3.6769714000000002,4.3160706,0.92025757,-4.12874,-5.029333,-0.46305835,3.6769714000000002,4.3160706,0.92025757,-4.12874,-5.029333,-0.46305835,3.2929993,4.3160706,4.879608,-3.6861138,-4.5334964,-3.5516822,3.2929993,4.3160706,4.879608,-3.6861138,-4.5334964,-3.5516822,3.2929993,4.3160706,4.879608,-3.6861138,-4.5334964,-3.5516822,3.013794,2.3749084,4.879608,-3.329194,-2.214019,-3.449926,0.6744384999999999,4.3160706,-0.79019165,-0.40291667000000003,-4.236248,1.4878452,2.0577087,4.3160706,4.879608,-1.8198689,-4.1939735,-4.038295,3.319275,4.3160706,4.879608,-3.0878859,-4.05952,-4.023962,3.6769714000000002,4.3160706,4.879608,-3.4366288,-3.7406018,-4.34383,0.9171448,4.3160706,4.879608,-0.7151565999999999,-3.9819431,-3.8591447,3.1646729,4.3160706,4.879608,-3.1405993,-4.265055,-3.7170885,3.5928955,4.2566223,2.1028442,-3.6944942,-4.139881,-0.78875214,1.1636658,4.3160706,4.879608,-0.8908170999999999,-3.8068464,-4.137131,哈哈哈哈
3.6769714000000002,4.3160706,4.879608,-4.4688826,-4.9527235,-4.7061524,3.6769714000000002,4.3160706,4.879608,-4.7059619999999995,-4.8253922,-3.8521879,3.5420837,4.3160706,4.879608,-4.092302,-4.3384953,-3.4183936,3.5420837,4.3160706,4.879608,-4.092302,-4.3384953,-3.4183936,3.6769714000000002,4.3160706,4.879608,-4.644153,-4.9773846,-4.288832,3.6769714000000002,4.3160706,0.92025757,-4.12874,-5.029333,-0.46305835,3.6769714000000002,4.3160706,0.92025757,-4.12874,-5.029333,-0.46305835,3.2929993,4.3160706,4.879608,-3.6861138,-4.5334964,-3.5516822,3.2929993,4.3160706,4.879608,-3.6861138,-4.5334964,-3.5516822,3.2929993,4.3160706,4.879608,-3.6861138,-4.5334964,-3.5516822,3.013794,2.3749084,4.879608,-3.329194,-2.214019,-3.449926,0.6744384999999999,4.3160706,-0.79019165,-0.40291667000000003,-4.236248,1.4878452,2.0577087,4.3160706,4.879608,-1.8198689,-4.1939735,-4.038295,3.319275,4.3160706,4.879608,-3.0878859,-4.05952,-4.023962,3.6769714000000002,4.3160706,4.879608,-3.4366288,-3.7406018,-4.34383,0.9171448,4.3160706,4.879608,-0.7151565999999999,-3.9819431,-3.8591447,3.1646729,4.3160706,4.879608,-3.1405993,-4.265055,-3.7170885,3.5928955,4.2566223,2.1028442,-3.6944942,-4.139881,-0.78875214,1.1636658,4.3160706,4.879608,-0.8908170999999999,-3.8068464,-4.137131,3.6769714000000002,4.3160706,4.879608,-3.489541,-3.6143906,-4.44692,哈哈哈哈
3.6769714000000002,4.3160706,4.879608,-4.7059619999999995,-4.8253922,-3.8521879,3.5420837,4.3160706,4.879608,-4.092302,-4.3384953,-3.4183936,3.5420837,4.3160706,4.879608,-4.092302,-4.3384953,-3.4183936,3.6769714000000002,4.3160706,4.879608,-4.644153,-4.9773846,-4.288832,3.6769714000000002,4.3160706,0.92025757,-4.12874,-5.029333,-0.46305835,3.6769714000000002,4.3160706,0.92025757,-4.12874,-5.029333,-0.46305835,3.2929993,4.3160706,4.879608,-3.6861138,-4.5334964,-3.5516822,3.2929993,4.3160706,4.879608,-3.6861138,-4.5334964,-3.5516822,3.2929993,4.3160706,4.879608,-3.6861138,-4.5334964,-3.5516822,3.013794,2.3749084,4.879608,-3.329194,-2.214019,-3.449926,0.6744384999999999,4.3160706,-0.79019165,-0.40291667000000003,-4.236248,1.4878452,2.0577087,4.3160706,4.879608,-1.8198689,-4.1939735,-4.038295,3.319275,4.3160706,4.879608,-3.0878859,-4.05952,-4.023962,3.6769714000000002,4.3160706,4.879608,-3.4366288,-3.7406018,-4.34383,0.9171448,4.3160706,4.879608,-0.7151565999999999,-3.9819431,-3.8591447,3.1646729,4.3160706,4.879608,-3.1405993,-4.265055,-3.7170885,3.5928955,4.2566223,2.1028442,-3.6944942,-4.139881,-0.78875214,1.1636658,4.3160706,4.879608,-0.8908170999999999,-3.8068464,-4.137131,3.6769714000000002,4.3160706,4.879608,-3.489541,-3.6143906,-4.44692,3.6769714000000002,4.3160706,4.879608,-3.7223277,-3.6162114,-4.960001,哈哈哈哈
3.5420837,4.3160706,4.879608,-4.092302,-4.3384953,-3.4183936,3.5420837,4.3160706,4.879608,-4.092302,-4.3384953,-3.4183936,3.6769714000000002,4.3160706,4.879608,-4.644153,-4.9773846,-4.288832,3.6769714000000002,4.3160706,0.92025757,-4.12874,-5.029333,-0.46305835,3.6769714000000002,4.3160706,0.92025757,-4.12874,-5.029333,-0.46305835,3.2929993,4.3160706,4.879608,-3.6861138,-4.5334964,-3.5516822,3.2929993,4.3160706,4.879608,-3.6861138,-4.5334964,-3.5516822,3.2929993,4.3160706,4.879608,-3.6861138,-4.5334964,-3.5516822,3.013794,2.3749084,4.879608,-3.329194,-2.214019,-3.449926,0.6744384999999999,4.3160706,-0.79019165,-0.40291667000000003,-4.236248,1.4878452,2.0577087,4.3160706,4.879608,-1.8198689,-4.1939735,-4.038295,3.319275,4.3160706,4.879608,-3.0878859,-4.05952,-4.023962,3.6769714000000002,4.3160706,4.879608,-3.4366288,-3.7406018,-4.34383,0.9171448,4.3160706,4.879608,-0.7151565999999999,-3.9819431,-3.8591447,3.1646729,4.3160706,4.879608,-3.1405993,-4.265055,-3.7170885,3.5928955,4.2566223,2.1028442,-3.6944942,-4.139881,-0.78875214,1.1636658,4.3160706,4.879608,-0.8908170999999999,-3.8068464,-4.137131,3.6769714000000002,4.3160706,4.879608,-3.489541,-3.6143906,-4.44692,3.6769714000000002,4.3160706,4.879608,-3.7223277,-3.6162114,-4.960001,3.6769714000000002,1.0529785,4.879608,-3.562348,-0.3977232,-4.739389,哈哈哈哈
3.5420837,4.3160706,4.879608,-4.092302,-4.3384953,-3.4183936,3.6769714000000002,4.3160706,4.879608,-4.644153,-4.9773846,-4.288832,3.6769714000000002,4.3160706,0.92025757,-4.12874,-5.029333,-0.46305835,3.6769714000000002,4.3160706,0.92025757,-4.12874,-5.029333,-0.46305835,3.2929993,4.3160706,4.879608,-3.6861138,-4.5334964,-3.5516822,3.2929993,4.3160706,4.879608,-3.6861138,-4.5334964,-3.5516822,3.2929993,4.3160706,4.879608,-3.6861138,-4.5334964,-3.5516822,3.013794,2.3749084,4.879608,-3.329194,-2.214019,-3.449926,0.6744384999999999,4.3160706,-0.79019165,-0.40291667000000003,-4.236248,1.4878452,2.0577087,4.3160706,4.879608,-1.8198689,-4.1939735,-4.038295,3.319275,4.3160706,4.879608,-3.0878859,-4.05952,-4.023962,3.6769714000000002,4.3160706,4.879608,-3.4366288,-3.7406018,-4.34383,0.9171448,4.3160706,4.879608,-0.7151565999999999,-3.9819431,-3.8591447,3.1646729,4.3160706,4.879608,-3.1405993,-4.265055,-3.7170885,3.5928955,4.2566223,2.1028442,-3.6944942,-4.139881,-0.78875214,1.1636658,4.3160706,4.879608,-0.8908170999999999,-3.8068464,-4.137131,3.6769714000000002,4.3160706,4.879608,-3.489541,-3.6143906,-4.44692,3.6769714000000002,4.3160706,4.879608,-3.7223277,-3.6162114,-4.960001,3.6769714000000002,1.0529785,4.879608,-3.562348,-0.3977232,-4.739389,3.2642212,4.3160706,4.879608,-3.1821666,-3.4734135,-4.6042295,哈哈哈哈
3.6769714000000002,4.3160706,4.879608,-4.644153,-4.9773846,-4.288832,3.6769714000000002,4.3160706,0.92025757,-4.12874,-5.029333,-0.46305835,3.6769714000000002,4.3160706,0.92025757,-4.12874,-5.029333,-0.46305835,3.2929993,4.3160706,4.879608,-3.6861138,-4.5334964,-3.5516822,3.2929993,4.3160706,4.879608,-3.6861138,-4.5334964,-3.5516822,3.2929993,4.3160706,4.879608,-3.6861138,-4.5334964,-3.5516822,3.013794,2.3749084,4.879608,-3.329194,-2.214019,-3.449926,0.6744384999999999,4.3160706,-0.79019165,-0.40291667000000003,-4.236248,1.4878452,2.0577087,4.3160706,4.879608,-1.8198689,-4.1939735,-4.038295,3.319275,4.3160706,4.879608,-3.0878859,-4.05952,-4.023962,3.6769714000000002,4.3160706,4.879608,-3.4366288,-3.7406018,-4.34383,0.9171448,4.3160706,4.879608,-0.7151565999999999,-3.9819431,-3.8591447,3.1646729,4.3160706,4.879608,-3.1405993,-4.265055,-3.7170885,3.5928955,4.2566223,2.1028442,-3.6944942,-4.139881,-0.78875214,1.1636658,4.3160706,4.879608,-0.8908170999999999,-3.8068464,-4.137131,3.6769714000000002,4.3160706,4.879608,-3.489541,-3.6143906,-4.44692,3.6769714000000002,4.3160706,4.879608,-3.7223277,-3.6162114,-4.960001,3.6769714000000002,1.0529785,4.879608,-3.562348,-0.3977232,-4.739389,3.2642212,4.3160706,4.879608,-3.1821666,-3.4734135,-4.6042295,0.6678772,4.3160706,4.879608,-0.46504354000000003,-3.7485363,-3.9238842,哈哈哈哈
3.6769714000000002,4.3160706,0.92025757,-4.12874,-5.029333,-0.46305835,3.6769714000000002,4.3160706,0.92025757,-4.12874,-5.029333,-0.46305835,3.2929993,4.3160706,4.879608,-3.6861138,-4.5334964,-3.5516822,3.2929993,4.3160706,4.879608,-3.6861138,-4.5334964,-3.5516822,3.2929993,4.3160706,4.879608,-3.6861138,-4.5334964,-3.5516822,3.013794,2.3749084,4.879608,-3.329194,-2.214019,-3.449926,0.6744384999999999,4.3160706,-0.79019165,-0.40291667000000003,-4.236248,1.4878452,2.0577087,4.3160706,4.879608,-1.8198689,-4.1939735,-4.038295,3.319275,4.3160706,4.879608,-3.0878859,-4.05952,-4.023962,3.6769714000000002,4.3160706,4.879608,-3.4366288,-3.7406018,-4.34383,0.9171448,4.3160706,4.879608,-0.7151565999999999,-3.9819431,-3.8591447,3.1646729,4.3160706,4.879608,-3.1405993,-4.265055,-3.7170885,3.5928955,4.2566223,2.1028442,-3.6944942,-4.139881,-0.78875214,1.1636658,4.3160706,4.879608,-0.8908170999999999,-3.8068464,-4.137131,3.6769714000000002,4.3160706,4.879608,-3.489541,-3.6143906,-4.44692,3.6769714000000002,4.3160706,4.879608,-3.7223277,-3.6162114,-4.960001,3.6769714000000002,1.0529785,4.879608,-3.562348,-0.3977232,-4.739389,3.2642212,4.3160706,4.879608,-3.1821666,-3.4734135,-4.6042295,0.6678772,4.3160706,4.879608,-0.46504354000000003,-3.7485363,-3.9238842,-2.6008606,4.3160706,4.559601,2.9438934,-4.055753,-3.8447077,哈哈哈哈
3.6769714000000002,4.3160706,0.92025757,-4.12874,-5.029333,-0.46305835,3.2929993,4.3160706,4.879608,-3.6861138,-4.5334964,-3.5516822,3.2929993,4.3160706,4.879608,-3.6861138,-4.5334964,-3.5516822,3.2929993,4.3160706,4.879608,-3.6861138,-4.5334964,-3.5516822,3.013794,2.3749084,4.879608,-3.329194,-2.214019,-3.449926,0.6744384999999999,4.3160706,-0.79019165,-0.40291667000000003,-4.236248,1.4878452,2.0577087,4.3160706,4.879608,-1.8198689,-4.1939735,-4.038295,3.319275,4.3160706,4.879608,-3.0878859,-4.05952,-4.023962,3.6769714000000002,4.3160706,4.879608,-3.4366288,-3.7406018,-4.34383,0.9171448,4.3160706,4.879608,-0.7151565999999999,-3.9819431,-3.8591447,3.1646729,4.3160706,4.879608,-3.1405993,-4.265055,-3.7170885,3.5928955,4.2566223,2.1028442,-3.6944942,-4.139881,-0.78875214,1.1636658,4.3160706,4.879608,-0.8908170999999999,-3.8068464,-4.137131,3.6769714000000002,4.3160706,4.879608,-3.489541,-3.6143906,-4.44692,3.6769714000000002,4.3160706,4.879608,-3.7223277,-3.6162114,-4.960001,3.6769714000000002,1.0529785,4.879608,-3.562348,-0.3977232,-4.739389,3.2642212,4.3160706,4.879608,-3.1821666,-3.4734135,-4.6042295,0.6678772,4.3160706,4.879608,-0.46504354000000003,-3.7485363,-3.9238842,-2.6008606,4.3160706,4.559601,2.9438934,-4.055753,-3.8447077,3.4152832,4.3160706,3.1872253,-3.1488934,-3.9657739999999997,-2.693278,哈哈哈哈
3.2929993,4.3160706,4.879608,-3.6861138,-4.5334964,-3.5516822,3.2929993,4.3160706,4.879608,-3.6861138,-4.5334964,-3.5516822,3.2929993,4.3160706,4.879608,-3.6861138,-4.5334964,-3.5516822,3.013794,2.3749084,4.879608,-3.329194,-2.214019,-3.449926,0.6744384999999999,4.3160706,-0.79019165,-0.40291667000000003,-4.236248,1.4878452,2.0577087,4.3160706,4.879608,-1.8198689,-4.1939735,-4.038295,3.319275,4.3160706,4.879608,-3.0878859,-4.05952,-4.023962,3.6769714000000002,4.3160706,4.879608,-3.4366288,-3.7406018,-4.34383,0.9171448,4.3160706,4.879608,-0.7151565999999999,-3.9819431,-3.8591447,3.1646729,4.3160706,4.879608,-3.1405993,-4.265055,-3.7170885,3.5928955,4.2566223,2.1028442,-3.6944942,-4.139881,-0.78875214,1.1636658,4.3160706,4.879608,-0.8908170999999999,-3.8068464,-4.137131,3.6769714000000002,4.3160706,4.879608,-3.489541,-3.6143906,-4.44692,3.6769714000000002,4.3160706,4.879608,-3.7223277,-3.6162114,-4.960001,3.6769714000000002,1.0529785,4.879608,-3.562348,-0.3977232,-4.739389,3.2642212,4.3160706,4.879608,-3.1821666,-3.4734135,-4.6042295,0.6678772,4.3160706,4.879608,-0.46504354000000003,-3.7485363,-3.9238842,-2.6008606,4.3160706,4.559601,2.9438934,-4.055753,-3.8447077,3.4152832,4.3160706,3.1872253,-3.1488934,-3.9657739999999997,-2.693278,2.0748901,4.3160706,4.879608,-1.8198875,-3.7568557,-4.1665564,哈哈哈哈
3.2929993,4.3160706,4.879608,-3.6861138,-4.5334964,-3.5516822,3.2929993,4.3160706,4.879608,-3.6861138,-4.5334964,-3.5516822,3.013794,2.3749084,4.879608,-3.329194,-2.214019,-3.449926,0.6744384999999999,4.3160706,-0.79019165,-0.40291667000000003,-4.236248,1.4878452,2.0577087,4.3160706,4.879608,-1.8198689,-4.1939735,-4.038295,3.319275,4.3160706,4.879608,-3.0878859,-4.05952,-4.023962,3.6769714000000002,4.3160706,4.879608,-3.4366288,-3.7406018,-4.34383,0.9171448,4.3160706,4.879608,-0.7151565999999999,-3.9819431,-3.8591447,3.1646729,4.3160706,4.879608,-3.1405993,-4.265055,-3.7170885,3.5928955,4.2566223,2.1028442,-3.6944942,-4.139881,-0.78875214,1.1636658,4.3160706,4.879608,-0.8908170999999999,-3.8068464,-4.137131,3.6769714000000002,4.3160706,4.879608,-3.489541,-3.6143906,-4.44692,3.6769714000000002,4.3160706,4.879608,-3.7223277,-3.6162114,-4.960001,3.6769714000000002,1.0529785,4.879608,-3.562348,-0.3977232,-4.739389,3.2642212,4.3160706,4.879608,-3.1821666,-3.4734135,-4.6042295,0.6678772,4.3160706,4.879608,-0.46504354000000003,-3.7485363,-3.9238842,-2.6008606,4.3160706,4.559601,2.9438934,-4.055753,-3.8447077,3.4152832,4.3160706,3.1872253,-3.1488934,-3.9657739999999997,-2.693278,2.0748901,4.3160706,4.879608,-1.8198875,-3.7568557,-4.1665564,3.6769714000000002,4.3160706,4.879608,-3.5206542,-3.571725,-4.4914355,哈哈哈哈
3.2929993,4.3160706,4.879608,-3.6861138,-4.5334964,-3.5516822,3.013794,2.3749084,4.879608,-3.329194,-2.214019,-3.449926,0.6744384999999999,4.3160706,-0.79019165,-0.40291667000000003,-4.236248,1.4878452,2.0577087,4.3160706,4.879608,-1.8198689,-4.1939735,-4.038295,3.319275,4.3160706,4.879608,-3.0878859,-4.05952,-4.023962,3.6769714000000002,4.3160706,4.879608,-3.4366288,-3.7406018,-4.34383,0.9171448,4.3160706,4.879608,-0.7151565999999999,-3.9819431,-3.8591447,3.1646729,4.3160706,4.879608,-3.1405993,-4.265055,-3.7170885,3.5928955,4.2566223,2.1028442,-3.6944942,-4.139881,-0.78875214,1.1636658,4.3160706,4.879608,-0.8908170999999999,-3.8068464,-4.137131,3.6769714000000002,4.3160706,4.879608,-3.489541,-3.6143906,-4.44692,3.6769714000000002,4.3160706,4.879608,-3.7223277,-3.6162114,-4.960001,3.6769714000000002,1.0529785,4.879608,-3.562348,-0.3977232,-4.739389,3.2642212,4.3160706,4.879608,-3.1821666,-3.4734135,-4.6042295,0.6678772,4.3160706,4.879608,-0.46504354000000003,-3.7485363,-3.9238842,-2.6008606,4.3160706,4.559601,2.9438934,-4.055753,-3.8447077,3.4152832,4.3160706,3.1872253,-3.1488934,-3.9657739999999997,-2.693278,2.0748901,4.3160706,4.879608,-1.8198875,-3.7568557,-4.1665564,3.6769714000000002,4.3160706,4.879608,-3.5206542,-3.571725,-4.4914355,3.6769714000000002,1.5103149999999999,4.694275,-3.7928486,-0.49274966000000003,-4.5134244,哈哈哈哈
3.013794,2.3749084,4.879608,-3.329194,-2.214019,-3.449926,0.6744384999999999,4.3160706,-0.79019165,-0.40291667000000003,-4.236248,1.4878452,2.0577087,4.3160706,4.879608,-1.8198689,-4.1939735,-4.038295,3.319275,4.3160706,4.879608,-3.0878859,-4.05952,-4.023962,3.6769714000000002,4.3160706,4.879608,-3.4366288,-3.7406018,-4.34383,0.9171448,4.3160706,4.879608,-0.7151565999999999,-3.9819431,-3.8591447,3.1646729,4.3160706,4.879608,-3.1405993,-4.265055,-3.7170885,3.5928955,4.2566223,2.1028442,-3.6944942,-4.139881,-0.78875214,1.1636658,4.3160706,4.879608,-0.8908170999999999,-3.8068464,-4.137131,3.6769714000000002,4.3160706,4.879608,-3.489541,-3.6143906,-4.44692,3.6769714000000002,4.3160706,4.879608,-3.7223277,-3.6162114,-4.960001,3.6769714000000002,1.0529785,4.879608,-3.562348,-0.3977232,-4.739389,3.2642212,4.3160706,4.879608,-3.1821666,-3.4734135,-4.6042295,0.6678772,4.3160706,4.879608,-0.46504354000000003,-3.7485363,-3.9238842,-2.6008606,4.3160706,4.559601,2.9438934,-4.055753,-3.8447077,3.4152832,4.3160706,3.1872253,-3.1488934,-3.9657739999999997,-2.693278,2.0748901,4.3160706,4.879608,-1.8198875,-3.7568557,-4.1665564,3.6769714000000002,4.3160706,4.879608,-3.5206542,-3.571725,-4.4914355,3.6769714000000002,1.5103149999999999,4.694275,-3.7928486,-0.49274966000000003,-4.5134244,3.6769714000000002,4.3160706,4.879608,-3.8308048,-3.2168312,-4.5105767,哈哈哈哈
0.6744384999999999,4.3160706,-0.79019165,-0.40291667000000003,-4.236248,1.4878452,2.0577087,4.3160706,4.879608,-1.8198689,-4.1939735,-4.038295,3.319275,4.3160706,4.879608,-3.0878859,-4.05952,-4.023962,3.6769714000000002,4.3160706,4.879608,-3.4366288,-3.7406018,-4.34383,0.9171448,4.3160706,4.879608,-0.7151565999999999,-3.9819431,-3.8591447,3.1646729,4.3160706,4.879608,-3.1405993,-4.265055,-3.7170885,3.5928955,4.2566223,2.1028442,-3.6944942,-4.139881,-0.78875214,1.1636658,4.3160706,4.879608,-0.8908170999999999,-3.8068464,-4.137131,3.6769714000000002,4.3160706,4.879608,-3.489541,-3.6143906,-4.44692,3.6769714000000002,4.3160706,4.879608,-3.7223277,-3.6162114,-4.960001,3.6769714000000002,1.0529785,4.879608,-3.562348,-0.3977232,-4.739389,3.2642212,4.3160706,4.879608,-3.1821666,-3.4734135,-4.6042295,0.6678772,4.3160706,4.879608,-0.46504354000000003,-3.7485363,-3.9238842,-2.6008606,4.3160706,4.559601,2.9438934,-4.055753,-3.8447077,3.4152832,4.3160706,3.1872253,-3.1488934,-3.9657739999999997,-2.693278,2.0748901,4.3160706,4.879608,-1.8198875,-3.7568557,-4.1665564,3.6769714000000002,4.3160706,4.879608,-3.5206542,-3.571725,-4.4914355,3.6769714000000002,1.5103149999999999,4.694275,-3.7928486,-0.49274966000000003,-4.5134244,3.6769714000000002,4.3160706,4.879608,-3.8308048,-3.2168312,-4.5105767,3.6769714000000002,4.3160706,4.879608,-3.5363846,-3.8774576,-3.8713772,哈哈哈哈
2.0577087,4.3160706,4.879608,-1.8198689,-4.1939735,-4.038295,3.319275,4.3160706,4.879608,-3.0878859,-4.05952,-4.023962,3.6769714000000002,4.3160706,4.879608,-3.4366288,-3.7406018,-4.34383,0.9171448,4.3160706,4.879608,-0.7151565999999999,-3.9819431,-3.8591447,3.1646729,4.3160706,4.879608,-3.1405993,-4.265055,-3.7170885,3.5928955,4.2566223,2.1028442,-3.6944942,-4.139881,-0.78875214,1.1636658,4.3160706,4.879608,-0.8908170999999999,-3.8068464,-4.137131,3.6769714000000002,4.3160706,4.879608,-3.489541,-3.6143906,-4.44692,3.6769714000000002,4.3160706,4.879608,-3.7223277,-3.6162114,-4.960001,3.6769714000000002,1.0529785,4.879608,-3.562348,-0.3977232,-4.739389,3.2642212,4.3160706,4.879608,-3.1821666,-3.4734135,-4.6042295,0.6678772,4.3160706,4.879608,-0.46504354000000003,-3.7485363,-3.9238842,-2.6008606,4.3160706,4.559601,2.9438934,-4.055753,-3.8447077,3.4152832,4.3160706,3.1872253,-3.1488934,-3.9657739999999997,-2.693278,2.0748901,4.3160706,4.879608,-1.8198875,-3.7568557,-4.1665564,3.6769714000000002,4.3160706,4.879608,-3.5206542,-3.571725,-4.4914355,3.6769714000000002,1.5103149999999999,4.694275,-3.7928486,-0.49274966000000003,-4.5134244,3.6769714000000002,4.3160706,4.879608,-3.8308048,-3.2168312,-4.5105767,3.6769714000000002,4.3160706,4.879608,-3.5363846,-3.8774576,-3.8713772,2.959381,3.9971008,1.3028564,-3.0093818,-4.144617,-0.12184077500000001,哈哈哈哈
3.319275,4.3160706,4.879608,-3.0878859,-4.05952,-4.023962,3.6769714000000002,4.3160706,4.879608,-3.4366288,-3.7406018,-4.34383,0.9171448,4.3160706,4.879608,-0.7151565999999999,-3.9819431,-3.8591447,3.1646729,4.3160706,4.879608,-3.1405993,-4.265055,-3.7170885,3.5928955,4.2566223,2.1028442,-3.6944942,-4.139881,-0.78875214,1.1636658,4.3160706,4.879608,-0.8908170999999999,-3.8068464,-4.137131,3.6769714000000002,4.3160706,4.879608,-3.489541,-3.6143906,-4.44692,3.6769714000000002,4.3160706,4.879608,-3.7223277,-3.6162114,-4.960001,3.6769714000000002,1.0529785,4.879608,-3.562348,-0.3977232,-4.739389,3.2642212,4.3160706,4.879608,-3.1821666,-3.4734135,-4.6042295,0.6678772,4.3160706,4.879608,-0.46504354000000003,-3.7485363,-3.9238842,-2.6008606,4.3160706,4.559601,2.9438934,-4.055753,-3.8447077,3.4152832,4.3160706,3.1872253,-3.1488934,-3.9657739999999997,-2.693278,2.0748901,4.3160706,4.879608,-1.8198875,-3.7568557,-4.1665564,3.6769714000000002,4.3160706,4.879608,-3.5206542,-3.571725,-4.4914355,3.6769714000000002,1.5103149999999999,4.694275,-3.7928486,-0.49274966000000003,-4.5134244,3.6769714000000002,4.3160706,4.879608,-3.8308048,-3.2168312,-4.5105767,3.6769714000000002,4.3160706,4.879608,-3.5363846,-3.8774576,-3.8713772,2.959381,3.9971008,1.3028564,-3.0093818,-4.144617,-0.12184077500000001,3.6769714000000002,4.3160706,4.433838,-3.451056,-3.7969093,-3.7334049,哈哈哈哈
3.6769714000000002,4.3160706,4.879608,-3.4366288,-3.7406018,-4.34383,0.9171448,4.3160706,4.879608,-0.7151565999999999,-3.9819431,-3.8591447,3.1646729,4.3160706,4.879608,-3.1405993,-4.265055,-3.7170885,3.5928955,4.2566223,2.1028442,-3.6944942,-4.139881,-0.78875214,1.1636658,4.3160706,4.879608,-0.8908170999999999,-3.8068464,-4.137131,3.6769714000000002,4.3160706,4.879608,-3.489541,-3.6143906,-4.44692,3.6769714000000002,4.3160706,4.879608,-3.7223277,-3.6162114,-4.960001,3.6769714000000002,1.0529785,4.879608,-3.562348,-0.3977232,-4.739389,3.2642212,4.3160706,4.879608,-3.1821666,-3.4734135,-4.6042295,0.6678772,4.3160706,4.879608,-0.46504354000000003,-3.7485363,-3.9238842,-2.6008606,4.3160706,4.559601,2.9438934,-4.055753,-3.8447077,3.4152832,4.3160706,3.1872253,-3.1488934,-3.9657739999999997,-2.693278,2.0748901,4.3160706,4.879608,-1.8198875,-3.7568557,-4.1665564,3.6769714000000002,4.3160706,4.879608,-3.5206542,-3.571725,-4.4914355,3.6769714000000002,1.5103149999999999,4.694275,-3.7928486,-0.49274966000000003,-4.5134244,3.6769714000000002,4.3160706,4.879608,-3.8308048,-3.2168312,-4.5105767,3.6769714000000002,4.3160706,4.879608,-3.5363846,-3.8774576,-3.8713772,2.959381,3.9971008,1.3028564,-3.0093818,-4.144617,-0.12184077500000001,3.6769714000000002,4.3160706,4.433838,-3.451056,-3.7969093,-3.7334049,3.6769714000000002,4.3160706,4.879608,-3.5187964,-3.6211305,-4.597444,哈哈哈哈
0.9171448,4.3160706,4.879608,-0.7151565999999999,-3.9819431,-3.8591447,3.1646729,4.3160706,4.879608,-3.1405993,-4.265055,-3.7170885,3.5928955,4.2566223,2.1028442,-3.6944942,-4.139881,-0.78875214,1.1636658,4.3160706,4.879608,-0.8908170999999999,-3.8068464,-4.137131,3.6769714000000002,4.3160706,4.879608,-3.489541,-3.6143906,-4.44692,3.6769714000000002,4.3160706,4.879608,-3.7223277,-3.6162114,-4.960001,3.6769714000000002,1.0529785,4.879608,-3.562348,-0.3977232,-4.739389,3.2642212,4.3160706,4.879608,-3.1821666,-3.4734135,-4.6042295,0.6678772,4.3160706,4.879608,-0.46504354000000003,-3.7485363,-3.9238842,-2.6008606,4.3160706,4.559601,2.9438934,-4.055753,-3.8447077,3.4152832,4.3160706,3.1872253,-3.1488934,-3.9657739999999997,-2.693278,2.0748901,4.3160706,4.879608,-1.8198875,-3.7568557,-4.1665564,3.6769714000000002,4.3160706,4.879608,-3.5206542,-3.571725,-4.4914355,3.6769714000000002,1.5103149999999999,4.694275,-3.7928486,-0.49274966000000003,-4.5134244,3.6769714000000002,4.3160706,4.879608,-3.8308048,-3.2168312,-4.5105767,3.6769714000000002,4.3160706,4.879608,-3.5363846,-3.8774576,-3.8713772,2.959381,3.9971008,1.3028564,-3.0093818,-4.144617,-0.12184077500000001,3.6769714000000002,4.3160706,4.433838,-3.451056,-3.7969093,-3.7334049,3.6769714000000002,4.3160706,4.879608,-3.5187964,-3.6211305,-4.597444,3.6769714000000002,4.3160706,4.879608,-3.5712422999999998,-3.4916735,-4.5313163,哈哈哈哈
3.1646729,4.3160706,4.879608,-3.1405993,-4.265055,-3.7170885,3.5928955,4.2566223,2.1028442,-3.6944942,-4.139881,-0.78875214,1.1636658,4.3160706,4.879608,-0.8908170999999999,-3.8068464,-4.137131,3.6769714000000002,4.3160706,4.879608,-3.489541,-3.6143906,-4.44692,3.6769714000000002,4.3160706,4.879608,-3.7223277,-3.6162114,-4.960001,3.6769714000000002,1.0529785,4.879608,-3.562348,-0.3977232,-4.739389,3.2642212,4.3160706,4.879608,-3.1821666,-3.4734135,-4.6042295,0.6678772,4.3160706,4.879608,-0.46504354000000003,-3.7485363,-3.9238842,-2.6008606,4.3160706,4.559601,2.9438934,-4.055753,-3.8447077,3.4152832,4.3160706,3.1872253,-3.1488934,-3.9657739999999997,-2.693278,2.0748901,4.3160706,4.879608,-1.8198875,-3.7568557,-4.1665564,3.6769714000000002,4.3160706,4.879608,-3.5206542,-3.571725,-4.4914355,3.6769714000000002,1.5103149999999999,4.694275,-3.7928486,-0.49274966000000003,-4.5134244,3.6769714000000002,4.3160706,4.879608,-3.8308048,-3.2168312,-4.5105767,3.6769714000000002,4.3160706,4.879608,-3.5363846,-3.8774576,-3.8713772,2.959381,3.9971008,1.3028564,-3.0093818,-4.144617,-0.12184077500000001,3.6769714000000002,4.3160706,4.433838,-3.451056,-3.7969093,-3.7334049,3.6769714000000002,4.3160706,4.879608,-3.5187964,-3.6211305,-4.597444,3.6769714000000002,4.3160706,4.879608,-3.5712422999999998,-3.4916735,-4.5313163,3.6769714000000002,4.2592773,4.879608,-3.630619,-3.6531062,-4.9037766,哈哈哈哈
3.5928955,4.2566223,2.1028442,-3.6944942,-4.139881,-0.78875214,1.1636658,4.3160706,4.879608,-0.8908170999999999,-3.8068464,-4.137131,3.6769714000000002,4.3160706,4.879608,-3.489541,-3.6143906,-4.44692,3.6769714000000002,4.3160706,4.879608,-3.7223277,-3.6162114,-4.960001,3.6769714000000002,1.0529785,4.879608,-3.562348,-0.3977232,-4.739389,3.2642212,4.3160706,4.879608,-3.1821666,-3.4734135,-4.6042295,0.6678772,4.3160706,4.879608,-0.46504354000000003,-3.7485363,-3.9238842,-2.6008606,4.3160706,4.559601,2.9438934,-4.055753,-3.8447077,3.4152832,4.3160706,3.1872253,-3.1488934,-3.9657739999999997,-2.693278,2.0748901,4.3160706,4.879608,-1.8198875,-3.7568557,-4.1665564,3.6769714000000002,4.3160706,4.879608,-3.5206542,-3.571725,-4.4914355,3.6769714000000002,1.5103149999999999,4.694275,-3.7928486,-0.49274966000000003,-4.5134244,3.6769714000000002,4.3160706,4.879608,-3.8308048,-3.2168312,-4.5105767,3.6769714000000002,4.3160706,4.879608,-3.5363846,-3.8774576,-3.8713772,2.959381,3.9971008,1.3028564,-3.0093818,-4.144617,-0.12184077500000001,3.6769714000000002,4.3160706,4.433838,-3.451056,-3.7969093,-3.7334049,3.6769714000000002,4.3160706,4.879608,-3.5187964,-3.6211305,-4.597444,3.6769714000000002,4.3160706,4.879608,-3.5712422999999998,-3.4916735,-4.5313163,3.6769714000000002,4.2592773,4.879608,-3.630619,-3.6531062,-4.9037766,2.7268677,4.3160706,4.879608,-2.5895,-3.5218558,-4.544537,哈哈哈哈
1.1636658,4.3160706,4.879608,-0.8908170999999999,-3.8068464,-4.137131,3.6769714000000002,4.3160706,4.879608,-3.489541,-3.6143906,-4.44692,3.6769714000000002,4.3160706,4.879608,-3.7223277,-3.6162114,-4.960001,3.6769714000000002,1.0529785,4.879608,-3.562348,-0.3977232,-4.739389,3.2642212,4.3160706,4.879608,-3.1821666,-3.4734135,-4.6042295,0.6678772,4.3160706,4.879608,-0.46504354000000003,-3.7485363,-3.9238842,-2.6008606,4.3160706,4.559601,2.9438934,-4.055753,-3.8447077,3.4152832,4.3160706,3.1872253,-3.1488934,-3.9657739999999997,-2.693278,2.0748901,4.3160706,4.879608,-1.8198875,-3.7568557,-4.1665564,3.6769714000000002,4.3160706,4.879608,-3.5206542,-3.571725,-4.4914355,3.6769714000000002,1.5103149999999999,4.694275,-3.7928486,-0.49274966000000003,-4.5134244,3.6769714000000002,4.3160706,4.879608,-3.8308048,-3.2168312,-4.5105767,3.6769714000000002,4.3160706,4.879608,-3.5363846,-3.8774576,-3.8713772,2.959381,3.9971008,1.3028564,-3.0093818,-4.144617,-0.12184077500000001,3.6769714000000002,4.3160706,4.433838,-3.451056,-3.7969093,-3.7334049,3.6769714000000002,4.3160706,4.879608,-3.5187964,-3.6211305,-4.597444,3.6769714000000002,4.3160706,4.879608,-3.5712422999999998,-3.4916735,-4.5313163,3.6769714000000002,4.2592773,4.879608,-3.630619,-3.6531062,-4.9037766,2.7268677,4.3160706,4.879608,-2.5895,-3.5218558,-4.544537,3.6769714000000002,4.3160706,4.879608,-4.355003,-3.8199205,-3.3789535,哈哈哈哈
3.6769714000000002,4.3160706,4.879608,-3.489541,-3.6143906,-4.44692,3.6769714000000002,4.3160706,4.879608,-3.7223277,-3.6162114,-4.960001,3.6769714000000002,1.0529785,4.879608,-3.562348,-0.3977232,-4.739389,3.2642212,4.3160706,4.879608,-3.1821666,-3.4734135,-4.6042295,0.6678772,4.3160706,4.879608,-0.46504354000000003,-3.7485363,-3.9238842,-2.6008606,4.3160706,4.559601,2.9438934,-4.055753,-3.8447077,3.4152832,4.3160706,3.1872253,-3.1488934,-3.9657739999999997,-2.693278,2.0748901,4.3160706,4.879608,-1.8198875,-3.7568557,-4.1665564,3.6769714000000002,4.3160706,4.879608,-3.5206542,-3.571725,-4.4914355,3.6769714000000002,1.5103149999999999,4.694275,-3.7928486,-0.49274966000000003,-4.5134244,3.6769714000000002,4.3160706,4.879608,-3.8308048,-3.2168312,-4.5105767,3.6769714000000002,4.3160706,4.879608,-3.5363846,-3.8774576,-3.8713772,2.959381,3.9971008,1.3028564,-3.0093818,-4.144617,-0.12184077500000001,3.6769714000000002,4.3160706,4.433838,-3.451056,-3.7969093,-3.7334049,3.6769714000000002,4.3160706,4.879608,-3.5187964,-3.6211305,-4.597444,3.6769714000000002,4.3160706,4.879608,-3.5712422999999998,-3.4916735,-4.5313163,3.6769714000000002,4.2592773,4.879608,-3.630619,-3.6531062,-4.9037766,2.7268677,4.3160706,4.879608,-2.5895,-3.5218558,-4.544537,3.6769714000000002,4.3160706,4.879608,-4.355003,-3.8199205,-3.3789535,3.6769714000000002,4.3160706,-2.903656,-4.3512387,-4.2796297,4.4744945,哈哈哈哈
3.6769714000000002,4.3160706,4.879608,-3.7223277,-3.6162114,-4.960001,3.6769714000000002,1.0529785,4.879608,-3.562348,-0.3977232,-4.739389,3.2642212,4.3160706,4.879608,-3.1821666,-3.4734135,-4.6042295,0.6678772,4.3160706,4.879608,-0.46504354000000003,-3.7485363,-3.9238842,-2.6008606,4.3160706,4.559601,2.9438934,-4.055753,-3.8447077,3.4152832,4.3160706,3.1872253,-3.1488934,-3.9657739999999997,-2.693278,2.0748901,4.3160706,4.879608,-1.8198875,-3.7568557,-4.1665564,3.6769714000000002,4.3160706,4.879608,-3.5206542,-3.571725,-4.4914355,3.6769714000000002,1.5103149999999999,4.694275,-3.7928486,-0.49274966000000003,-4.5134244,3.6769714000000002,4.3160706,4.879608,-3.8308048,-3.2168312,-4.5105767,3.6769714000000002,4.3160706,4.879608,-3.5363846,-3.8774576,-3.8713772,2.959381,3.9971008,1.3028564,-3.0093818,-4.144617,-0.12184077500000001,3.6769714000000002,4.3160706,4.433838,-3.451056,-3.7969093,-3.7334049,3.6769714000000002,4.3160706,4.879608,-3.5187964,-3.6211305,-4.597444,3.6769714000000002,4.3160706,4.879608,-3.5712422999999998,-3.4916735,-4.5313163,3.6769714000000002,4.2592773,4.879608,-3.630619,-3.6531062,-4.9037766,2.7268677,4.3160706,4.879608,-2.5895,-3.5218558,-4.544537,3.6769714000000002,4.3160706,4.879608,-4.355003,-3.8199205,-3.3789535,3.6769714000000002,4.3160706,-2.903656,-4.3512387,-4.2796297,4.4744945,2.2567444,4.3160706,4.879608,-2.3970213,-3.8618245,-3.519369,哈哈哈哈
3.6769714000000002,1.0529785,4.879608,-3.562348,-0.3977232,-4.739389,3.2642212,4.3160706,4.879608,-3.1821666,-3.4734135,-4.6042295,0.6678772,4.3160706,4.879608,-0.46504354000000003,-3.7485363,-3.9238842,-2.6008606,4.3160706,4.559601,2.9438934,-4.055753,-3.8447077,3.4152832,4.3160706,3.1872253,-3.1488934,-3.9657739999999997,-2.693278,2.0748901,4.3160706,4.879608,-1.8198875,-3.7568557,-4.1665564,3.6769714000000002,4.3160706,4.879608,-3.5206542,-3.571725,-4.4914355,3.6769714000000002,1.5103149999999999,4.694275,-3.7928486,-0.49274966000000003,-4.5134244,3.6769714000000002,4.3160706,4.879608,-3.8308048,-3.2168312,-4.5105767,3.6769714000000002,4.3160706,4.879608,-3.5363846,-3.8774576,-3.8713772,2.959381,3.9971008,1.3028564,-3.0093818,-4.144617,-0.12184077500000001,3.6769714000000002,4.3160706,4.433838,-3.451056,-3.7969093,-3.7334049,3.6769714000000002,4.3160706,4.879608,-3.5187964,-3.6211305,-4.597444,3.6769714000000002,4.3160706,4.879608,-3.5712422999999998,-3.4916735,-4.5313163,3.6769714000000002,4.2592773,4.879608,-3.630619,-3.6531062,-4.9037766,2.7268677,4.3160706,4.879608,-2.5895,-3.5218558,-4.544537,3.6769714000000002,4.3160706,4.879608,-4.355003,-3.8199205,-3.3789535,3.6769714000000002,4.3160706,-2.903656,-4.3512387,-4.2796297,4.4744945,2.2567444,4.3160706,4.879608,-2.3970213,-3.8618245,-3.519369,1.1912537,4.3160706,4.879608,-1.1672271,-3.8284578,-3.6435652,哈哈哈哈
3.2642212,4.3160706,4.879608,-3.1821666,-3.4734135,-4.6042295,0.6678772,4.3160706,4.879608,-0.46504354000000003,-3.7485363,-3.9238842,-2.6008606,4.3160706,4.559601,2.9438934,-4.055753,-3.8447077,3.4152832,4.3160706,3.1872253,-3.1488934,-3.9657739999999997,-2.693278,2.0748901,4.3160706,4.879608,-1.8198875,-3.7568557,-4.1665564,3.6769714000000002,4.3160706,4.879608,-3.5206542,-3.571725,-4.4914355,3.6769714000000002,1.5103149999999999,4.694275,-3.7928486,-0.49274966000000003,-4.5134244,3.6769714000000002,4.3160706,4.879608,-3.8308048,-3.2168312,-4.5105767,3.6769714000000002,4.3160706,4.879608,-3.5363846,-3.8774576,-3.8713772,2.959381,3.9971008,1.3028564,-3.0093818,-4.144617,-0.12184077500000001,3.6769714000000002,4.3160706,4.433838,-3.451056,-3.7969093,-3.7334049,3.6769714000000002,4.3160706,4.879608,-3.5187964,-3.6211305,-4.597444,3.6769714000000002,4.3160706,4.879608,-3.5712422999999998,-3.4916735,-4.5313163,3.6769714000000002,4.2592773,4.879608,-3.630619,-3.6531062,-4.9037766,2.7268677,4.3160706,4.879608,-2.5895,-3.5218558,-4.544537,3.6769714000000002,4.3160706,4.879608,-4.355003,-3.8199205,-3.3789535,3.6769714000000002,4.3160706,-2.903656,-4.3512387,-4.2796297,4.4744945,2.2567444,4.3160706,4.879608,-2.3970213,-3.8618245,-3.519369,1.1912537,4.3160706,4.879608,-1.1672271,-3.8284578,-3.6435652,2.1875,4.3160706,4.879608,-2.0312314,-3.7746687,-3.878969,哈哈哈哈
0.6678772,4.3160706,4.879608,-0.46504354000000003,-3.7485363,-3.9238842,-2.6008606,4.3160706,4.559601,2.9438934,-4.055753,-3.8447077,3.4152832,4.3160706,3.1872253,-3.1488934,-3.9657739999999997,-2.693278,2.0748901,4.3160706,4.879608,-1.8198875,-3.7568557,-4.1665564,3.6769714000000002,4.3160706,4.879608,-3.5206542,-3.571725,-4.4914355,3.6769714000000002,1.5103149999999999,4.694275,-3.7928486,-0.49274966000000003,-4.5134244,3.6769714000000002,4.3160706,4.879608,-3.8308048,-3.2168312,-4.5105767,3.6769714000000002,4.3160706,4.879608,-3.5363846,-3.8774576,-3.8713772,2.959381,3.9971008,1.3028564,-3.0093818,-4.144617,-0.12184077500000001,3.6769714000000002,4.3160706,4.433838,-3.451056,-3.7969093,-3.7334049,3.6769714000000002,4.3160706,4.879608,-3.5187964,-3.6211305,-4.597444,3.6769714000000002,4.3160706,4.879608,-3.5712422999999998,-3.4916735,-4.5313163,3.6769714000000002,4.2592773,4.879608,-3.630619,-3.6531062,-4.9037766,2.7268677,4.3160706,4.879608,-2.5895,-3.5218558,-4.544537,3.6769714000000002,4.3160706,4.879608,-4.355003,-3.8199205,-3.3789535,3.6769714000000002,4.3160706,-2.903656,-4.3512387,-4.2796297,4.4744945,2.2567444,4.3160706,4.879608,-2.3970213,-3.8618245,-3.519369,1.1912537,4.3160706,4.879608,-1.1672271,-3.8284578,-3.6435652,2.1875,4.3160706,4.879608,-2.0312314,-3.7746687,-3.878969,3.6769714000000002,4.3160706,4.879608,-3.4770756,-3.6420379,-4.4377036,哈哈哈哈
-2.6008606,4.3160706,4.559601,2.9438934,-4.055753,-3.8447077,3.4152832,4.3160706,3.1872253,-3.1488934,-3.9657739999999997,-2.693278,2.0748901,4.3160706,4.879608,-1.8198875,-3.7568557,-4.1665564,3.6769714000000002,4.3160706,4.879608,-3.5206542,-3.571725,-4.4914355,3.6769714000000002,1.5103149999999999,4.694275,-3.7928486,-0.49274966000000003,-4.5134244,3.6769714000000002,4.3160706,4.879608,-3.8308048,-3.2168312,-4.5105767,3.6769714000000002,4.3160706,4.879608,-3.5363846,-3.8774576,-3.8713772,2.959381,3.9971008,1.3028564,-3.0093818,-4.144617,-0.12184077500000001,3.6769714000000002,4.3160706,4.433838,-3.451056,-3.7969093,-3.7334049,3.6769714000000002,4.3160706,4.879608,-3.5187964,-3.6211305,-4.597444,3.6769714000000002,4.3160706,4.879608,-3.5712422999999998,-3.4916735,-4.5313163,3.6769714000000002,4.2592773,4.879608,-3.630619,-3.6531062,-4.9037766,2.7268677,4.3160706,4.879608,-2.5895,-3.5218558,-4.544537,3.6769714000000002,4.3160706,4.879608,-4.355003,-3.8199205,-3.3789535,3.6769714000000002,4.3160706,-2.903656,-4.3512387,-4.2796297,4.4744945,2.2567444,4.3160706,4.879608,-2.3970213,-3.8618245,-3.519369,1.1912537,4.3160706,4.879608,-1.1672271,-3.8284578,-3.6435652,2.1875,4.3160706,4.879608,-2.0312314,-3.7746687,-3.878969,3.6769714000000002,4.3160706,4.879608,-3.4770756,-3.6420379,-4.4377036,2.1323547,4.3160706,4.879608,-2.0619576,-3.3805003,-4.222491,哈哈哈哈
3.4152832,4.3160706,3.1872253,-3.1488934,-3.9657739999999997,-2.693278,2.0748901,4.3160706,4.879608,-1.8198875,-3.7568557,-4.1665564,3.6769714000000002,4.3160706,4.879608,-3.5206542,-3.571725,-4.4914355,3.6769714000000002,1.5103149999999999,4.694275,-3.7928486,-0.49274966000000003,-4.5134244,3.6769714000000002,4.3160706,4.879608,-3.8308048,-3.2168312,-4.5105767,3.6769714000000002,4.3160706,4.879608,-3.5363846,-3.8774576,-3.8713772,2.959381,3.9971008,1.3028564,-3.0093818,-4.144617,-0.12184077500000001,3.6769714000000002,4.3160706,4.433838,-3.451056,-3.7969093,-3.7334049,3.6769714000000002,4.3160706,4.879608,-3.5187964,-3.6211305,-4.597444,3.6769714000000002,4.3160706,4.879608,-3.5712422999999998,-3.4916735,-4.5313163,3.6769714000000002,4.2592773,4.879608,-3.630619,-3.6531062,-4.9037766,2.7268677,4.3160706,4.879608,-2.5895,-3.5218558,-4.544537,3.6769714000000002,4.3160706,4.879608,-4.355003,-3.8199205,-3.3789535,3.6769714000000002,4.3160706,-2.903656,-4.3512387,-4.2796297,4.4744945,2.2567444,4.3160706,4.879608,-2.3970213,-3.8618245,-3.519369,1.1912537,4.3160706,4.879608,-1.1672271,-3.8284578,-3.6435652,2.1875,4.3160706,4.879608,-2.0312314,-3.7746687,-3.878969,3.6769714000000002,4.3160706,4.879608,-3.4770756,-3.6420379,-4.4377036,2.1323547,4.3160706,4.879608,-2.0619576,-3.3805003,-4.222491,2.550232,4.3160706,4.879608,-2.5498238,-3.385503,-4.0089574,哈哈哈哈
2.0748901,4.3160706,4.879608,-1.8198875,-3.7568557,-4.1665564,3.6769714000000002,4.3160706,4.879608,-3.5206542,-3.571725,-4.4914355,3.6769714000000002,1.5103149999999999,4.694275,-3.7928486,-0.49274966000000003,-4.5134244,3.6769714000000002,4.3160706,4.879608,-3.8308048,-3.2168312,-4.5105767,3.6769714000000002,4.3160706,4.879608,-3.5363846,-3.8774576,-3.8713772,2.959381,3.9971008,1.3028564,-3.0093818,-4.144617,-0.12184077500000001,3.6769714000000002,4.3160706,4.433838,-3.451056,-3.7969093,-3.7334049,3.6769714000000002,4.3160706,4.879608,-3.5187964,-3.6211305,-4.597444,3.6769714000000002,4.3160706,4.879608,-3.5712422999999998,-3.4916735,-4.5313163,3.6769714000000002,4.2592773,4.879608,-3.630619,-3.6531062,-4.9037766,2.7268677,4.3160706,4.879608,-2.5895,-3.5218558,-4.544537,3.6769714000000002,4.3160706,4.879608,-4.355003,-3.8199205,-3.3789535,3.6769714000000002,4.3160706,-2.903656,-4.3512387,-4.2796297,4.4744945,2.2567444,4.3160706,4.879608,-2.3970213,-3.8618245,-3.519369,1.1912537,4.3160706,4.879608,-1.1672271,-3.8284578,-3.6435652,2.1875,4.3160706,4.879608,-2.0312314,-3.7746687,-3.878969,3.6769714000000002,4.3160706,4.879608,-3.4770756,-3.6420379,-4.4377036,2.1323547,4.3160706,4.879608,-2.0619576,-3.3805003,-4.222491,2.550232,4.3160706,4.879608,-2.5498238,-3.385503,-4.0089574,-0.8362427,4.292816,-0.85964966,0.8354471,-4.342331,2.133467,哈哈哈哈
3.6769714000000002,4.3160706,4.879608,-3.5206542,-3.571725,-4.4914355,3.6769714000000002,1.5103149999999999,4.694275,-3.7928486,-0.49274966000000003,-4.5134244,3.6769714000000002,4.3160706,4.879608,-3.8308048,-3.2168312,-4.5105767,3.6769714000000002,4.3160706,4.879608,-3.5363846,-3.8774576,-3.8713772,2.959381,3.9971008,1.3028564,-3.0093818,-4.144617,-0.12184077500000001,3.6769714000000002,4.3160706,4.433838,-3.451056,-3.7969093,-3.7334049,3.6769714000000002,4.3160706,4.879608,-3.5187964,-3.6211305,-4.597444,3.6769714000000002,4.3160706,4.879608,-3.5712422999999998,-3.4916735,-4.5313163,3.6769714000000002,4.2592773,4.879608,-3.630619,-3.6531062,-4.9037766,2.7268677,4.3160706,4.879608,-2.5895,-3.5218558,-4.544537,3.6769714000000002,4.3160706,4.879608,-4.355003,-3.8199205,-3.3789535,3.6769714000000002,4.3160706,-2.903656,-4.3512387,-4.2796297,4.4744945,2.2567444,4.3160706,4.879608,-2.3970213,-3.8618245,-3.519369,1.1912537,4.3160706,4.879608,-1.1672271,-3.8284578,-3.6435652,2.1875,4.3160706,4.879608,-2.0312314,-3.7746687,-3.878969,3.6769714000000002,4.3160706,4.879608,-3.4770756,-3.6420379,-4.4377036,2.1323547,4.3160706,4.879608,-2.0619576,-3.3805003,-4.222491,2.550232,4.3160706,4.879608,-2.5498238,-3.385503,-4.0089574,-0.8362427,4.292816,-0.85964966,0.8354471,-4.342331,2.133467,3.6769714000000002,4.3160706,4.879608,-3.4669142,-3.6731944,-4.3106303,哈哈哈哈
3.6769714000000002,1.5103149999999999,4.694275,-3.7928486,-0.49274966000000003,-4.5134244,3.6769714000000002,4.3160706,4.879608,-3.8308048,-3.2168312,-4.5105767,3.6769714000000002,4.3160706,4.879608,-3.5363846,-3.8774576,-3.8713772,2.959381,3.9971008,1.3028564,-3.0093818,-4.144617,-0.12184077500000001,3.6769714000000002,4.3160706,4.433838,-3.451056,-3.7969093,-3.7334049,3.6769714000000002,4.3160706,4.879608,-3.5187964,-3.6211305,-4.597444,3.6769714000000002,4.3160706,4.879608,-3.5712422999999998,-3.4916735,-4.5313163,3.6769714000000002,4.2592773,4.879608,-3.630619,-3.6531062,-4.9037766,2.7268677,4.3160706,4.879608,-2.5895,-3.5218558,-4.544537,3.6769714000000002,4.3160706,4.879608,-4.355003,-3.8199205,-3.3789535,3.6769714000000002,4.3160706,-2.903656,-4.3512387,-4.2796297,4.4744945,2.2567444,4.3160706,4.879608,-2.3970213,-3.8618245,-3.519369,1.1912537,4.3160706,4.879608,-1.1672271,-3.8284578,-3.6435652,2.1875,4.3160706,4.879608,-2.0312314,-3.7746687,-3.878969,3.6769714000000002,4.3160706,4.879608,-3.4770756,-3.6420379,-4.4377036,2.1323547,4.3160706,4.879608,-2.0619576,-3.3805003,-4.222491,2.550232,4.3160706,4.879608,-2.5498238,-3.385503,-4.0089574,-0.8362427,4.292816,-0.85964966,0.8354471,-4.342331,2.133467,3.6769714000000002,4.3160706,4.879608,-3.4669142,-3.6731944,-4.3106303,3.6769714000000002,4.3160706,4.879608,-3.6454759,-3.363977,-4.3215237,哈哈哈哈
3.6769714000000002,4.3160706,4.879608,-3.8308048,-3.2168312,-4.5105767,3.6769714000000002,4.3160706,4.879608,-3.5363846,-3.8774576,-3.8713772,2.959381,3.9971008,1.3028564,-3.0093818,-4.144617,-0.12184077500000001,3.6769714000000002,4.3160706,4.433838,-3.451056,-3.7969093,-3.7334049,3.6769714000000002,4.3160706,4.879608,-3.5187964,-3.6211305,-4.597444,3.6769714000000002,4.3160706,4.879608,-3.5712422999999998,-3.4916735,-4.5313163,3.6769714000000002,4.2592773,4.879608,-3.630619,-3.6531062,-4.9037766,2.7268677,4.3160706,4.879608,-2.5895,-3.5218558,-4.544537,3.6769714000000002,4.3160706,4.879608,-4.355003,-3.8199205,-3.3789535,3.6769714000000002,4.3160706,-2.903656,-4.3512387,-4.2796297,4.4744945,2.2567444,4.3160706,4.879608,-2.3970213,-3.8618245,-3.519369,1.1912537,4.3160706,4.879608,-1.1672271,-3.8284578,-3.6435652,2.1875,4.3160706,4.879608,-2.0312314,-3.7746687,-3.878969,3.6769714000000002,4.3160706,4.879608,-3.4770756,-3.6420379,-4.4377036,2.1323547,4.3160706,4.879608,-2.0619576,-3.3805003,-4.222491,2.550232,4.3160706,4.879608,-2.5498238,-3.385503,-4.0089574,-0.8362427,4.292816,-0.85964966,0.8354471,-4.342331,2.133467,3.6769714000000002,4.3160706,4.879608,-3.4669142,-3.6731944,-4.3106303,3.6769714000000002,4.3160706,4.879608,-3.6454759,-3.363977,-4.3215237,3.6769714000000002,4.3160706,4.879608,-3.64143,-3.3801231,-4.459993,哈哈哈哈
3.6769714000000002,4.3160706,4.879608,-3.5363846,-3.8774576,-3.8713772,2.959381,3.9971008,1.3028564,-3.0093818,-4.144617,-0.12184077500000001,3.6769714000000002,4.3160706,4.433838,-3.451056,-3.7969093,-3.7334049,3.6769714000000002,4.3160706,4.879608,-3.5187964,-3.6211305,-4.597444,3.6769714000000002,4.3160706,4.879608,-3.5712422999999998,-3.4916735,-4.5313163,3.6769714000000002,4.2592773,4.879608,-3.630619,-3.6531062,-4.9037766,2.7268677,4.3160706,4.879608,-2.5895,-3.5218558,-4.544537,3.6769714000000002,4.3160706,4.879608,-4.355003,-3.8199205,-3.3789535,3.6769714000000002,4.3160706,-2.903656,-4.3512387,-4.2796297,4.4744945,2.2567444,4.3160706,4.879608,-2.3970213,-3.8618245,-3.519369,1.1912537,4.3160706,4.879608,-1.1672271,-3.8284578,-3.6435652,2.1875,4.3160706,4.879608,-2.0312314,-3.7746687,-3.878969,3.6769714000000002,4.3160706,4.879608,-3.4770756,-3.6420379,-4.4377036,2.1323547,4.3160706,4.879608,-2.0619576,-3.3805003,-4.222491,2.550232,4.3160706,4.879608,-2.5498238,-3.385503,-4.0089574,-0.8362427,4.292816,-0.85964966,0.8354471,-4.342331,2.133467,3.6769714000000002,4.3160706,4.879608,-3.4669142,-3.6731944,-4.3106303,3.6769714000000002,4.3160706,4.879608,-3.6454759,-3.363977,-4.3215237,3.6769714000000002,4.3160706,4.879608,-3.64143,-3.3801231,-4.459993,3.6769714000000002,4.3160706,4.879608,-3.934689,-3.6583695,-5.156538,哈哈哈哈
2.959381,3.9971008,1.3028564,-3.0093818,-4.144617,-0.12184077500000001,3.6769714000000002,4.3160706,4.433838,-3.451056,-3.7969093,-3.7334049,3.6769714000000002,4.3160706,4.879608,-3.5187964,-3.6211305,-4.597444,3.6769714000000002,4.3160706,4.879608,-3.5712422999999998,-3.4916735,-4.5313163,3.6769714000000002,4.2592773,4.879608,-3.630619,-3.6531062,-4.9037766,2.7268677,4.3160706,4.879608,-2.5895,-3.5218558,-4.544537,3.6769714000000002,4.3160706,4.879608,-4.355003,-3.8199205,-3.3789535,3.6769714000000002,4.3160706,-2.903656,-4.3512387,-4.2796297,4.4744945,2.2567444,4.3160706,4.879608,-2.3970213,-3.8618245,-3.519369,1.1912537,4.3160706,4.879608,-1.1672271,-3.8284578,-3.6435652,2.1875,4.3160706,4.879608,-2.0312314,-3.7746687,-3.878969,3.6769714000000002,4.3160706,4.879608,-3.4770756,-3.6420379,-4.4377036,2.1323547,4.3160706,4.879608,-2.0619576,-3.3805003,-4.222491,2.550232,4.3160706,4.879608,-2.5498238,-3.385503,-4.0089574,-0.8362427,4.292816,-0.85964966,0.8354471,-4.342331,2.133467,3.6769714000000002,4.3160706,4.879608,-3.4669142,-3.6731944,-4.3106303,3.6769714000000002,4.3160706,4.879608,-3.6454759,-3.363977,-4.3215237,3.6769714000000002,4.3160706,4.879608,-3.64143,-3.3801231,-4.459993,3.6769714000000002,4.3160706,4.879608,-3.934689,-3.6583695,-5.156538,3.6769714000000002,1.7077942,4.879608,-3.8965387,-0.6622239400000001,-4.804709,哈哈哈哈
3.6769714000000002,4.3160706,4.433838,-3.451056,-3.7969093,-3.7334049,3.6769714000000002,4.3160706,4.879608,-3.5187964,-3.6211305,-4.597444,3.6769714000000002,4.3160706,4.879608,-3.5712422999999998,-3.4916735,-4.5313163,3.6769714000000002,4.2592773,4.879608,-3.630619,-3.6531062,-4.9037766,2.7268677,4.3160706,4.879608,-2.5895,-3.5218558,-4.544537,3.6769714000000002,4.3160706,4.879608,-4.355003,-3.8199205,-3.3789535,3.6769714000000002,4.3160706,-2.903656,-4.3512387,-4.2796297,4.4744945,2.2567444,4.3160706,4.879608,-2.3970213,-3.8618245,-3.519369,1.1912537,4.3160706,4.879608,-1.1672271,-3.8284578,-3.6435652,2.1875,4.3160706,4.879608,-2.0312314,-3.7746687,-3.878969,3.6769714000000002,4.3160706,4.879608,-3.4770756,-3.6420379,-4.4377036,2.1323547,4.3160706,4.879608,-2.0619576,-3.3805003,-4.222491,2.550232,4.3160706,4.879608,-2.5498238,-3.385503,-4.0089574,-0.8362427,4.292816,-0.85964966,0.8354471,-4.342331,2.133467,3.6769714000000002,4.3160706,4.879608,-3.4669142,-3.6731944,-4.3106303,3.6769714000000002,4.3160706,4.879608,-3.6454759,-3.363977,-4.3215237,3.6769714000000002,4.3160706,4.879608,-3.64143,-3.3801231,-4.459993,3.6769714000000002,4.3160706,4.879608,-3.934689,-3.6583695,-5.156538,3.6769714000000002,1.7077942,4.879608,-3.8965387,-0.6622239400000001,-4.804709,3.6769714000000002,4.3160706,4.879608,-3.6802073,-3.4408705,-3.9788764,哈哈哈哈
3.6769714000000002,4.3160706,4.879608,-3.5187964,-3.6211305,-4.597444,3.6769714000000002,4.3160706,4.879608,-3.5712422999999998,-3.4916735,-4.5313163,3.6769714000000002,4.2592773,4.879608,-3.630619,-3.6531062,-4.9037766,2.7268677,4.3160706,4.879608,-2.5895,-3.5218558,-4.544537,3.6769714000000002,4.3160706,4.879608,-4.355003,-3.8199205,-3.3789535,3.6769714000000002,4.3160706,-2.903656,-4.3512387,-4.2796297,4.4744945,2.2567444,4.3160706,4.879608,-2.3970213,-3.8618245,-3.519369,1.1912537,4.3160706,4.879608,-1.1672271,-3.8284578,-3.6435652,2.1875,4.3160706,4.879608,-2.0312314,-3.7746687,-3.878969,3.6769714000000002,4.3160706,4.879608,-3.4770756,-3.6420379,-4.4377036,2.1323547,4.3160706,4.879608,-2.0619576,-3.3805003,-4.222491,2.550232,4.3160706,4.879608,-2.5498238,-3.385503,-4.0089574,-0.8362427,4.292816,-0.85964966,0.8354471,-4.342331,2.133467,3.6769714000000002,4.3160706,4.879608,-3.4669142,-3.6731944,-4.3106303,3.6769714000000002,4.3160706,4.879608,-3.6454759,-3.363977,-4.3215237,3.6769714000000002,4.3160706,4.879608,-3.64143,-3.3801231,-4.459993,3.6769714000000002,4.3160706,4.879608,-3.934689,-3.6583695,-5.156538,3.6769714000000002,1.7077942,4.879608,-3.8965387,-0.6622239400000001,-4.804709,3.6769714000000002,4.3160706,4.879608,-3.6802073,-3.4408705,-3.9788764,2.4589844,4.3160706,4.879608,-2.5310912,-4.004322,-3.5627944,哈哈哈哈
3.6769714000000002,4.3160706,4.879608,-3.5712422999999998,-3.4916735,-4.5313163,3.6769714000000002,4.2592773,4.879608,-3.630619,-3.6531062,-4.9037766,2.7268677,4.3160706,4.879608,-2.5895,-3.5218558,-4.544537,3.6769714000000002,4.3160706,4.879608,-4.355003,-3.8199205,-3.3789535,3.6769714000000002,4.3160706,-2.903656,-4.3512387,-4.2796297,4.4744945,2.2567444,4.3160706,4.879608,-2.3970213,-3.8618245,-3.519369,1.1912537,4.3160706,4.879608,-1.1672271,-3.8284578,-3.6435652,2.1875,4.3160706,4.879608,-2.0312314,-3.7746687,-3.878969,3.6769714000000002,4.3160706,4.879608,-3.4770756,-3.6420379,-4.4377036,2.1323547,4.3160706,4.879608,-2.0619576,-3.3805003,-4.222491,2.550232,4.3160706,4.879608,-2.5498238,-3.385503,-4.0089574,-0.8362427,4.292816,-0.85964966,0.8354471,-4.342331,2.133467,3.6769714000000002,4.3160706,4.879608,-3.4669142,-3.6731944,-4.3106303,3.6769714000000002,4.3160706,4.879608,-3.6454759,-3.363977,-4.3215237,3.6769714000000002,4.3160706,4.879608,-3.64143,-3.3801231,-4.459993,3.6769714000000002,4.3160706,4.879608,-3.934689,-3.6583695,-5.156538,3.6769714000000002,1.7077942,4.879608,-3.8965387,-0.6622239400000001,-4.804709,3.6769714000000002,4.3160706,4.879608,-3.6802073,-3.4408705,-3.9788764,2.4589844,4.3160706,4.879608,-2.5310912,-4.004322,-3.5627944,3.6769714000000002,4.3160706,4.879608,-3.8596487,-3.8561069999999997,-3.5277636,哈哈哈哈
3.6769714000000002,4.2592773,4.879608,-3.630619,-3.6531062,-4.9037766,2.7268677,4.3160706,4.879608,-2.5895,-3.5218558,-4.544537,3.6769714000000002,4.3160706,4.879608,-4.355003,-3.8199205,-3.3789535,3.6769714000000002,4.3160706,-2.903656,-4.3512387,-4.2796297,4.4744945,2.2567444,4.3160706,4.879608,-2.3970213,-3.8618245,-3.519369,1.1912537,4.3160706,4.879608,-1.1672271,-3.8284578,-3.6435652,2.1875,4.3160706,4.879608,-2.0312314,-3.7746687,-3.878969,3.6769714000000002,4.3160706,4.879608,-3.4770756,-3.6420379,-4.4377036,2.1323547,4.3160706,4.879608,-2.0619576,-3.3805003,-4.222491,2.550232,4.3160706,4.879608,-2.5498238,-3.385503,-4.0089574,-0.8362427,4.292816,-0.85964966,0.8354471,-4.342331,2.133467,3.6769714000000002,4.3160706,4.879608,-3.4669142,-3.6731944,-4.3106303,3.6769714000000002,4.3160706,4.879608,-3.6454759,-3.363977,-4.3215237,3.6769714000000002,4.3160706,4.879608,-3.64143,-3.3801231,-4.459993,3.6769714000000002,4.3160706,4.879608,-3.934689,-3.6583695,-5.156538,3.6769714000000002,1.7077942,4.879608,-3.8965387,-0.6622239400000001,-4.804709,3.6769714000000002,4.3160706,4.879608,-3.6802073,-3.4408705,-3.9788764,2.4589844,4.3160706,4.879608,-2.5310912,-4.004322,-3.5627944,3.6769714000000002,4.3160706,4.879608,-3.8596487,-3.8561069999999997,-3.5277636,3.5951843,4.3160706,4.879608,-3.903521,-3.1381068,-4.1305757,哈哈哈哈
2.7268677,4.3160706,4.879608,-2.5895,-3.5218558,-4.544537,3.6769714000000002,4.3160706,4.879608,-4.355003,-3.8199205,-3.3789535,3.6769714000000002,4.3160706,-2.903656,-4.3512387,-4.2796297,4.4744945,2.2567444,4.3160706,4.879608,-2.3970213,-3.8618245,-3.519369,1.1912537,4.3160706,4.879608,-1.1672271,-3.8284578,-3.6435652,2.1875,4.3160706,4.879608,-2.0312314,-3.7746687,-3.878969,3.6769714000000002,4.3160706,4.879608,-3.4770756,-3.6420379,-4.4377036,2.1323547,4.3160706,4.879608,-2.0619576,-3.3805003,-4.222491,2.550232,4.3160706,4.879608,-2.5498238,-3.385503,-4.0089574,-0.8362427,4.292816,-0.85964966,0.8354471,-4.342331,2.133467,3.6769714000000002,4.3160706,4.879608,-3.4669142,-3.6731944,-4.3106303,3.6769714000000002,4.3160706,4.879608,-3.6454759,-3.363977,-4.3215237,3.6769714000000002,4.3160706,4.879608,-3.64143,-3.3801231,-4.459993,3.6769714000000002,4.3160706,4.879608,-3.934689,-3.6583695,-5.156538,3.6769714000000002,1.7077942,4.879608,-3.8965387,-0.6622239400000001,-4.804709,3.6769714000000002,4.3160706,4.879608,-3.6802073,-3.4408705,-3.9788764,2.4589844,4.3160706,4.879608,-2.5310912,-4.004322,-3.5627944,3.6769714000000002,4.3160706,4.879608,-3.8596487,-3.8561069999999997,-3.5277636,3.5951843,4.3160706,4.879608,-3.903521,-3.1381068,-4.1305757,3.5464783,4.3160706,4.879608,-3.9000864,-3.1263187,-4.584575,哈哈哈哈
3.6769714000000002,4.3160706,4.879608,-4.355003,-3.8199205,-3.3789535,3.6769714000000002,4.3160706,-2.903656,-4.3512387,-4.2796297,4.4744945,2.2567444,4.3160706,4.879608,-2.3970213,-3.8618245,-3.519369,1.1912537,4.3160706,4.879608,-1.1672271,-3.8284578,-3.6435652,2.1875,4.3160706,4.879608,-2.0312314,-3.7746687,-3.878969,3.6769714000000002,4.3160706,4.879608,-3.4770756,-3.6420379,-4.4377036,2.1323547,4.3160706,4.879608,-2.0619576,-3.3805003,-4.222491,2.550232,4.3160706,4.879608,-2.5498238,-3.385503,-4.0089574,-0.8362427,4.292816,-0.85964966,0.8354471,-4.342331,2.133467,3.6769714000000002,4.3160706,4.879608,-3.4669142,-3.6731944,-4.3106303,3.6769714000000002,4.3160706,4.879608,-3.6454759,-3.363977,-4.3215237,3.6769714000000002,4.3160706,4.879608,-3.64143,-3.3801231,-4.459993,3.6769714000000002,4.3160706,4.879608,-3.934689,-3.6583695,-5.156538,3.6769714000000002,1.7077942,4.879608,-3.8965387,-0.6622239400000001,-4.804709,3.6769714000000002,4.3160706,4.879608,-3.6802073,-3.4408705,-3.9788764,2.4589844,4.3160706,4.879608,-2.5310912,-4.004322,-3.5627944,3.6769714000000002,4.3160706,4.879608,-3.8596487,-3.8561069999999997,-3.5277636,3.5951843,4.3160706,4.879608,-3.903521,-3.1381068,-4.1305757,3.5464783,4.3160706,4.879608,-3.9000864,-3.1263187,-4.584575,3.6769714000000002,4.3160706,4.879608,-4.1575274,-3.2551606,-4.930657,哈哈哈哈
3.6769714000000002,4.3160706,-2.903656,-4.3512387,-4.2796297,4.4744945,2.2567444,4.3160706,4.879608,-2.3970213,-3.8618245,-3.519369,1.1912537,4.3160706,4.879608,-1.1672271,-3.8284578,-3.6435652,2.1875,4.3160706,4.879608,-2.0312314,-3.7746687,-3.878969,3.6769714000000002,4.3160706,4.879608,-3.4770756,-3.6420379,-4.4377036,2.1323547,4.3160706,4.879608,-2.0619576,-3.3805003,-4.222491,2.550232,4.3160706,4.879608,-2.5498238,-3.385503,-4.0089574,-0.8362427,4.292816,-0.85964966,0.8354471,-4.342331,2.133467,3.6769714000000002,4.3160706,4.879608,-3.4669142,-3.6731944,-4.3106303,3.6769714000000002,4.3160706,4.879608,-3.6454759,-3.363977,-4.3215237,3.6769714000000002,4.3160706,4.879608,-3.64143,-3.3801231,-4.459993,3.6769714000000002,4.3160706,4.879608,-3.934689,-3.6583695,-5.156538,3.6769714000000002,1.7077942,4.879608,-3.8965387,-0.6622239400000001,-4.804709,3.6769714000000002,4.3160706,4.879608,-3.6802073,-3.4408705,-3.9788764,2.4589844,4.3160706,4.879608,-2.5310912,-4.004322,-3.5627944,3.6769714000000002,4.3160706,4.879608,-3.8596487,-3.8561069999999997,-3.5277636,3.5951843,4.3160706,4.879608,-3.903521,-3.1381068,-4.1305757,3.5464783,4.3160706,4.879608,-3.9000864,-3.1263187,-4.584575,3.6769714000000002,4.3160706,4.879608,-4.1575274,-3.2551606,-4.930657,3.6769714000000002,4.3160706,4.879608,-4.1575274,-3.2551606,-4.930657,哈哈哈哈
2.2567444,4.3160706,4.879608,-2.3970213,-3.8618245,-3.519369,1.1912537,4.3160706,4.879608,-1.1672271,-3.8284578,-3.6435652,2.1875,4.3160706,4.879608,-2.0312314,-3.7746687,-3.878969,3.6769714000000002,4.3160706,4.879608,-3.4770756,-3.6420379,-4.4377036,2.1323547,4.3160706,4.879608,-2.0619576,-3.3805003,-4.222491,2.550232,4.3160706,4.879608,-2.5498238,-3.385503,-4.0089574,-0.8362427,4.292816,-0.85964966,0.8354471,-4.342331,2.133467,3.6769714000000002,4.3160706,4.879608,-3.4669142,-3.6731944,-4.3106303,3.6769714000000002,4.3160706,4.879608,-3.6454759,-3.363977,-4.3215237,3.6769714000000002,4.3160706,4.879608,-3.64143,-3.3801231,-4.459993,3.6769714000000002,4.3160706,4.879608,-3.934689,-3.6583695,-5.156538,3.6769714000000002,1.7077942,4.879608,-3.8965387,-0.6622239400000001,-4.804709,3.6769714000000002,4.3160706,4.879608,-3.6802073,-3.4408705,-3.9788764,2.4589844,4.3160706,4.879608,-2.5310912,-4.004322,-3.5627944,3.6769714000000002,4.3160706,4.879608,-3.8596487,-3.8561069999999997,-3.5277636,3.5951843,4.3160706,4.879608,-3.903521,-3.1381068,-4.1305757,3.5464783,4.3160706,4.879608,-3.9000864,-3.1263187,-4.584575,3.6769714000000002,4.3160706,4.879608,-4.1575274,-3.2551606,-4.930657,3.6769714000000002,4.3160706,4.879608,-4.1575274,-3.2551606,-4.930657,3.6769714000000002,-1.4242249,0.5527649,-4.0816846,2.2158008,-0.77039987,哈哈哈哈
1.1912537,4.3160706,4.879608,-1.1672271,-3.8284578,-3.6435652,2.1875,4.3160706,4.879608,-2.0312314,-3.7746687,-3.878969,3.6769714000000002,4.3160706,4.879608,-3.4770756,-3.6420379,-4.4377036,2.1323547,4.3160706,4.879608,-2.0619576,-3.3805003,-4.222491,2.550232,4.3160706,4.879608,-2.5498238,-3.385503,-4.0089574,-0.8362427,4.292816,-0.85964966,0.8354471,-4.342331,2.133467,3.6769714000000002,4.3160706,4.879608,-3.4669142,-3.6731944,-4.3106303,3.6769714000000002,4.3160706,4.879608,-3.6454759,-3.363977,-4.3215237,3.6769714000000002,4.3160706,4.879608,-3.64143,-3.3801231,-4.459993,3.6769714000000002,4.3160706,4.879608,-3.934689,-3.6583695,-5.156538,3.6769714000000002,1.7077942,4.879608,-3.8965387,-0.6622239400000001,-4.804709,3.6769714000000002,4.3160706,4.879608,-3.6802073,-3.4408705,-3.9788764,2.4589844,4.3160706,4.879608,-2.5310912,-4.004322,-3.5627944,3.6769714000000002,4.3160706,4.879608,-3.8596487,-3.8561069999999997,-3.5277636,3.5951843,4.3160706,4.879608,-3.903521,-3.1381068,-4.1305757,3.5464783,4.3160706,4.879608,-3.9000864,-3.1263187,-4.584575,3.6769714000000002,4.3160706,4.879608,-4.1575274,-3.2551606,-4.930657,3.6769714000000002,4.3160706,4.879608,-4.1575274,-3.2551606,-4.930657,3.6769714000000002,-1.4242249,0.5527649,-4.0816846,2.2158008,-0.77039987,3.0548096,4.3160706,4.879608,-3.586823,-3.8309325999999997,-3.3884227,哈哈哈哈
2.1875,4.3160706,4.879608,-2.0312314,-3.7746687,-3.878969,3.6769714000000002,4.3160706,4.879608,-3.4770756,-3.6420379,-4.4377036,2.1323547,4.3160706,4.879608,-2.0619576,-3.3805003,-4.222491,2.550232,4.3160706,4.879608,-2.5498238,-3.385503,-4.0089574,-0.8362427,4.292816,-0.85964966,0.8354471,-4.342331,2.133467,3.6769714000000002,4.3160706,4.879608,-3.4669142,-3.6731944,-4.3106303,3.6769714000000002,4.3160706,4.879608,-3.6454759,-3.363977,-4.3215237,3.6769714000000002,4.3160706,4.879608,-3.64143,-3.3801231,-4.459993,3.6769714000000002,4.3160706,4.879608,-3.934689,-3.6583695,-5.156538,3.6769714000000002,1.7077942,4.879608,-3.8965387,-0.6622239400000001,-4.804709,3.6769714000000002,4.3160706,4.879608,-3.6802073,-3.4408705,-3.9788764,2.4589844,4.3160706,4.879608,-2.5310912,-4.004322,-3.5627944,3.6769714000000002,4.3160706,4.879608,-3.8596487,-3.8561069999999997,-3.5277636,3.5951843,4.3160706,4.879608,-3.903521,-3.1381068,-4.1305757,3.5464783,4.3160706,4.879608,-3.9000864,-3.1263187,-4.584575,3.6769714000000002,4.3160706,4.879608,-4.1575274,-3.2551606,-4.930657,3.6769714000000002,4.3160706,4.879608,-4.1575274,-3.2551606,-4.930657,3.6769714000000002,-1.4242249,0.5527649,-4.0816846,2.2158008,-0.77039987,3.0548096,4.3160706,4.879608,-3.586823,-3.8309325999999997,-3.3884227,2.984375,4.3160706,-2.0935059,-3.8732333,-4.5723233,3.5644587999999997,哈哈哈哈
3.6769714000000002,4.3160706,4.879608,-3.4770756,-3.6420379,-4.4377036,2.1323547,4.3160706,4.879608,-2.0619576,-3.3805003,-4.222491,2.550232,4.3160706,4.879608,-2.5498238,-3.385503,-4.0089574,-0.8362427,4.292816,-0.85964966,0.8354471,-4.342331,2.133467,3.6769714000000002,4.3160706,4.879608,-3.4669142,-3.6731944,-4.3106303,3.6769714000000002,4.3160706,4.879608,-3.6454759,-3.363977,-4.3215237,3.6769714000000002,4.3160706,4.879608,-3.64143,-3.3801231,-4.459993,3.6769714000000002,4.3160706,4.879608,-3.934689,-3.6583695,-5.156538,3.6769714000000002,1.7077942,4.879608,-3.8965387,-0.6622239400000001,-4.804709,3.6769714000000002,4.3160706,4.879608,-3.6802073,-3.4408705,-3.9788764,2.4589844,4.3160706,4.879608,-2.5310912,-4.004322,-3.5627944,3.6769714000000002,4.3160706,4.879608,-3.8596487,-3.8561069999999997,-3.5277636,3.5951843,4.3160706,4.879608,-3.903521,-3.1381068,-4.1305757,3.5464783,4.3160706,4.879608,-3.9000864,-3.1263187,-4.584575,3.6769714000000002,4.3160706,4.879608,-4.1575274,-3.2551606,-4.930657,3.6769714000000002,4.3160706,4.879608,-4.1575274,-3.2551606,-4.930657,3.6769714000000002,-1.4242249,0.5527649,-4.0816846,2.2158008,-0.77039987,3.0548096,4.3160706,4.879608,-3.586823,-3.8309325999999997,-3.3884227,2.984375,4.3160706,-2.0935059,-3.8732333,-4.5723233,3.5644587999999997,3.6769714000000002,4.3160706,4.879608,-4.141823,-3.2496638,-3.7797139,哈哈哈哈
2.1323547,4.3160706,4.879608,-2.0619576,-3.3805003,-4.222491,2.550232,4.3160706,4.879608,-2.5498238,-3.385503,-4.0089574,-0.8362427,4.292816,-0.85964966,0.8354471,-4.342331,2.133467,3.6769714000000002,4.3160706,4.879608,-3.4669142,-3.6731944,-4.3106303,3.6769714000000002,4.3160706,4.879608,-3.6454759,-3.363977,-4.3215237,3.6769714000000002,4.3160706,4.879608,-3.64143,-3.3801231,-4.459993,3.6769714000000002,4.3160706,4.879608,-3.934689,-3.6583695,-5.156538,3.6769714000000002,1.7077942,4.879608,-3.8965387,-0.6622239400000001,-4.804709,3.6769714000000002,4.3160706,4.879608,-3.6802073,-3.4408705,-3.9788764,2.4589844,4.3160706,4.879608,-2.5310912,-4.004322,-3.5627944,3.6769714000000002,4.3160706,4.879608,-3.8596487,-3.8561069999999997,-3.5277636,3.5951843,4.3160706,4.879608,-3.903521,-3.1381068,-4.1305757,3.5464783,4.3160706,4.879608,-3.9000864,-3.1263187,-4.584575,3.6769714000000002,4.3160706,4.879608,-4.1575274,-3.2551606,-4.930657,3.6769714000000002,4.3160706,4.879608,-4.1575274,-3.2551606,-4.930657,3.6769714000000002,-1.4242249,0.5527649,-4.0816846,2.2158008,-0.77039987,3.0548096,4.3160706,4.879608,-3.586823,-3.8309325999999997,-3.3884227,2.984375,4.3160706,-2.0935059,-3.8732333,-4.5723233,3.5644587999999997,3.6769714000000002,4.3160706,4.879608,-4.141823,-3.2496638,-3.7797139,3.1728516,4.3160706,4.879608,-3.9553827999999998,-3.027318,-4.2756515,哈哈哈哈
2.550232,4.3160706,4.879608,-2.5498238,-3.385503,-4.0089574,-0.8362427,4.292816,-0.85964966,0.8354471,-4.342331,2.133467,3.6769714000000002,4.3160706,4.879608,-3.4669142,-3.6731944,-4.3106303,3.6769714000000002,4.3160706,4.879608,-3.6454759,-3.363977,-4.3215237,3.6769714000000002,4.3160706,4.879608,-3.64143,-3.3801231,-4.459993,3.6769714000000002,4.3160706,4.879608,-3.934689,-3.6583695,-5.156538,3.6769714000000002,1.7077942,4.879608,-3.8965387,-0.6622239400000001,-4.804709,3.6769714000000002,4.3160706,4.879608,-3.6802073,-3.4408705,-3.9788764,2.4589844,4.3160706,4.879608,-2.5310912,-4.004322,-3.5627944,3.6769714000000002,4.3160706,4.879608,-3.8596487,-3.8561069999999997,-3.5277636,3.5951843,4.3160706,4.879608,-3.903521,-3.1381068,-4.1305757,3.5464783,4.3160706,4.879608,-3.9000864,-3.1263187,-4.584575,3.6769714000000002,4.3160706,4.879608,-4.1575274,-3.2551606,-4.930657,3.6769714000000002,4.3160706,4.879608,-4.1575274,-3.2551606,-4.930657,3.6769714000000002,-1.4242249,0.5527649,-4.0816846,2.2158008,-0.77039987,3.0548096,4.3160706,4.879608,-3.586823,-3.8309325999999997,-3.3884227,2.984375,4.3160706,-2.0935059,-3.8732333,-4.5723233,3.5644587999999997,3.6769714000000002,4.3160706,4.879608,-4.141823,-3.2496638,-3.7797139,3.1728516,4.3160706,4.879608,-3.9553827999999998,-3.027318,-4.2756515,3.6769714000000002,4.3160706,4.879608,-4.4430647,-3.4679856,-5.174366,哈哈哈哈
-0.8362427,4.292816,-0.85964966,0.8354471,-4.342331,2.133467,3.6769714000000002,4.3160706,4.879608,-3.4669142,-3.6731944,-4.3106303,3.6769714000000002,4.3160706,4.879608,-3.6454759,-3.363977,-4.3215237,3.6769714000000002,4.3160706,4.879608,-3.64143,-3.3801231,-4.459993,3.6769714000000002,4.3160706,4.879608,-3.934689,-3.6583695,-5.156538,3.6769714000000002,1.7077942,4.879608,-3.8965387,-0.6622239400000001,-4.804709,3.6769714000000002,4.3160706,4.879608,-3.6802073,-3.4408705,-3.9788764,2.4589844,4.3160706,4.879608,-2.5310912,-4.004322,-3.5627944,3.6769714000000002,4.3160706,4.879608,-3.8596487,-3.8561069999999997,-3.5277636,3.5951843,4.3160706,4.879608,-3.903521,-3.1381068,-4.1305757,3.5464783,4.3160706,4.879608,-3.9000864,-3.1263187,-4.584575,3.6769714000000002,4.3160706,4.879608,-4.1575274,-3.2551606,-4.930657,3.6769714000000002,4.3160706,4.879608,-4.1575274,-3.2551606,-4.930657,3.6769714000000002,-1.4242249,0.5527649,-4.0816846,2.2158008,-0.77039987,3.0548096,4.3160706,4.879608,-3.586823,-3.8309325999999997,-3.3884227,2.984375,4.3160706,-2.0935059,-3.8732333,-4.5723233,3.5644587999999997,3.6769714000000002,4.3160706,4.879608,-4.141823,-3.2496638,-3.7797139,3.1728516,4.3160706,4.879608,-3.9553827999999998,-3.027318,-4.2756515,3.6769714000000002,4.3160706,4.879608,-4.4430647,-3.4679856,-5.174366,3.6769714000000002,-0.9403991700000001,0.88204956,-4.3318553,1.5822037,-1.2563833,哈哈哈哈
3.6769714000000002,4.3160706,4.879608,-3.4669142,-3.6731944,-4.3106303,3.6769714000000002,4.3160706,4.879608,-3.6454759,-3.363977,-4.3215237,3.6769714000000002,4.3160706,4.879608,-3.64143,-3.3801231,-4.459993,3.6769714000000002,4.3160706,4.879608,-3.934689,-3.6583695,-5.156538,3.6769714000000002,1.7077942,4.879608,-3.8965387,-0.6622239400000001,-4.804709,3.6769714000000002,4.3160706,4.879608,-3.6802073,-3.4408705,-3.9788764,2.4589844,4.3160706,4.879608,-2.5310912,-4.004322,-3.5627944,3.6769714000000002,4.3160706,4.879608,-3.8596487,-3.8561069999999997,-3.5277636,3.5951843,4.3160706,4.879608,-3.903521,-3.1381068,-4.1305757,3.5464783,4.3160706,4.879608,-3.9000864,-3.1263187,-4.584575,3.6769714000000002,4.3160706,4.879608,-4.1575274,-3.2551606,-4.930657,3.6769714000000002,4.3160706,4.879608,-4.1575274,-3.2551606,-4.930657,3.6769714000000002,-1.4242249,0.5527649,-4.0816846,2.2158008,-0.77039987,3.0548096,4.3160706,4.879608,-3.586823,-3.8309325999999997,-3.3884227,2.984375,4.3160706,-2.0935059,-3.8732333,-4.5723233,3.5644587999999997,3.6769714000000002,4.3160706,4.879608,-4.141823,-3.2496638,-3.7797139,3.1728516,4.3160706,4.879608,-3.9553827999999998,-3.027318,-4.2756515,3.6769714000000002,4.3160706,4.879608,-4.4430647,-3.4679856,-5.174366,3.6769714000000002,-0.9403991700000001,0.88204956,-4.3318553,1.5822037,-1.2563833,3.6769714000000002,4.3160706,4.879608,-4.892847,-3.2390108,-4.700563,哈哈哈哈
3.6769714000000002,4.3160706,4.879608,-3.6454759,-3.363977,-4.3215237,3.6769714000000002,4.3160706,4.879608,-3.64143,-3.3801231,-4.459993,3.6769714000000002,4.3160706,4.879608,-3.934689,-3.6583695,-5.156538,3.6769714000000002,1.7077942,4.879608,-3.8965387,-0.6622239400000001,-4.804709,3.6769714000000002,4.3160706,4.879608,-3.6802073,-3.4408705,-3.9788764,2.4589844,4.3160706,4.879608,-2.5310912,-4.004322,-3.5627944,3.6769714000000002,4.3160706,4.879608,-3.8596487,-3.8561069999999997,-3.5277636,3.5951843,4.3160706,4.879608,-3.903521,-3.1381068,-4.1305757,3.5464783,4.3160706,4.879608,-3.9000864,-3.1263187,-4.584575,3.6769714000000002,4.3160706,4.879608,-4.1575274,-3.2551606,-4.930657,3.6769714000000002,4.3160706,4.879608,-4.1575274,-3.2551606,-4.930657,3.6769714000000002,-1.4242249,0.5527649,-4.0816846,2.2158008,-0.77039987,3.0548096,4.3160706,4.879608,-3.586823,-3.8309325999999997,-3.3884227,2.984375,4.3160706,-2.0935059,-3.8732333,-4.5723233,3.5644587999999997,3.6769714000000002,4.3160706,4.879608,-4.141823,-3.2496638,-3.7797139,3.1728516,4.3160706,4.879608,-3.9553827999999998,-3.027318,-4.2756515,3.6769714000000002,4.3160706,4.879608,-4.4430647,-3.4679856,-5.174366,3.6769714000000002,-0.9403991700000001,0.88204956,-4.3318553,1.5822037,-1.2563833,3.6769714000000002,4.3160706,4.879608,-4.892847,-3.2390108,-4.700563,3.6769714000000002,4.3160706,4.879608,-4.317494,-3.5305529,-3.4947042,哈哈哈哈
3.6769714000000002,4.3160706,4.879608,-3.64143,-3.3801231,-4.459993,3.6769714000000002,4.3160706,4.879608,-3.934689,-3.6583695,-5.156538,3.6769714000000002,1.7077942,4.879608,-3.8965387,-0.6622239400000001,-4.804709,3.6769714000000002,4.3160706,4.879608,-3.6802073,-3.4408705,-3.9788764,2.4589844,4.3160706,4.879608,-2.5310912,-4.004322,-3.5627944,3.6769714000000002,4.3160706,4.879608,-3.8596487,-3.8561069999999997,-3.5277636,3.5951843,4.3160706,4.879608,-3.903521,-3.1381068,-4.1305757,3.5464783,4.3160706,4.879608,-3.9000864,-3.1263187,-4.584575,3.6769714000000002,4.3160706,4.879608,-4.1575274,-3.2551606,-4.930657,3.6769714000000002,4.3160706,4.879608,-4.1575274,-3.2551606,-4.930657,3.6769714000000002,-1.4242249,0.5527649,-4.0816846,2.2158008,-0.77039987,3.0548096,4.3160706,4.879608,-3.586823,-3.8309325999999997,-3.3884227,2.984375,4.3160706,-2.0935059,-3.8732333,-4.5723233,3.5644587999999997,3.6769714000000002,4.3160706,4.879608,-4.141823,-3.2496638,-3.7797139,3.1728516,4.3160706,4.879608,-3.9553827999999998,-3.027318,-4.2756515,3.6769714000000002,4.3160706,4.879608,-4.4430647,-3.4679856,-5.174366,3.6769714000000002,-0.9403991700000001,0.88204956,-4.3318553,1.5822037,-1.2563833,3.6769714000000002,4.3160706,4.879608,-4.892847,-3.2390108,-4.700563,3.6769714000000002,4.3160706,4.879608,-4.317494,-3.5305529,-3.4947042,3.6769714000000002,4.3160706,3.4120483,-4.8267117,-4.4839563,-2.0908945,哈哈哈哈
3.6769714000000002,4.3160706,4.879608,-3.934689,-3.6583695,-5.156538,3.6769714000000002,1.7077942,4.879608,-3.8965387,-0.6622239400000001,-4.804709,3.6769714000000002,4.3160706,4.879608,-3.6802073,-3.4408705,-3.9788764,2.4589844,4.3160706,4.879608,-2.5310912,-4.004322,-3.5627944,3.6769714000000002,4.3160706,4.879608,-3.8596487,-3.8561069999999997,-3.5277636,3.5951843,4.3160706,4.879608,-3.903521,-3.1381068,-4.1305757,3.5464783,4.3160706,4.879608,-3.9000864,-3.1263187,-4.584575,3.6769714000000002,4.3160706,4.879608,-4.1575274,-3.2551606,-4.930657,3.6769714000000002,4.3160706,4.879608,-4.1575274,-3.2551606,-4.930657,3.6769714000000002,-1.4242249,0.5527649,-4.0816846,2.2158008,-0.77039987,3.0548096,4.3160706,4.879608,-3.586823,-3.8309325999999997,-3.3884227,2.984375,4.3160706,-2.0935059,-3.8732333,-4.5723233,3.5644587999999997,3.6769714000000002,4.3160706,4.879608,-4.141823,-3.2496638,-3.7797139,3.1728516,4.3160706,4.879608,-3.9553827999999998,-3.027318,-4.2756515,3.6769714000000002,4.3160706,4.879608,-4.4430647,-3.4679856,-5.174366,3.6769714000000002,-0.9403991700000001,0.88204956,-4.3318553,1.5822037,-1.2563833,3.6769714000000002,4.3160706,4.879608,-4.892847,-3.2390108,-4.700563,3.6769714000000002,4.3160706,4.879608,-4.317494,-3.5305529,-3.4947042,3.6769714000000002,4.3160706,3.4120483,-4.8267117,-4.4839563,-2.0908945,3.6769714000000002,4.3160706,0.60317993,-4.7112283999999995,-4.9242725,0.4289021,哈哈哈哈
3.6769714000000002,1.7077942,4.879608,-3.8965387,-0.6622239400000001,-4.804709,3.6769714000000002,4.3160706,4.879608,-3.6802073,-3.4408705,-3.9788764,2.4589844,4.3160706,4.879608,-2.5310912,-4.004322,-3.5627944,3.6769714000000002,4.3160706,4.879608,-3.8596487,-3.8561069999999997,-3.5277636,3.5951843,4.3160706,4.879608,-3.903521,-3.1381068,-4.1305757,3.5464783,4.3160706,4.879608,-3.9000864,-3.1263187,-4.584575,3.6769714000000002,4.3160706,4.879608,-4.1575274,-3.2551606,-4.930657,3.6769714000000002,4.3160706,4.879608,-4.1575274,-3.2551606,-4.930657,3.6769714000000002,-1.4242249,0.5527649,-4.0816846,2.2158008,-0.77039987,3.0548096,4.3160706,4.879608,-3.586823,-3.8309325999999997,-3.3884227,2.984375,4.3160706,-2.0935059,-3.8732333,-4.5723233,3.5644587999999997,3.6769714000000002,4.3160706,4.879608,-4.141823,-3.2496638,-3.7797139,3.1728516,4.3160706,4.879608,-3.9553827999999998,-3.027318,-4.2756515,3.6769714000000002,4.3160706,4.879608,-4.4430647,-3.4679856,-5.174366,3.6769714000000002,-0.9403991700000001,0.88204956,-4.3318553,1.5822037,-1.2563833,3.6769714000000002,4.3160706,4.879608,-4.892847,-3.2390108,-4.700563,3.6769714000000002,4.3160706,4.879608,-4.317494,-3.5305529,-3.4947042,3.6769714000000002,4.3160706,3.4120483,-4.8267117,-4.4839563,-2.0908945,3.6769714000000002,4.3160706,0.60317993,-4.7112283999999995,-4.9242725,0.4289021,3.2285156,4.3160706,4.879608,-4.1650863,-3.6299748,-3.459952,哈哈哈哈
3.6769714000000002,4.3160706,4.879608,-3.6802073,-3.4408705,-3.9788764,2.4589844,4.3160706,4.879608,-2.5310912,-4.004322,-3.5627944,3.6769714000000002,4.3160706,4.879608,-3.8596487,-3.8561069999999997,-3.5277636,3.5951843,4.3160706,4.879608,-3.903521,-3.1381068,-4.1305757,3.5464783,4.3160706,4.879608,-3.9000864,-3.1263187,-4.584575,3.6769714000000002,4.3160706,4.879608,-4.1575274,-3.2551606,-4.930657,3.6769714000000002,4.3160706,4.879608,-4.1575274,-3.2551606,-4.930657,3.6769714000000002,-1.4242249,0.5527649,-4.0816846,2.2158008,-0.77039987,3.0548096,4.3160706,4.879608,-3.586823,-3.8309325999999997,-3.3884227,2.984375,4.3160706,-2.0935059,-3.8732333,-4.5723233,3.5644587999999997,3.6769714000000002,4.3160706,4.879608,-4.141823,-3.2496638,-3.7797139,3.1728516,4.3160706,4.879608,-3.9553827999999998,-3.027318,-4.2756515,3.6769714000000002,4.3160706,4.879608,-4.4430647,-3.4679856,-5.174366,3.6769714000000002,-0.9403991700000001,0.88204956,-4.3318553,1.5822037,-1.2563833,3.6769714000000002,4.3160706,4.879608,-4.892847,-3.2390108,-4.700563,3.6769714000000002,4.3160706,4.879608,-4.317494,-3.5305529,-3.4947042,3.6769714000000002,4.3160706,3.4120483,-4.8267117,-4.4839563,-2.0908945,3.6769714000000002,4.3160706,0.60317993,-4.7112283999999995,-4.9242725,0.4289021,3.2285156,4.3160706,4.879608,-4.1650863,-3.6299748,-3.459952,1.7908629999999999,4.3160706,4.879608,-3.0426254,-3.2455773,-4.0009103,哈哈哈哈
2.4589844,4.3160706,4.879608,-2.5310912,-4.004322,-3.5627944,3.6769714000000002,4.3160706,4.879608,-3.8596487,-3.8561069999999997,-3.5277636,3.5951843,4.3160706,4.879608,-3.903521,-3.1381068,-4.1305757,3.5464783,4.3160706,4.879608,-3.9000864,-3.1263187,-4.584575,3.6769714000000002,4.3160706,4.879608,-4.1575274,-3.2551606,-4.930657,3.6769714000000002,4.3160706,4.879608,-4.1575274,-3.2551606,-4.930657,3.6769714000000002,-1.4242249,0.5527649,-4.0816846,2.2158008,-0.77039987,3.0548096,4.3160706,4.879608,-3.586823,-3.8309325999999997,-3.3884227,2.984375,4.3160706,-2.0935059,-3.8732333,-4.5723233,3.5644587999999997,3.6769714000000002,4.3160706,4.879608,-4.141823,-3.2496638,-3.7797139,3.1728516,4.3160706,4.879608,-3.9553827999999998,-3.027318,-4.2756515,3.6769714000000002,4.3160706,4.879608,-4.4430647,-3.4679856,-5.174366,3.6769714000000002,-0.9403991700000001,0.88204956,-4.3318553,1.5822037,-1.2563833,3.6769714000000002,4.3160706,4.879608,-4.892847,-3.2390108,-4.700563,3.6769714000000002,4.3160706,4.879608,-4.317494,-3.5305529,-3.4947042,3.6769714000000002,4.3160706,3.4120483,-4.8267117,-4.4839563,-2.0908945,3.6769714000000002,4.3160706,0.60317993,-4.7112283999999995,-4.9242725,0.4289021,3.2285156,4.3160706,4.879608,-4.1650863,-3.6299748,-3.459952,1.7908629999999999,4.3160706,4.879608,-3.0426254,-3.2455773,-4.0009103,3.252716,4.3160706,4.879608,-4.5758104,-3.231709,-4.359436,哈哈哈哈
3.6769714000000002,4.3160706,4.879608,-3.8596487,-3.8561069999999997,-3.5277636,3.5951843,4.3160706,4.879608,-3.903521,-3.1381068,-4.1305757,3.5464783,4.3160706,4.879608,-3.9000864,-3.1263187,-4.584575,3.6769714000000002,4.3160706,4.879608,-4.1575274,-3.2551606,-4.930657,3.6769714000000002,4.3160706,4.879608,-4.1575274,-3.2551606,-4.930657,3.6769714000000002,-1.4242249,0.5527649,-4.0816846,2.2158008,-0.77039987,3.0548096,4.3160706,4.879608,-3.586823,-3.8309325999999997,-3.3884227,2.984375,4.3160706,-2.0935059,-3.8732333,-4.5723233,3.5644587999999997,3.6769714000000002,4.3160706,4.879608,-4.141823,-3.2496638,-3.7797139,3.1728516,4.3160706,4.879608,-3.9553827999999998,-3.027318,-4.2756515,3.6769714000000002,4.3160706,4.879608,-4.4430647,-3.4679856,-5.174366,3.6769714000000002,-0.9403991700000001,0.88204956,-4.3318553,1.5822037,-1.2563833,3.6769714000000002,4.3160706,4.879608,-4.892847,-3.2390108,-4.700563,3.6769714000000002,4.3160706,4.879608,-4.317494,-3.5305529,-3.4947042,3.6769714000000002,4.3160706,3.4120483,-4.8267117,-4.4839563,-2.0908945,3.6769714000000002,4.3160706,0.60317993,-4.7112283999999995,-4.9242725,0.4289021,3.2285156,4.3160706,4.879608,-4.1650863,-3.6299748,-3.459952,1.7908629999999999,4.3160706,4.879608,-3.0426254,-3.2455773,-4.0009103,3.252716,4.3160706,4.879608,-4.5758104,-3.231709,-4.359436,3.252716,4.3160706,4.879608,-4.5758104,-3.231709,-4.359436,哈哈哈哈
3.5951843,4.3160706,4.879608,-3.903521,-3.1381068,-4.1305757,3.5464783,4.3160706,4.879608,-3.9000864,-3.1263187,-4.584575,3.6769714000000002,4.3160706,4.879608,-4.1575274,-3.2551606,-4.930657,3.6769714000000002,4.3160706,4.879608,-4.1575274,-3.2551606,-4.930657,3.6769714000000002,-1.4242249,0.5527649,-4.0816846,2.2158008,-0.77039987,3.0548096,4.3160706,4.879608,-3.586823,-3.8309325999999997,-3.3884227,2.984375,4.3160706,-2.0935059,-3.8732333,-4.5723233,3.5644587999999997,3.6769714000000002,4.3160706,4.879608,-4.141823,-3.2496638,-3.7797139,3.1728516,4.3160706,4.879608,-3.9553827999999998,-3.027318,-4.2756515,3.6769714000000002,4.3160706,4.879608,-4.4430647,-3.4679856,-5.174366,3.6769714000000002,-0.9403991700000001,0.88204956,-4.3318553,1.5822037,-1.2563833,3.6769714000000002,4.3160706,4.879608,-4.892847,-3.2390108,-4.700563,3.6769714000000002,4.3160706,4.879608,-4.317494,-3.5305529,-3.4947042,3.6769714000000002,4.3160706,3.4120483,-4.8267117,-4.4839563,-2.0908945,3.6769714000000002,4.3160706,0.60317993,-4.7112283999999995,-4.9242725,0.4289021,3.2285156,4.3160706,4.879608,-4.1650863,-3.6299748,-3.459952,1.7908629999999999,4.3160706,4.879608,-3.0426254,-3.2455773,-4.0009103,3.252716,4.3160706,4.879608,-4.5758104,-3.231709,-4.359436,3.252716,4.3160706,4.879608,-4.5758104,-3.231709,-4.359436,2.6574707,4.3160706,4.879608,-4.1225934,-3.5688941,-4.8124447,哈哈哈哈
3.5464783,4.3160706,4.879608,-3.9000864,-3.1263187,-4.584575,3.6769714000000002,4.3160706,4.879608,-4.1575274,-3.2551606,-4.930657,3.6769714000000002,4.3160706,4.879608,-4.1575274,-3.2551606,-4.930657,3.6769714000000002,-1.4242249,0.5527649,-4.0816846,2.2158008,-0.77039987,3.0548096,4.3160706,4.879608,-3.586823,-3.8309325999999997,-3.3884227,2.984375,4.3160706,-2.0935059,-3.8732333,-4.5723233,3.5644587999999997,3.6769714000000002,4.3160706,4.879608,-4.141823,-3.2496638,-3.7797139,3.1728516,4.3160706,4.879608,-3.9553827999999998,-3.027318,-4.2756515,3.6769714000000002,4.3160706,4.879608,-4.4430647,-3.4679856,-5.174366,3.6769714000000002,-0.9403991700000001,0.88204956,-4.3318553,1.5822037,-1.2563833,3.6769714000000002,4.3160706,4.879608,-4.892847,-3.2390108,-4.700563,3.6769714000000002,4.3160706,4.879608,-4.317494,-3.5305529,-3.4947042,3.6769714000000002,4.3160706,3.4120483,-4.8267117,-4.4839563,-2.0908945,3.6769714000000002,4.3160706,0.60317993,-4.7112283999999995,-4.9242725,0.4289021,3.2285156,4.3160706,4.879608,-4.1650863,-3.6299748,-3.459952,1.7908629999999999,4.3160706,4.879608,-3.0426254,-3.2455773,-4.0009103,3.252716,4.3160706,4.879608,-4.5758104,-3.231709,-4.359436,3.252716,4.3160706,4.879608,-4.5758104,-3.231709,-4.359436,2.6574707,4.3160706,4.879608,-4.1225934,-3.5688941,-4.8124447,3.3595276,4.31604,4.879608,-4.675085,-3.664098,-5.058809,哈哈哈哈
3.6769714000000002,4.3160706,4.879608,-4.1575274,-3.2551606,-4.930657,3.6769714000000002,4.3160706,4.879608,-4.1575274,-3.2551606,-4.930657,3.6769714000000002,-1.4242249,0.5527649,-4.0816846,2.2158008,-0.77039987,3.0548096,4.3160706,4.879608,-3.586823,-3.8309325999999997,-3.3884227,2.984375,4.3160706,-2.0935059,-3.8732333,-4.5723233,3.5644587999999997,3.6769714000000002,4.3160706,4.879608,-4.141823,-3.2496638,-3.7797139,3.1728516,4.3160706,4.879608,-3.9553827999999998,-3.027318,-4.2756515,3.6769714000000002,4.3160706,4.879608,-4.4430647,-3.4679856,-5.174366,3.6769714000000002,-0.9403991700000001,0.88204956,-4.3318553,1.5822037,-1.2563833,3.6769714000000002,4.3160706,4.879608,-4.892847,-3.2390108,-4.700563,3.6769714000000002,4.3160706,4.879608,-4.317494,-3.5305529,-3.4947042,3.6769714000000002,4.3160706,3.4120483,-4.8267117,-4.4839563,-2.0908945,3.6769714000000002,4.3160706,0.60317993,-4.7112283999999995,-4.9242725,0.4289021,3.2285156,4.3160706,4.879608,-4.1650863,-3.6299748,-3.459952,1.7908629999999999,4.3160706,4.879608,-3.0426254,-3.2455773,-4.0009103,3.252716,4.3160706,4.879608,-4.5758104,-3.231709,-4.359436,3.252716,4.3160706,4.879608,-4.5758104,-3.231709,-4.359436,2.6574707,4.3160706,4.879608,-4.1225934,-3.5688941,-4.8124447,3.3595276,4.31604,4.879608,-4.675085,-3.664098,-5.058809,3.5310974,-1.5003052000000001,3.3090515,-4.682493,2.0663247,-3.6730902,哈哈哈哈
3.6769714000000002,4.3160706,4.879608,-4.1575274,-3.2551606,-4.930657,3.6769714000000002,-1.4242249,0.5527649,-4.0816846,2.2158008,-0.77039987,3.0548096,4.3160706,4.879608,-3.586823,-3.8309325999999997,-3.3884227,2.984375,4.3160706,-2.0935059,-3.8732333,-4.5723233,3.5644587999999997,3.6769714000000002,4.3160706,4.879608,-4.141823,-3.2496638,-3.7797139,3.1728516,4.3160706,4.879608,-3.9553827999999998,-3.027318,-4.2756515,3.6769714000000002,4.3160706,4.879608,-4.4430647,-3.4679856,-5.174366,3.6769714000000002,-0.9403991700000001,0.88204956,-4.3318553,1.5822037,-1.2563833,3.6769714000000002,4.3160706,4.879608,-4.892847,-3.2390108,-4.700563,3.6769714000000002,4.3160706,4.879608,-4.317494,-3.5305529,-3.4947042,3.6769714000000002,4.3160706,3.4120483,-4.8267117,-4.4839563,-2.0908945,3.6769714000000002,4.3160706,0.60317993,-4.7112283999999995,-4.9242725,0.4289021,3.2285156,4.3160706,4.879608,-4.1650863,-3.6299748,-3.459952,1.7908629999999999,4.3160706,4.879608,-3.0426254,-3.2455773,-4.0009103,3.252716,4.3160706,4.879608,-4.5758104,-3.231709,-4.359436,3.252716,4.3160706,4.879608,-4.5758104,-3.231709,-4.359436,2.6574707,4.3160706,4.879608,-4.1225934,-3.5688941,-4.8124447,3.3595276,4.31604,4.879608,-4.675085,-3.664098,-5.058809,3.5310974,-1.5003052000000001,3.3090515,-4.682493,2.0663247,-3.6730902,2.2760925,0.8092041,4.879608,-3.7790565,0.09532904,-4.6396136,哈哈哈哈
3.6769714000000002,-1.4242249,0.5527649,-4.0816846,2.2158008,-0.77039987,3.0548096,4.3160706,4.879608,-3.586823,-3.8309325999999997,-3.3884227,2.984375,4.3160706,-2.0935059,-3.8732333,-4.5723233,3.5644587999999997,3.6769714000000002,4.3160706,4.879608,-4.141823,-3.2496638,-3.7797139,3.1728516,4.3160706,4.879608,-3.9553827999999998,-3.027318,-4.2756515,3.6769714000000002,4.3160706,4.879608,-4.4430647,-3.4679856,-5.174366,3.6769714000000002,-0.9403991700000001,0.88204956,-4.3318553,1.5822037,-1.2563833,3.6769714000000002,4.3160706,4.879608,-4.892847,-3.2390108,-4.700563,3.6769714000000002,4.3160706,4.879608,-4.317494,-3.5305529,-3.4947042,3.6769714000000002,4.3160706,3.4120483,-4.8267117,-4.4839563,-2.0908945,3.6769714000000002,4.3160706,0.60317993,-4.7112283999999995,-4.9242725,0.4289021,3.2285156,4.3160706,4.879608,-4.1650863,-3.6299748,-3.459952,1.7908629999999999,4.3160706,4.879608,-3.0426254,-3.2455773,-4.0009103,3.252716,4.3160706,4.879608,-4.5758104,-3.231709,-4.359436,3.252716,4.3160706,4.879608,-4.5758104,-3.231709,-4.359436,2.6574707,4.3160706,4.879608,-4.1225934,-3.5688941,-4.8124447,3.3595276,4.31604,4.879608,-4.675085,-3.664098,-5.058809,3.5310974,-1.5003052000000001,3.3090515,-4.682493,2.0663247,-3.6730902,2.2760925,0.8092041,4.879608,-3.7790565,0.09532904,-4.6396136,2.9224854000000002,4.275635,4.879608,-4.4122477,-3.3844192,-4.177274,哈哈哈哈
3.0548096,4.3160706,4.879608,-3.586823,-3.8309325999999997,-3.3884227,2.984375,4.3160706,-2.0935059,-3.8732333,-4.5723233,3.5644587999999997,3.6769714000000002,4.3160706,4.879608,-4.141823,-3.2496638,-3.7797139,3.1728516,4.3160706,4.879608,-3.9553827999999998,-3.027318,-4.2756515,3.6769714000000002,4.3160706,4.879608,-4.4430647,-3.4679856,-5.174366,3.6769714000000002,-0.9403991700000001,0.88204956,-4.3318553,1.5822037,-1.2563833,3.6769714000000002,4.3160706,4.879608,-4.892847,-3.2390108,-4.700563,3.6769714000000002,4.3160706,4.879608,-4.317494,-3.5305529,-3.4947042,3.6769714000000002,4.3160706,3.4120483,-4.8267117,-4.4839563,-2.0908945,3.6769714000000002,4.3160706,0.60317993,-4.7112283999999995,-4.9242725,0.4289021,3.2285156,4.3160706,4.879608,-4.1650863,-3.6299748,-3.459952,1.7908629999999999,4.3160706,4.879608,-3.0426254,-3.2455773,-4.0009103,3.252716,4.3160706,4.879608,-4.5758104,-3.231709,-4.359436,3.252716,4.3160706,4.879608,-4.5758104,-3.231709,-4.359436,2.6574707,4.3160706,4.879608,-4.1225934,-3.5688941,-4.8124447,3.3595276,4.31604,4.879608,-4.675085,-3.664098,-5.058809,3.5310974,-1.5003052000000001,3.3090515,-4.682493,2.0663247,-3.6730902,2.2760925,0.8092041,4.879608,-3.7790565,0.09532904,-4.6396136,2.9224854000000002,4.275635,4.879608,-4.4122477,-3.3844192,-4.177274,3.6584472999999997,4.3160706,-0.1767273,-5.012307,-4.8967757,0.7567826999999999,哈哈哈哈
2.984375,4.3160706,-2.0935059,-3.8732333,-4.5723233,3.5644587999999997,3.6769714000000002,4.3160706,4.879608,-4.141823,-3.2496638,-3.7797139,3.1728516,4.3160706,4.879608,-3.9553827999999998,-3.027318,-4.2756515,3.6769714000000002,4.3160706,4.879608,-4.4430647,-3.4679856,-5.174366,3.6769714000000002,-0.9403991700000001,0.88204956,-4.3318553,1.5822037,-1.2563833,3.6769714000000002,4.3160706,4.879608,-4.892847,-3.2390108,-4.700563,3.6769714000000002,4.3160706,4.879608,-4.317494,-3.5305529,-3.4947042,3.6769714000000002,4.3160706,3.4120483,-4.8267117,-4.4839563,-2.0908945,3.6769714000000002,4.3160706,0.60317993,-4.7112283999999995,-4.9242725,0.4289021,3.2285156,4.3160706,4.879608,-4.1650863,-3.6299748,-3.459952,1.7908629999999999,4.3160706,4.879608,-3.0426254,-3.2455773,-4.0009103,3.252716,4.3160706,4.879608,-4.5758104,-3.231709,-4.359436,3.252716,4.3160706,4.879608,-4.5758104,-3.231709,-4.359436,2.6574707,4.3160706,4.879608,-4.1225934,-3.5688941,-4.8124447,3.3595276,4.31604,4.879608,-4.675085,-3.664098,-5.058809,3.5310974,-1.5003052000000001,3.3090515,-4.682493,2.0663247,-3.6730902,2.2760925,0.8092041,4.879608,-3.7790565,0.09532904,-4.6396136,2.9224854000000002,4.275635,4.879608,-4.4122477,-3.3844192,-4.177274,3.6584472999999997,4.3160706,-0.1767273,-5.012307,-4.8967757,0.7567826999999999,2.446228,4.3160706,4.879608,-3.8655128,-4.47021,-3.8123522,哈哈哈哈
3.6769714000000002,4.3160706,4.879608,-4.141823,-3.2496638,-3.7797139,3.1728516,4.3160706,4.879608,-3.9553827999999998,-3.027318,-4.2756515,3.6769714000000002,4.3160706,4.879608,-4.4430647,-3.4679856,-5.174366,3.6769714000000002,-0.9403991700000001,0.88204956,-4.3318553,1.5822037,-1.2563833,3.6769714000000002,4.3160706,4.879608,-4.892847,-3.2390108,-4.700563,3.6769714000000002,4.3160706,4.879608,-4.317494,-3.5305529,-3.4947042,3.6769714000000002,4.3160706,3.4120483,-4.8267117,-4.4839563,-2.0908945,3.6769714000000002,4.3160706,0.60317993,-4.7112283999999995,-4.9242725,0.4289021,3.2285156,4.3160706,4.879608,-4.1650863,-3.6299748,-3.459952,1.7908629999999999,4.3160706,4.879608,-3.0426254,-3.2455773,-4.0009103,3.252716,4.3160706,4.879608,-4.5758104,-3.231709,-4.359436,3.252716,4.3160706,4.879608,-4.5758104,-3.231709,-4.359436,2.6574707,4.3160706,4.879608,-4.1225934,-3.5688941,-4.8124447,3.3595276,4.31604,4.879608,-4.675085,-3.664098,-5.058809,3.5310974,-1.5003052000000001,3.3090515,-4.682493,2.0663247,-3.6730902,2.2760925,0.8092041,4.879608,-3.7790565,0.09532904,-4.6396136,2.9224854000000002,4.275635,4.879608,-4.4122477,-3.3844192,-4.177274,3.6584472999999997,4.3160706,-0.1767273,-5.012307,-4.8967757,0.7567826999999999,2.446228,4.3160706,4.879608,-3.8655128,-4.47021,-3.8123522,1.4825134,4.3160706,4.879608,-3.0109968,-4.2889414,-3.864506,哈哈哈哈
3.1728516,4.3160706,4.879608,-3.9553827999999998,-3.027318,-4.2756515,3.6769714000000002,4.3160706,4.879608,-4.4430647,-3.4679856,-5.174366,3.6769714000000002,-0.9403991700000001,0.88204956,-4.3318553,1.5822037,-1.2563833,3.6769714000000002,4.3160706,4.879608,-4.892847,-3.2390108,-4.700563,3.6769714000000002,4.3160706,4.879608,-4.317494,-3.5305529,-3.4947042,3.6769714000000002,4.3160706,3.4120483,-4.8267117,-4.4839563,-2.0908945,3.6769714000000002,4.3160706,0.60317993,-4.7112283999999995,-4.9242725,0.4289021,3.2285156,4.3160706,4.879608,-4.1650863,-3.6299748,-3.459952,1.7908629999999999,4.3160706,4.879608,-3.0426254,-3.2455773,-4.0009103,3.252716,4.3160706,4.879608,-4.5758104,-3.231709,-4.359436,3.252716,4.3160706,4.879608,-4.5758104,-3.231709,-4.359436,2.6574707,4.3160706,4.879608,-4.1225934,-3.5688941,-4.8124447,3.3595276,4.31604,4.879608,-4.675085,-3.664098,-5.058809,3.5310974,-1.5003052000000001,3.3090515,-4.682493,2.0663247,-3.6730902,2.2760925,0.8092041,4.879608,-3.7790565,0.09532904,-4.6396136,2.9224854000000002,4.275635,4.879608,-4.4122477,-3.3844192,-4.177274,3.6584472999999997,4.3160706,-0.1767273,-5.012307,-4.8967757,0.7567826999999999,2.446228,4.3160706,4.879608,-3.8655128,-4.47021,-3.8123522,1.4825134,4.3160706,4.879608,-3.0109968,-4.2889414,-3.864506,3.4057007,4.3160706,4.879608,-5.1192355,-4.0051565,-4.309769,哈哈哈哈
3.6769714000000002,4.3160706,4.879608,-4.4430647,-3.4679856,-5.174366,3.6769714000000002,-0.9403991700000001,0.88204956,-4.3318553,1.5822037,-1.2563833,3.6769714000000002,4.3160706,4.879608,-4.892847,-3.2390108,-4.700563,3.6769714000000002,4.3160706,4.879608,-4.317494,-3.5305529,-3.4947042,3.6769714000000002,4.3160706,3.4120483,-4.8267117,-4.4839563,-2.0908945,3.6769714000000002,4.3160706,0.60317993,-4.7112283999999995,-4.9242725,0.4289021,3.2285156,4.3160706,4.879608,-4.1650863,-3.6299748,-3.459952,1.7908629999999999,4.3160706,4.879608,-3.0426254,-3.2455773,-4.0009103,3.252716,4.3160706,4.879608,-4.5758104,-3.231709,-4.359436,3.252716,4.3160706,4.879608,-4.5758104,-3.231709,-4.359436,2.6574707,4.3160706,4.879608,-4.1225934,-3.5688941,-4.8124447,3.3595276,4.31604,4.879608,-4.675085,-3.664098,-5.058809,3.5310974,-1.5003052000000001,3.3090515,-4.682493,2.0663247,-3.6730902,2.2760925,0.8092041,4.879608,-3.7790565,0.09532904,-4.6396136,2.9224854000000002,4.275635,4.879608,-4.4122477,-3.3844192,-4.177274,3.6584472999999997,4.3160706,-0.1767273,-5.012307,-4.8967757,0.7567826999999999,2.446228,4.3160706,4.879608,-3.8655128,-4.47021,-3.8123522,1.4825134,4.3160706,4.879608,-3.0109968,-4.2889414,-3.864506,3.4057007,4.3160706,4.879608,-5.1192355,-4.0051565,-4.309769,3.5104675,-1.9332275,3.8179016,-4.81977,1.6102319999999999,-3.7867534,哈哈哈哈
3.6769714000000002,-0.9403991700000001,0.88204956,-4.3318553,1.5822037,-1.2563833,3.6769714000000002,4.3160706,4.879608,-4.892847,-3.2390108,-4.700563,3.6769714000000002,4.3160706,4.879608,-4.317494,-3.5305529,-3.4947042,3.6769714000000002,4.3160706,3.4120483,-4.8267117,-4.4839563,-2.0908945,3.6769714000000002,4.3160706,0.60317993,-4.7112283999999995,-4.9242725,0.4289021,3.2285156,4.3160706,4.879608,-4.1650863,-3.6299748,-3.459952,1.7908629999999999,4.3160706,4.879608,-3.0426254,-3.2455773,-4.0009103,3.252716,4.3160706,4.879608,-4.5758104,-3.231709,-4.359436,3.252716,4.3160706,4.879608,-4.5758104,-3.231709,-4.359436,2.6574707,4.3160706,4.879608,-4.1225934,-3.5688941,-4.8124447,3.3595276,4.31604,4.879608,-4.675085,-3.664098,-5.058809,3.5310974,-1.5003052000000001,3.3090515,-4.682493,2.0663247,-3.6730902,2.2760925,0.8092041,4.879608,-3.7790565,0.09532904,-4.6396136,2.9224854000000002,4.275635,4.879608,-4.4122477,-3.3844192,-4.177274,3.6584472999999997,4.3160706,-0.1767273,-5.012307,-4.8967757,0.7567826999999999,2.446228,4.3160706,4.879608,-3.8655128,-4.47021,-3.8123522,1.4825134,4.3160706,4.879608,-3.0109968,-4.2889414,-3.864506,3.4057007,4.3160706,4.879608,-5.1192355,-4.0051565,-4.309769,3.5104675,-1.9332275,3.8179016,-4.81977,1.6102319999999999,-3.7867534,3.6769714000000002,1.3990173,4.879608,-5.0673,-1.8065913999999998,-4.5409055,哈哈哈哈
3.6769714000000002,4.3160706,4.879608,-4.892847,-3.2390108,-4.700563,3.6769714000000002,4.3160706,4.879608,-4.317494,-3.5305529,-3.4947042,3.6769714000000002,4.3160706,3.4120483,-4.8267117,-4.4839563,-2.0908945,3.6769714000000002,4.3160706,0.60317993,-4.7112283999999995,-4.9242725,0.4289021,3.2285156,4.3160706,4.879608,-4.1650863,-3.6299748,-3.459952,1.7908629999999999,4.3160706,4.879608,-3.0426254,-3.2455773,-4.0009103,3.252716,4.3160706,4.879608,-4.5758104,-3.231709,-4.359436,3.252716,4.3160706,4.879608,-4.5758104,-3.231709,-4.359436,2.6574707,4.3160706,4.879608,-4.1225934,-3.5688941,-4.8124447,3.3595276,4.31604,4.879608,-4.675085,-3.664098,-5.058809,3.5310974,-1.5003052000000001,3.3090515,-4.682493,2.0663247,-3.6730902,2.2760925,0.8092041,4.879608,-3.7790565,0.09532904,-4.6396136,2.9224854000000002,4.275635,4.879608,-4.4122477,-3.3844192,-4.177274,3.6584472999999997,4.3160706,-0.1767273,-5.012307,-4.8967757,0.7567826999999999,2.446228,4.3160706,4.879608,-3.8655128,-4.47021,-3.8123522,1.4825134,4.3160706,4.879608,-3.0109968,-4.2889414,-3.864506,3.4057007,4.3160706,4.879608,-5.1192355,-4.0051565,-4.309769,3.5104675,-1.9332275,3.8179016,-4.81977,1.6102319999999999,-3.7867534,3.6769714000000002,1.3990173,4.879608,-5.0673,-1.8065913999999998,-4.5409055,3.6769714000000002,4.3160706,4.879608,-5.3714194,-4.1813107,-4.4330897,哈哈哈哈
3.6769714000000002,4.3160706,4.879608,-4.317494,-3.5305529,-3.4947042,3.6769714000000002,4.3160706,3.4120483,-4.8267117,-4.4839563,-2.0908945,3.6769714000000002,4.3160706,0.60317993,-4.7112283999999995,-4.9242725,0.4289021,3.2285156,4.3160706,4.879608,-4.1650863,-3.6299748,-3.459952,1.7908629999999999,4.3160706,4.879608,-3.0426254,-3.2455773,-4.0009103,3.252716,4.3160706,4.879608,-4.5758104,-3.231709,-4.359436,3.252716,4.3160706,4.879608,-4.5758104,-3.231709,-4.359436,2.6574707,4.3160706,4.879608,-4.1225934,-3.5688941,-4.8124447,3.3595276,4.31604,4.879608,-4.675085,-3.664098,-5.058809,3.5310974,-1.5003052000000001,3.3090515,-4.682493,2.0663247,-3.6730902,2.2760925,0.8092041,4.879608,-3.7790565,0.09532904,-4.6396136,2.9224854000000002,4.275635,4.879608,-4.4122477,-3.3844192,-4.177274,3.6584472999999997,4.3160706,-0.1767273,-5.012307,-4.8967757,0.7567826999999999,2.446228,4.3160706,4.879608,-3.8655128,-4.47021,-3.8123522,1.4825134,4.3160706,4.879608,-3.0109968,-4.2889414,-3.864506,3.4057007,4.3160706,4.879608,-5.1192355,-4.0051565,-4.309769,3.5104675,-1.9332275,3.8179016,-4.81977,1.6102319999999999,-3.7867534,3.6769714000000002,1.3990173,4.879608,-5.0673,-1.8065913999999998,-4.5409055,3.6769714000000002,4.3160706,4.879608,-5.3714194,-4.1813107,-4.4330897,1.533844,4.3160706,3.09906,-2.9815354,-4.342004,-3.1187677,哈哈哈哈
3.6769714000000002,4.3160706,3.4120483,-4.8267117,-4.4839563,-2.0908945,3.6769714000000002,4.3160706,0.60317993,-4.7112283999999995,-4.9242725,0.4289021,3.2285156,4.3160706,4.879608,-4.1650863,-3.6299748,-3.459952,1.7908629999999999,4.3160706,4.879608,-3.0426254,-3.2455773,-4.0009103,3.252716,4.3160706,4.879608,-4.5758104,-3.231709,-4.359436,3.252716,4.3160706,4.879608,-4.5758104,-3.231709,-4.359436,2.6574707,4.3160706,4.879608,-4.1225934,-3.5688941,-4.8124447,3.3595276,4.31604,4.879608,-4.675085,-3.664098,-5.058809,3.5310974,-1.5003052000000001,3.3090515,-4.682493,2.0663247,-3.6730902,2.2760925,0.8092041,4.879608,-3.7790565,0.09532904,-4.6396136,2.9224854000000002,4.275635,4.879608,-4.4122477,-3.3844192,-4.177274,3.6584472999999997,4.3160706,-0.1767273,-5.012307,-4.8967757,0.7567826999999999,2.446228,4.3160706,4.879608,-3.8655128,-4.47021,-3.8123522,1.4825134,4.3160706,4.879608,-3.0109968,-4.2889414,-3.864506,3.4057007,4.3160706,4.879608,-5.1192355,-4.0051565,-4.309769,3.5104675,-1.9332275,3.8179016,-4.81977,1.6102319999999999,-3.7867534,3.6769714000000002,1.3990173,4.879608,-5.0673,-1.8065913999999998,-4.5409055,3.6769714000000002,4.3160706,4.879608,-5.3714194,-4.1813107,-4.4330897,1.533844,4.3160706,3.09906,-2.9815354,-4.342004,-3.1187677,3.3687134,4.3160706,4.879608,-4.9522604999999995,-4.499091,-4.459896,哈哈哈哈
3.6769714000000002,4.3160706,0.60317993,-4.7112283999999995,-4.9242725,0.4289021,3.2285156,4.3160706,4.879608,-4.1650863,-3.6299748,-3.459952,1.7908629999999999,4.3160706,4.879608,-3.0426254,-3.2455773,-4.0009103,3.252716,4.3160706,4.879608,-4.5758104,-3.231709,-4.359436,3.252716,4.3160706,4.879608,-4.5758104,-3.231709,-4.359436,2.6574707,4.3160706,4.879608,-4.1225934,-3.5688941,-4.8124447,3.3595276,4.31604,4.879608,-4.675085,-3.664098,-5.058809,3.5310974,-1.5003052000000001,3.3090515,-4.682493,2.0663247,-3.6730902,2.2760925,0.8092041,4.879608,-3.7790565,0.09532904,-4.6396136,2.9224854000000002,4.275635,4.879608,-4.4122477,-3.3844192,-4.177274,3.6584472999999997,4.3160706,-0.1767273,-5.012307,-4.8967757,0.7567826999999999,2.446228,4.3160706,4.879608,-3.8655128,-4.47021,-3.8123522,1.4825134,4.3160706,4.879608,-3.0109968,-4.2889414,-3.864506,3.4057007,4.3160706,4.879608,-5.1192355,-4.0051565,-4.309769,3.5104675,-1.9332275,3.8179016,-4.81977,1.6102319999999999,-3.7867534,3.6769714000000002,1.3990173,4.879608,-5.0673,-1.8065913999999998,-4.5409055,3.6769714000000002,4.3160706,4.879608,-5.3714194,-4.1813107,-4.4330897,1.533844,4.3160706,3.09906,-2.9815354,-4.342004,-3.1187677,3.3687134,4.3160706,4.879608,-4.9522604999999995,-4.499091,-4.459896,2.7163086,4.3160706,4.879608,-4.148096,-4.6928616,-4.4311679999999996,哈哈哈哈
3.2285156,4.3160706,4.879608,-4.1650863,-3.6299748,-3.459952,1.7908629999999999,4.3160706,4.879608,-3.0426254,-3.2455773,-4.0009103,3.252716,4.3160706,4.879608,-4.5758104,-3.231709,-4.359436,3.252716,4.3160706,4.879608,-4.5758104,-3.231709,-4.359436,2.6574707,4.3160706,4.879608,-4.1225934,-3.5688941,-4.8124447,3.3595276,4.31604,4.879608,-4.675085,-3.664098,-5.058809,3.5310974,-1.5003052000000001,3.3090515,-4.682493,2.0663247,-3.6730902,2.2760925,0.8092041,4.879608,-3.7790565,0.09532904,-4.6396136,2.9224854000000002,4.275635,4.879608,-4.4122477,-3.3844192,-4.177274,3.6584472999999997,4.3160706,-0.1767273,-5.012307,-4.8967757,0.7567826999999999,2.446228,4.3160706,4.879608,-3.8655128,-4.47021,-3.8123522,1.4825134,4.3160706,4.879608,-3.0109968,-4.2889414,-3.864506,3.4057007,4.3160706,4.879608,-5.1192355,-4.0051565,-4.309769,3.5104675,-1.9332275,3.8179016,-4.81977,1.6102319999999999,-3.7867534,3.6769714000000002,1.3990173,4.879608,-5.0673,-1.8065913999999998,-4.5409055,3.6769714000000002,4.3160706,4.879608,-5.3714194,-4.1813107,-4.4330897,1.533844,4.3160706,3.09906,-2.9815354,-4.342004,-3.1187677,3.3687134,4.3160706,4.879608,-4.9522604999999995,-4.499091,-4.459896,2.7163086,4.3160706,4.879608,-4.148096,-4.6928616,-4.4311679999999996,3.6377258,4.3160706,4.879608,-5.0502834,-4.6967034,-4.099409,哈哈哈哈
1.7908629999999999,4.3160706,4.879608,-3.0426254,-3.2455773,-4.0009103,3.252716,4.3160706,4.879608,-4.5758104,-3.231709,-4.359436,3.252716,4.3160706,4.879608,-4.5758104,-3.231709,-4.359436,2.6574707,4.3160706,4.879608,-4.1225934,-3.5688941,-4.8124447,3.3595276,4.31604,4.879608,-4.675085,-3.664098,-5.058809,3.5310974,-1.5003052000000001,3.3090515,-4.682493,2.0663247,-3.6730902,2.2760925,0.8092041,4.879608,-3.7790565,0.09532904,-4.6396136,2.9224854000000002,4.275635,4.879608,-4.4122477,-3.3844192,-4.177274,3.6584472999999997,4.3160706,-0.1767273,-5.012307,-4.8967757,0.7567826999999999,2.446228,4.3160706,4.879608,-3.8655128,-4.47021,-3.8123522,1.4825134,4.3160706,4.879608,-3.0109968,-4.2889414,-3.864506,3.4057007,4.3160706,4.879608,-5.1192355,-4.0051565,-4.309769,3.5104675,-1.9332275,3.8179016,-4.81977,1.6102319999999999,-3.7867534,3.6769714000000002,1.3990173,4.879608,-5.0673,-1.8065913999999998,-4.5409055,3.6769714000000002,4.3160706,4.879608,-5.3714194,-4.1813107,-4.4330897,1.533844,4.3160706,3.09906,-2.9815354,-4.342004,-3.1187677,3.3687134,4.3160706,4.879608,-4.9522604999999995,-4.499091,-4.459896,2.7163086,4.3160706,4.879608,-4.148096,-4.6928616,-4.4311679999999996,3.6377258,4.3160706,4.879608,-5.0502834,-4.6967034,-4.099409,3.6769714000000002,-3.6790466,0.31518555,-5.328566,3.461884,0.3117435,哈哈哈哈
3.252716,4.3160706,4.879608,-4.5758104,-3.231709,-4.359436,3.252716,4.3160706,4.879608,-4.5758104,-3.231709,-4.359436,2.6574707,4.3160706,4.879608,-4.1225934,-3.5688941,-4.8124447,3.3595276,4.31604,4.879608,-4.675085,-3.664098,-5.058809,3.5310974,-1.5003052000000001,3.3090515,-4.682493,2.0663247,-3.6730902,2.2760925,0.8092041,4.879608,-3.7790565,0.09532904,-4.6396136,2.9224854000000002,4.275635,4.879608,-4.4122477,-3.3844192,-4.177274,3.6584472999999997,4.3160706,-0.1767273,-5.012307,-4.8967757,0.7567826999999999,2.446228,4.3160706,4.879608,-3.8655128,-4.47021,-3.8123522,1.4825134,4.3160706,4.879608,-3.0109968,-4.2889414,-3.864506,3.4057007,4.3160706,4.879608,-5.1192355,-4.0051565,-4.309769,3.5104675,-1.9332275,3.8179016,-4.81977,1.6102319999999999,-3.7867534,3.6769714000000002,1.3990173,4.879608,-5.0673,-1.8065913999999998,-4.5409055,3.6769714000000002,4.3160706,4.879608,-5.3714194,-4.1813107,-4.4330897,1.533844,4.3160706,3.09906,-2.9815354,-4.342004,-3.1187677,3.3687134,4.3160706,4.879608,-4.9522604999999995,-4.499091,-4.459896,2.7163086,4.3160706,4.879608,-4.148096,-4.6928616,-4.4311679999999996,3.6377258,4.3160706,4.879608,-5.0502834,-4.6967034,-4.099409,3.6769714000000002,-3.6790466,0.31518555,-5.328566,3.461884,0.3117435,3.6769714000000002,1.2515564000000001,4.879608,-4.5741425,-1.8896574,-4.5211477,哈哈哈哈
3.252716,4.3160706,4.879608,-4.5758104,-3.231709,-4.359436,2.6574707,4.3160706,4.879608,-4.1225934,-3.5688941,-4.8124447,3.3595276,4.31604,4.879608,-4.675085,-3.664098,-5.058809,3.5310974,-1.5003052000000001,3.3090515,-4.682493,2.0663247,-3.6730902,2.2760925,0.8092041,4.879608,-3.7790565,0.09532904,-4.6396136,2.9224854000000002,4.275635,4.879608,-4.4122477,-3.3844192,-4.177274,3.6584472999999997,4.3160706,-0.1767273,-5.012307,-4.8967757,0.7567826999999999,2.446228,4.3160706,4.879608,-3.8655128,-4.47021,-3.8123522,1.4825134,4.3160706,4.879608,-3.0109968,-4.2889414,-3.864506,3.4057007,4.3160706,4.879608,-5.1192355,-4.0051565,-4.309769,3.5104675,-1.9332275,3.8179016,-4.81977,1.6102319999999999,-3.7867534,3.6769714000000002,1.3990173,4.879608,-5.0673,-1.8065913999999998,-4.5409055,3.6769714000000002,4.3160706,4.879608,-5.3714194,-4.1813107,-4.4330897,1.533844,4.3160706,3.09906,-2.9815354,-4.342004,-3.1187677,3.3687134,4.3160706,4.879608,-4.9522604999999995,-4.499091,-4.459896,2.7163086,4.3160706,4.879608,-4.148096,-4.6928616,-4.4311679999999996,3.6377258,4.3160706,4.879608,-5.0502834,-4.6967034,-4.099409,3.6769714000000002,-3.6790466,0.31518555,-5.328566,3.461884,0.3117435,3.6769714000000002,1.2515564000000001,4.879608,-4.5741425,-1.8896574,-4.5211477,3.6769714000000002,4.3160706,4.879608,-4.9872746,-4.5257907,-4.9664535999999995,哈哈哈哈
2.6574707,4.3160706,4.879608,-4.1225934,-3.5688941,-4.8124447,3.3595276,4.31604,4.879608,-4.675085,-3.664098,-5.058809,3.5310974,-1.5003052000000001,3.3090515,-4.682493,2.0663247,-3.6730902,2.2760925,0.8092041,4.879608,-3.7790565,0.09532904,-4.6396136,2.9224854000000002,4.275635,4.879608,-4.4122477,-3.3844192,-4.177274,3.6584472999999997,4.3160706,-0.1767273,-5.012307,-4.8967757,0.7567826999999999,2.446228,4.3160706,4.879608,-3.8655128,-4.47021,-3.8123522,1.4825134,4.3160706,4.879608,-3.0109968,-4.2889414,-3.864506,3.4057007,4.3160706,4.879608,-5.1192355,-4.0051565,-4.309769,3.5104675,-1.9332275,3.8179016,-4.81977,1.6102319999999999,-3.7867534,3.6769714000000002,1.3990173,4.879608,-5.0673,-1.8065913999999998,-4.5409055,3.6769714000000002,4.3160706,4.879608,-5.3714194,-4.1813107,-4.4330897,1.533844,4.3160706,3.09906,-2.9815354,-4.342004,-3.1187677,3.3687134,4.3160706,4.879608,-4.9522604999999995,-4.499091,-4.459896,2.7163086,4.3160706,4.879608,-4.148096,-4.6928616,-4.4311679999999996,3.6377258,4.3160706,4.879608,-5.0502834,-4.6967034,-4.099409,3.6769714000000002,-3.6790466,0.31518555,-5.328566,3.461884,0.3117435,3.6769714000000002,1.2515564000000001,4.879608,-4.5741425,-1.8896574,-4.5211477,3.6769714000000002,4.3160706,4.879608,-4.9872746,-4.5257907,-4.9664535999999995,-3.2808533,4.3160706,0.58966064,1.7697075999999998,-3.6493506,-0.3004982,哈哈哈哈
3.3595276,4.31604,4.879608,-4.675085,-3.664098,-5.058809,3.5310974,-1.5003052000000001,3.3090515,-4.682493,2.0663247,-3.6730902,2.2760925,0.8092041,4.879608,-3.7790565,0.09532904,-4.6396136,2.9224854000000002,4.275635,4.879608,-4.4122477,-3.3844192,-4.177274,3.6584472999999997,4.3160706,-0.1767273,-5.012307,-4.8967757,0.7567826999999999,2.446228,4.3160706,4.879608,-3.8655128,-4.47021,-3.8123522,1.4825134,4.3160706,4.879608,-3.0109968,-4.2889414,-3.864506,3.4057007,4.3160706,4.879608,-5.1192355,-4.0051565,-4.309769,3.5104675,-1.9332275,3.8179016,-4.81977,1.6102319999999999,-3.7867534,3.6769714000000002,1.3990173,4.879608,-5.0673,-1.8065913999999998,-4.5409055,3.6769714000000002,4.3160706,4.879608,-5.3714194,-4.1813107,-4.4330897,1.533844,4.3160706,3.09906,-2.9815354,-4.342004,-3.1187677,3.3687134,4.3160706,4.879608,-4.9522604999999995,-4.499091,-4.459896,2.7163086,4.3160706,4.879608,-4.148096,-4.6928616,-4.4311679999999996,3.6377258,4.3160706,4.879608,-5.0502834,-4.6967034,-4.099409,3.6769714000000002,-3.6790466,0.31518555,-5.328566,3.461884,0.3117435,3.6769714000000002,1.2515564000000001,4.879608,-4.5741425,-1.8896574,-4.5211477,3.6769714000000002,4.3160706,4.879608,-4.9872746,-4.5257907,-4.9664535999999995,-3.2808533,4.3160706,0.58966064,1.7697075999999998,-3.6493506,-0.3004982,1.6549988,4.3160706,4.5178223,-3.2634214999999998,-3.6573691,-4.166923,哈哈哈哈
3.5310974,-1.5003052000000001,3.3090515,-4.682493,2.0663247,-3.6730902,2.2760925,0.8092041,4.879608,-3.7790565,0.09532904,-4.6396136,2.9224854000000002,4.275635,4.879608,-4.4122477,-3.3844192,-4.177274,3.6584472999999997,4.3160706,-0.1767273,-5.012307,-4.8967757,0.7567826999999999,2.446228,4.3160706,4.879608,-3.8655128,-4.47021,-3.8123522,1.4825134,4.3160706,4.879608,-3.0109968,-4.2889414,-3.864506,3.4057007,4.3160706,4.879608,-5.1192355,-4.0051565,-4.309769,3.5104675,-1.9332275,3.8179016,-4.81977,1.6102319999999999,-3.7867534,3.6769714000000002,1.3990173,4.879608,-5.0673,-1.8065913999999998,-4.5409055,3.6769714000000002,4.3160706,4.879608,-5.3714194,-4.1813107,-4.4330897,1.533844,4.3160706,3.09906,-2.9815354,-4.342004,-3.1187677,3.3687134,4.3160706,4.879608,-4.9522604999999995,-4.499091,-4.459896,2.7163086,4.3160706,4.879608,-4.148096,-4.6928616,-4.4311679999999996,3.6377258,4.3160706,4.879608,-5.0502834,-4.6967034,-4.099409,3.6769714000000002,-3.6790466,0.31518555,-5.328566,3.461884,0.3117435,3.6769714000000002,1.2515564000000001,4.879608,-4.5741425,-1.8896574,-4.5211477,3.6769714000000002,4.3160706,4.879608,-4.9872746,-4.5257907,-4.9664535999999995,-3.2808533,4.3160706,0.58966064,1.7697075999999998,-3.6493506,-0.3004982,1.6549988,4.3160706,4.5178223,-3.2634214999999998,-3.6573691,-4.166923,3.6769714000000002,4.3160706,4.879608,-5.375204,-4.1923795,-4.388716,哈哈哈哈
2.2760925,0.8092041,4.879608,-3.7790565,0.09532904,-4.6396136,2.9224854000000002,4.275635,4.879608,-4.4122477,-3.3844192,-4.177274,3.6584472999999997,4.3160706,-0.1767273,-5.012307,-4.8967757,0.7567826999999999,2.446228,4.3160706,4.879608,-3.8655128,-4.47021,-3.8123522,1.4825134,4.3160706,4.879608,-3.0109968,-4.2889414,-3.864506,3.4057007,4.3160706,4.879608,-5.1192355,-4.0051565,-4.309769,3.5104675,-1.9332275,3.8179016,-4.81977,1.6102319999999999,-3.7867534,3.6769714000000002,1.3990173,4.879608,-5.0673,-1.8065913999999998,-4.5409055,3.6769714000000002,4.3160706,4.879608,-5.3714194,-4.1813107,-4.4330897,1.533844,4.3160706,3.09906,-2.9815354,-4.342004,-3.1187677,3.3687134,4.3160706,4.879608,-4.9522604999999995,-4.499091,-4.459896,2.7163086,4.3160706,4.879608,-4.148096,-4.6928616,-4.4311679999999996,3.6377258,4.3160706,4.879608,-5.0502834,-4.6967034,-4.099409,3.6769714000000002,-3.6790466,0.31518555,-5.328566,3.461884,0.3117435,3.6769714000000002,1.2515564000000001,4.879608,-4.5741425,-1.8896574,-4.5211477,3.6769714000000002,4.3160706,4.879608,-4.9872746,-4.5257907,-4.9664535999999995,-3.2808533,4.3160706,0.58966064,1.7697075999999998,-3.6493506,-0.3004982,1.6549988,4.3160706,4.5178223,-3.2634214999999998,-3.6573691,-4.166923,3.6769714000000002,4.3160706,4.879608,-5.375204,-4.1923795,-4.388716,2.33255,4.3160706,4.879608,-3.6327457,-4.6367455,-4.8299828,哈哈哈哈
2.9224854000000002,4.275635,4.879608,-4.4122477,-3.3844192,-4.177274,3.6584472999999997,4.3160706,-0.1767273,-5.012307,-4.8967757,0.7567826999999999,2.446228,4.3160706,4.879608,-3.8655128,-4.47021,-3.8123522,1.4825134,4.3160706,4.879608,-3.0109968,-4.2889414,-3.864506,3.4057007,4.3160706,4.879608,-5.1192355,-4.0051565,-4.309769,3.5104675,-1.9332275,3.8179016,-4.81977,1.6102319999999999,-3.7867534,3.6769714000000002,1.3990173,4.879608,-5.0673,-1.8065913999999998,-4.5409055,3.6769714000000002,4.3160706,4.879608,-5.3714194,-4.1813107,-4.4330897,1.533844,4.3160706,3.09906,-2.9815354,-4.342004,-3.1187677,3.3687134,4.3160706,4.879608,-4.9522604999999995,-4.499091,-4.459896,2.7163086,4.3160706,4.879608,-4.148096,-4.6928616,-4.4311679999999996,3.6377258,4.3160706,4.879608,-5.0502834,-4.6967034,-4.099409,3.6769714000000002,-3.6790466,0.31518555,-5.328566,3.461884,0.3117435,3.6769714000000002,1.2515564000000001,4.879608,-4.5741425,-1.8896574,-4.5211477,3.6769714000000002,4.3160706,4.879608,-4.9872746,-4.5257907,-4.9664535999999995,-3.2808533,4.3160706,0.58966064,1.7697075999999998,-3.6493506,-0.3004982,1.6549988,4.3160706,4.5178223,-3.2634214999999998,-3.6573691,-4.166923,3.6769714000000002,4.3160706,4.879608,-5.375204,-4.1923795,-4.388716,2.33255,4.3160706,4.879608,-3.6327457,-4.6367455,-4.8299828,3.374054,1.9761353,4.879608,-4.5715766,-2.5195673,-4.518357,哈哈哈哈
3.6584472999999997,4.3160706,-0.1767273,-5.012307,-4.8967757,0.7567826999999999,2.446228,4.3160706,4.879608,-3.8655128,-4.47021,-3.8123522,1.4825134,4.3160706,4.879608,-3.0109968,-4.2889414,-3.864506,3.4057007,4.3160706,4.879608,-5.1192355,-4.0051565,-4.309769,3.5104675,-1.9332275,3.8179016,-4.81977,1.6102319999999999,-3.7867534,3.6769714000000002,1.3990173,4.879608,-5.0673,-1.8065913999999998,-4.5409055,3.6769714000000002,4.3160706,4.879608,-5.3714194,-4.1813107,-4.4330897,1.533844,4.3160706,3.09906,-2.9815354,-4.342004,-3.1187677,3.3687134,4.3160706,4.879608,-4.9522604999999995,-4.499091,-4.459896,2.7163086,4.3160706,4.879608,-4.148096,-4.6928616,-4.4311679999999996,3.6377258,4.3160706,4.879608,-5.0502834,-4.6967034,-4.099409,3.6769714000000002,-3.6790466,0.31518555,-5.328566,3.461884,0.3117435,3.6769714000000002,1.2515564000000001,4.879608,-4.5741425,-1.8896574,-4.5211477,3.6769714000000002,4.3160706,4.879608,-4.9872746,-4.5257907,-4.9664535999999995,-3.2808533,4.3160706,0.58966064,1.7697075999999998,-3.6493506,-0.3004982,1.6549988,4.3160706,4.5178223,-3.2634214999999998,-3.6573691,-4.166923,3.6769714000000002,4.3160706,4.879608,-5.375204,-4.1923795,-4.388716,2.33255,4.3160706,4.879608,-3.6327457,-4.6367455,-4.8299828,3.374054,1.9761353,4.879608,-4.5715766,-2.5195673,-4.518357,3.5746155,-1.2661133,4.879608,-4.760792,0.72852623,-4.441178,哈哈哈哈
2.446228,4.3160706,4.879608,-3.8655128,-4.47021,-3.8123522,1.4825134,4.3160706,4.879608,-3.0109968,-4.2889414,-3.864506,3.4057007,4.3160706,4.879608,-5.1192355,-4.0051565,-4.309769,3.5104675,-1.9332275,3.8179016,-4.81977,1.6102319999999999,-3.7867534,3.6769714000000002,1.3990173,4.879608,-5.0673,-1.8065913999999998,-4.5409055,3.6769714000000002,4.3160706,4.879608,-5.3714194,-4.1813107,-4.4330897,1.533844,4.3160706,3.09906,-2.9815354,-4.342004,-3.1187677,3.3687134,4.3160706,4.879608,-4.9522604999999995,-4.499091,-4.459896,2.7163086,4.3160706,4.879608,-4.148096,-4.6928616,-4.4311679999999996,3.6377258,4.3160706,4.879608,-5.0502834,-4.6967034,-4.099409,3.6769714000000002,-3.6790466,0.31518555,-5.328566,3.461884,0.3117435,3.6769714000000002,1.2515564000000001,4.879608,-4.5741425,-1.8896574,-4.5211477,3.6769714000000002,4.3160706,4.879608,-4.9872746,-4.5257907,-4.9664535999999995,-3.2808533,4.3160706,0.58966064,1.7697075999999998,-3.6493506,-0.3004982,1.6549988,4.3160706,4.5178223,-3.2634214999999998,-3.6573691,-4.166923,3.6769714000000002,4.3160706,4.879608,-5.375204,-4.1923795,-4.388716,2.33255,4.3160706,4.879608,-3.6327457,-4.6367455,-4.8299828,3.374054,1.9761353,4.879608,-4.5715766,-2.5195673,-4.518357,3.5746155,-1.2661133,4.879608,-4.760792,0.72852623,-4.441178,3.5746155,-1.2661133,4.879608,-4.760792,0.72852623,-4.441178,哈哈哈哈
1.4825134,4.3160706,4.879608,-3.0109968,-4.2889414,-3.864506,3.4057007,4.3160706,4.879608,-5.1192355,-4.0051565,-4.309769,3.5104675,-1.9332275,3.8179016,-4.81977,1.6102319999999999,-3.7867534,3.6769714000000002,1.3990173,4.879608,-5.0673,-1.8065913999999998,-4.5409055,3.6769714000000002,4.3160706,4.879608,-5.3714194,-4.1813107,-4.4330897,1.533844,4.3160706,3.09906,-2.9815354,-4.342004,-3.1187677,3.3687134,4.3160706,4.879608,-4.9522604999999995,-4.499091,-4.459896,2.7163086,4.3160706,4.879608,-4.148096,-4.6928616,-4.4311679999999996,3.6377258,4.3160706,4.879608,-5.0502834,-4.6967034,-4.099409,3.6769714000000002,-3.6790466,0.31518555,-5.328566,3.461884,0.3117435,3.6769714000000002,1.2515564000000001,4.879608,-4.5741425,-1.8896574,-4.5211477,3.6769714000000002,4.3160706,4.879608,-4.9872746,-4.5257907,-4.9664535999999995,-3.2808533,4.3160706,0.58966064,1.7697075999999998,-3.6493506,-0.3004982,1.6549988,4.3160706,4.5178223,-3.2634214999999998,-3.6573691,-4.166923,3.6769714000000002,4.3160706,4.879608,-5.375204,-4.1923795,-4.388716,2.33255,4.3160706,4.879608,-3.6327457,-4.6367455,-4.8299828,3.374054,1.9761353,4.879608,-4.5715766,-2.5195673,-4.518357,3.5746155,-1.2661133,4.879608,-4.760792,0.72852623,-4.441178,3.5746155,-1.2661133,4.879608,-4.760792,0.72852623,-4.441178,2.4332275,-3.6790466,4.879608,-3.2126193,3.1772873,-4.74291,哈哈哈哈
3.4057007,4.3160706,4.879608,-5.1192355,-4.0051565,-4.309769,3.5104675,-1.9332275,3.8179016,-4.81977,1.6102319999999999,-3.7867534,3.6769714000000002,1.3990173,4.879608,-5.0673,-1.8065913999999998,-4.5409055,3.6769714000000002,4.3160706,4.879608,-5.3714194,-4.1813107,-4.4330897,1.533844,4.3160706,3.09906,-2.9815354,-4.342004,-3.1187677,3.3687134,4.3160706,4.879608,-4.9522604999999995,-4.499091,-4.459896,2.7163086,4.3160706,4.879608,-4.148096,-4.6928616,-4.4311679999999996,3.6377258,4.3160706,4.879608,-5.0502834,-4.6967034,-4.099409,3.6769714000000002,-3.6790466,0.31518555,-5.328566,3.461884,0.3117435,3.6769714000000002,1.2515564000000001,4.879608,-4.5741425,-1.8896574,-4.5211477,3.6769714000000002,4.3160706,4.879608,-4.9872746,-4.5257907,-4.9664535999999995,-3.2808533,4.3160706,0.58966064,1.7697075999999998,-3.6493506,-0.3004982,1.6549988,4.3160706,4.5178223,-3.2634214999999998,-3.6573691,-4.166923,3.6769714000000002,4.3160706,4.879608,-5.375204,-4.1923795,-4.388716,2.33255,4.3160706,4.879608,-3.6327457,-4.6367455,-4.8299828,3.374054,1.9761353,4.879608,-4.5715766,-2.5195673,-4.518357,3.5746155,-1.2661133,4.879608,-4.760792,0.72852623,-4.441178,3.5746155,-1.2661133,4.879608,-4.760792,0.72852623,-4.441178,2.4332275,-3.6790466,4.879608,-3.2126193,3.1772873,-4.74291,2.4332275,-3.6790466,4.879608,-3.2126193,3.1772873,-4.74291,哈哈哈哈
3.5104675,-1.9332275,3.8179016,-4.81977,1.6102319999999999,-3.7867534,3.6769714000000002,1.3990173,4.879608,-5.0673,-1.8065913999999998,-4.5409055,3.6769714000000002,4.3160706,4.879608,-5.3714194,-4.1813107,-4.4330897,1.533844,4.3160706,3.09906,-2.9815354,-4.342004,-3.1187677,3.3687134,4.3160706,4.879608,-4.9522604999999995,-4.499091,-4.459896,2.7163086,4.3160706,4.879608,-4.148096,-4.6928616,-4.4311679999999996,3.6377258,4.3160706,4.879608,-5.0502834,-4.6967034,-4.099409,3.6769714000000002,-3.6790466,0.31518555,-5.328566,3.461884,0.3117435,3.6769714000000002,1.2515564000000001,4.879608,-4.5741425,-1.8896574,-4.5211477,3.6769714000000002,4.3160706,4.879608,-4.9872746,-4.5257907,-4.9664535999999995,-3.2808533,4.3160706,0.58966064,1.7697075999999998,-3.6493506,-0.3004982,1.6549988,4.3160706,4.5178223,-3.2634214999999998,-3.6573691,-4.166923,3.6769714000000002,4.3160706,4.879608,-5.375204,-4.1923795,-4.388716,2.33255,4.3160706,4.879608,-3.6327457,-4.6367455,-4.8299828,3.374054,1.9761353,4.879608,-4.5715766,-2.5195673,-4.518357,3.5746155,-1.2661133,4.879608,-4.760792,0.72852623,-4.441178,3.5746155,-1.2661133,4.879608,-4.760792,0.72852623,-4.441178,2.4332275,-3.6790466,4.879608,-3.2126193,3.1772873,-4.74291,2.4332275,-3.6790466,4.879608,-3.2126193,3.1772873,-4.74291,2.7436523,-1.6885681,4.879608,-3.869061,1.6027622,-5.139911,哈哈哈哈
3.6769714000000002,1.3990173,4.879608,-5.0673,-1.8065913999999998,-4.5409055,3.6769714000000002,4.3160706,4.879608,-5.3714194,-4.1813107,-4.4330897,1.533844,4.3160706,3.09906,-2.9815354,-4.342004,-3.1187677,3.3687134,4.3160706,4.879608,-4.9522604999999995,-4.499091,-4.459896,2.7163086,4.3160706,4.879608,-4.148096,-4.6928616,-4.4311679999999996,3.6377258,4.3160706,4.879608,-5.0502834,-4.6967034,-4.099409,3.6769714000000002,-3.6790466,0.31518555,-5.328566,3.461884,0.3117435,3.6769714000000002,1.2515564000000001,4.879608,-4.5741425,-1.8896574,-4.5211477,3.6769714000000002,4.3160706,4.879608,-4.9872746,-4.5257907,-4.9664535999999995,-3.2808533,4.3160706,0.58966064,1.7697075999999998,-3.6493506,-0.3004982,1.6549988,4.3160706,4.5178223,-3.2634214999999998,-3.6573691,-4.166923,3.6769714000000002,4.3160706,4.879608,-5.375204,-4.1923795,-4.388716,2.33255,4.3160706,4.879608,-3.6327457,-4.6367455,-4.8299828,3.374054,1.9761353,4.879608,-4.5715766,-2.5195673,-4.518357,3.5746155,-1.2661133,4.879608,-4.760792,0.72852623,-4.441178,3.5746155,-1.2661133,4.879608,-4.760792,0.72852623,-4.441178,2.4332275,-3.6790466,4.879608,-3.2126193,3.1772873,-4.74291,2.4332275,-3.6790466,4.879608,-3.2126193,3.1772873,-4.74291,2.7436523,-1.6885681,4.879608,-3.869061,1.6027622,-5.139911,3.6769714000000002,4.3160706,4.879608,-4.88243,-3.5114435999999998,-5.054463,哈哈哈哈
3.6769714000000002,4.3160706,4.879608,-5.3714194,-4.1813107,-4.4330897,1.533844,4.3160706,3.09906,-2.9815354,-4.342004,-3.1187677,3.3687134,4.3160706,4.879608,-4.9522604999999995,-4.499091,-4.459896,2.7163086,4.3160706,4.879608,-4.148096,-4.6928616,-4.4311679999999996,3.6377258,4.3160706,4.879608,-5.0502834,-4.6967034,-4.099409,3.6769714000000002,-3.6790466,0.31518555,-5.328566,3.461884,0.3117435,3.6769714000000002,1.2515564000000001,4.879608,-4.5741425,-1.8896574,-4.5211477,3.6769714000000002,4.3160706,4.879608,-4.9872746,-4.5257907,-4.9664535999999995,-3.2808533,4.3160706,0.58966064,1.7697075999999998,-3.6493506,-0.3004982,1.6549988,4.3160706,4.5178223,-3.2634214999999998,-3.6573691,-4.166923,3.6769714000000002,4.3160706,4.879608,-5.375204,-4.1923795,-4.388716,2.33255,4.3160706,4.879608,-3.6327457,-4.6367455,-4.8299828,3.374054,1.9761353,4.879608,-4.5715766,-2.5195673,-4.518357,3.5746155,-1.2661133,4.879608,-4.760792,0.72852623,-4.441178,3.5746155,-1.2661133,4.879608,-4.760792,0.72852623,-4.441178,2.4332275,-3.6790466,4.879608,-3.2126193,3.1772873,-4.74291,2.4332275,-3.6790466,4.879608,-3.2126193,3.1772873,-4.74291,2.7436523,-1.6885681,4.879608,-3.869061,1.6027622,-5.139911,3.6769714000000002,4.3160706,4.879608,-4.88243,-3.5114435999999998,-5.054463,3.6769714000000002,4.3160706,4.879608,-4.88243,-3.5114435999999998,-5.054463,哈哈哈哈
1.533844,4.3160706,3.09906,-2.9815354,-4.342004,-3.1187677,3.3687134,4.3160706,4.879608,-4.9522604999999995,-4.499091,-4.459896,2.7163086,4.3160706,4.879608,-4.148096,-4.6928616,-4.4311679999999996,3.6377258,4.3160706,4.879608,-5.0502834,-4.6967034,-4.099409,3.6769714000000002,-3.6790466,0.31518555,-5.328566,3.461884,0.3117435,3.6769714000000002,1.2515564000000001,4.879608,-4.5741425,-1.8896574,-4.5211477,3.6769714000000002,4.3160706,4.879608,-4.9872746,-4.5257907,-4.9664535999999995,-3.2808533,4.3160706,0.58966064,1.7697075999999998,-3.6493506,-0.3004982,1.6549988,4.3160706,4.5178223,-3.2634214999999998,-3.6573691,-4.166923,3.6769714000000002,4.3160706,4.879608,-5.375204,-4.1923795,-4.388716,2.33255,4.3160706,4.879608,-3.6327457,-4.6367455,-4.8299828,3.374054,1.9761353,4.879608,-4.5715766,-2.5195673,-4.518357,3.5746155,-1.2661133,4.879608,-4.760792,0.72852623,-4.441178,3.5746155,-1.2661133,4.879608,-4.760792,0.72852623,-4.441178,2.4332275,-3.6790466,4.879608,-3.2126193,3.1772873,-4.74291,2.4332275,-3.6790466,4.879608,-3.2126193,3.1772873,-4.74291,2.7436523,-1.6885681,4.879608,-3.869061,1.6027622,-5.139911,3.6769714000000002,4.3160706,4.879608,-4.88243,-3.5114435999999998,-5.054463,3.6769714000000002,4.3160706,4.879608,-4.88243,-3.5114435999999998,-5.054463,-0.35501099999999997,4.3160706,3.1049194,-0.74230224,-3.8644005999999997,-3.4122021,哈哈哈哈
3.3687134,4.3160706,4.879608,-4.9522604999999995,-4.499091,-4.459896,2.7163086,4.3160706,4.879608,-4.148096,-4.6928616,-4.4311679999999996,3.6377258,4.3160706,4.879608,-5.0502834,-4.6967034,-4.099409,3.6769714000000002,-3.6790466,0.31518555,-5.328566,3.461884,0.3117435,3.6769714000000002,1.2515564000000001,4.879608,-4.5741425,-1.8896574,-4.5211477,3.6769714000000002,4.3160706,4.879608,-4.9872746,-4.5257907,-4.9664535999999995,-3.2808533,4.3160706,0.58966064,1.7697075999999998,-3.6493506,-0.3004982,1.6549988,4.3160706,4.5178223,-3.2634214999999998,-3.6573691,-4.166923,3.6769714000000002,4.3160706,4.879608,-5.375204,-4.1923795,-4.388716,2.33255,4.3160706,4.879608,-3.6327457,-4.6367455,-4.8299828,3.374054,1.9761353,4.879608,-4.5715766,-2.5195673,-4.518357,3.5746155,-1.2661133,4.879608,-4.760792,0.72852623,-4.441178,3.5746155,-1.2661133,4.879608,-4.760792,0.72852623,-4.441178,2.4332275,-3.6790466,4.879608,-3.2126193,3.1772873,-4.74291,2.4332275,-3.6790466,4.879608,-3.2126193,3.1772873,-4.74291,2.7436523,-1.6885681,4.879608,-3.869061,1.6027622,-5.139911,3.6769714000000002,4.3160706,4.879608,-4.88243,-3.5114435999999998,-5.054463,3.6769714000000002,4.3160706,4.879608,-4.88243,-3.5114435999999998,-5.054463,-0.35501099999999997,4.3160706,3.1049194,-0.74230224,-3.8644005999999997,-3.4122021,-0.35501099999999997,4.3160706,3.1049194,-0.74230224,-3.8644005999999997,-3.4122021,哈哈哈哈
2.7163086,4.3160706,4.879608,-4.148096,-4.6928616,-4.4311679999999996,3.6377258,4.3160706,4.879608,-5.0502834,-4.6967034,-4.099409,3.6769714000000002,-3.6790466,0.31518555,-5.328566,3.461884,0.3117435,3.6769714000000002,1.2515564000000001,4.879608,-4.5741425,-1.8896574,-4.5211477,3.6769714000000002,4.3160706,4.879608,-4.9872746,-4.5257907,-4.9664535999999995,-3.2808533,4.3160706,0.58966064,1.7697075999999998,-3.6493506,-0.3004982,1.6549988,4.3160706,4.5178223,-3.2634214999999998,-3.6573691,-4.166923,3.6769714000000002,4.3160706,4.879608,-5.375204,-4.1923795,-4.388716,2.33255,4.3160706,4.879608,-3.6327457,-4.6367455,-4.8299828,3.374054,1.9761353,4.879608,-4.5715766,-2.5195673,-4.518357,3.5746155,-1.2661133,4.879608,-4.760792,0.72852623,-4.441178,3.5746155,-1.2661133,4.879608,-4.760792,0.72852623,-4.441178,2.4332275,-3.6790466,4.879608,-3.2126193,3.1772873,-4.74291,2.4332275,-3.6790466,4.879608,-3.2126193,3.1772873,-4.74291,2.7436523,-1.6885681,4.879608,-3.869061,1.6027622,-5.139911,3.6769714000000002,4.3160706,4.879608,-4.88243,-3.5114435999999998,-5.054463,3.6769714000000002,4.3160706,4.879608,-4.88243,-3.5114435999999998,-5.054463,-0.35501099999999997,4.3160706,3.1049194,-0.74230224,-3.8644005999999997,-3.4122021,-0.35501099999999997,4.3160706,3.1049194,-0.74230224,-3.8644005999999997,-3.4122021,-0.35501099999999997,4.3160706,3.1049194,-0.74230224,-3.8644005999999997,-3.4122021,哈哈哈哈
3.6377258,4.3160706,4.879608,-5.0502834,-4.6967034,-4.099409,3.6769714000000002,-3.6790466,0.31518555,-5.328566,3.461884,0.3117435,3.6769714000000002,1.2515564000000001,4.879608,-4.5741425,-1.8896574,-4.5211477,3.6769714000000002,4.3160706,4.879608,-4.9872746,-4.5257907,-4.9664535999999995,-3.2808533,4.3160706,0.58966064,1.7697075999999998,-3.6493506,-0.3004982,1.6549988,4.3160706,4.5178223,-3.2634214999999998,-3.6573691,-4.166923,3.6769714000000002,4.3160706,4.879608,-5.375204,-4.1923795,-4.388716,2.33255,4.3160706,4.879608,-3.6327457,-4.6367455,-4.8299828,3.374054,1.9761353,4.879608,-4.5715766,-2.5195673,-4.518357,3.5746155,-1.2661133,4.879608,-4.760792,0.72852623,-4.441178,3.5746155,-1.2661133,4.879608,-4.760792,0.72852623,-4.441178,2.4332275,-3.6790466,4.879608,-3.2126193,3.1772873,-4.74291,2.4332275,-3.6790466,4.879608,-3.2126193,3.1772873,-4.74291,2.7436523,-1.6885681,4.879608,-3.869061,1.6027622,-5.139911,3.6769714000000002,4.3160706,4.879608,-4.88243,-3.5114435999999998,-5.054463,3.6769714000000002,4.3160706,4.879608,-4.88243,-3.5114435999999998,-5.054463,-0.35501099999999997,4.3160706,3.1049194,-0.74230224,-3.8644005999999997,-3.4122021,-0.35501099999999997,4.3160706,3.1049194,-0.74230224,-3.8644005999999997,-3.4122021,-0.35501099999999997,4.3160706,3.1049194,-0.74230224,-3.8644005999999997,-3.4122021,0.76297,-1.3858948,4.879608,-2.1085715,1.0343202,-4.07001,哈哈哈哈
3.6769714000000002,-3.6790466,0.31518555,-5.328566,3.461884,0.3117435,3.6769714000000002,1.2515564000000001,4.879608,-4.5741425,-1.8896574,-4.5211477,3.6769714000000002,4.3160706,4.879608,-4.9872746,-4.5257907,-4.9664535999999995,-3.2808533,4.3160706,0.58966064,1.7697075999999998,-3.6493506,-0.3004982,1.6549988,4.3160706,4.5178223,-3.2634214999999998,-3.6573691,-4.166923,3.6769714000000002,4.3160706,4.879608,-5.375204,-4.1923795,-4.388716,2.33255,4.3160706,4.879608,-3.6327457,-4.6367455,-4.8299828,3.374054,1.9761353,4.879608,-4.5715766,-2.5195673,-4.518357,3.5746155,-1.2661133,4.879608,-4.760792,0.72852623,-4.441178,3.5746155,-1.2661133,4.879608,-4.760792,0.72852623,-4.441178,2.4332275,-3.6790466,4.879608,-3.2126193,3.1772873,-4.74291,2.4332275,-3.6790466,4.879608,-3.2126193,3.1772873,-4.74291,2.7436523,-1.6885681,4.879608,-3.869061,1.6027622,-5.139911,3.6769714000000002,4.3160706,4.879608,-4.88243,-3.5114435999999998,-5.054463,3.6769714000000002,4.3160706,4.879608,-4.88243,-3.5114435999999998,-5.054463,-0.35501099999999997,4.3160706,3.1049194,-0.74230224,-3.8644005999999997,-3.4122021,-0.35501099999999997,4.3160706,3.1049194,-0.74230224,-3.8644005999999997,-3.4122021,-0.35501099999999997,4.3160706,3.1049194,-0.74230224,-3.8644005999999997,-3.4122021,0.76297,-1.3858948,4.879608,-2.1085715,1.0343202,-4.07001,0.09692383,-1.161499,4.879608,-1.1858602999999999,0.6395132,-4.233206,哈哈哈哈
3.6769714000000002,1.2515564000000001,4.879608,-4.5741425,-1.8896574,-4.5211477,3.6769714000000002,4.3160706,4.879608,-4.9872746,-4.5257907,-4.9664535999999995,-3.2808533,4.3160706,0.58966064,1.7697075999999998,-3.6493506,-0.3004982,1.6549988,4.3160706,4.5178223,-3.2634214999999998,-3.6573691,-4.166923,3.6769714000000002,4.3160706,4.879608,-5.375204,-4.1923795,-4.388716,2.33255,4.3160706,4.879608,-3.6327457,-4.6367455,-4.8299828,3.374054,1.9761353,4.879608,-4.5715766,-2.5195673,-4.518357,3.5746155,-1.2661133,4.879608,-4.760792,0.72852623,-4.441178,3.5746155,-1.2661133,4.879608,-4.760792,0.72852623,-4.441178,2.4332275,-3.6790466,4.879608,-3.2126193,3.1772873,-4.74291,2.4332275,-3.6790466,4.879608,-3.2126193,3.1772873,-4.74291,2.7436523,-1.6885681,4.879608,-3.869061,1.6027622,-5.139911,3.6769714000000002,4.3160706,4.879608,-4.88243,-3.5114435999999998,-5.054463,3.6769714000000002,4.3160706,4.879608,-4.88243,-3.5114435999999998,-5.054463,-0.35501099999999997,4.3160706,3.1049194,-0.74230224,-3.8644005999999997,-3.4122021,-0.35501099999999997,4.3160706,3.1049194,-0.74230224,-3.8644005999999997,-3.4122021,-0.35501099999999997,4.3160706,3.1049194,-0.74230224,-3.8644005999999997,-3.4122021,0.76297,-1.3858948,4.879608,-2.1085715,1.0343202,-4.07001,0.09692383,-1.161499,4.879608,-1.1858602999999999,0.6395132,-4.233206,0.12591553,-0.7239074999999999,4.879608,-0.95139575,0.18444082,-4.6364484,哈哈哈哈
3.6769714000000002,4.3160706,4.879608,-4.9872746,-4.5257907,-4.9664535999999995,-3.2808533,4.3160706,0.58966064,1.7697075999999998,-3.6493506,-0.3004982,1.6549988,4.3160706,4.5178223,-3.2634214999999998,-3.6573691,-4.166923,3.6769714000000002,4.3160706,4.879608,-5.375204,-4.1923795,-4.388716,2.33255,4.3160706,4.879608,-3.6327457,-4.6367455,-4.8299828,3.374054,1.9761353,4.879608,-4.5715766,-2.5195673,-4.518357,3.5746155,-1.2661133,4.879608,-4.760792,0.72852623,-4.441178,3.5746155,-1.2661133,4.879608,-4.760792,0.72852623,-4.441178,2.4332275,-3.6790466,4.879608,-3.2126193,3.1772873,-4.74291,2.4332275,-3.6790466,4.879608,-3.2126193,3.1772873,-4.74291,2.7436523,-1.6885681,4.879608,-3.869061,1.6027622,-5.139911,3.6769714000000002,4.3160706,4.879608,-4.88243,-3.5114435999999998,-5.054463,3.6769714000000002,4.3160706,4.879608,-4.88243,-3.5114435999999998,-5.054463,-0.35501099999999997,4.3160706,3.1049194,-0.74230224,-3.8644005999999997,-3.4122021,-0.35501099999999997,4.3160706,3.1049194,-0.74230224,-3.8644005999999997,-3.4122021,-0.35501099999999997,4.3160706,3.1049194,-0.74230224,-3.8644005999999997,-3.4122021,0.76297,-1.3858948,4.879608,-2.1085715,1.0343202,-4.07001,0.09692383,-1.161499,4.879608,-1.1858602999999999,0.6395132,-4.233206,0.12591553,-0.7239074999999999,4.879608,-0.95139575,0.18444082,-4.6364484,0.51608276,4.3160706,4.879608,-1.0903796,-4.3507767,-5.236458,哈哈哈哈
-3.2808533,4.3160706,0.58966064,1.7697075999999998,-3.6493506,-0.3004982,1.6549988,4.3160706,4.5178223,-3.2634214999999998,-3.6573691,-4.166923,3.6769714000000002,4.3160706,4.879608,-5.375204,-4.1923795,-4.388716,2.33255,4.3160706,4.879608,-3.6327457,-4.6367455,-4.8299828,3.374054,1.9761353,4.879608,-4.5715766,-2.5195673,-4.518357,3.5746155,-1.2661133,4.879608,-4.760792,0.72852623,-4.441178,3.5746155,-1.2661133,4.879608,-4.760792,0.72852623,-4.441178,2.4332275,-3.6790466,4.879608,-3.2126193,3.1772873,-4.74291,2.4332275,-3.6790466,4.879608,-3.2126193,3.1772873,-4.74291,2.7436523,-1.6885681,4.879608,-3.869061,1.6027622,-5.139911,3.6769714000000002,4.3160706,4.879608,-4.88243,-3.5114435999999998,-5.054463,3.6769714000000002,4.3160706,4.879608,-4.88243,-3.5114435999999998,-5.054463,-0.35501099999999997,4.3160706,3.1049194,-0.74230224,-3.8644005999999997,-3.4122021,-0.35501099999999997,4.3160706,3.1049194,-0.74230224,-3.8644005999999997,-3.4122021,-0.35501099999999997,4.3160706,3.1049194,-0.74230224,-3.8644005999999997,-3.4122021,0.76297,-1.3858948,4.879608,-2.1085715,1.0343202,-4.07001,0.09692383,-1.161499,4.879608,-1.1858602999999999,0.6395132,-4.233206,0.12591553,-0.7239074999999999,4.879608,-0.95139575,0.18444082,-4.6364484,0.51608276,4.3160706,4.879608,-1.0903796,-4.3507767,-5.236458,-0.3007202,4.3160706,4.4164124,-0.9140792,-3.4662290000000002,-4.482556,哈哈哈哈
1.6549988,4.3160706,4.5178223,-3.2634214999999998,-3.6573691,-4.166923,3.6769714000000002,4.3160706,4.879608,-5.375204,-4.1923795,-4.388716,2.33255,4.3160706,4.879608,-3.6327457,-4.6367455,-4.8299828,3.374054,1.9761353,4.879608,-4.5715766,-2.5195673,-4.518357,3.5746155,-1.2661133,4.879608,-4.760792,0.72852623,-4.441178,3.5746155,-1.2661133,4.879608,-4.760792,0.72852623,-4.441178,2.4332275,-3.6790466,4.879608,-3.2126193,3.1772873,-4.74291,2.4332275,-3.6790466,4.879608,-3.2126193,3.1772873,-4.74291,2.7436523,-1.6885681,4.879608,-3.869061,1.6027622,-5.139911,3.6769714000000002,4.3160706,4.879608,-4.88243,-3.5114435999999998,-5.054463,3.6769714000000002,4.3160706,4.879608,-4.88243,-3.5114435999999998,-5.054463,-0.35501099999999997,4.3160706,3.1049194,-0.74230224,-3.8644005999999997,-3.4122021,-0.35501099999999997,4.3160706,3.1049194,-0.74230224,-3.8644005999999997,-3.4122021,-0.35501099999999997,4.3160706,3.1049194,-0.74230224,-3.8644005999999997,-3.4122021,0.76297,-1.3858948,4.879608,-2.1085715,1.0343202,-4.07001,0.09692383,-1.161499,4.879608,-1.1858602999999999,0.6395132,-4.233206,0.12591553,-0.7239074999999999,4.879608,-0.95139575,0.18444082,-4.6364484,0.51608276,4.3160706,4.879608,-1.0903796,-4.3507767,-5.236458,-0.3007202,4.3160706,4.4164124,-0.9140792,-3.4662290000000002,-4.482556,-4.3181458,0.70880127,4.879608,3.1519542,0.549439,-4.0341754,哈哈哈哈
3.6769714000000002,4.3160706,4.879608,-5.375204,-4.1923795,-4.388716,2.33255,4.3160706,4.879608,-3.6327457,-4.6367455,-4.8299828,3.374054,1.9761353,4.879608,-4.5715766,-2.5195673,-4.518357,3.5746155,-1.2661133,4.879608,-4.760792,0.72852623,-4.441178,3.5746155,-1.2661133,4.879608,-4.760792,0.72852623,-4.441178,2.4332275,-3.6790466,4.879608,-3.2126193,3.1772873,-4.74291,2.4332275,-3.6790466,4.879608,-3.2126193,3.1772873,-4.74291,2.7436523,-1.6885681,4.879608,-3.869061,1.6027622,-5.139911,3.6769714000000002,4.3160706,4.879608,-4.88243,-3.5114435999999998,-5.054463,3.6769714000000002,4.3160706,4.879608,-4.88243,-3.5114435999999998,-5.054463,-0.35501099999999997,4.3160706,3.1049194,-0.74230224,-3.8644005999999997,-3.4122021,-0.35501099999999997,4.3160706,3.1049194,-0.74230224,-3.8644005999999997,-3.4122021,-0.35501099999999997,4.3160706,3.1049194,-0.74230224,-3.8644005999999997,-3.4122021,0.76297,-1.3858948,4.879608,-2.1085715,1.0343202,-4.07001,0.09692383,-1.161499,4.879608,-1.1858602999999999,0.6395132,-4.233206,0.12591553,-0.7239074999999999,4.879608,-0.95139575,0.18444082,-4.6364484,0.51608276,4.3160706,4.879608,-1.0903796,-4.3507767,-5.236458,-0.3007202,4.3160706,4.4164124,-0.9140792,-3.4662290000000002,-4.482556,-4.3181458,0.70880127,4.879608,3.1519542,0.549439,-4.0341754,-1.124115,4.3160706,2.409607,-0.5158037,-3.8387442,-1.9597304,哈哈哈哈
2.33255,4.3160706,4.879608,-3.6327457,-4.6367455,-4.8299828,3.374054,1.9761353,4.879608,-4.5715766,-2.5195673,-4.518357,3.5746155,-1.2661133,4.879608,-4.760792,0.72852623,-4.441178,3.5746155,-1.2661133,4.879608,-4.760792,0.72852623,-4.441178,2.4332275,-3.6790466,4.879608,-3.2126193,3.1772873,-4.74291,2.4332275,-3.6790466,4.879608,-3.2126193,3.1772873,-4.74291,2.7436523,-1.6885681,4.879608,-3.869061,1.6027622,-5.139911,3.6769714000000002,4.3160706,4.879608,-4.88243,-3.5114435999999998,-5.054463,3.6769714000000002,4.3160706,4.879608,-4.88243,-3.5114435999999998,-5.054463,-0.35501099999999997,4.3160706,3.1049194,-0.74230224,-3.8644005999999997,-3.4122021,-0.35501099999999997,4.3160706,3.1049194,-0.74230224,-3.8644005999999997,-3.4122021,-0.35501099999999997,4.3160706,3.1049194,-0.74230224,-3.8644005999999997,-3.4122021,0.76297,-1.3858948,4.879608,-2.1085715,1.0343202,-4.07001,0.09692383,-1.161499,4.879608,-1.1858602999999999,0.6395132,-4.233206,0.12591553,-0.7239074999999999,4.879608,-0.95139575,0.18444082,-4.6364484,0.51608276,4.3160706,4.879608,-1.0903796,-4.3507767,-5.236458,-0.3007202,4.3160706,4.4164124,-0.9140792,-3.4662290000000002,-4.482556,-4.3181458,0.70880127,4.879608,3.1519542,0.549439,-4.0341754,-1.124115,4.3160706,2.409607,-0.5158037,-3.8387442,-1.9597304,-1.3419495,4.3160706,2.2803649999999998,-0.29243794,-4.160614,-1.8809621,哈哈哈哈
3.374054,1.9761353,4.879608,-4.5715766,-2.5195673,-4.518357,3.5746155,-1.2661133,4.879608,-4.760792,0.72852623,-4.441178,3.5746155,-1.2661133,4.879608,-4.760792,0.72852623,-4.441178,2.4332275,-3.6790466,4.879608,-3.2126193,3.1772873,-4.74291,2.4332275,-3.6790466,4.879608,-3.2126193,3.1772873,-4.74291,2.7436523,-1.6885681,4.879608,-3.869061,1.6027622,-5.139911,3.6769714000000002,4.3160706,4.879608,-4.88243,-3.5114435999999998,-5.054463,3.6769714000000002,4.3160706,4.879608,-4.88243,-3.5114435999999998,-5.054463,-0.35501099999999997,4.3160706,3.1049194,-0.74230224,-3.8644005999999997,-3.4122021,-0.35501099999999997,4.3160706,3.1049194,-0.74230224,-3.8644005999999997,-3.4122021,-0.35501099999999997,4.3160706,3.1049194,-0.74230224,-3.8644005999999997,-3.4122021,0.76297,-1.3858948,4.879608,-2.1085715,1.0343202,-4.07001,0.09692383,-1.161499,4.879608,-1.1858602999999999,0.6395132,-4.233206,0.12591553,-0.7239074999999999,4.879608,-0.95139575,0.18444082,-4.6364484,0.51608276,4.3160706,4.879608,-1.0903796,-4.3507767,-5.236458,-0.3007202,4.3160706,4.4164124,-0.9140792,-3.4662290000000002,-4.482556,-4.3181458,0.70880127,4.879608,3.1519542,0.549439,-4.0341754,-1.124115,4.3160706,2.409607,-0.5158037,-3.8387442,-1.9597304,-1.3419495,4.3160706,2.2803649999999998,-0.29243794,-4.160614,-1.8809621,-1.3419495,4.3160706,2.2803649999999998,-0.29243794,-4.160614,-1.8809621,哈哈哈哈
3.5746155,-1.2661133,4.879608,-4.760792,0.72852623,-4.441178,3.5746155,-1.2661133,4.879608,-4.760792,0.72852623,-4.441178,2.4332275,-3.6790466,4.879608,-3.2126193,3.1772873,-4.74291,2.4332275,-3.6790466,4.879608,-3.2126193,3.1772873,-4.74291,2.7436523,-1.6885681,4.879608,-3.869061,1.6027622,-5.139911,3.6769714000000002,4.3160706,4.879608,-4.88243,-3.5114435999999998,-5.054463,3.6769714000000002,4.3160706,4.879608,-4.88243,-3.5114435999999998,-5.054463,-0.35501099999999997,4.3160706,3.1049194,-0.74230224,-3.8644005999999997,-3.4122021,-0.35501099999999997,4.3160706,3.1049194,-0.74230224,-3.8644005999999997,-3.4122021,-0.35501099999999997,4.3160706,3.1049194,-0.74230224,-3.8644005999999997,-3.4122021,0.76297,-1.3858948,4.879608,-2.1085715,1.0343202,-4.07001,0.09692383,-1.161499,4.879608,-1.1858602999999999,0.6395132,-4.233206,0.12591553,-0.7239074999999999,4.879608,-0.95139575,0.18444082,-4.6364484,0.51608276,4.3160706,4.879608,-1.0903796,-4.3507767,-5.236458,-0.3007202,4.3160706,4.4164124,-0.9140792,-3.4662290000000002,-4.482556,-4.3181458,0.70880127,4.879608,3.1519542,0.549439,-4.0341754,-1.124115,4.3160706,2.409607,-0.5158037,-3.8387442,-1.9597304,-1.3419495,4.3160706,2.2803649999999998,-0.29243794,-4.160614,-1.8809621,-1.3419495,4.3160706,2.2803649999999998,-0.29243794,-4.160614,-1.8809621,-1.6528931,3.716278,4.875366,0.39242357,-4.1542735,-4.2591977,哈哈哈哈
3.5746155,-1.2661133,4.879608,-4.760792,0.72852623,-4.441178,2.4332275,-3.6790466,4.879608,-3.2126193,3.1772873,-4.74291,2.4332275,-3.6790466,4.879608,-3.2126193,3.1772873,-4.74291,2.7436523,-1.6885681,4.879608,-3.869061,1.6027622,-5.139911,3.6769714000000002,4.3160706,4.879608,-4.88243,-3.5114435999999998,-5.054463,3.6769714000000002,4.3160706,4.879608,-4.88243,-3.5114435999999998,-5.054463,-0.35501099999999997,4.3160706,3.1049194,-0.74230224,-3.8644005999999997,-3.4122021,-0.35501099999999997,4.3160706,3.1049194,-0.74230224,-3.8644005999999997,-3.4122021,-0.35501099999999997,4.3160706,3.1049194,-0.74230224,-3.8644005999999997,-3.4122021,0.76297,-1.3858948,4.879608,-2.1085715,1.0343202,-4.07001,0.09692383,-1.161499,4.879608,-1.1858602999999999,0.6395132,-4.233206,0.12591553,-0.7239074999999999,4.879608,-0.95139575,0.18444082,-4.6364484,0.51608276,4.3160706,4.879608,-1.0903796,-4.3507767,-5.236458,-0.3007202,4.3160706,4.4164124,-0.9140792,-3.4662290000000002,-4.482556,-4.3181458,0.70880127,4.879608,3.1519542,0.549439,-4.0341754,-1.124115,4.3160706,2.409607,-0.5158037,-3.8387442,-1.9597304,-1.3419495,4.3160706,2.2803649999999998,-0.29243794,-4.160614,-1.8809621,-1.3419495,4.3160706,2.2803649999999998,-0.29243794,-4.160614,-1.8809621,-1.6528931,3.716278,4.875366,0.39242357,-4.1542735,-4.2591977,-1.6923523,4.275421,4.879608,0.5380157999999999,-4.7796693,-4.176672,哈哈哈哈
2.4332275,-3.6790466,4.879608,-3.2126193,3.1772873,-4.74291,2.4332275,-3.6790466,4.879608,-3.2126193,3.1772873,-4.74291,2.7436523,-1.6885681,4.879608,-3.869061,1.6027622,-5.139911,3.6769714000000002,4.3160706,4.879608,-4.88243,-3.5114435999999998,-5.054463,3.6769714000000002,4.3160706,4.879608,-4.88243,-3.5114435999999998,-5.054463,-0.35501099999999997,4.3160706,3.1049194,-0.74230224,-3.8644005999999997,-3.4122021,-0.35501099999999997,4.3160706,3.1049194,-0.74230224,-3.8644005999999997,-3.4122021,-0.35501099999999997,4.3160706,3.1049194,-0.74230224,-3.8644005999999997,-3.4122021,0.76297,-1.3858948,4.879608,-2.1085715,1.0343202,-4.07001,0.09692383,-1.161499,4.879608,-1.1858602999999999,0.6395132,-4.233206,0.12591553,-0.7239074999999999,4.879608,-0.95139575,0.18444082,-4.6364484,0.51608276,4.3160706,4.879608,-1.0903796,-4.3507767,-5.236458,-0.3007202,4.3160706,4.4164124,-0.9140792,-3.4662290000000002,-4.482556,-4.3181458,0.70880127,4.879608,3.1519542,0.549439,-4.0341754,-1.124115,4.3160706,2.409607,-0.5158037,-3.8387442,-1.9597304,-1.3419495,4.3160706,2.2803649999999998,-0.29243794,-4.160614,-1.8809621,-1.3419495,4.3160706,2.2803649999999998,-0.29243794,-4.160614,-1.8809621,-1.6528931,3.716278,4.875366,0.39242357,-4.1542735,-4.2591977,-1.6923523,4.275421,4.879608,0.5380157999999999,-4.7796693,-4.176672,2.9664612,4.3160706,4.879608,-3.0882688,-4.6216474,-3.8103657,哈哈哈哈
2.4332275,-3.6790466,4.879608,-3.2126193,3.1772873,-4.74291,2.7436523,-1.6885681,4.879608,-3.869061,1.6027622,-5.139911,3.6769714000000002,4.3160706,4.879608,-4.88243,-3.5114435999999998,-5.054463,3.6769714000000002,4.3160706,4.879608,-4.88243,-3.5114435999999998,-5.054463,-0.35501099999999997,4.3160706,3.1049194,-0.74230224,-3.8644005999999997,-3.4122021,-0.35501099999999997,4.3160706,3.1049194,-0.74230224,-3.8644005999999997,-3.4122021,-0.35501099999999997,4.3160706,3.1049194,-0.74230224,-3.8644005999999997,-3.4122021,0.76297,-1.3858948,4.879608,-2.1085715,1.0343202,-4.07001,0.09692383,-1.161499,4.879608,-1.1858602999999999,0.6395132,-4.233206,0.12591553,-0.7239074999999999,4.879608,-0.95139575,0.18444082,-4.6364484,0.51608276,4.3160706,4.879608,-1.0903796,-4.3507767,-5.236458,-0.3007202,4.3160706,4.4164124,-0.9140792,-3.4662290000000002,-4.482556,-4.3181458,0.70880127,4.879608,3.1519542,0.549439,-4.0341754,-1.124115,4.3160706,2.409607,-0.5158037,-3.8387442,-1.9597304,-1.3419495,4.3160706,2.2803649999999998,-0.29243794,-4.160614,-1.8809621,-1.3419495,4.3160706,2.2803649999999998,-0.29243794,-4.160614,-1.8809621,-1.6528931,3.716278,4.875366,0.39242357,-4.1542735,-4.2591977,-1.6923523,4.275421,4.879608,0.5380157999999999,-4.7796693,-4.176672,2.9664612,4.3160706,4.879608,-3.0882688,-4.6216474,-3.8103657,1.4265747,2.6987915,-1.7703247,-1.2357668,-2.738223,2.613785,哈哈哈哈
2.7436523,-1.6885681,4.879608,-3.869061,1.6027622,-5.139911,3.6769714000000002,4.3160706,4.879608,-4.88243,-3.5114435999999998,-5.054463,3.6769714000000002,4.3160706,4.879608,-4.88243,-3.5114435999999998,-5.054463,-0.35501099999999997,4.3160706,3.1049194,-0.74230224,-3.8644005999999997,-3.4122021,-0.35501099999999997,4.3160706,3.1049194,-0.74230224,-3.8644005999999997,-3.4122021,-0.35501099999999997,4.3160706,3.1049194,-0.74230224,-3.8644005999999997,-3.4122021,0.76297,-1.3858948,4.879608,-2.1085715,1.0343202,-4.07001,0.09692383,-1.161499,4.879608,-1.1858602999999999,0.6395132,-4.233206,0.12591553,-0.7239074999999999,4.879608,-0.95139575,0.18444082,-4.6364484,0.51608276,4.3160706,4.879608,-1.0903796,-4.3507767,-5.236458,-0.3007202,4.3160706,4.4164124,-0.9140792,-3.4662290000000002,-4.482556,-4.3181458,0.70880127,4.879608,3.1519542,0.549439,-4.0341754,-1.124115,4.3160706,2.409607,-0.5158037,-3.8387442,-1.9597304,-1.3419495,4.3160706,2.2803649999999998,-0.29243794,-4.160614,-1.8809621,-1.3419495,4.3160706,2.2803649999999998,-0.29243794,-4.160614,-1.8809621,-1.6528931,3.716278,4.875366,0.39242357,-4.1542735,-4.2591977,-1.6923523,4.275421,4.879608,0.5380157999999999,-4.7796693,-4.176672,2.9664612,4.3160706,4.879608,-3.0882688,-4.6216474,-3.8103657,1.4265747,2.6987915,-1.7703247,-1.2357668,-2.738223,2.613785,2.8155517999999997,3.9848022,0.7715453999999999,-2.6030759999999997,-4.049847,-0.28884894,哈哈哈哈
3.6769714000000002,4.3160706,4.879608,-4.88243,-3.5114435999999998,-5.054463,3.6769714000000002,4.3160706,4.879608,-4.88243,-3.5114435999999998,-5.054463,-0.35501099999999997,4.3160706,3.1049194,-0.74230224,-3.8644005999999997,-3.4122021,-0.35501099999999997,4.3160706,3.1049194,-0.74230224,-3.8644005999999997,-3.4122021,-0.35501099999999997,4.3160706,3.1049194,-0.74230224,-3.8644005999999997,-3.4122021,0.76297,-1.3858948,4.879608,-2.1085715,1.0343202,-4.07001,0.09692383,-1.161499,4.879608,-1.1858602999999999,0.6395132,-4.233206,0.12591553,-0.7239074999999999,4.879608,-0.95139575,0.18444082,-4.6364484,0.51608276,4.3160706,4.879608,-1.0903796,-4.3507767,-5.236458,-0.3007202,4.3160706,4.4164124,-0.9140792,-3.4662290000000002,-4.482556,-4.3181458,0.70880127,4.879608,3.1519542,0.549439,-4.0341754,-1.124115,4.3160706,2.409607,-0.5158037,-3.8387442,-1.9597304,-1.3419495,4.3160706,2.2803649999999998,-0.29243794,-4.160614,-1.8809621,-1.3419495,4.3160706,2.2803649999999998,-0.29243794,-4.160614,-1.8809621,-1.6528931,3.716278,4.875366,0.39242357,-4.1542735,-4.2591977,-1.6923523,4.275421,4.879608,0.5380157999999999,-4.7796693,-4.176672,2.9664612,4.3160706,4.879608,-3.0882688,-4.6216474,-3.8103657,1.4265747,2.6987915,-1.7703247,-1.2357668,-2.738223,2.613785,2.8155517999999997,3.9848022,0.7715453999999999,-2.6030759999999997,-4.049847,-0.28884894,-2.8492737,4.3160706,4.879608,1.8874186,-4.5116777,-5.028416,哈哈哈哈
3.6769714000000002,4.3160706,4.879608,-4.88243,-3.5114435999999998,-5.054463,-0.35501099999999997,4.3160706,3.1049194,-0.74230224,-3.8644005999999997,-3.4122021,-0.35501099999999997,4.3160706,3.1049194,-0.74230224,-3.8644005999999997,-3.4122021,-0.35501099999999997,4.3160706,3.1049194,-0.74230224,-3.8644005999999997,-3.4122021,0.76297,-1.3858948,4.879608,-2.1085715,1.0343202,-4.07001,0.09692383,-1.161499,4.879608,-1.1858602999999999,0.6395132,-4.233206,0.12591553,-0.7239074999999999,4.879608,-0.95139575,0.18444082,-4.6364484,0.51608276,4.3160706,4.879608,-1.0903796,-4.3507767,-5.236458,-0.3007202,4.3160706,4.4164124,-0.9140792,-3.4662290000000002,-4.482556,-4.3181458,0.70880127,4.879608,3.1519542,0.549439,-4.0341754,-1.124115,4.3160706,2.409607,-0.5158037,-3.8387442,-1.9597304,-1.3419495,4.3160706,2.2803649999999998,-0.29243794,-4.160614,-1.8809621,-1.3419495,4.3160706,2.2803649999999998,-0.29243794,-4.160614,-1.8809621,-1.6528931,3.716278,4.875366,0.39242357,-4.1542735,-4.2591977,-1.6923523,4.275421,4.879608,0.5380157999999999,-4.7796693,-4.176672,2.9664612,4.3160706,4.879608,-3.0882688,-4.6216474,-3.8103657,1.4265747,2.6987915,-1.7703247,-1.2357668,-2.738223,2.613785,2.8155517999999997,3.9848022,0.7715453999999999,-2.6030759999999997,-4.049847,-0.28884894,-2.8492737,4.3160706,4.879608,1.8874186,-4.5116777,-5.028416,-2.8492737,4.3160706,4.879608,1.8874186,-4.5116777,-5.028416,哈哈哈哈
-0.35501099999999997,4.3160706,3.1049194,-0.74230224,-3.8644005999999997,-3.4122021,-0.35501099999999997,4.3160706,3.1049194,-0.74230224,-3.8644005999999997,-3.4122021,-0.35501099999999997,4.3160706,3.1049194,-0.74230224,-3.8644005999999997,-3.4122021,0.76297,-1.3858948,4.879608,-2.1085715,1.0343202,-4.07001,0.09692383,-1.161499,4.879608,-1.1858602999999999,0.6395132,-4.233206,0.12591553,-0.7239074999999999,4.879608,-0.95139575,0.18444082,-4.6364484,0.51608276,4.3160706,4.879608,-1.0903796,-4.3507767,-5.236458,-0.3007202,4.3160706,4.4164124,-0.9140792,-3.4662290000000002,-4.482556,-4.3181458,0.70880127,4.879608,3.1519542,0.549439,-4.0341754,-1.124115,4.3160706,2.409607,-0.5158037,-3.8387442,-1.9597304,-1.3419495,4.3160706,2.2803649999999998,-0.29243794,-4.160614,-1.8809621,-1.3419495,4.3160706,2.2803649999999998,-0.29243794,-4.160614,-1.8809621,-1.6528931,3.716278,4.875366,0.39242357,-4.1542735,-4.2591977,-1.6923523,4.275421,4.879608,0.5380157999999999,-4.7796693,-4.176672,2.9664612,4.3160706,4.879608,-3.0882688,-4.6216474,-3.8103657,1.4265747,2.6987915,-1.7703247,-1.2357668,-2.738223,2.613785,2.8155517999999997,3.9848022,0.7715453999999999,-2.6030759999999997,-4.049847,-0.28884894,-2.8492737,4.3160706,4.879608,1.8874186,-4.5116777,-5.028416,-2.8492737,4.3160706,4.879608,1.8874186,-4.5116777,-5.028416,-4.3181458,4.2579346000000005,4.879608,2.773447,-4.1088266,-3.9614491,哈哈哈哈
-0.35501099999999997,4.3160706,3.1049194,-0.74230224,-3.8644005999999997,-3.4122021,-0.35501099999999997,4.3160706,3.1049194,-0.74230224,-3.8644005999999997,-3.4122021,0.76297,-1.3858948,4.879608,-2.1085715,1.0343202,-4.07001,0.09692383,-1.161499,4.879608,-1.1858602999999999,0.6395132,-4.233206,0.12591553,-0.7239074999999999,4.879608,-0.95139575,0.18444082,-4.6364484,0.51608276,4.3160706,4.879608,-1.0903796,-4.3507767,-5.236458,-0.3007202,4.3160706,4.4164124,-0.9140792,-3.4662290000000002,-4.482556,-4.3181458,0.70880127,4.879608,3.1519542,0.549439,-4.0341754,-1.124115,4.3160706,2.409607,-0.5158037,-3.8387442,-1.9597304,-1.3419495,4.3160706,2.2803649999999998,-0.29243794,-4.160614,-1.8809621,-1.3419495,4.3160706,2.2803649999999998,-0.29243794,-4.160614,-1.8809621,-1.6528931,3.716278,4.875366,0.39242357,-4.1542735,-4.2591977,-1.6923523,4.275421,4.879608,0.5380157999999999,-4.7796693,-4.176672,2.9664612,4.3160706,4.879608,-3.0882688,-4.6216474,-3.8103657,1.4265747,2.6987915,-1.7703247,-1.2357668,-2.738223,2.613785,2.8155517999999997,3.9848022,0.7715453999999999,-2.6030759999999997,-4.049847,-0.28884894,-2.8492737,4.3160706,4.879608,1.8874186,-4.5116777,-5.028416,-2.8492737,4.3160706,4.879608,1.8874186,-4.5116777,-5.028416,-4.3181458,4.2579346000000005,4.879608,2.773447,-4.1088266,-3.9614491,-4.3181458,2.78479,4.879608,2.8254662,-2.601331,-3.7947571,哈哈哈哈
-0.35501099999999997,4.3160706,3.1049194,-0.74230224,-3.8644005999999997,-3.4122021,0.76297,-1.3858948,4.879608,-2.1085715,1.0343202,-4.07001,0.09692383,-1.161499,4.879608,-1.1858602999999999,0.6395132,-4.233206,0.12591553,-0.7239074999999999,4.879608,-0.95139575,0.18444082,-4.6364484,0.51608276,4.3160706,4.879608,-1.0903796,-4.3507767,-5.236458,-0.3007202,4.3160706,4.4164124,-0.9140792,-3.4662290000000002,-4.482556,-4.3181458,0.70880127,4.879608,3.1519542,0.549439,-4.0341754,-1.124115,4.3160706,2.409607,-0.5158037,-3.8387442,-1.9597304,-1.3419495,4.3160706,2.2803649999999998,-0.29243794,-4.160614,-1.8809621,-1.3419495,4.3160706,2.2803649999999998,-0.29243794,-4.160614,-1.8809621,-1.6528931,3.716278,4.875366,0.39242357,-4.1542735,-4.2591977,-1.6923523,4.275421,4.879608,0.5380157999999999,-4.7796693,-4.176672,2.9664612,4.3160706,4.879608,-3.0882688,-4.6216474,-3.8103657,1.4265747,2.6987915,-1.7703247,-1.2357668,-2.738223,2.613785,2.8155517999999997,3.9848022,0.7715453999999999,-2.6030759999999997,-4.049847,-0.28884894,-2.8492737,4.3160706,4.879608,1.8874186,-4.5116777,-5.028416,-2.8492737,4.3160706,4.879608,1.8874186,-4.5116777,-5.028416,-4.3181458,4.2579346000000005,4.879608,2.773447,-4.1088266,-3.9614491,-4.3181458,2.78479,4.879608,2.8254662,-2.601331,-3.7947571,-0.32946777,4.3160706,4.879608,-0.47760093000000003,-4.8874784,-3.9184139,哈哈哈哈
0.76297,-1.3858948,4.879608,-2.1085715,1.0343202,-4.07001,0.09692383,-1.161499,4.879608,-1.1858602999999999,0.6395132,-4.233206,0.12591553,-0.7239074999999999,4.879608,-0.95139575,0.18444082,-4.6364484,0.51608276,4.3160706,4.879608,-1.0903796,-4.3507767,-5.236458,-0.3007202,4.3160706,4.4164124,-0.9140792,-3.4662290000000002,-4.482556,-4.3181458,0.70880127,4.879608,3.1519542,0.549439,-4.0341754,-1.124115,4.3160706,2.409607,-0.5158037,-3.8387442,-1.9597304,-1.3419495,4.3160706,2.2803649999999998,-0.29243794,-4.160614,-1.8809621,-1.3419495,4.3160706,2.2803649999999998,-0.29243794,-4.160614,-1.8809621,-1.6528931,3.716278,4.875366,0.39242357,-4.1542735,-4.2591977,-1.6923523,4.275421,4.879608,0.5380157999999999,-4.7796693,-4.176672,2.9664612,4.3160706,4.879608,-3.0882688,-4.6216474,-3.8103657,1.4265747,2.6987915,-1.7703247,-1.2357668,-2.738223,2.613785,2.8155517999999997,3.9848022,0.7715453999999999,-2.6030759999999997,-4.049847,-0.28884894,-2.8492737,4.3160706,4.879608,1.8874186,-4.5116777,-5.028416,-2.8492737,4.3160706,4.879608,1.8874186,-4.5116777,-5.028416,-4.3181458,4.2579346000000005,4.879608,2.773447,-4.1088266,-3.9614491,-4.3181458,2.78479,4.879608,2.8254662,-2.601331,-3.7947571,-0.32946777,4.3160706,4.879608,-0.47760093000000003,-4.8874784,-3.9184139,-0.46673584,4.3160706,4.879608,-0.11310226,-4.8682479999999995,-3.8613182999999998,哈哈哈哈
0.09692383,-1.161499,4.879608,-1.1858602999999999,0.6395132,-4.233206,0.12591553,-0.7239074999999999,4.879608,-0.95139575,0.18444082,-4.6364484,0.51608276,4.3160706,4.879608,-1.0903796,-4.3507767,-5.236458,-0.3007202,4.3160706,4.4164124,-0.9140792,-3.4662290000000002,-4.482556,-4.3181458,0.70880127,4.879608,3.1519542,0.549439,-4.0341754,-1.124115,4.3160706,2.409607,-0.5158037,-3.8387442,-1.9597304,-1.3419495,4.3160706,2.2803649999999998,-0.29243794,-4.160614,-1.8809621,-1.3419495,4.3160706,2.2803649999999998,-0.29243794,-4.160614,-1.8809621,-1.6528931,3.716278,4.875366,0.39242357,-4.1542735,-4.2591977,-1.6923523,4.275421,4.879608,0.5380157999999999,-4.7796693,-4.176672,2.9664612,4.3160706,4.879608,-3.0882688,-4.6216474,-3.8103657,1.4265747,2.6987915,-1.7703247,-1.2357668,-2.738223,2.613785,2.8155517999999997,3.9848022,0.7715453999999999,-2.6030759999999997,-4.049847,-0.28884894,-2.8492737,4.3160706,4.879608,1.8874186,-4.5116777,-5.028416,-2.8492737,4.3160706,4.879608,1.8874186,-4.5116777,-5.028416,-4.3181458,4.2579346000000005,4.879608,2.773447,-4.1088266,-3.9614491,-4.3181458,2.78479,4.879608,2.8254662,-2.601331,-3.7947571,-0.32946777,4.3160706,4.879608,-0.47760093000000003,-4.8874784,-3.9184139,-0.46673584,4.3160706,4.879608,-0.11310226,-4.8682479999999995,-3.8613182999999998,3.6769714000000002,4.3160706,4.879608,-4.0204906,-4.3743677,-3.4937131,哈哈哈哈
0.12591553,-0.7239074999999999,4.879608,-0.95139575,0.18444082,-4.6364484,0.51608276,4.3160706,4.879608,-1.0903796,-4.3507767,-5.236458,-0.3007202,4.3160706,4.4164124,-0.9140792,-3.4662290000000002,-4.482556,-4.3181458,0.70880127,4.879608,3.1519542,0.549439,-4.0341754,-1.124115,4.3160706,2.409607,-0.5158037,-3.8387442,-1.9597304,-1.3419495,4.3160706,2.2803649999999998,-0.29243794,-4.160614,-1.8809621,-1.3419495,4.3160706,2.2803649999999998,-0.29243794,-4.160614,-1.8809621,-1.6528931,3.716278,4.875366,0.39242357,-4.1542735,-4.2591977,-1.6923523,4.275421,4.879608,0.5380157999999999,-4.7796693,-4.176672,2.9664612,4.3160706,4.879608,-3.0882688,-4.6216474,-3.8103657,1.4265747,2.6987915,-1.7703247,-1.2357668,-2.738223,2.613785,2.8155517999999997,3.9848022,0.7715453999999999,-2.6030759999999997,-4.049847,-0.28884894,-2.8492737,4.3160706,4.879608,1.8874186,-4.5116777,-5.028416,-2.8492737,4.3160706,4.879608,1.8874186,-4.5116777,-5.028416,-4.3181458,4.2579346000000005,4.879608,2.773447,-4.1088266,-3.9614491,-4.3181458,2.78479,4.879608,2.8254662,-2.601331,-3.7947571,-0.32946777,4.3160706,4.879608,-0.47760093000000003,-4.8874784,-3.9184139,-0.46673584,4.3160706,4.879608,-0.11310226,-4.8682479999999995,-3.8613182999999998,3.6769714000000002,4.3160706,4.879608,-4.0204906,-4.3743677,-3.4937131,3.6769714000000002,3.7150879999999997,-0.25857544,-3.804122,-3.3676662,1.5874279,哈哈哈哈
0.51608276,4.3160706,4.879608,-1.0903796,-4.3507767,-5.236458,-0.3007202,4.3160706,4.4164124,-0.9140792,-3.4662290000000002,-4.482556,-4.3181458,0.70880127,4.879608,3.1519542,0.549439,-4.0341754,-1.124115,4.3160706,2.409607,-0.5158037,-3.8387442,-1.9597304,-1.3419495,4.3160706,2.2803649999999998,-0.29243794,-4.160614,-1.8809621,-1.3419495,4.3160706,2.2803649999999998,-0.29243794,-4.160614,-1.8809621,-1.6528931,3.716278,4.875366,0.39242357,-4.1542735,-4.2591977,-1.6923523,4.275421,4.879608,0.5380157999999999,-4.7796693,-4.176672,2.9664612,4.3160706,4.879608,-3.0882688,-4.6216474,-3.8103657,1.4265747,2.6987915,-1.7703247,-1.2357668,-2.738223,2.613785,2.8155517999999997,3.9848022,0.7715453999999999,-2.6030759999999997,-4.049847,-0.28884894,-2.8492737,4.3160706,4.879608,1.8874186,-4.5116777,-5.028416,-2.8492737,4.3160706,4.879608,1.8874186,-4.5116777,-5.028416,-4.3181458,4.2579346000000005,4.879608,2.773447,-4.1088266,-3.9614491,-4.3181458,2.78479,4.879608,2.8254662,-2.601331,-3.7947571,-0.32946777,4.3160706,4.879608,-0.47760093000000003,-4.8874784,-3.9184139,-0.46673584,4.3160706,4.879608,-0.11310226,-4.8682479999999995,-3.8613182999999998,3.6769714000000002,4.3160706,4.879608,-4.0204906,-4.3743677,-3.4937131,3.6769714000000002,3.7150879999999997,-0.25857544,-3.804122,-3.3676662,1.5874279,3.6769714000000002,3.7150879999999997,-0.25857544,-3.804122,-3.3676662,1.5874279,哈哈哈哈
-0.3007202,4.3160706,4.4164124,-0.9140792,-3.4662290000000002,-4.482556,-4.3181458,0.70880127,4.879608,3.1519542,0.549439,-4.0341754,-1.124115,4.3160706,2.409607,-0.5158037,-3.8387442,-1.9597304,-1.3419495,4.3160706,2.2803649999999998,-0.29243794,-4.160614,-1.8809621,-1.3419495,4.3160706,2.2803649999999998,-0.29243794,-4.160614,-1.8809621,-1.6528931,3.716278,4.875366,0.39242357,-4.1542735,-4.2591977,-1.6923523,4.275421,4.879608,0.5380157999999999,-4.7796693,-4.176672,2.9664612,4.3160706,4.879608,-3.0882688,-4.6216474,-3.8103657,1.4265747,2.6987915,-1.7703247,-1.2357668,-2.738223,2.613785,2.8155517999999997,3.9848022,0.7715453999999999,-2.6030759999999997,-4.049847,-0.28884894,-2.8492737,4.3160706,4.879608,1.8874186,-4.5116777,-5.028416,-2.8492737,4.3160706,4.879608,1.8874186,-4.5116777,-5.028416,-4.3181458,4.2579346000000005,4.879608,2.773447,-4.1088266,-3.9614491,-4.3181458,2.78479,4.879608,2.8254662,-2.601331,-3.7947571,-0.32946777,4.3160706,4.879608,-0.47760093000000003,-4.8874784,-3.9184139,-0.46673584,4.3160706,4.879608,-0.11310226,-4.8682479999999995,-3.8613182999999998,3.6769714000000002,4.3160706,4.879608,-4.0204906,-4.3743677,-3.4937131,3.6769714000000002,3.7150879999999997,-0.25857544,-3.804122,-3.3676662,1.5874279,3.6769714000000002,3.7150879999999997,-0.25857544,-3.804122,-3.3676662,1.5874279,-2.6810302999999998,4.3160706,4.879608,1.4251488,-4.648209,-4.635426,哈哈哈哈
-4.3181458,0.70880127,4.879608,3.1519542,0.549439,-4.0341754,-1.124115,4.3160706,2.409607,-0.5158037,-3.8387442,-1.9597304,-1.3419495,4.3160706,2.2803649999999998,-0.29243794,-4.160614,-1.8809621,-1.3419495,4.3160706,2.2803649999999998,-0.29243794,-4.160614,-1.8809621,-1.6528931,3.716278,4.875366,0.39242357,-4.1542735,-4.2591977,-1.6923523,4.275421,4.879608,0.5380157999999999,-4.7796693,-4.176672,2.9664612,4.3160706,4.879608,-3.0882688,-4.6216474,-3.8103657,1.4265747,2.6987915,-1.7703247,-1.2357668,-2.738223,2.613785,2.8155517999999997,3.9848022,0.7715453999999999,-2.6030759999999997,-4.049847,-0.28884894,-2.8492737,4.3160706,4.879608,1.8874186,-4.5116777,-5.028416,-2.8492737,4.3160706,4.879608,1.8874186,-4.5116777,-5.028416,-4.3181458,4.2579346000000005,4.879608,2.773447,-4.1088266,-3.9614491,-4.3181458,2.78479,4.879608,2.8254662,-2.601331,-3.7947571,-0.32946777,4.3160706,4.879608,-0.47760093000000003,-4.8874784,-3.9184139,-0.46673584,4.3160706,4.879608,-0.11310226,-4.8682479999999995,-3.8613182999999998,3.6769714000000002,4.3160706,4.879608,-4.0204906,-4.3743677,-3.4937131,3.6769714000000002,3.7150879999999997,-0.25857544,-3.804122,-3.3676662,1.5874279,3.6769714000000002,3.7150879999999997,-0.25857544,-3.804122,-3.3676662,1.5874279,-2.6810302999999998,4.3160706,4.879608,1.4251488,-4.648209,-4.635426,-3.841156,3.2709656,4.879608,2.4604711999999997,-3.5441127,-4.2947474,哈哈哈哈
-1.124115,4.3160706,2.409607,-0.5158037,-3.8387442,-1.9597304,-1.3419495,4.3160706,2.2803649999999998,-0.29243794,-4.160614,-1.8809621,-1.3419495,4.3160706,2.2803649999999998,-0.29243794,-4.160614,-1.8809621,-1.6528931,3.716278,4.875366,0.39242357,-4.1542735,-4.2591977,-1.6923523,4.275421,4.879608,0.5380157999999999,-4.7796693,-4.176672,2.9664612,4.3160706,4.879608,-3.0882688,-4.6216474,-3.8103657,1.4265747,2.6987915,-1.7703247,-1.2357668,-2.738223,2.613785,2.8155517999999997,3.9848022,0.7715453999999999,-2.6030759999999997,-4.049847,-0.28884894,-2.8492737,4.3160706,4.879608,1.8874186,-4.5116777,-5.028416,-2.8492737,4.3160706,4.879608,1.8874186,-4.5116777,-5.028416,-4.3181458,4.2579346000000005,4.879608,2.773447,-4.1088266,-3.9614491,-4.3181458,2.78479,4.879608,2.8254662,-2.601331,-3.7947571,-0.32946777,4.3160706,4.879608,-0.47760093000000003,-4.8874784,-3.9184139,-0.46673584,4.3160706,4.879608,-0.11310226,-4.8682479999999995,-3.8613182999999998,3.6769714000000002,4.3160706,4.879608,-4.0204906,-4.3743677,-3.4937131,3.6769714000000002,3.7150879999999997,-0.25857544,-3.804122,-3.3676662,1.5874279,3.6769714000000002,3.7150879999999997,-0.25857544,-3.804122,-3.3676662,1.5874279,-2.6810302999999998,4.3160706,4.879608,1.4251488,-4.648209,-4.635426,-3.841156,3.2709656,4.879608,2.4604711999999997,-3.5441127,-4.2947474,0.39639282000000003,4.3160706,4.879608,-1.585494,-4.8397026,-4.260114,哈哈哈哈
-1.3419495,4.3160706,2.2803649999999998,-0.29243794,-4.160614,-1.8809621,-1.3419495,4.3160706,2.2803649999999998,-0.29243794,-4.160614,-1.8809621,-1.6528931,3.716278,4.875366,0.39242357,-4.1542735,-4.2591977,-1.6923523,4.275421,4.879608,0.5380157999999999,-4.7796693,-4.176672,2.9664612,4.3160706,4.879608,-3.0882688,-4.6216474,-3.8103657,1.4265747,2.6987915,-1.7703247,-1.2357668,-2.738223,2.613785,2.8155517999999997,3.9848022,0.7715453999999999,-2.6030759999999997,-4.049847,-0.28884894,-2.8492737,4.3160706,4.879608,1.8874186,-4.5116777,-5.028416,-2.8492737,4.3160706,4.879608,1.8874186,-4.5116777,-5.028416,-4.3181458,4.2579346000000005,4.879608,2.773447,-4.1088266,-3.9614491,-4.3181458,2.78479,4.879608,2.8254662,-2.601331,-3.7947571,-0.32946777,4.3160706,4.879608,-0.47760093000000003,-4.8874784,-3.9184139,-0.46673584,4.3160706,4.879608,-0.11310226,-4.8682479999999995,-3.8613182999999998,3.6769714000000002,4.3160706,4.879608,-4.0204906,-4.3743677,-3.4937131,3.6769714000000002,3.7150879999999997,-0.25857544,-3.804122,-3.3676662,1.5874279,3.6769714000000002,3.7150879999999997,-0.25857544,-3.804122,-3.3676662,1.5874279,-2.6810302999999998,4.3160706,4.879608,1.4251488,-4.648209,-4.635426,-3.841156,3.2709656,4.879608,2.4604711999999997,-3.5441127,-4.2947474,0.39639282000000003,4.3160706,4.879608,-1.585494,-4.8397026,-4.260114,-0.36450195,4.3160706,4.879608,0.27840787,-4.7799106,-4.205965,哈哈哈哈
-1.3419495,4.3160706,2.2803649999999998,-0.29243794,-4.160614,-1.8809621,-1.6528931,3.716278,4.875366,0.39242357,-4.1542735,-4.2591977,-1.6923523,4.275421,4.879608,0.5380157999999999,-4.7796693,-4.176672,2.9664612,4.3160706,4.879608,-3.0882688,-4.6216474,-3.8103657,1.4265747,2.6987915,-1.7703247,-1.2357668,-2.738223,2.613785,2.8155517999999997,3.9848022,0.7715453999999999,-2.6030759999999997,-4.049847,-0.28884894,-2.8492737,4.3160706,4.879608,1.8874186,-4.5116777,-5.028416,-2.8492737,4.3160706,4.879608,1.8874186,-4.5116777,-5.028416,-4.3181458,4.2579346000000005,4.879608,2.773447,-4.1088266,-3.9614491,-4.3181458,2.78479,4.879608,2.8254662,-2.601331,-3.7947571,-0.32946777,4.3160706,4.879608,-0.47760093000000003,-4.8874784,-3.9184139,-0.46673584,4.3160706,4.879608,-0.11310226,-4.8682479999999995,-3.8613182999999998,3.6769714000000002,4.3160706,4.879608,-4.0204906,-4.3743677,-3.4937131,3.6769714000000002,3.7150879999999997,-0.25857544,-3.804122,-3.3676662,1.5874279,3.6769714000000002,3.7150879999999997,-0.25857544,-3.804122,-3.3676662,1.5874279,-2.6810302999999998,4.3160706,4.879608,1.4251488,-4.648209,-4.635426,-3.841156,3.2709656,4.879608,2.4604711999999997,-3.5441127,-4.2947474,0.39639282000000003,4.3160706,4.879608,-1.585494,-4.8397026,-4.260114,-0.36450195,4.3160706,4.879608,0.27840787,-4.7799106,-4.205965,-0.36450195,4.3160706,4.879608,0.27840787,-4.7799106,-4.205965,哈哈哈哈
-1.6528931,3.716278,4.875366,0.39242357,-4.1542735,-4.2591977,-1.6923523,4.275421,4.879608,0.5380157999999999,-4.7796693,-4.176672,2.9664612,4.3160706,4.879608,-3.0882688,-4.6216474,-3.8103657,1.4265747,2.6987915,-1.7703247,-1.2357668,-2.738223,2.613785,2.8155517999999997,3.9848022,0.7715453999999999,-2.6030759999999997,-4.049847,-0.28884894,-2.8492737,4.3160706,4.879608,1.8874186,-4.5116777,-5.028416,-2.8492737,4.3160706,4.879608,1.8874186,-4.5116777,-5.028416,-4.3181458,4.2579346000000005,4.879608,2.773447,-4.1088266,-3.9614491,-4.3181458,2.78479,4.879608,2.8254662,-2.601331,-3.7947571,-0.32946777,4.3160706,4.879608,-0.47760093000000003,-4.8874784,-3.9184139,-0.46673584,4.3160706,4.879608,-0.11310226,-4.8682479999999995,-3.8613182999999998,3.6769714000000002,4.3160706,4.879608,-4.0204906,-4.3743677,-3.4937131,3.6769714000000002,3.7150879999999997,-0.25857544,-3.804122,-3.3676662,1.5874279,3.6769714000000002,3.7150879999999997,-0.25857544,-3.804122,-3.3676662,1.5874279,-2.6810302999999998,4.3160706,4.879608,1.4251488,-4.648209,-4.635426,-3.841156,3.2709656,4.879608,2.4604711999999997,-3.5441127,-4.2947474,0.39639282000000003,4.3160706,4.879608,-1.585494,-4.8397026,-4.260114,-0.36450195,4.3160706,4.879608,0.27840787,-4.7799106,-4.205965,-0.36450195,4.3160706,4.879608,0.27840787,-4.7799106,-4.205965,3.6769714000000002,4.3160706,4.879608,-3.8554654,-3.8709886,-3.5252304,哈哈哈哈
-1.6923523,4.275421,4.879608,0.5380157999999999,-4.7796693,-4.176672,2.9664612,4.3160706,4.879608,-3.0882688,-4.6216474,-3.8103657,1.4265747,2.6987915,-1.7703247,-1.2357668,-2.738223,2.613785,2.8155517999999997,3.9848022,0.7715453999999999,-2.6030759999999997,-4.049847,-0.28884894,-2.8492737,4.3160706,4.879608,1.8874186,-4.5116777,-5.028416,-2.8492737,4.3160706,4.879608,1.8874186,-4.5116777,-5.028416,-4.3181458,4.2579346000000005,4.879608,2.773447,-4.1088266,-3.9614491,-4.3181458,2.78479,4.879608,2.8254662,-2.601331,-3.7947571,-0.32946777,4.3160706,4.879608,-0.47760093000000003,-4.8874784,-3.9184139,-0.46673584,4.3160706,4.879608,-0.11310226,-4.8682479999999995,-3.8613182999999998,3.6769714000000002,4.3160706,4.879608,-4.0204906,-4.3743677,-3.4937131,3.6769714000000002,3.7150879999999997,-0.25857544,-3.804122,-3.3676662,1.5874279,3.6769714000000002,3.7150879999999997,-0.25857544,-3.804122,-3.3676662,1.5874279,-2.6810302999999998,4.3160706,4.879608,1.4251488,-4.648209,-4.635426,-3.841156,3.2709656,4.879608,2.4604711999999997,-3.5441127,-4.2947474,0.39639282000000003,4.3160706,4.879608,-1.585494,-4.8397026,-4.260114,-0.36450195,4.3160706,4.879608,0.27840787,-4.7799106,-4.205965,-0.36450195,4.3160706,4.879608,0.27840787,-4.7799106,-4.205965,3.6769714000000002,4.3160706,4.879608,-3.8554654,-3.8709886,-3.5252304,3.6769714000000002,4.3160706,4.879608,-3.8554654,-3.8709886,-3.5252304,哈哈哈哈
2.9664612,4.3160706,4.879608,-3.0882688,-4.6216474,-3.8103657,1.4265747,2.6987915,-1.7703247,-1.2357668,-2.738223,2.613785,2.8155517999999997,3.9848022,0.7715453999999999,-2.6030759999999997,-4.049847,-0.28884894,-2.8492737,4.3160706,4.879608,1.8874186,-4.5116777,-5.028416,-2.8492737,4.3160706,4.879608,1.8874186,-4.5116777,-5.028416,-4.3181458,4.2579346000000005,4.879608,2.773447,-4.1088266,-3.9614491,-4.3181458,2.78479,4.879608,2.8254662,-2.601331,-3.7947571,-0.32946777,4.3160706,4.879608,-0.47760093000000003,-4.8874784,-3.9184139,-0.46673584,4.3160706,4.879608,-0.11310226,-4.8682479999999995,-3.8613182999999998,3.6769714000000002,4.3160706,4.879608,-4.0204906,-4.3743677,-3.4937131,3.6769714000000002,3.7150879999999997,-0.25857544,-3.804122,-3.3676662,1.5874279,3.6769714000000002,3.7150879999999997,-0.25857544,-3.804122,-3.3676662,1.5874279,-2.6810302999999998,4.3160706,4.879608,1.4251488,-4.648209,-4.635426,-3.841156,3.2709656,4.879608,2.4604711999999997,-3.5441127,-4.2947474,0.39639282000000003,4.3160706,4.879608,-1.585494,-4.8397026,-4.260114,-0.36450195,4.3160706,4.879608,0.27840787,-4.7799106,-4.205965,-0.36450195,4.3160706,4.879608,0.27840787,-4.7799106,-4.205965,3.6769714000000002,4.3160706,4.879608,-3.8554654,-3.8709886,-3.5252304,3.6769714000000002,4.3160706,4.879608,-3.8554654,-3.8709886,-3.5252304,3.5507507,4.3160706,4.879608,-3.5381336,-3.5112567,-4.7884874,哈哈哈哈
1.4265747,2.6987915,-1.7703247,-1.2357668,-2.738223,2.613785,2.8155517999999997,3.9848022,0.7715453999999999,-2.6030759999999997,-4.049847,-0.28884894,-2.8492737,4.3160706,4.879608,1.8874186,-4.5116777,-5.028416,-2.8492737,4.3160706,4.879608,1.8874186,-4.5116777,-5.028416,-4.3181458,4.2579346000000005,4.879608,2.773447,-4.1088266,-3.9614491,-4.3181458,2.78479,4.879608,2.8254662,-2.601331,-3.7947571,-0.32946777,4.3160706,4.879608,-0.47760093000000003,-4.8874784,-3.9184139,-0.46673584,4.3160706,4.879608,-0.11310226,-4.8682479999999995,-3.8613182999999998,3.6769714000000002,4.3160706,4.879608,-4.0204906,-4.3743677,-3.4937131,3.6769714000000002,3.7150879999999997,-0.25857544,-3.804122,-3.3676662,1.5874279,3.6769714000000002,3.7150879999999997,-0.25857544,-3.804122,-3.3676662,1.5874279,-2.6810302999999998,4.3160706,4.879608,1.4251488,-4.648209,-4.635426,-3.841156,3.2709656,4.879608,2.4604711999999997,-3.5441127,-4.2947474,0.39639282000000003,4.3160706,4.879608,-1.585494,-4.8397026,-4.260114,-0.36450195,4.3160706,4.879608,0.27840787,-4.7799106,-4.205965,-0.36450195,4.3160706,4.879608,0.27840787,-4.7799106,-4.205965,3.6769714000000002,4.3160706,4.879608,-3.8554654,-3.8709886,-3.5252304,3.6769714000000002,4.3160706,4.879608,-3.8554654,-3.8709886,-3.5252304,3.5507507,4.3160706,4.879608,-3.5381336,-3.5112567,-4.7884874,-0.26379395,3.9475403,4.879608,0.31818163,-3.107725,-4.770099,哈哈哈哈
2.8155517999999997,3.9848022,0.7715453999999999,-2.6030759999999997,-4.049847,-0.28884894,-2.8492737,4.3160706,4.879608,1.8874186,-4.5116777,-5.028416,-2.8492737,4.3160706,4.879608,1.8874186,-4.5116777,-5.028416,-4.3181458,4.2579346000000005,4.879608,2.773447,-4.1088266,-3.9614491,-4.3181458,2.78479,4.879608,2.8254662,-2.601331,-3.7947571,-0.32946777,4.3160706,4.879608,-0.47760093000000003,-4.8874784,-3.9184139,-0.46673584,4.3160706,4.879608,-0.11310226,-4.8682479999999995,-3.8613182999999998,3.6769714000000002,4.3160706,4.879608,-4.0204906,-4.3743677,-3.4937131,3.6769714000000002,3.7150879999999997,-0.25857544,-3.804122,-3.3676662,1.5874279,3.6769714000000002,3.7150879999999997,-0.25857544,-3.804122,-3.3676662,1.5874279,-2.6810302999999998,4.3160706,4.879608,1.4251488,-4.648209,-4.635426,-3.841156,3.2709656,4.879608,2.4604711999999997,-3.5441127,-4.2947474,0.39639282000000003,4.3160706,4.879608,-1.585494,-4.8397026,-4.260114,-0.36450195,4.3160706,4.879608,0.27840787,-4.7799106,-4.205965,-0.36450195,4.3160706,4.879608,0.27840787,-4.7799106,-4.205965,3.6769714000000002,4.3160706,4.879608,-3.8554654,-3.8709886,-3.5252304,3.6769714000000002,4.3160706,4.879608,-3.8554654,-3.8709886,-3.5252304,3.5507507,4.3160706,4.879608,-3.5381336,-3.5112567,-4.7884874,-0.26379395,3.9475403,4.879608,0.31818163,-3.107725,-4.770099,-0.5030823,3.8400879999999997,4.879608,0.677534,-3.2639565,-4.7694,哈哈哈哈
-2.8492737,4.3160706,4.879608,1.8874186,-4.5116777,-5.028416,-2.8492737,4.3160706,4.879608,1.8874186,-4.5116777,-5.028416,-4.3181458,4.2579346000000005,4.879608,2.773447,-4.1088266,-3.9614491,-4.3181458,2.78479,4.879608,2.8254662,-2.601331,-3.7947571,-0.32946777,4.3160706,4.879608,-0.47760093000000003,-4.8874784,-3.9184139,-0.46673584,4.3160706,4.879608,-0.11310226,-4.8682479999999995,-3.8613182999999998,3.6769714000000002,4.3160706,4.879608,-4.0204906,-4.3743677,-3.4937131,3.6769714000000002,3.7150879999999997,-0.25857544,-3.804122,-3.3676662,1.5874279,3.6769714000000002,3.7150879999999997,-0.25857544,-3.804122,-3.3676662,1.5874279,-2.6810302999999998,4.3160706,4.879608,1.4251488,-4.648209,-4.635426,-3.841156,3.2709656,4.879608,2.4604711999999997,-3.5441127,-4.2947474,0.39639282000000003,4.3160706,4.879608,-1.585494,-4.8397026,-4.260114,-0.36450195,4.3160706,4.879608,0.27840787,-4.7799106,-4.205965,-0.36450195,4.3160706,4.879608,0.27840787,-4.7799106,-4.205965,3.6769714000000002,4.3160706,4.879608,-3.8554654,-3.8709886,-3.5252304,3.6769714000000002,4.3160706,4.879608,-3.8554654,-3.8709886,-3.5252304,3.5507507,4.3160706,4.879608,-3.5381336,-3.5112567,-4.7884874,-0.26379395,3.9475403,4.879608,0.31818163,-3.107725,-4.770099,-0.5030823,3.8400879999999997,4.879608,0.677534,-3.2639565,-4.7694,-4.3181458,4.3160706,4.879608,2.7518363,-3.8084707,-4.5532837,哈哈哈哈
-2.8492737,4.3160706,4.879608,1.8874186,-4.5116777,-5.028416,-4.3181458,4.2579346000000005,4.879608,2.773447,-4.1088266,-3.9614491,-4.3181458,2.78479,4.879608,2.8254662,-2.601331,-3.7947571,-0.32946777,4.3160706,4.879608,-0.47760093000000003,-4.8874784,-3.9184139,-0.46673584,4.3160706,4.879608,-0.11310226,-4.8682479999999995,-3.8613182999999998,3.6769714000000002,4.3160706,4.879608,-4.0204906,-4.3743677,-3.4937131,3.6769714000000002,3.7150879999999997,-0.25857544,-3.804122,-3.3676662,1.5874279,3.6769714000000002,3.7150879999999997,-0.25857544,-3.804122,-3.3676662,1.5874279,-2.6810302999999998,4.3160706,4.879608,1.4251488,-4.648209,-4.635426,-3.841156,3.2709656,4.879608,2.4604711999999997,-3.5441127,-4.2947474,0.39639282000000003,4.3160706,4.879608,-1.585494,-4.8397026,-4.260114,-0.36450195,4.3160706,4.879608,0.27840787,-4.7799106,-4.205965,-0.36450195,4.3160706,4.879608,0.27840787,-4.7799106,-4.205965,3.6769714000000002,4.3160706,4.879608,-3.8554654,-3.8709886,-3.5252304,3.6769714000000002,4.3160706,4.879608,-3.8554654,-3.8709886,-3.5252304,3.5507507,4.3160706,4.879608,-3.5381336,-3.5112567,-4.7884874,-0.26379395,3.9475403,4.879608,0.31818163,-3.107725,-4.770099,-0.5030823,3.8400879999999997,4.879608,0.677534,-3.2639565,-4.7694,-4.3181458,4.3160706,4.879608,2.7518363,-3.8084707,-4.5532837,-4.3181458,3.0952759,4.0719604,2.7037182,-2.529191,-3.5587394,哈哈哈哈
-4.3181458,4.2579346000000005,4.879608,2.773447,-4.1088266,-3.9614491,-4.3181458,2.78479,4.879608,2.8254662,-2.601331,-3.7947571,-0.32946777,4.3160706,4.879608,-0.47760093000000003,-4.8874784,-3.9184139,-0.46673584,4.3160706,4.879608,-0.11310226,-4.8682479999999995,-3.8613182999999998,3.6769714000000002,4.3160706,4.879608,-4.0204906,-4.3743677,-3.4937131,3.6769714000000002,3.7150879999999997,-0.25857544,-3.804122,-3.3676662,1.5874279,3.6769714000000002,3.7150879999999997,-0.25857544,-3.804122,-3.3676662,1.5874279,-2.6810302999999998,4.3160706,4.879608,1.4251488,-4.648209,-4.635426,-3.841156,3.2709656,4.879608,2.4604711999999997,-3.5441127,-4.2947474,0.39639282000000003,4.3160706,4.879608,-1.585494,-4.8397026,-4.260114,-0.36450195,4.3160706,4.879608,0.27840787,-4.7799106,-4.205965,-0.36450195,4.3160706,4.879608,0.27840787,-4.7799106,-4.205965,3.6769714000000002,4.3160706,4.879608,-3.8554654,-3.8709886,-3.5252304,3.6769714000000002,4.3160706,4.879608,-3.8554654,-3.8709886,-3.5252304,3.5507507,4.3160706,4.879608,-3.5381336,-3.5112567,-4.7884874,-0.26379395,3.9475403,4.879608,0.31818163,-3.107725,-4.770099,-0.5030823,3.8400879999999997,4.879608,0.677534,-3.2639565,-4.7694,-4.3181458,4.3160706,4.879608,2.7518363,-3.8084707,-4.5532837,-4.3181458,3.0952759,4.0719604,2.7037182,-2.529191,-3.5587394,0.031066895,4.3160706,4.879608,-0.027610183000000003,-4.5292244,-4.774369,哈哈哈哈
-4.3181458,2.78479,4.879608,2.8254662,-2.601331,-3.7947571,-0.32946777,4.3160706,4.879608,-0.47760093000000003,-4.8874784,-3.9184139,-0.46673584,4.3160706,4.879608,-0.11310226,-4.8682479999999995,-3.8613182999999998,3.6769714000000002,4.3160706,4.879608,-4.0204906,-4.3743677,-3.4937131,3.6769714000000002,3.7150879999999997,-0.25857544,-3.804122,-3.3676662,1.5874279,3.6769714000000002,3.7150879999999997,-0.25857544,-3.804122,-3.3676662,1.5874279,-2.6810302999999998,4.3160706,4.879608,1.4251488,-4.648209,-4.635426,-3.841156,3.2709656,4.879608,2.4604711999999997,-3.5441127,-4.2947474,0.39639282000000003,4.3160706,4.879608,-1.585494,-4.8397026,-4.260114,-0.36450195,4.3160706,4.879608,0.27840787,-4.7799106,-4.205965,-0.36450195,4.3160706,4.879608,0.27840787,-4.7799106,-4.205965,3.6769714000000002,4.3160706,4.879608,-3.8554654,-3.8709886,-3.5252304,3.6769714000000002,4.3160706,4.879608,-3.8554654,-3.8709886,-3.5252304,3.5507507,4.3160706,4.879608,-3.5381336,-3.5112567,-4.7884874,-0.26379395,3.9475403,4.879608,0.31818163,-3.107725,-4.770099,-0.5030823,3.8400879999999997,4.879608,0.677534,-3.2639565,-4.7694,-4.3181458,4.3160706,4.879608,2.7518363,-3.8084707,-4.5532837,-4.3181458,3.0952759,4.0719604,2.7037182,-2.529191,-3.5587394,0.031066895,4.3160706,4.879608,-0.027610183000000003,-4.5292244,-4.774369,0.7424010999999999,4.3160706,4.879608,-0.45839292000000004,-3.8009459999999997,-4.2127705,哈哈哈哈
-0.32946777,4.3160706,4.879608,-0.47760093000000003,-4.8874784,-3.9184139,-0.46673584,4.3160706,4.879608,-0.11310226,-4.8682479999999995,-3.8613182999999998,3.6769714000000002,4.3160706,4.879608,-4.0204906,-4.3743677,-3.4937131,3.6769714000000002,3.7150879999999997,-0.25857544,-3.804122,-3.3676662,1.5874279,3.6769714000000002,3.7150879999999997,-0.25857544,-3.804122,-3.3676662,1.5874279,-2.6810302999999998,4.3160706,4.879608,1.4251488,-4.648209,-4.635426,-3.841156,3.2709656,4.879608,2.4604711999999997,-3.5441127,-4.2947474,0.39639282000000003,4.3160706,4.879608,-1.585494,-4.8397026,-4.260114,-0.36450195,4.3160706,4.879608,0.27840787,-4.7799106,-4.205965,-0.36450195,4.3160706,4.879608,0.27840787,-4.7799106,-4.205965,3.6769714000000002,4.3160706,4.879608,-3.8554654,-3.8709886,-3.5252304,3.6769714000000002,4.3160706,4.879608,-3.8554654,-3.8709886,-3.5252304,3.5507507,4.3160706,4.879608,-3.5381336,-3.5112567,-4.7884874,-0.26379395,3.9475403,4.879608,0.31818163,-3.107725,-4.770099,-0.5030823,3.8400879999999997,4.879608,0.677534,-3.2639565,-4.7694,-4.3181458,4.3160706,4.879608,2.7518363,-3.8084707,-4.5532837,-4.3181458,3.0952759,4.0719604,2.7037182,-2.529191,-3.5587394,0.031066895,4.3160706,4.879608,-0.027610183000000003,-4.5292244,-4.774369,0.7424010999999999,4.3160706,4.879608,-0.45839292000000004,-3.8009459999999997,-4.2127705,3.6769714000000002,4.3160706,-3.115509,-5.049441,-3.5001142,4.130075,哈哈哈哈
-0.46673584,4.3160706,4.879608,-0.11310226,-4.8682479999999995,-3.8613182999999998,3.6769714000000002,4.3160706,4.879608,-4.0204906,-4.3743677,-3.4937131,3.6769714000000002,3.7150879999999997,-0.25857544,-3.804122,-3.3676662,1.5874279,3.6769714000000002,3.7150879999999997,-0.25857544,-3.804122,-3.3676662,1.5874279,-2.6810302999999998,4.3160706,4.879608,1.4251488,-4.648209,-4.635426,-3.841156,3.2709656,4.879608,2.4604711999999997,-3.5441127,-4.2947474,0.39639282000000003,4.3160706,4.879608,-1.585494,-4.8397026,-4.260114,-0.36450195,4.3160706,4.879608,0.27840787,-4.7799106,-4.205965,-0.36450195,4.3160706,4.879608,0.27840787,-4.7799106,-4.205965,3.6769714000000002,4.3160706,4.879608,-3.8554654,-3.8709886,-3.5252304,3.6769714000000002,4.3160706,4.879608,-3.8554654,-3.8709886,-3.5252304,3.5507507,4.3160706,4.879608,-3.5381336,-3.5112567,-4.7884874,-0.26379395,3.9475403,4.879608,0.31818163,-3.107725,-4.770099,-0.5030823,3.8400879999999997,4.879608,0.677534,-3.2639565,-4.7694,-4.3181458,4.3160706,4.879608,2.7518363,-3.8084707,-4.5532837,-4.3181458,3.0952759,4.0719604,2.7037182,-2.529191,-3.5587394,0.031066895,4.3160706,4.879608,-0.027610183000000003,-4.5292244,-4.774369,0.7424010999999999,4.3160706,4.879608,-0.45839292000000004,-3.8009459999999997,-4.2127705,3.6769714000000002,4.3160706,-3.115509,-5.049441,-3.5001142,4.130075,3.4865722999999997,4.3160706,4.6742554,-4.6209965,-3.1321878,-4.008533,哈哈哈哈
3.6769714000000002,4.3160706,4.879608,-4.0204906,-4.3743677,-3.4937131,3.6769714000000002,3.7150879999999997,-0.25857544,-3.804122,-3.3676662,1.5874279,3.6769714000000002,3.7150879999999997,-0.25857544,-3.804122,-3.3676662,1.5874279,-2.6810302999999998,4.3160706,4.879608,1.4251488,-4.648209,-4.635426,-3.841156,3.2709656,4.879608,2.4604711999999997,-3.5441127,-4.2947474,0.39639282000000003,4.3160706,4.879608,-1.585494,-4.8397026,-4.260114,-0.36450195,4.3160706,4.879608,0.27840787,-4.7799106,-4.205965,-0.36450195,4.3160706,4.879608,0.27840787,-4.7799106,-4.205965,3.6769714000000002,4.3160706,4.879608,-3.8554654,-3.8709886,-3.5252304,3.6769714000000002,4.3160706,4.879608,-3.8554654,-3.8709886,-3.5252304,3.5507507,4.3160706,4.879608,-3.5381336,-3.5112567,-4.7884874,-0.26379395,3.9475403,4.879608,0.31818163,-3.107725,-4.770099,-0.5030823,3.8400879999999997,4.879608,0.677534,-3.2639565,-4.7694,-4.3181458,4.3160706,4.879608,2.7518363,-3.8084707,-4.5532837,-4.3181458,3.0952759,4.0719604,2.7037182,-2.529191,-3.5587394,0.031066895,4.3160706,4.879608,-0.027610183000000003,-4.5292244,-4.774369,0.7424010999999999,4.3160706,4.879608,-0.45839292000000004,-3.8009459999999997,-4.2127705,3.6769714000000002,4.3160706,-3.115509,-5.049441,-3.5001142,4.130075,3.4865722999999997,4.3160706,4.6742554,-4.6209965,-3.1321878,-4.008533,3.4865722999999997,4.3160706,4.6742554,-4.6209965,-3.1321878,-4.008533,哈哈哈哈
3.6769714000000002,3.7150879999999997,-0.25857544,-3.804122,-3.3676662,1.5874279,3.6769714000000002,3.7150879999999997,-0.25857544,-3.804122,-3.3676662,1.5874279,-2.6810302999999998,4.3160706,4.879608,1.4251488,-4.648209,-4.635426,-3.841156,3.2709656,4.879608,2.4604711999999997,-3.5441127,-4.2947474,0.39639282000000003,4.3160706,4.879608,-1.585494,-4.8397026,-4.260114,-0.36450195,4.3160706,4.879608,0.27840787,-4.7799106,-4.205965,-0.36450195,4.3160706,4.879608,0.27840787,-4.7799106,-4.205965,3.6769714000000002,4.3160706,4.879608,-3.8554654,-3.8709886,-3.5252304,3.6769714000000002,4.3160706,4.879608,-3.8554654,-3.8709886,-3.5252304,3.5507507,4.3160706,4.879608,-3.5381336,-3.5112567,-4.7884874,-0.26379395,3.9475403,4.879608,0.31818163,-3.107725,-4.770099,-0.5030823,3.8400879999999997,4.879608,0.677534,-3.2639565,-4.7694,-4.3181458,4.3160706,4.879608,2.7518363,-3.8084707,-4.5532837,-4.3181458,3.0952759,4.0719604,2.7037182,-2.529191,-3.5587394,0.031066895,4.3160706,4.879608,-0.027610183000000003,-4.5292244,-4.774369,0.7424010999999999,4.3160706,4.879608,-0.45839292000000004,-3.8009459999999997,-4.2127705,3.6769714000000002,4.3160706,-3.115509,-5.049441,-3.5001142,4.130075,3.4865722999999997,4.3160706,4.6742554,-4.6209965,-3.1321878,-4.008533,3.4865722999999997,4.3160706,4.6742554,-4.6209965,-3.1321878,-4.008533,-2.858307,4.3160706,4.879608,2.4759908,-3.2243862,-4.9141072999999995,哈哈哈哈
3.6769714000000002,3.7150879999999997,-0.25857544,-3.804122,-3.3676662,1.5874279,-2.6810302999999998,4.3160706,4.879608,1.4251488,-4.648209,-4.635426,-3.841156,3.2709656,4.879608,2.4604711999999997,-3.5441127,-4.2947474,0.39639282000000003,4.3160706,4.879608,-1.585494,-4.8397026,-4.260114,-0.36450195,4.3160706,4.879608,0.27840787,-4.7799106,-4.205965,-0.36450195,4.3160706,4.879608,0.27840787,-4.7799106,-4.205965,3.6769714000000002,4.3160706,4.879608,-3.8554654,-3.8709886,-3.5252304,3.6769714000000002,4.3160706,4.879608,-3.8554654,-3.8709886,-3.5252304,3.5507507,4.3160706,4.879608,-3.5381336,-3.5112567,-4.7884874,-0.26379395,3.9475403,4.879608,0.31818163,-3.107725,-4.770099,-0.5030823,3.8400879999999997,4.879608,0.677534,-3.2639565,-4.7694,-4.3181458,4.3160706,4.879608,2.7518363,-3.8084707,-4.5532837,-4.3181458,3.0952759,4.0719604,2.7037182,-2.529191,-3.5587394,0.031066895,4.3160706,4.879608,-0.027610183000000003,-4.5292244,-4.774369,0.7424010999999999,4.3160706,4.879608,-0.45839292000000004,-3.8009459999999997,-4.2127705,3.6769714000000002,4.3160706,-3.115509,-5.049441,-3.5001142,4.130075,3.4865722999999997,4.3160706,4.6742554,-4.6209965,-3.1321878,-4.008533,3.4865722999999997,4.3160706,4.6742554,-4.6209965,-3.1321878,-4.008533,-2.858307,4.3160706,4.879608,2.4759908,-3.2243862,-4.9141072999999995,-3.6601257,4.3160706,4.879608,3.1568851,-3.2093081,-4.9362373,哈哈哈哈
-2.6810302999999998,4.3160706,4.879608,1.4251488,-4.648209,-4.635426,-3.841156,3.2709656,4.879608,2.4604711999999997,-3.5441127,-4.2947474,0.39639282000000003,4.3160706,4.879608,-1.585494,-4.8397026,-4.260114,-0.36450195,4.3160706,4.879608,0.27840787,-4.7799106,-4.205965,-0.36450195,4.3160706,4.879608,0.27840787,-4.7799106,-4.205965,3.6769714000000002,4.3160706,4.879608,-3.8554654,-3.8709886,-3.5252304,3.6769714000000002,4.3160706,4.879608,-3.8554654,-3.8709886,-3.5252304,3.5507507,4.3160706,4.879608,-3.5381336,-3.5112567,-4.7884874,-0.26379395,3.9475403,4.879608,0.31818163,-3.107725,-4.770099,-0.5030823,3.8400879999999997,4.879608,0.677534,-3.2639565,-4.7694,-4.3181458,4.3160706,4.879608,2.7518363,-3.8084707,-4.5532837,-4.3181458,3.0952759,4.0719604,2.7037182,-2.529191,-3.5587394,0.031066895,4.3160706,4.879608,-0.027610183000000003,-4.5292244,-4.774369,0.7424010999999999,4.3160706,4.879608,-0.45839292000000004,-3.8009459999999997,-4.2127705,3.6769714000000002,4.3160706,-3.115509,-5.049441,-3.5001142,4.130075,3.4865722999999997,4.3160706,4.6742554,-4.6209965,-3.1321878,-4.008533,3.4865722999999997,4.3160706,4.6742554,-4.6209965,-3.1321878,-4.008533,-2.858307,4.3160706,4.879608,2.4759908,-3.2243862,-4.9141072999999995,-3.6601257,4.3160706,4.879608,3.1568851,-3.2093081,-4.9362373,-3.6601257,4.3160706,4.879608,3.1568851,-3.2093081,-4.9362373,哈哈哈哈
-3.841156,3.2709656,4.879608,2.4604711999999997,-3.5441127,-4.2947474,0.39639282000000003,4.3160706,4.879608,-1.585494,-4.8397026,-4.260114,-0.36450195,4.3160706,4.879608,0.27840787,-4.7799106,-4.205965,-0.36450195,4.3160706,4.879608,0.27840787,-4.7799106,-4.205965,3.6769714000000002,4.3160706,4.879608,-3.8554654,-3.8709886,-3.5252304,3.6769714000000002,4.3160706,4.879608,-3.8554654,-3.8709886,-3.5252304,3.5507507,4.3160706,4.879608,-3.5381336,-3.5112567,-4.7884874,-0.26379395,3.9475403,4.879608,0.31818163,-3.107725,-4.770099,-0.5030823,3.8400879999999997,4.879608,0.677534,-3.2639565,-4.7694,-4.3181458,4.3160706,4.879608,2.7518363,-3.8084707,-4.5532837,-4.3181458,3.0952759,4.0719604,2.7037182,-2.529191,-3.5587394,0.031066895,4.3160706,4.879608,-0.027610183000000003,-4.5292244,-4.774369,0.7424010999999999,4.3160706,4.879608,-0.45839292000000004,-3.8009459999999997,-4.2127705,3.6769714000000002,4.3160706,-3.115509,-5.049441,-3.5001142,4.130075,3.4865722999999997,4.3160706,4.6742554,-4.6209965,-3.1321878,-4.008533,3.4865722999999997,4.3160706,4.6742554,-4.6209965,-3.1321878,-4.008533,-2.858307,4.3160706,4.879608,2.4759908,-3.2243862,-4.9141072999999995,-3.6601257,4.3160706,4.879608,3.1568851,-3.2093081,-4.9362373,-3.6601257,4.3160706,4.879608,3.1568851,-3.2093081,-4.9362373,-3.6601257,4.3160706,4.879608,3.1568851,-3.2093081,-4.9362373,哈哈哈哈
0.39639282000000003,4.3160706,4.879608,-1.585494,-4.8397026,-4.260114,-0.36450195,4.3160706,4.879608,0.27840787,-4.7799106,-4.205965,-0.36450195,4.3160706,4.879608,0.27840787,-4.7799106,-4.205965,3.6769714000000002,4.3160706,4.879608,-3.8554654,-3.8709886,-3.5252304,3.6769714000000002,4.3160706,4.879608,-3.8554654,-3.8709886,-3.5252304,3.5507507,4.3160706,4.879608,-3.5381336,-3.5112567,-4.7884874,-0.26379395,3.9475403,4.879608,0.31818163,-3.107725,-4.770099,-0.5030823,3.8400879999999997,4.879608,0.677534,-3.2639565,-4.7694,-4.3181458,4.3160706,4.879608,2.7518363,-3.8084707,-4.5532837,-4.3181458,3.0952759,4.0719604,2.7037182,-2.529191,-3.5587394,0.031066895,4.3160706,4.879608,-0.027610183000000003,-4.5292244,-4.774369,0.7424010999999999,4.3160706,4.879608,-0.45839292000000004,-3.8009459999999997,-4.2127705,3.6769714000000002,4.3160706,-3.115509,-5.049441,-3.5001142,4.130075,3.4865722999999997,4.3160706,4.6742554,-4.6209965,-3.1321878,-4.008533,3.4865722999999997,4.3160706,4.6742554,-4.6209965,-3.1321878,-4.008533,-2.858307,4.3160706,4.879608,2.4759908,-3.2243862,-4.9141072999999995,-3.6601257,4.3160706,4.879608,3.1568851,-3.2093081,-4.9362373,-3.6601257,4.3160706,4.879608,3.1568851,-3.2093081,-4.9362373,-3.6601257,4.3160706,4.879608,3.1568851,-3.2093081,-4.9362373,1.9901733,2.5575562,4.879608,-2.6805186,-1.8947467,-5.271702,哈哈哈哈
-0.36450195,4.3160706,4.879608,0.27840787,-4.7799106,-4.205965,-0.36450195,4.3160706,4.879608,0.27840787,-4.7799106,-4.205965,3.6769714000000002,4.3160706,4.879608,-3.8554654,-3.8709886,-3.5252304,3.6769714000000002,4.3160706,4.879608,-3.8554654,-3.8709886,-3.5252304,3.5507507,4.3160706,4.879608,-3.5381336,-3.5112567,-4.7884874,-0.26379395,3.9475403,4.879608,0.31818163,-3.107725,-4.770099,-0.5030823,3.8400879999999997,4.879608,0.677534,-3.2639565,-4.7694,-4.3181458,4.3160706,4.879608,2.7518363,-3.8084707,-4.5532837,-4.3181458,3.0952759,4.0719604,2.7037182,-2.529191,-3.5587394,0.031066895,4.3160706,4.879608,-0.027610183000000003,-4.5292244,-4.774369,0.7424010999999999,4.3160706,4.879608,-0.45839292000000004,-3.8009459999999997,-4.2127705,3.6769714000000002,4.3160706,-3.115509,-5.049441,-3.5001142,4.130075,3.4865722999999997,4.3160706,4.6742554,-4.6209965,-3.1321878,-4.008533,3.4865722999999997,4.3160706,4.6742554,-4.6209965,-3.1321878,-4.008533,-2.858307,4.3160706,4.879608,2.4759908,-3.2243862,-4.9141072999999995,-3.6601257,4.3160706,4.879608,3.1568851,-3.2093081,-4.9362373,-3.6601257,4.3160706,4.879608,3.1568851,-3.2093081,-4.9362373,-3.6601257,4.3160706,4.879608,3.1568851,-3.2093081,-4.9362373,1.9901733,2.5575562,4.879608,-2.6805186,-1.8947467,-5.271702,0.43490599999999996,4.3160706,4.879608,-0.48452294,-3.8442144,-5.070291,哈哈哈哈
-0.36450195,4.3160706,4.879608,0.27840787,-4.7799106,-4.205965,3.6769714000000002,4.3160706,4.879608,-3.8554654,-3.8709886,-3.5252304,3.6769714000000002,4.3160706,4.879608,-3.8554654,-3.8709886,-3.5252304,3.5507507,4.3160706,4.879608,-3.5381336,-3.5112567,-4.7884874,-0.26379395,3.9475403,4.879608,0.31818163,-3.107725,-4.770099,-0.5030823,3.8400879999999997,4.879608,0.677534,-3.2639565,-4.7694,-4.3181458,4.3160706,4.879608,2.7518363,-3.8084707,-4.5532837,-4.3181458,3.0952759,4.0719604,2.7037182,-2.529191,-3.5587394,0.031066895,4.3160706,4.879608,-0.027610183000000003,-4.5292244,-4.774369,0.7424010999999999,4.3160706,4.879608,-0.45839292000000004,-3.8009459999999997,-4.2127705,3.6769714000000002,4.3160706,-3.115509,-5.049441,-3.5001142,4.130075,3.4865722999999997,4.3160706,4.6742554,-4.6209965,-3.1321878,-4.008533,3.4865722999999997,4.3160706,4.6742554,-4.6209965,-3.1321878,-4.008533,-2.858307,4.3160706,4.879608,2.4759908,-3.2243862,-4.9141072999999995,-3.6601257,4.3160706,4.879608,3.1568851,-3.2093081,-4.9362373,-3.6601257,4.3160706,4.879608,3.1568851,-3.2093081,-4.9362373,-3.6601257,4.3160706,4.879608,3.1568851,-3.2093081,-4.9362373,1.9901733,2.5575562,4.879608,-2.6805186,-1.8947467,-5.271702,0.43490599999999996,4.3160706,4.879608,-0.48452294,-3.8442144,-5.070291,0.4845581,4.3160706,4.879608,-0.35310444,-3.6800132,-4.797316,哈哈哈哈
3.6769714000000002,4.3160706,4.879608,-3.8554654,-3.8709886,-3.5252304,3.6769714000000002,4.3160706,4.879608,-3.8554654,-3.8709886,-3.5252304,3.5507507,4.3160706,4.879608,-3.5381336,-3.5112567,-4.7884874,-0.26379395,3.9475403,4.879608,0.31818163,-3.107725,-4.770099,-0.5030823,3.8400879999999997,4.879608,0.677534,-3.2639565,-4.7694,-4.3181458,4.3160706,4.879608,2.7518363,-3.8084707,-4.5532837,-4.3181458,3.0952759,4.0719604,2.7037182,-2.529191,-3.5587394,0.031066895,4.3160706,4.879608,-0.027610183000000003,-4.5292244,-4.774369,0.7424010999999999,4.3160706,4.879608,-0.45839292000000004,-3.8009459999999997,-4.2127705,3.6769714000000002,4.3160706,-3.115509,-5.049441,-3.5001142,4.130075,3.4865722999999997,4.3160706,4.6742554,-4.6209965,-3.1321878,-4.008533,3.4865722999999997,4.3160706,4.6742554,-4.6209965,-3.1321878,-4.008533,-2.858307,4.3160706,4.879608,2.4759908,-3.2243862,-4.9141072999999995,-3.6601257,4.3160706,4.879608,3.1568851,-3.2093081,-4.9362373,-3.6601257,4.3160706,4.879608,3.1568851,-3.2093081,-4.9362373,-3.6601257,4.3160706,4.879608,3.1568851,-3.2093081,-4.9362373,1.9901733,2.5575562,4.879608,-2.6805186,-1.8947467,-5.271702,0.43490599999999996,4.3160706,4.879608,-0.48452294,-3.8442144,-5.070291,0.4845581,4.3160706,4.879608,-0.35310444,-3.6800132,-4.797316,0.87164307,4.3160706,4.879608,-2.1821308,-3.2300496,-4.427296,哈哈哈哈
3.6769714000000002,4.3160706,4.879608,-3.8554654,-3.8709886,-3.5252304,3.5507507,4.3160706,4.879608,-3.5381336,-3.5112567,-4.7884874,-0.26379395,3.9475403,4.879608,0.31818163,-3.107725,-4.770099,-0.5030823,3.8400879999999997,4.879608,0.677534,-3.2639565,-4.7694,-4.3181458,4.3160706,4.879608,2.7518363,-3.8084707,-4.5532837,-4.3181458,3.0952759,4.0719604,2.7037182,-2.529191,-3.5587394,0.031066895,4.3160706,4.879608,-0.027610183000000003,-4.5292244,-4.774369,0.7424010999999999,4.3160706,4.879608,-0.45839292000000004,-3.8009459999999997,-4.2127705,3.6769714000000002,4.3160706,-3.115509,-5.049441,-3.5001142,4.130075,3.4865722999999997,4.3160706,4.6742554,-4.6209965,-3.1321878,-4.008533,3.4865722999999997,4.3160706,4.6742554,-4.6209965,-3.1321878,-4.008533,-2.858307,4.3160706,4.879608,2.4759908,-3.2243862,-4.9141072999999995,-3.6601257,4.3160706,4.879608,3.1568851,-3.2093081,-4.9362373,-3.6601257,4.3160706,4.879608,3.1568851,-3.2093081,-4.9362373,-3.6601257,4.3160706,4.879608,3.1568851,-3.2093081,-4.9362373,1.9901733,2.5575562,4.879608,-2.6805186,-1.8947467,-5.271702,0.43490599999999996,4.3160706,4.879608,-0.48452294,-3.8442144,-5.070291,0.4845581,4.3160706,4.879608,-0.35310444,-3.6800132,-4.797316,0.87164307,4.3160706,4.879608,-2.1821308,-3.2300496,-4.427296,0.87164307,4.3160706,4.879608,-2.1821308,-3.2300496,-4.427296,哈哈哈哈
3.5507507,4.3160706,4.879608,-3.5381336,-3.5112567,-4.7884874,-0.26379395,3.9475403,4.879608,0.31818163,-3.107725,-4.770099,-0.5030823,3.8400879999999997,4.879608,0.677534,-3.2639565,-4.7694,-4.3181458,4.3160706,4.879608,2.7518363,-3.8084707,-4.5532837,-4.3181458,3.0952759,4.0719604,2.7037182,-2.529191,-3.5587394,0.031066895,4.3160706,4.879608,-0.027610183000000003,-4.5292244,-4.774369,0.7424010999999999,4.3160706,4.879608,-0.45839292000000004,-3.8009459999999997,-4.2127705,3.6769714000000002,4.3160706,-3.115509,-5.049441,-3.5001142,4.130075,3.4865722999999997,4.3160706,4.6742554,-4.6209965,-3.1321878,-4.008533,3.4865722999999997,4.3160706,4.6742554,-4.6209965,-3.1321878,-4.008533,-2.858307,4.3160706,4.879608,2.4759908,-3.2243862,-4.9141072999999995,-3.6601257,4.3160706,4.879608,3.1568851,-3.2093081,-4.9362373,-3.6601257,4.3160706,4.879608,3.1568851,-3.2093081,-4.9362373,-3.6601257,4.3160706,4.879608,3.1568851,-3.2093081,-4.9362373,1.9901733,2.5575562,4.879608,-2.6805186,-1.8947467,-5.271702,0.43490599999999996,4.3160706,4.879608,-0.48452294,-3.8442144,-5.070291,0.4845581,4.3160706,4.879608,-0.35310444,-3.6800132,-4.797316,0.87164307,4.3160706,4.879608,-2.1821308,-3.2300496,-4.427296,0.87164307,4.3160706,4.879608,-2.1821308,-3.2300496,-4.427296,-2.7795104999999998,2.423523,4.879608,2.5361042,-1.627288,-5.090943,哈哈哈哈
-0.26379395,3.9475403,4.879608,0.31818163,-3.107725,-4.770099,-0.5030823,3.8400879999999997,4.879608,0.677534,-3.2639565,-4.7694,-4.3181458,4.3160706,4.879608,2.7518363,-3.8084707,-4.5532837,-4.3181458,3.0952759,4.0719604,2.7037182,-2.529191,-3.5587394,0.031066895,4.3160706,4.879608,-0.027610183000000003,-4.5292244,-4.774369,0.7424010999999999,4.3160706,4.879608,-0.45839292000000004,-3.8009459999999997,-4.2127705,3.6769714000000002,4.3160706,-3.115509,-5.049441,-3.5001142,4.130075,3.4865722999999997,4.3160706,4.6742554,-4.6209965,-3.1321878,-4.008533,3.4865722999999997,4.3160706,4.6742554,-4.6209965,-3.1321878,-4.008533,-2.858307,4.3160706,4.879608,2.4759908,-3.2243862,-4.9141072999999995,-3.6601257,4.3160706,4.879608,3.1568851,-3.2093081,-4.9362373,-3.6601257,4.3160706,4.879608,3.1568851,-3.2093081,-4.9362373,-3.6601257,4.3160706,4.879608,3.1568851,-3.2093081,-4.9362373,1.9901733,2.5575562,4.879608,-2.6805186,-1.8947467,-5.271702,0.43490599999999996,4.3160706,4.879608,-0.48452294,-3.8442144,-5.070291,0.4845581,4.3160706,4.879608,-0.35310444,-3.6800132,-4.797316,0.87164307,4.3160706,4.879608,-2.1821308,-3.2300496,-4.427296,0.87164307,4.3160706,4.879608,-2.1821308,-3.2300496,-4.427296,-2.7795104999999998,2.423523,4.879608,2.5361042,-1.627288,-5.090943,2.3169556,4.3160706,4.879608,-2.2627943,-3.5106807,-4.7514467,哈哈哈哈
-0.5030823,3.8400879999999997,4.879608,0.677534,-3.2639565,-4.7694,-4.3181458,4.3160706,4.879608,2.7518363,-3.8084707,-4.5532837,-4.3181458,3.0952759,4.0719604,2.7037182,-2.529191,-3.5587394,0.031066895,4.3160706,4.879608,-0.027610183000000003,-4.5292244,-4.774369,0.7424010999999999,4.3160706,4.879608,-0.45839292000000004,-3.8009459999999997,-4.2127705,3.6769714000000002,4.3160706,-3.115509,-5.049441,-3.5001142,4.130075,3.4865722999999997,4.3160706,4.6742554,-4.6209965,-3.1321878,-4.008533,3.4865722999999997,4.3160706,4.6742554,-4.6209965,-3.1321878,-4.008533,-2.858307,4.3160706,4.879608,2.4759908,-3.2243862,-4.9141072999999995,-3.6601257,4.3160706,4.879608,3.1568851,-3.2093081,-4.9362373,-3.6601257,4.3160706,4.879608,3.1568851,-3.2093081,-4.9362373,-3.6601257,4.3160706,4.879608,3.1568851,-3.2093081,-4.9362373,1.9901733,2.5575562,4.879608,-2.6805186,-1.8947467,-5.271702,0.43490599999999996,4.3160706,4.879608,-0.48452294,-3.8442144,-5.070291,0.4845581,4.3160706,4.879608,-0.35310444,-3.6800132,-4.797316,0.87164307,4.3160706,4.879608,-2.1821308,-3.2300496,-4.427296,0.87164307,4.3160706,4.879608,-2.1821308,-3.2300496,-4.427296,-2.7795104999999998,2.423523,4.879608,2.5361042,-1.627288,-5.090943,2.3169556,4.3160706,4.879608,-2.2627943,-3.5106807,-4.7514467,2.1259766,4.3160706,4.879608,-2.0967636,-3.347129,-4.499663,哈哈哈哈
-4.3181458,4.3160706,4.879608,2.7518363,-3.8084707,-4.5532837,-4.3181458,3.0952759,4.0719604,2.7037182,-2.529191,-3.5587394,0.031066895,4.3160706,4.879608,-0.027610183000000003,-4.5292244,-4.774369,0.7424010999999999,4.3160706,4.879608,-0.45839292000000004,-3.8009459999999997,-4.2127705,3.6769714000000002,4.3160706,-3.115509,-5.049441,-3.5001142,4.130075,3.4865722999999997,4.3160706,4.6742554,-4.6209965,-3.1321878,-4.008533,3.4865722999999997,4.3160706,4.6742554,-4.6209965,-3.1321878,-4.008533,-2.858307,4.3160706,4.879608,2.4759908,-3.2243862,-4.9141072999999995,-3.6601257,4.3160706,4.879608,3.1568851,-3.2093081,-4.9362373,-3.6601257,4.3160706,4.879608,3.1568851,-3.2093081,-4.9362373,-3.6601257,4.3160706,4.879608,3.1568851,-3.2093081,-4.9362373,1.9901733,2.5575562,4.879608,-2.6805186,-1.8947467,-5.271702,0.43490599999999996,4.3160706,4.879608,-0.48452294,-3.8442144,-5.070291,0.4845581,4.3160706,4.879608,-0.35310444,-3.6800132,-4.797316,0.87164307,4.3160706,4.879608,-2.1821308,-3.2300496,-4.427296,0.87164307,4.3160706,4.879608,-2.1821308,-3.2300496,-4.427296,-2.7795104999999998,2.423523,4.879608,2.5361042,-1.627288,-5.090943,2.3169556,4.3160706,4.879608,-2.2627943,-3.5106807,-4.7514467,2.1259766,4.3160706,4.879608,-2.0967636,-3.347129,-4.499663,3.6769714000000002,4.3160706,4.879608,-4.1536283,-3.0657477,-4.4783034,哈哈哈哈
-4.3181458,3.0952759,4.0719604,2.7037182,-2.529191,-3.5587394,0.031066895,4.3160706,4.879608,-0.027610183000000003,-4.5292244,-4.774369,0.7424010999999999,4.3160706,4.879608,-0.45839292000000004,-3.8009459999999997,-4.2127705,3.6769714000000002,4.3160706,-3.115509,-5.049441,-3.5001142,4.130075,3.4865722999999997,4.3160706,4.6742554,-4.6209965,-3.1321878,-4.008533,3.4865722999999997,4.3160706,4.6742554,-4.6209965,-3.1321878,-4.008533,-2.858307,4.3160706,4.879608,2.4759908,-3.2243862,-4.9141072999999995,-3.6601257,4.3160706,4.879608,3.1568851,-3.2093081,-4.9362373,-3.6601257,4.3160706,4.879608,3.1568851,-3.2093081,-4.9362373,-3.6601257,4.3160706,4.879608,3.1568851,-3.2093081,-4.9362373,1.9901733,2.5575562,4.879608,-2.6805186,-1.8947467,-5.271702,0.43490599999999996,4.3160706,4.879608,-0.48452294,-3.8442144,-5.070291,0.4845581,4.3160706,4.879608,-0.35310444,-3.6800132,-4.797316,0.87164307,4.3160706,4.879608,-2.1821308,-3.2300496,-4.427296,0.87164307,4.3160706,4.879608,-2.1821308,-3.2300496,-4.427296,-2.7795104999999998,2.423523,4.879608,2.5361042,-1.627288,-5.090943,2.3169556,4.3160706,4.879608,-2.2627943,-3.5106807,-4.7514467,2.1259766,4.3160706,4.879608,-2.0967636,-3.347129,-4.499663,3.6769714000000002,4.3160706,4.879608,-4.1536283,-3.0657477,-4.4783034,3.6769714000000002,4.3160706,4.879608,-4.1536283,-3.0657477,-4.4783034,哈哈哈哈
0.031066895,4.3160706,4.879608,-0.027610183000000003,-4.5292244,-4.774369,0.7424010999999999,4.3160706,4.879608,-0.45839292000000004,-3.8009459999999997,-4.2127705,3.6769714000000002,4.3160706,-3.115509,-5.049441,-3.5001142,4.130075,3.4865722999999997,4.3160706,4.6742554,-4.6209965,-3.1321878,-4.008533,3.4865722999999997,4.3160706,4.6742554,-4.6209965,-3.1321878,-4.008533,-2.858307,4.3160706,4.879608,2.4759908,-3.2243862,-4.9141072999999995,-3.6601257,4.3160706,4.879608,3.1568851,-3.2093081,-4.9362373,-3.6601257,4.3160706,4.879608,3.1568851,-3.2093081,-4.9362373,-3.6601257,4.3160706,4.879608,3.1568851,-3.2093081,-4.9362373,1.9901733,2.5575562,4.879608,-2.6805186,-1.8947467,-5.271702,0.43490599999999996,4.3160706,4.879608,-0.48452294,-3.8442144,-5.070291,0.4845581,4.3160706,4.879608,-0.35310444,-3.6800132,-4.797316,0.87164307,4.3160706,4.879608,-2.1821308,-3.2300496,-4.427296,0.87164307,4.3160706,4.879608,-2.1821308,-3.2300496,-4.427296,-2.7795104999999998,2.423523,4.879608,2.5361042,-1.627288,-5.090943,2.3169556,4.3160706,4.879608,-2.2627943,-3.5106807,-4.7514467,2.1259766,4.3160706,4.879608,-2.0967636,-3.347129,-4.499663,3.6769714000000002,4.3160706,4.879608,-4.1536283,-3.0657477,-4.4783034,3.6769714000000002,4.3160706,4.879608,-4.1536283,-3.0657477,-4.4783034,1.1054382,4.3160706,4.879608,-2.6486381999999997,-3.7271042,-4.7613144,哈哈哈哈
0.7424010999999999,4.3160706,4.879608,-0.45839292000000004,-3.8009459999999997,-4.2127705,3.6769714000000002,4.3160706,-3.115509,-5.049441,-3.5001142,4.130075,3.4865722999999997,4.3160706,4.6742554,-4.6209965,-3.1321878,-4.008533,3.4865722999999997,4.3160706,4.6742554,-4.6209965,-3.1321878,-4.008533,-2.858307,4.3160706,4.879608,2.4759908,-3.2243862,-4.9141072999999995,-3.6601257,4.3160706,4.879608,3.1568851,-3.2093081,-4.9362373,-3.6601257,4.3160706,4.879608,3.1568851,-3.2093081,-4.9362373,-3.6601257,4.3160706,4.879608,3.1568851,-3.2093081,-4.9362373,1.9901733,2.5575562,4.879608,-2.6805186,-1.8947467,-5.271702,0.43490599999999996,4.3160706,4.879608,-0.48452294,-3.8442144,-5.070291,0.4845581,4.3160706,4.879608,-0.35310444,-3.6800132,-4.797316,0.87164307,4.3160706,4.879608,-2.1821308,-3.2300496,-4.427296,0.87164307,4.3160706,4.879608,-2.1821308,-3.2300496,-4.427296,-2.7795104999999998,2.423523,4.879608,2.5361042,-1.627288,-5.090943,2.3169556,4.3160706,4.879608,-2.2627943,-3.5106807,-4.7514467,2.1259766,4.3160706,4.879608,-2.0967636,-3.347129,-4.499663,3.6769714000000002,4.3160706,4.879608,-4.1536283,-3.0657477,-4.4783034,3.6769714000000002,4.3160706,4.879608,-4.1536283,-3.0657477,-4.4783034,1.1054382,4.3160706,4.879608,-2.6486381999999997,-3.7271042,-4.7613144,1.1054382,4.3160706,4.879608,-2.6486381999999997,-3.7271042,-4.7613144,哈哈哈哈
3.6769714000000002,4.3160706,-3.115509,-5.049441,-3.5001142,4.130075,3.4865722999999997,4.3160706,4.6742554,-4.6209965,-3.1321878,-4.008533,3.4865722999999997,4.3160706,4.6742554,-4.6209965,-3.1321878,-4.008533,-2.858307,4.3160706,4.879608,2.4759908,-3.2243862,-4.9141072999999995,-3.6601257,4.3160706,4.879608,3.1568851,-3.2093081,-4.9362373,-3.6601257,4.3160706,4.879608,3.1568851,-3.2093081,-4.9362373,-3.6601257,4.3160706,4.879608,3.1568851,-3.2093081,-4.9362373,1.9901733,2.5575562,4.879608,-2.6805186,-1.8947467,-5.271702,0.43490599999999996,4.3160706,4.879608,-0.48452294,-3.8442144,-5.070291,0.4845581,4.3160706,4.879608,-0.35310444,-3.6800132,-4.797316,0.87164307,4.3160706,4.879608,-2.1821308,-3.2300496,-4.427296,0.87164307,4.3160706,4.879608,-2.1821308,-3.2300496,-4.427296,-2.7795104999999998,2.423523,4.879608,2.5361042,-1.627288,-5.090943,2.3169556,4.3160706,4.879608,-2.2627943,-3.5106807,-4.7514467,2.1259766,4.3160706,4.879608,-2.0967636,-3.347129,-4.499663,3.6769714000000002,4.3160706,4.879608,-4.1536283,-3.0657477,-4.4783034,3.6769714000000002,4.3160706,4.879608,-4.1536283,-3.0657477,-4.4783034,1.1054382,4.3160706,4.879608,-2.6486381999999997,-3.7271042,-4.7613144,1.1054382,4.3160706,4.879608,-2.6486381999999997,-3.7271042,-4.7613144,-2.9862366,4.3160706,4.879608,2.7674332,-3.0816593,-4.0161724,哈哈哈哈
3.4865722999999997,4.3160706,4.6742554,-4.6209965,-3.1321878,-4.008533,3.4865722999999997,4.3160706,4.6742554,-4.6209965,-3.1321878,-4.008533,-2.858307,4.3160706,4.879608,2.4759908,-3.2243862,-4.9141072999999995,-3.6601257,4.3160706,4.879608,3.1568851,-3.2093081,-4.9362373,-3.6601257,4.3160706,4.879608,3.1568851,-3.2093081,-4.9362373,-3.6601257,4.3160706,4.879608,3.1568851,-3.2093081,-4.9362373,1.9901733,2.5575562,4.879608,-2.6805186,-1.8947467,-5.271702,0.43490599999999996,4.3160706,4.879608,-0.48452294,-3.8442144,-5.070291,0.4845581,4.3160706,4.879608,-0.35310444,-3.6800132,-4.797316,0.87164307,4.3160706,4.879608,-2.1821308,-3.2300496,-4.427296,0.87164307,4.3160706,4.879608,-2.1821308,-3.2300496,-4.427296,-2.7795104999999998,2.423523,4.879608,2.5361042,-1.627288,-5.090943,2.3169556,4.3160706,4.879608,-2.2627943,-3.5106807,-4.7514467,2.1259766,4.3160706,4.879608,-2.0967636,-3.347129,-4.499663,3.6769714000000002,4.3160706,4.879608,-4.1536283,-3.0657477,-4.4783034,3.6769714000000002,4.3160706,4.879608,-4.1536283,-3.0657477,-4.4783034,1.1054382,4.3160706,4.879608,-2.6486381999999997,-3.7271042,-4.7613144,1.1054382,4.3160706,4.879608,-2.6486381999999997,-3.7271042,-4.7613144,-2.9862366,4.3160706,4.879608,2.7674332,-3.0816593,-4.0161724,-3.34729,3.9223328,4.879608,3.2141948,-2.6909757,-4.3529363,哈哈哈哈
3.4865722999999997,4.3160706,4.6742554,-4.6209965,-3.1321878,-4.008533,-2.858307,4.3160706,4.879608,2.4759908,-3.2243862,-4.9141072999999995,-3.6601257,4.3160706,4.879608,3.1568851,-3.2093081,-4.9362373,-3.6601257,4.3160706,4.879608,3.1568851,-3.2093081,-4.9362373,-3.6601257,4.3160706,4.879608,3.1568851,-3.2093081,-4.9362373,1.9901733,2.5575562,4.879608,-2.6805186,-1.8947467,-5.271702,0.43490599999999996,4.3160706,4.879608,-0.48452294,-3.8442144,-5.070291,0.4845581,4.3160706,4.879608,-0.35310444,-3.6800132,-4.797316,0.87164307,4.3160706,4.879608,-2.1821308,-3.2300496,-4.427296,0.87164307,4.3160706,4.879608,-2.1821308,-3.2300496,-4.427296,-2.7795104999999998,2.423523,4.879608,2.5361042,-1.627288,-5.090943,2.3169556,4.3160706,4.879608,-2.2627943,-3.5106807,-4.7514467,2.1259766,4.3160706,4.879608,-2.0967636,-3.347129,-4.499663,3.6769714000000002,4.3160706,4.879608,-4.1536283,-3.0657477,-4.4783034,3.6769714000000002,4.3160706,4.879608,-4.1536283,-3.0657477,-4.4783034,1.1054382,4.3160706,4.879608,-2.6486381999999997,-3.7271042,-4.7613144,1.1054382,4.3160706,4.879608,-2.6486381999999997,-3.7271042,-4.7613144,-2.9862366,4.3160706,4.879608,2.7674332,-3.0816593,-4.0161724,-3.34729,3.9223328,4.879608,3.2141948,-2.6909757,-4.3529363,-0.046966553,4.3160706,4.879608,-0.47255349999999996,-3.47793,-5.15219,哈哈哈哈
-2.858307,4.3160706,4.879608,2.4759908,-3.2243862,-4.9141072999999995,-3.6601257,4.3160706,4.879608,3.1568851,-3.2093081,-4.9362373,-3.6601257,4.3160706,4.879608,3.1568851,-3.2093081,-4.9362373,-3.6601257,4.3160706,4.879608,3.1568851,-3.2093081,-4.9362373,1.9901733,2.5575562,4.879608,-2.6805186,-1.8947467,-5.271702,0.43490599999999996,4.3160706,4.879608,-0.48452294,-3.8442144,-5.070291,0.4845581,4.3160706,4.879608,-0.35310444,-3.6800132,-4.797316,0.87164307,4.3160706,4.879608,-2.1821308,-3.2300496,-4.427296,0.87164307,4.3160706,4.879608,-2.1821308,-3.2300496,-4.427296,-2.7795104999999998,2.423523,4.879608,2.5361042,-1.627288,-5.090943,2.3169556,4.3160706,4.879608,-2.2627943,-3.5106807,-4.7514467,2.1259766,4.3160706,4.879608,-2.0967636,-3.347129,-4.499663,3.6769714000000002,4.3160706,4.879608,-4.1536283,-3.0657477,-4.4783034,3.6769714000000002,4.3160706,4.879608,-4.1536283,-3.0657477,-4.4783034,1.1054382,4.3160706,4.879608,-2.6486381999999997,-3.7271042,-4.7613144,1.1054382,4.3160706,4.879608,-2.6486381999999997,-3.7271042,-4.7613144,-2.9862366,4.3160706,4.879608,2.7674332,-3.0816593,-4.0161724,-3.34729,3.9223328,4.879608,3.2141948,-2.6909757,-4.3529363,-0.046966553,4.3160706,4.879608,-0.47255349999999996,-3.47793,-5.15219,0.47955322,4.315796,4.879608,-0.2916003,-3.6353733999999998,-4.6627790000000005,哈哈哈哈
-3.6601257,4.3160706,4.879608,3.1568851,-3.2093081,-4.9362373,-3.6601257,4.3160706,4.879608,3.1568851,-3.2093081,-4.9362373,-3.6601257,4.3160706,4.879608,3.1568851,-3.2093081,-4.9362373,1.9901733,2.5575562,4.879608,-2.6805186,-1.8947467,-5.271702,0.43490599999999996,4.3160706,4.879608,-0.48452294,-3.8442144,-5.070291,0.4845581,4.3160706,4.879608,-0.35310444,-3.6800132,-4.797316,0.87164307,4.3160706,4.879608,-2.1821308,-3.2300496,-4.427296,0.87164307,4.3160706,4.879608,-2.1821308,-3.2300496,-4.427296,-2.7795104999999998,2.423523,4.879608,2.5361042,-1.627288,-5.090943,2.3169556,4.3160706,4.879608,-2.2627943,-3.5106807,-4.7514467,2.1259766,4.3160706,4.879608,-2.0967636,-3.347129,-4.499663,3.6769714000000002,4.3160706,4.879608,-4.1536283,-3.0657477,-4.4783034,3.6769714000000002,4.3160706,4.879608,-4.1536283,-3.0657477,-4.4783034,1.1054382,4.3160706,4.879608,-2.6486381999999997,-3.7271042,-4.7613144,1.1054382,4.3160706,4.879608,-2.6486381999999997,-3.7271042,-4.7613144,-2.9862366,4.3160706,4.879608,2.7674332,-3.0816593,-4.0161724,-3.34729,3.9223328,4.879608,3.2141948,-2.6909757,-4.3529363,-0.046966553,4.3160706,4.879608,-0.47255349999999996,-3.47793,-5.15219,0.47955322,4.315796,4.879608,-0.2916003,-3.6353733999999998,-4.6627790000000005,3.6769714000000002,4.3160706,4.879608,-3.7110795999999997,-3.3467512,-4.610443,哈哈哈哈
-3.6601257,4.3160706,4.879608,3.1568851,-3.2093081,-4.9362373,-3.6601257,4.3160706,4.879608,3.1568851,-3.2093081,-4.9362373,1.9901733,2.5575562,4.879608,-2.6805186,-1.8947467,-5.271702,0.43490599999999996,4.3160706,4.879608,-0.48452294,-3.8442144,-5.070291,0.4845581,4.3160706,4.879608,-0.35310444,-3.6800132,-4.797316,0.87164307,4.3160706,4.879608,-2.1821308,-3.2300496,-4.427296,0.87164307,4.3160706,4.879608,-2.1821308,-3.2300496,-4.427296,-2.7795104999999998,2.423523,4.879608,2.5361042,-1.627288,-5.090943,2.3169556,4.3160706,4.879608,-2.2627943,-3.5106807,-4.7514467,2.1259766,4.3160706,4.879608,-2.0967636,-3.347129,-4.499663,3.6769714000000002,4.3160706,4.879608,-4.1536283,-3.0657477,-4.4783034,3.6769714000000002,4.3160706,4.879608,-4.1536283,-3.0657477,-4.4783034,1.1054382,4.3160706,4.879608,-2.6486381999999997,-3.7271042,-4.7613144,1.1054382,4.3160706,4.879608,-2.6486381999999997,-3.7271042,-4.7613144,-2.9862366,4.3160706,4.879608,2.7674332,-3.0816593,-4.0161724,-3.34729,3.9223328,4.879608,3.2141948,-2.6909757,-4.3529363,-0.046966553,4.3160706,4.879608,-0.47255349999999996,-3.47793,-5.15219,0.47955322,4.315796,4.879608,-0.2916003,-3.6353733999999998,-4.6627790000000005,3.6769714000000002,4.3160706,4.879608,-3.7110795999999997,-3.3467512,-4.610443,0.17004395,4.2267456,0.7459106400000001,-1.0230563,-3.1359646,-0.6724663,哈哈哈哈
-3.6601257,4.3160706,4.879608,3.1568851,-3.2093081,-4.9362373,1.9901733,2.5575562,4.879608,-2.6805186,-1.8947467,-5.271702,0.43490599999999996,4.3160706,4.879608,-0.48452294,-3.8442144,-5.070291,0.4845581,4.3160706,4.879608,-0.35310444,-3.6800132,-4.797316,0.87164307,4.3160706,4.879608,-2.1821308,-3.2300496,-4.427296,0.87164307,4.3160706,4.879608,-2.1821308,-3.2300496,-4.427296,-2.7795104999999998,2.423523,4.879608,2.5361042,-1.627288,-5.090943,2.3169556,4.3160706,4.879608,-2.2627943,-3.5106807,-4.7514467,2.1259766,4.3160706,4.879608,-2.0967636,-3.347129,-4.499663,3.6769714000000002,4.3160706,4.879608,-4.1536283,-3.0657477,-4.4783034,3.6769714000000002,4.3160706,4.879608,-4.1536283,-3.0657477,-4.4783034,1.1054382,4.3160706,4.879608,-2.6486381999999997,-3.7271042,-4.7613144,1.1054382,4.3160706,4.879608,-2.6486381999999997,-3.7271042,-4.7613144,-2.9862366,4.3160706,4.879608,2.7674332,-3.0816593,-4.0161724,-3.34729,3.9223328,4.879608,3.2141948,-2.6909757,-4.3529363,-0.046966553,4.3160706,4.879608,-0.47255349999999996,-3.47793,-5.15219,0.47955322,4.315796,4.879608,-0.2916003,-3.6353733999999998,-4.6627790000000005,3.6769714000000002,4.3160706,4.879608,-3.7110795999999997,-3.3467512,-4.610443,0.17004395,4.2267456,0.7459106400000001,-1.0230563,-3.1359646,-0.6724663,0.17004395,4.2267456,0.7459106400000001,-1.0230563,-3.1359646,-0.6724663,哈哈哈哈
1.9901733,2.5575562,4.879608,-2.6805186,-1.8947467,-5.271702,0.43490599999999996,4.3160706,4.879608,-0.48452294,-3.8442144,-5.070291,0.4845581,4.3160706,4.879608,-0.35310444,-3.6800132,-4.797316,0.87164307,4.3160706,4.879608,-2.1821308,-3.2300496,-4.427296,0.87164307,4.3160706,4.879608,-2.1821308,-3.2300496,-4.427296,-2.7795104999999998,2.423523,4.879608,2.5361042,-1.627288,-5.090943,2.3169556,4.3160706,4.879608,-2.2627943,-3.5106807,-4.7514467,2.1259766,4.3160706,4.879608,-2.0967636,-3.347129,-4.499663,3.6769714000000002,4.3160706,4.879608,-4.1536283,-3.0657477,-4.4783034,3.6769714000000002,4.3160706,4.879608,-4.1536283,-3.0657477,-4.4783034,1.1054382,4.3160706,4.879608,-2.6486381999999997,-3.7271042,-4.7613144,1.1054382,4.3160706,4.879608,-2.6486381999999997,-3.7271042,-4.7613144,-2.9862366,4.3160706,4.879608,2.7674332,-3.0816593,-4.0161724,-3.34729,3.9223328,4.879608,3.2141948,-2.6909757,-4.3529363,-0.046966553,4.3160706,4.879608,-0.47255349999999996,-3.47793,-5.15219,0.47955322,4.315796,4.879608,-0.2916003,-3.6353733999999998,-4.6627790000000005,3.6769714000000002,4.3160706,4.879608,-3.7110795999999997,-3.3467512,-4.610443,0.17004395,4.2267456,0.7459106400000001,-1.0230563,-3.1359646,-0.6724663,0.17004395,4.2267456,0.7459106400000001,-1.0230563,-3.1359646,-0.6724663,-0.907959,0.7439574999999999,-0.053375244,-0.21782286,0.42051659999999996,0.34645313,哈哈哈哈
0.43490599999999996,4.3160706,4.879608,-0.48452294,-3.8442144,-5.070291,0.4845581,4.3160706,4.879608,-0.35310444,-3.6800132,-4.797316,0.87164307,4.3160706,4.879608,-2.1821308,-3.2300496,-4.427296,0.87164307,4.3160706,4.879608,-2.1821308,-3.2300496,-4.427296,-2.7795104999999998,2.423523,4.879608,2.5361042,-1.627288,-5.090943,2.3169556,4.3160706,4.879608,-2.2627943,-3.5106807,-4.7514467,2.1259766,4.3160706,4.879608,-2.0967636,-3.347129,-4.499663,3.6769714000000002,4.3160706,4.879608,-4.1536283,-3.0657477,-4.4783034,3.6769714000000002,4.3160706,4.879608,-4.1536283,-3.0657477,-4.4783034,1.1054382,4.3160706,4.879608,-2.6486381999999997,-3.7271042,-4.7613144,1.1054382,4.3160706,4.879608,-2.6486381999999997,-3.7271042,-4.7613144,-2.9862366,4.3160706,4.879608,2.7674332,-3.0816593,-4.0161724,-3.34729,3.9223328,4.879608,3.2141948,-2.6909757,-4.3529363,-0.046966553,4.3160706,4.879608,-0.47255349999999996,-3.47793,-5.15219,0.47955322,4.315796,4.879608,-0.2916003,-3.6353733999999998,-4.6627790000000005,3.6769714000000002,4.3160706,4.879608,-3.7110795999999997,-3.3467512,-4.610443,0.17004395,4.2267456,0.7459106400000001,-1.0230563,-3.1359646,-0.6724663,0.17004395,4.2267456,0.7459106400000001,-1.0230563,-3.1359646,-0.6724663,-0.907959,0.7439574999999999,-0.053375244,-0.21782286,0.42051659999999996,0.34645313,3.594452,4.3160706,4.879608,-4.933566,-3.4190304,-4.8350916,哈哈哈哈
0.4845581,4.3160706,4.879608,-0.35310444,-3.6800132,-4.797316,0.87164307,4.3160706,4.879608,-2.1821308,-3.2300496,-4.427296,0.87164307,4.3160706,4.879608,-2.1821308,-3.2300496,-4.427296,-2.7795104999999998,2.423523,4.879608,2.5361042,-1.627288,-5.090943,2.3169556,4.3160706,4.879608,-2.2627943,-3.5106807,-4.7514467,2.1259766,4.3160706,4.879608,-2.0967636,-3.347129,-4.499663,3.6769714000000002,4.3160706,4.879608,-4.1536283,-3.0657477,-4.4783034,3.6769714000000002,4.3160706,4.879608,-4.1536283,-3.0657477,-4.4783034,1.1054382,4.3160706,4.879608,-2.6486381999999997,-3.7271042,-4.7613144,1.1054382,4.3160706,4.879608,-2.6486381999999997,-3.7271042,-4.7613144,-2.9862366,4.3160706,4.879608,2.7674332,-3.0816593,-4.0161724,-3.34729,3.9223328,4.879608,3.2141948,-2.6909757,-4.3529363,-0.046966553,4.3160706,4.879608,-0.47255349999999996,-3.47793,-5.15219,0.47955322,4.315796,4.879608,-0.2916003,-3.6353733999999998,-4.6627790000000005,3.6769714000000002,4.3160706,4.879608,-3.7110795999999997,-3.3467512,-4.610443,0.17004395,4.2267456,0.7459106400000001,-1.0230563,-3.1359646,-0.6724663,0.17004395,4.2267456,0.7459106400000001,-1.0230563,-3.1359646,-0.6724663,-0.907959,0.7439574999999999,-0.053375244,-0.21782286,0.42051659999999996,0.34645313,3.594452,4.3160706,4.879608,-4.933566,-3.4190304,-4.8350916,3.594452,4.3160706,4.879608,-4.933566,-3.4190304,-4.8350916,哈哈哈哈
0.87164307,4.3160706,4.879608,-2.1821308,-3.2300496,-4.427296,0.87164307,4.3160706,4.879608,-2.1821308,-3.2300496,-4.427296,-2.7795104999999998,2.423523,4.879608,2.5361042,-1.627288,-5.090943,2.3169556,4.3160706,4.879608,-2.2627943,-3.5106807,-4.7514467,2.1259766,4.3160706,4.879608,-2.0967636,-3.347129,-4.499663,3.6769714000000002,4.3160706,4.879608,-4.1536283,-3.0657477,-4.4783034,3.6769714000000002,4.3160706,4.879608,-4.1536283,-3.0657477,-4.4783034,1.1054382,4.3160706,4.879608,-2.6486381999999997,-3.7271042,-4.7613144,1.1054382,4.3160706,4.879608,-2.6486381999999997,-3.7271042,-4.7613144,-2.9862366,4.3160706,4.879608,2.7674332,-3.0816593,-4.0161724,-3.34729,3.9223328,4.879608,3.2141948,-2.6909757,-4.3529363,-0.046966553,4.3160706,4.879608,-0.47255349999999996,-3.47793,-5.15219,0.47955322,4.315796,4.879608,-0.2916003,-3.6353733999999998,-4.6627790000000005,3.6769714000000002,4.3160706,4.879608,-3.7110795999999997,-3.3467512,-4.610443,0.17004395,4.2267456,0.7459106400000001,-1.0230563,-3.1359646,-0.6724663,0.17004395,4.2267456,0.7459106400000001,-1.0230563,-3.1359646,-0.6724663,-0.907959,0.7439574999999999,-0.053375244,-0.21782286,0.42051659999999996,0.34645313,3.594452,4.3160706,4.879608,-4.933566,-3.4190304,-4.8350916,3.594452,4.3160706,4.879608,-4.933566,-3.4190304,-4.8350916,0.4578247,4.3160706,4.879608,-1.7214136,-3.2520814,-4.638415,哈哈哈哈
0.87164307,4.3160706,4.879608,-2.1821308,-3.2300496,-4.427296,-2.7795104999999998,2.423523,4.879608,2.5361042,-1.627288,-5.090943,2.3169556,4.3160706,4.879608,-2.2627943,-3.5106807,-4.7514467,2.1259766,4.3160706,4.879608,-2.0967636,-3.347129,-4.499663,3.6769714000000002,4.3160706,4.879608,-4.1536283,-3.0657477,-4.4783034,3.6769714000000002,4.3160706,4.879608,-4.1536283,-3.0657477,-4.4783034,1.1054382,4.3160706,4.879608,-2.6486381999999997,-3.7271042,-4.7613144,1.1054382,4.3160706,4.879608,-2.6486381999999997,-3.7271042,-4.7613144,-2.9862366,4.3160706,4.879608,2.7674332,-3.0816593,-4.0161724,-3.34729,3.9223328,4.879608,3.2141948,-2.6909757,-4.3529363,-0.046966553,4.3160706,4.879608,-0.47255349999999996,-3.47793,-5.15219,0.47955322,4.315796,4.879608,-0.2916003,-3.6353733999999998,-4.6627790000000005,3.6769714000000002,4.3160706,4.879608,-3.7110795999999997,-3.3467512,-4.610443,0.17004395,4.2267456,0.7459106400000001,-1.0230563,-3.1359646,-0.6724663,0.17004395,4.2267456,0.7459106400000001,-1.0230563,-3.1359646,-0.6724663,-0.907959,0.7439574999999999,-0.053375244,-0.21782286,0.42051659999999996,0.34645313,3.594452,4.3160706,4.879608,-4.933566,-3.4190304,-4.8350916,3.594452,4.3160706,4.879608,-4.933566,-3.4190304,-4.8350916,0.4578247,4.3160706,4.879608,-1.7214136,-3.2520814,-4.638415,0.4578247,4.3160706,4.879608,-1.7214136,-3.2520814,-4.638415,哈哈哈哈
-2.7795104999999998,2.423523,4.879608,2.5361042,-1.627288,-5.090943,2.3169556,4.3160706,4.879608,-2.2627943,-3.5106807,-4.7514467,2.1259766,4.3160706,4.879608,-2.0967636,-3.347129,-4.499663,3.6769714000000002,4.3160706,4.879608,-4.1536283,-3.0657477,-4.4783034,3.6769714000000002,4.3160706,4.879608,-4.1536283,-3.0657477,-4.4783034,1.1054382,4.3160706,4.879608,-2.6486381999999997,-3.7271042,-4.7613144,1.1054382,4.3160706,4.879608,-2.6486381999999997,-3.7271042,-4.7613144,-2.9862366,4.3160706,4.879608,2.7674332,-3.0816593,-4.0161724,-3.34729,3.9223328,4.879608,3.2141948,-2.6909757,-4.3529363,-0.046966553,4.3160706,4.879608,-0.47255349999999996,-3.47793,-5.15219,0.47955322,4.315796,4.879608,-0.2916003,-3.6353733999999998,-4.6627790000000005,3.6769714000000002,4.3160706,4.879608,-3.7110795999999997,-3.3467512,-4.610443,0.17004395,4.2267456,0.7459106400000001,-1.0230563,-3.1359646,-0.6724663,0.17004395,4.2267456,0.7459106400000001,-1.0230563,-3.1359646,-0.6724663,-0.907959,0.7439574999999999,-0.053375244,-0.21782286,0.42051659999999996,0.34645313,3.594452,4.3160706,4.879608,-4.933566,-3.4190304,-4.8350916,3.594452,4.3160706,4.879608,-4.933566,-3.4190304,-4.8350916,0.4578247,4.3160706,4.879608,-1.7214136,-3.2520814,-4.638415,0.4578247,4.3160706,4.879608,-1.7214136,-3.2520814,-4.638415,1.5584411999999999,4.3160706,4.879608,-1.9848735,-3.7517351999999997,-5.251311,哈哈哈哈
2.3169556,4.3160706,4.879608,-2.2627943,-3.5106807,-4.7514467,2.1259766,4.3160706,4.879608,-2.0967636,-3.347129,-4.499663,3.6769714000000002,4.3160706,4.879608,-4.1536283,-3.0657477,-4.4783034,3.6769714000000002,4.3160706,4.879608,-4.1536283,-3.0657477,-4.4783034,1.1054382,4.3160706,4.879608,-2.6486381999999997,-3.7271042,-4.7613144,1.1054382,4.3160706,4.879608,-2.6486381999999997,-3.7271042,-4.7613144,-2.9862366,4.3160706,4.879608,2.7674332,-3.0816593,-4.0161724,-3.34729,3.9223328,4.879608,3.2141948,-2.6909757,-4.3529363,-0.046966553,4.3160706,4.879608,-0.47255349999999996,-3.47793,-5.15219,0.47955322,4.315796,4.879608,-0.2916003,-3.6353733999999998,-4.6627790000000005,3.6769714000000002,4.3160706,4.879608,-3.7110795999999997,-3.3467512,-4.610443,0.17004395,4.2267456,0.7459106400000001,-1.0230563,-3.1359646,-0.6724663,0.17004395,4.2267456,0.7459106400000001,-1.0230563,-3.1359646,-0.6724663,-0.907959,0.7439574999999999,-0.053375244,-0.21782286,0.42051659999999996,0.34645313,3.594452,4.3160706,4.879608,-4.933566,-3.4190304,-4.8350916,3.594452,4.3160706,4.879608,-4.933566,-3.4190304,-4.8350916,0.4578247,4.3160706,4.879608,-1.7214136,-3.2520814,-4.638415,0.4578247,4.3160706,4.879608,-1.7214136,-3.2520814,-4.638415,1.5584411999999999,4.3160706,4.879608,-1.9848735,-3.7517351999999997,-5.251311,1.5584411999999999,4.3160706,4.879608,-1.9848735,-3.7517351999999997,-5.251311,哈哈哈哈
2.1259766,4.3160706,4.879608,-2.0967636,-3.347129,-4.499663,3.6769714000000002,4.3160706,4.879608,-4.1536283,-3.0657477,-4.4783034,3.6769714000000002,4.3160706,4.879608,-4.1536283,-3.0657477,-4.4783034,1.1054382,4.3160706,4.879608,-2.6486381999999997,-3.7271042,-4.7613144,1.1054382,4.3160706,4.879608,-2.6486381999999997,-3.7271042,-4.7613144,-2.9862366,4.3160706,4.879608,2.7674332,-3.0816593,-4.0161724,-3.34729,3.9223328,4.879608,3.2141948,-2.6909757,-4.3529363,-0.046966553,4.3160706,4.879608,-0.47255349999999996,-3.47793,-5.15219,0.47955322,4.315796,4.879608,-0.2916003,-3.6353733999999998,-4.6627790000000005,3.6769714000000002,4.3160706,4.879608,-3.7110795999999997,-3.3467512,-4.610443,0.17004395,4.2267456,0.7459106400000001,-1.0230563,-3.1359646,-0.6724663,0.17004395,4.2267456,0.7459106400000001,-1.0230563,-3.1359646,-0.6724663,-0.907959,0.7439574999999999,-0.053375244,-0.21782286,0.42051659999999996,0.34645313,3.594452,4.3160706,4.879608,-4.933566,-3.4190304,-4.8350916,3.594452,4.3160706,4.879608,-4.933566,-3.4190304,-4.8350916,0.4578247,4.3160706,4.879608,-1.7214136,-3.2520814,-4.638415,0.4578247,4.3160706,4.879608,-1.7214136,-3.2520814,-4.638415,1.5584411999999999,4.3160706,4.879608,-1.9848735,-3.7517351999999997,-5.251311,1.5584411999999999,4.3160706,4.879608,-1.9848735,-3.7517351999999997,-5.251311,2.6776733,4.3160706,4.1411133,-3.254994,-3.346991,-4.310102,哈哈哈哈
3.6769714000000002,4.3160706,4.879608,-4.1536283,-3.0657477,-4.4783034,3.6769714000000002,4.3160706,4.879608,-4.1536283,-3.0657477,-4.4783034,1.1054382,4.3160706,4.879608,-2.6486381999999997,-3.7271042,-4.7613144,1.1054382,4.3160706,4.879608,-2.6486381999999997,-3.7271042,-4.7613144,-2.9862366,4.3160706,4.879608,2.7674332,-3.0816593,-4.0161724,-3.34729,3.9223328,4.879608,3.2141948,-2.6909757,-4.3529363,-0.046966553,4.3160706,4.879608,-0.47255349999999996,-3.47793,-5.15219,0.47955322,4.315796,4.879608,-0.2916003,-3.6353733999999998,-4.6627790000000005,3.6769714000000002,4.3160706,4.879608,-3.7110795999999997,-3.3467512,-4.610443,0.17004395,4.2267456,0.7459106400000001,-1.0230563,-3.1359646,-0.6724663,0.17004395,4.2267456,0.7459106400000001,-1.0230563,-3.1359646,-0.6724663,-0.907959,0.7439574999999999,-0.053375244,-0.21782286,0.42051659999999996,0.34645313,3.594452,4.3160706,4.879608,-4.933566,-3.4190304,-4.8350916,3.594452,4.3160706,4.879608,-4.933566,-3.4190304,-4.8350916,0.4578247,4.3160706,4.879608,-1.7214136,-3.2520814,-4.638415,0.4578247,4.3160706,4.879608,-1.7214136,-3.2520814,-4.638415,1.5584411999999999,4.3160706,4.879608,-1.9848735,-3.7517351999999997,-5.251311,1.5584411999999999,4.3160706,4.879608,-1.9848735,-3.7517351999999997,-5.251311,2.6776733,4.3160706,4.1411133,-3.254994,-3.346991,-4.310102,1.8814087,4.3160706,4.0133667,-3.0365405,-3.3869777,-4.0781884,哈哈哈哈
3.6769714000000002,4.3160706,4.879608,-4.1536283,-3.0657477,-4.4783034,1.1054382,4.3160706,4.879608,-2.6486381999999997,-3.7271042,-4.7613144,1.1054382,4.3160706,4.879608,-2.6486381999999997,-3.7271042,-4.7613144,-2.9862366,4.3160706,4.879608,2.7674332,-3.0816593,-4.0161724,-3.34729,3.9223328,4.879608,3.2141948,-2.6909757,-4.3529363,-0.046966553,4.3160706,4.879608,-0.47255349999999996,-3.47793,-5.15219,0.47955322,4.315796,4.879608,-0.2916003,-3.6353733999999998,-4.6627790000000005,3.6769714000000002,4.3160706,4.879608,-3.7110795999999997,-3.3467512,-4.610443,0.17004395,4.2267456,0.7459106400000001,-1.0230563,-3.1359646,-0.6724663,0.17004395,4.2267456,0.7459106400000001,-1.0230563,-3.1359646,-0.6724663,-0.907959,0.7439574999999999,-0.053375244,-0.21782286,0.42051659999999996,0.34645313,3.594452,4.3160706,4.879608,-4.933566,-3.4190304,-4.8350916,3.594452,4.3160706,4.879608,-4.933566,-3.4190304,-4.8350916,0.4578247,4.3160706,4.879608,-1.7214136,-3.2520814,-4.638415,0.4578247,4.3160706,4.879608,-1.7214136,-3.2520814,-4.638415,1.5584411999999999,4.3160706,4.879608,-1.9848735,-3.7517351999999997,-5.251311,1.5584411999999999,4.3160706,4.879608,-1.9848735,-3.7517351999999997,-5.251311,2.6776733,4.3160706,4.1411133,-3.254994,-3.346991,-4.310102,1.8814087,4.3160706,4.0133667,-3.0365405,-3.3869777,-4.0781884,2.424408,4.3160706,4.879608,-3.7584767,-3.6960177,-5.037084,哈哈哈哈
1.1054382,4.3160706,4.879608,-2.6486381999999997,-3.7271042,-4.7613144,1.1054382,4.3160706,4.879608,-2.6486381999999997,-3.7271042,-4.7613144,-2.9862366,4.3160706,4.879608,2.7674332,-3.0816593,-4.0161724,-3.34729,3.9223328,4.879608,3.2141948,-2.6909757,-4.3529363,-0.046966553,4.3160706,4.879608,-0.47255349999999996,-3.47793,-5.15219,0.47955322,4.315796,4.879608,-0.2916003,-3.6353733999999998,-4.6627790000000005,3.6769714000000002,4.3160706,4.879608,-3.7110795999999997,-3.3467512,-4.610443,0.17004395,4.2267456,0.7459106400000001,-1.0230563,-3.1359646,-0.6724663,0.17004395,4.2267456,0.7459106400000001,-1.0230563,-3.1359646,-0.6724663,-0.907959,0.7439574999999999,-0.053375244,-0.21782286,0.42051659999999996,0.34645313,3.594452,4.3160706,4.879608,-4.933566,-3.4190304,-4.8350916,3.594452,4.3160706,4.879608,-4.933566,-3.4190304,-4.8350916,0.4578247,4.3160706,4.879608,-1.7214136,-3.2520814,-4.638415,0.4578247,4.3160706,4.879608,-1.7214136,-3.2520814,-4.638415,1.5584411999999999,4.3160706,4.879608,-1.9848735,-3.7517351999999997,-5.251311,1.5584411999999999,4.3160706,4.879608,-1.9848735,-3.7517351999999997,-5.251311,2.6776733,4.3160706,4.1411133,-3.254994,-3.346991,-4.310102,1.8814087,4.3160706,4.0133667,-3.0365405,-3.3869777,-4.0781884,2.424408,4.3160706,4.879608,-3.7584767,-3.6960177,-5.037084,-1.5343323,4.3160706,4.879608,0.6196697999999999,-3.0871837,-3.9101837,哈哈哈哈
1.1054382,4.3160706,4.879608,-2.6486381999999997,-3.7271042,-4.7613144,-2.9862366,4.3160706,4.879608,2.7674332,-3.0816593,-4.0161724,-3.34729,3.9223328,4.879608,3.2141948,-2.6909757,-4.3529363,-0.046966553,4.3160706,4.879608,-0.47255349999999996,-3.47793,-5.15219,0.47955322,4.315796,4.879608,-0.2916003,-3.6353733999999998,-4.6627790000000005,3.6769714000000002,4.3160706,4.879608,-3.7110795999999997,-3.3467512,-4.610443,0.17004395,4.2267456,0.7459106400000001,-1.0230563,-3.1359646,-0.6724663,0.17004395,4.2267456,0.7459106400000001,-1.0230563,-3.1359646,-0.6724663,-0.907959,0.7439574999999999,-0.053375244,-0.21782286,0.42051659999999996,0.34645313,3.594452,4.3160706,4.879608,-4.933566,-3.4190304,-4.8350916,3.594452,4.3160706,4.879608,-4.933566,-3.4190304,-4.8350916,0.4578247,4.3160706,4.879608,-1.7214136,-3.2520814,-4.638415,0.4578247,4.3160706,4.879608,-1.7214136,-3.2520814,-4.638415,1.5584411999999999,4.3160706,4.879608,-1.9848735,-3.7517351999999997,-5.251311,1.5584411999999999,4.3160706,4.879608,-1.9848735,-3.7517351999999997,-5.251311,2.6776733,4.3160706,4.1411133,-3.254994,-3.346991,-4.310102,1.8814087,4.3160706,4.0133667,-3.0365405,-3.3869777,-4.0781884,2.424408,4.3160706,4.879608,-3.7584767,-3.6960177,-5.037084,-1.5343323,4.3160706,4.879608,0.6196697999999999,-3.0871837,-3.9101837,-3.073822,4.3160706,4.879608,2.5230079,-3.1175299,-3.7310042,哈哈哈哈
-2.9862366,4.3160706,4.879608,2.7674332,-3.0816593,-4.0161724,-3.34729,3.9223328,4.879608,3.2141948,-2.6909757,-4.3529363,-0.046966553,4.3160706,4.879608,-0.47255349999999996,-3.47793,-5.15219,0.47955322,4.315796,4.879608,-0.2916003,-3.6353733999999998,-4.6627790000000005,3.6769714000000002,4.3160706,4.879608,-3.7110795999999997,-3.3467512,-4.610443,0.17004395,4.2267456,0.7459106400000001,-1.0230563,-3.1359646,-0.6724663,0.17004395,4.2267456,0.7459106400000001,-1.0230563,-3.1359646,-0.6724663,-0.907959,0.7439574999999999,-0.053375244,-0.21782286,0.42051659999999996,0.34645313,3.594452,4.3160706,4.879608,-4.933566,-3.4190304,-4.8350916,3.594452,4.3160706,4.879608,-4.933566,-3.4190304,-4.8350916,0.4578247,4.3160706,4.879608,-1.7214136,-3.2520814,-4.638415,0.4578247,4.3160706,4.879608,-1.7214136,-3.2520814,-4.638415,1.5584411999999999,4.3160706,4.879608,-1.9848735,-3.7517351999999997,-5.251311,1.5584411999999999,4.3160706,4.879608,-1.9848735,-3.7517351999999997,-5.251311,2.6776733,4.3160706,4.1411133,-3.254994,-3.346991,-4.310102,1.8814087,4.3160706,4.0133667,-3.0365405,-3.3869777,-4.0781884,2.424408,4.3160706,4.879608,-3.7584767,-3.6960177,-5.037084,-1.5343323,4.3160706,4.879608,0.6196697999999999,-3.0871837,-3.9101837,-3.073822,4.3160706,4.879608,2.5230079,-3.1175299,-3.7310042,-3.67099,0.9057617,3.6096190999999997,3.6349688,0.079704225,-2.4923503,哈哈哈哈
-3.34729,3.9223328,4.879608,3.2141948,-2.6909757,-4.3529363,-0.046966553,4.3160706,4.879608,-0.47255349999999996,-3.47793,-5.15219,0.47955322,4.315796,4.879608,-0.2916003,-3.6353733999999998,-4.6627790000000005,3.6769714000000002,4.3160706,4.879608,-3.7110795999999997,-3.3467512,-4.610443,0.17004395,4.2267456,0.7459106400000001,-1.0230563,-3.1359646,-0.6724663,0.17004395,4.2267456,0.7459106400000001,-1.0230563,-3.1359646,-0.6724663,-0.907959,0.7439574999999999,-0.053375244,-0.21782286,0.42051659999999996,0.34645313,3.594452,4.3160706,4.879608,-4.933566,-3.4190304,-4.8350916,3.594452,4.3160706,4.879608,-4.933566,-3.4190304,-4.8350916,0.4578247,4.3160706,4.879608,-1.7214136,-3.2520814,-4.638415,0.4578247,4.3160706,4.879608,-1.7214136,-3.2520814,-4.638415,1.5584411999999999,4.3160706,4.879608,-1.9848735,-3.7517351999999997,-5.251311,1.5584411999999999,4.3160706,4.879608,-1.9848735,-3.7517351999999997,-5.251311,2.6776733,4.3160706,4.1411133,-3.254994,-3.346991,-4.310102,1.8814087,4.3160706,4.0133667,-3.0365405,-3.3869777,-4.0781884,2.424408,4.3160706,4.879608,-3.7584767,-3.6960177,-5.037084,-1.5343323,4.3160706,4.879608,0.6196697999999999,-3.0871837,-3.9101837,-3.073822,4.3160706,4.879608,2.5230079,-3.1175299,-3.7310042,-3.67099,0.9057617,3.6096190999999997,3.6349688,0.079704225,-2.4923503,-1.6380005,1.1559447999999999,2.0367737,1.4819642,-0.16932064,-0.89161414,哈哈哈哈
-0.046966553,4.3160706,4.879608,-0.47255349999999996,-3.47793,-5.15219,0.47955322,4.315796,4.879608,-0.2916003,-3.6353733999999998,-4.6627790000000005,3.6769714000000002,4.3160706,4.879608,-3.7110795999999997,-3.3467512,-4.610443,0.17004395,4.2267456,0.7459106400000001,-1.0230563,-3.1359646,-0.6724663,0.17004395,4.2267456,0.7459106400000001,-1.0230563,-3.1359646,-0.6724663,-0.907959,0.7439574999999999,-0.053375244,-0.21782286,0.42051659999999996,0.34645313,3.594452,4.3160706,4.879608,-4.933566,-3.4190304,-4.8350916,3.594452,4.3160706,4.879608,-4.933566,-3.4190304,-4.8350916,0.4578247,4.3160706,4.879608,-1.7214136,-3.2520814,-4.638415,0.4578247,4.3160706,4.879608,-1.7214136,-3.2520814,-4.638415,1.5584411999999999,4.3160706,4.879608,-1.9848735,-3.7517351999999997,-5.251311,1.5584411999999999,4.3160706,4.879608,-1.9848735,-3.7517351999999997,-5.251311,2.6776733,4.3160706,4.1411133,-3.254994,-3.346991,-4.310102,1.8814087,4.3160706,4.0133667,-3.0365405,-3.3869777,-4.0781884,2.424408,4.3160706,4.879608,-3.7584767,-3.6960177,-5.037084,-1.5343323,4.3160706,4.879608,0.6196697999999999,-3.0871837,-3.9101837,-3.073822,4.3160706,4.879608,2.5230079,-3.1175299,-3.7310042,-3.67099,0.9057617,3.6096190999999997,3.6349688,0.079704225,-2.4923503,-1.6380005,1.1559447999999999,2.0367737,1.4819642,-0.16932064,-0.89161414,0.20074463,1.9215393,2.4361877,-1.8514282,-1.7560787,-2.154403,哈哈哈哈
0.47955322,4.315796,4.879608,-0.2916003,-3.6353733999999998,-4.6627790000000005,3.6769714000000002,4.3160706,4.879608,-3.7110795999999997,-3.3467512,-4.610443,0.17004395,4.2267456,0.7459106400000001,-1.0230563,-3.1359646,-0.6724663,0.17004395,4.2267456,0.7459106400000001,-1.0230563,-3.1359646,-0.6724663,-0.907959,0.7439574999999999,-0.053375244,-0.21782286,0.42051659999999996,0.34645313,3.594452,4.3160706,4.879608,-4.933566,-3.4190304,-4.8350916,3.594452,4.3160706,4.879608,-4.933566,-3.4190304,-4.8350916,0.4578247,4.3160706,4.879608,-1.7214136,-3.2520814,-4.638415,0.4578247,4.3160706,4.879608,-1.7214136,-3.2520814,-4.638415,1.5584411999999999,4.3160706,4.879608,-1.9848735,-3.7517351999999997,-5.251311,1.5584411999999999,4.3160706,4.879608,-1.9848735,-3.7517351999999997,-5.251311,2.6776733,4.3160706,4.1411133,-3.254994,-3.346991,-4.310102,1.8814087,4.3160706,4.0133667,-3.0365405,-3.3869777,-4.0781884,2.424408,4.3160706,4.879608,-3.7584767,-3.6960177,-5.037084,-1.5343323,4.3160706,4.879608,0.6196697999999999,-3.0871837,-3.9101837,-3.073822,4.3160706,4.879608,2.5230079,-3.1175299,-3.7310042,-3.67099,0.9057617,3.6096190999999997,3.6349688,0.079704225,-2.4923503,-1.6380005,1.1559447999999999,2.0367737,1.4819642,-0.16932064,-0.89161414,0.20074463,1.9215393,2.4361877,-1.8514282,-1.7560787,-2.154403,0.08810425,1.1455383,2.4414978,-1.6935484,-0.9913409,-2.2799206,哈哈哈哈
3.6769714000000002,4.3160706,4.879608,-3.7110795999999997,-3.3467512,-4.610443,0.17004395,4.2267456,0.7459106400000001,-1.0230563,-3.1359646,-0.6724663,0.17004395,4.2267456,0.7459106400000001,-1.0230563,-3.1359646,-0.6724663,-0.907959,0.7439574999999999,-0.053375244,-0.21782286,0.42051659999999996,0.34645313,3.594452,4.3160706,4.879608,-4.933566,-3.4190304,-4.8350916,3.594452,4.3160706,4.879608,-4.933566,-3.4190304,-4.8350916,0.4578247,4.3160706,4.879608,-1.7214136,-3.2520814,-4.638415,0.4578247,4.3160706,4.879608,-1.7214136,-3.2520814,-4.638415,1.5584411999999999,4.3160706,4.879608,-1.9848735,-3.7517351999999997,-5.251311,1.5584411999999999,4.3160706,4.879608,-1.9848735,-3.7517351999999997,-5.251311,2.6776733,4.3160706,4.1411133,-3.254994,-3.346991,-4.310102,1.8814087,4.3160706,4.0133667,-3.0365405,-3.3869777,-4.0781884,2.424408,4.3160706,4.879608,-3.7584767,-3.6960177,-5.037084,-1.5343323,4.3160706,4.879608,0.6196697999999999,-3.0871837,-3.9101837,-3.073822,4.3160706,4.879608,2.5230079,-3.1175299,-3.7310042,-3.67099,0.9057617,3.6096190999999997,3.6349688,0.079704225,-2.4923503,-1.6380005,1.1559447999999999,2.0367737,1.4819642,-0.16932064,-0.89161414,0.20074463,1.9215393,2.4361877,-1.8514282,-1.7560787,-2.154403,0.08810425,1.1455383,2.4414978,-1.6935484,-0.9913409,-2.2799206,-0.544281,0.29016113,4.3454285,-0.9643149999999999,0.08425065,-4.368768,哈哈哈哈
0.17004395,4.2267456,0.7459106400000001,-1.0230563,-3.1359646,-0.6724663,0.17004395,4.2267456,0.7459106400000001,-1.0230563,-3.1359646,-0.6724663,-0.907959,0.7439574999999999,-0.053375244,-0.21782286,0.42051659999999996,0.34645313,3.594452,4.3160706,4.879608,-4.933566,-3.4190304,-4.8350916,3.594452,4.3160706,4.879608,-4.933566,-3.4190304,-4.8350916,0.4578247,4.3160706,4.879608,-1.7214136,-3.2520814,-4.638415,0.4578247,4.3160706,4.879608,-1.7214136,-3.2520814,-4.638415,1.5584411999999999,4.3160706,4.879608,-1.9848735,-3.7517351999999997,-5.251311,1.5584411999999999,4.3160706,4.879608,-1.9848735,-3.7517351999999997,-5.251311,2.6776733,4.3160706,4.1411133,-3.254994,-3.346991,-4.310102,1.8814087,4.3160706,4.0133667,-3.0365405,-3.3869777,-4.0781884,2.424408,4.3160706,4.879608,-3.7584767,-3.6960177,-5.037084,-1.5343323,4.3160706,4.879608,0.6196697999999999,-3.0871837,-3.9101837,-3.073822,4.3160706,4.879608,2.5230079,-3.1175299,-3.7310042,-3.67099,0.9057617,3.6096190999999997,3.6349688,0.079704225,-2.4923503,-1.6380005,1.1559447999999999,2.0367737,1.4819642,-0.16932064,-0.89161414,0.20074463,1.9215393,2.4361877,-1.8514282,-1.7560787,-2.154403,0.08810425,1.1455383,2.4414978,-1.6935484,-0.9913409,-2.2799206,-0.544281,0.29016113,4.3454285,-0.9643149999999999,0.08425065,-4.368768,-0.41799927000000003,-1.3854980000000001,1.754303,-1.0810492,1.3181539,-1.6510763,哈哈哈哈
0.17004395,4.2267456,0.7459106400000001,-1.0230563,-3.1359646,-0.6724663,-0.907959,0.7439574999999999,-0.053375244,-0.21782286,0.42051659999999996,0.34645313,3.594452,4.3160706,4.879608,-4.933566,-3.4190304,-4.8350916,3.594452,4.3160706,4.879608,-4.933566,-3.4190304,-4.8350916,0.4578247,4.3160706,4.879608,-1.7214136,-3.2520814,-4.638415,0.4578247,4.3160706,4.879608,-1.7214136,-3.2520814,-4.638415,1.5584411999999999,4.3160706,4.879608,-1.9848735,-3.7517351999999997,-5.251311,1.5584411999999999,4.3160706,4.879608,-1.9848735,-3.7517351999999997,-5.251311,2.6776733,4.3160706,4.1411133,-3.254994,-3.346991,-4.310102,1.8814087,4.3160706,4.0133667,-3.0365405,-3.3869777,-4.0781884,2.424408,4.3160706,4.879608,-3.7584767,-3.6960177,-5.037084,-1.5343323,4.3160706,4.879608,0.6196697999999999,-3.0871837,-3.9101837,-3.073822,4.3160706,4.879608,2.5230079,-3.1175299,-3.7310042,-3.67099,0.9057617,3.6096190999999997,3.6349688,0.079704225,-2.4923503,-1.6380005,1.1559447999999999,2.0367737,1.4819642,-0.16932064,-0.89161414,0.20074463,1.9215393,2.4361877,-1.8514282,-1.7560787,-2.154403,0.08810425,1.1455383,2.4414978,-1.6935484,-0.9913409,-2.2799206,-0.544281,0.29016113,4.3454285,-0.9643149999999999,0.08425065,-4.368768,-0.41799927000000003,-1.3854980000000001,1.754303,-1.0810492,1.3181539,-1.6510763,-0.41799927000000003,-1.3854980000000001,1.754303,-1.0810492,1.3181539,-1.6510763,哈哈哈哈
-0.907959,0.7439574999999999,-0.053375244,-0.21782286,0.42051659999999996,0.34645313,3.594452,4.3160706,4.879608,-4.933566,-3.4190304,-4.8350916,3.594452,4.3160706,4.879608,-4.933566,-3.4190304,-4.8350916,0.4578247,4.3160706,4.879608,-1.7214136,-3.2520814,-4.638415,0.4578247,4.3160706,4.879608,-1.7214136,-3.2520814,-4.638415,1.5584411999999999,4.3160706,4.879608,-1.9848735,-3.7517351999999997,-5.251311,1.5584411999999999,4.3160706,4.879608,-1.9848735,-3.7517351999999997,-5.251311,2.6776733,4.3160706,4.1411133,-3.254994,-3.346991,-4.310102,1.8814087,4.3160706,4.0133667,-3.0365405,-3.3869777,-4.0781884,2.424408,4.3160706,4.879608,-3.7584767,-3.6960177,-5.037084,-1.5343323,4.3160706,4.879608,0.6196697999999999,-3.0871837,-3.9101837,-3.073822,4.3160706,4.879608,2.5230079,-3.1175299,-3.7310042,-3.67099,0.9057617,3.6096190999999997,3.6349688,0.079704225,-2.4923503,-1.6380005,1.1559447999999999,2.0367737,1.4819642,-0.16932064,-0.89161414,0.20074463,1.9215393,2.4361877,-1.8514282,-1.7560787,-2.154403,0.08810425,1.1455383,2.4414978,-1.6935484,-0.9913409,-2.2799206,-0.544281,0.29016113,4.3454285,-0.9643149999999999,0.08425065,-4.368768,-0.41799927000000003,-1.3854980000000001,1.754303,-1.0810492,1.3181539,-1.6510763,-0.41799927000000003,-1.3854980000000001,1.754303,-1.0810492,1.3181539,-1.6510763,-0.70022583,0.8695679,3.626831,-0.8464197999999999,-0.8031311,-3.488732,哈哈哈哈
3.594452,4.3160706,4.879608,-4.933566,-3.4190304,-4.8350916,3.594452,4.3160706,4.879608,-4.933566,-3.4190304,-4.8350916,0.4578247,4.3160706,4.879608,-1.7214136,-3.2520814,-4.638415,0.4578247,4.3160706,4.879608,-1.7214136,-3.2520814,-4.638415,1.5584411999999999,4.3160706,4.879608,-1.9848735,-3.7517351999999997,-5.251311,1.5584411999999999,4.3160706,4.879608,-1.9848735,-3.7517351999999997,-5.251311,2.6776733,4.3160706,4.1411133,-3.254994,-3.346991,-4.310102,1.8814087,4.3160706,4.0133667,-3.0365405,-3.3869777,-4.0781884,2.424408,4.3160706,4.879608,-3.7584767,-3.6960177,-5.037084,-1.5343323,4.3160706,4.879608,0.6196697999999999,-3.0871837,-3.9101837,-3.073822,4.3160706,4.879608,2.5230079,-3.1175299,-3.7310042,-3.67099,0.9057617,3.6096190999999997,3.6349688,0.079704225,-2.4923503,-1.6380005,1.1559447999999999,2.0367737,1.4819642,-0.16932064,-0.89161414,0.20074463,1.9215393,2.4361877,-1.8514282,-1.7560787,-2.154403,0.08810425,1.1455383,2.4414978,-1.6935484,-0.9913409,-2.2799206,-0.544281,0.29016113,4.3454285,-0.9643149999999999,0.08425065,-4.368768,-0.41799927000000003,-1.3854980000000001,1.754303,-1.0810492,1.3181539,-1.6510763,-0.41799927000000003,-1.3854980000000001,1.754303,-1.0810492,1.3181539,-1.6510763,-0.70022583,0.8695679,3.626831,-0.8464197999999999,-0.8031311,-3.488732,-0.70022583,0.8695679,3.626831,-0.8464197999999999,-0.8031311,-3.488732,哈哈哈哈
3.594452,4.3160706,4.879608,-4.933566,-3.4190304,-4.8350916,0.4578247,4.3160706,4.879608,-1.7214136,-3.2520814,-4.638415,0.4578247,4.3160706,4.879608,-1.7214136,-3.2520814,-4.638415,1.5584411999999999,4.3160706,4.879608,-1.9848735,-3.7517351999999997,-5.251311,1.5584411999999999,4.3160706,4.879608,-1.9848735,-3.7517351999999997,-5.251311,2.6776733,4.3160706,4.1411133,-3.254994,-3.346991,-4.310102,1.8814087,4.3160706,4.0133667,-3.0365405,-3.3869777,-4.0781884,2.424408,4.3160706,4.879608,-3.7584767,-3.6960177,-5.037084,-1.5343323,4.3160706,4.879608,0.6196697999999999,-3.0871837,-3.9101837,-3.073822,4.3160706,4.879608,2.5230079,-3.1175299,-3.7310042,-3.67099,0.9057617,3.6096190999999997,3.6349688,0.079704225,-2.4923503,-1.6380005,1.1559447999999999,2.0367737,1.4819642,-0.16932064,-0.89161414,0.20074463,1.9215393,2.4361877,-1.8514282,-1.7560787,-2.154403,0.08810425,1.1455383,2.4414978,-1.6935484,-0.9913409,-2.2799206,-0.544281,0.29016113,4.3454285,-0.9643149999999999,0.08425065,-4.368768,-0.41799927000000003,-1.3854980000000001,1.754303,-1.0810492,1.3181539,-1.6510763,-0.41799927000000003,-1.3854980000000001,1.754303,-1.0810492,1.3181539,-1.6510763,-0.70022583,0.8695679,3.626831,-0.8464197999999999,-0.8031311,-3.488732,-0.70022583,0.8695679,3.626831,-0.8464197999999999,-0.8031311,-3.488732,-0.109680176,1.5734558,4.879608,-1.0174646,-1.098358,-5.20429,哈哈哈哈
0.4578247,4.3160706,4.879608,-1.7214136,-3.2520814,-4.638415,0.4578247,4.3160706,4.879608,-1.7214136,-3.2520814,-4.638415,1.5584411999999999,4.3160706,4.879608,-1.9848735,-3.7517351999999997,-5.251311,1.5584411999999999,4.3160706,4.879608,-1.9848735,-3.7517351999999997,-5.251311,2.6776733,4.3160706,4.1411133,-3.254994,-3.346991,-4.310102,1.8814087,4.3160706,4.0133667,-3.0365405,-3.3869777,-4.0781884,2.424408,4.3160706,4.879608,-3.7584767,-3.6960177,-5.037084,-1.5343323,4.3160706,4.879608,0.6196697999999999,-3.0871837,-3.9101837,-3.073822,4.3160706,4.879608,2.5230079,-3.1175299,-3.7310042,-3.67099,0.9057617,3.6096190999999997,3.6349688,0.079704225,-2.4923503,-1.6380005,1.1559447999999999,2.0367737,1.4819642,-0.16932064,-0.89161414,0.20074463,1.9215393,2.4361877,-1.8514282,-1.7560787,-2.154403,0.08810425,1.1455383,2.4414978,-1.6935484,-0.9913409,-2.2799206,-0.544281,0.29016113,4.3454285,-0.9643149999999999,0.08425065,-4.368768,-0.41799927000000003,-1.3854980000000001,1.754303,-1.0810492,1.3181539,-1.6510763,-0.41799927000000003,-1.3854980000000001,1.754303,-1.0810492,1.3181539,-1.6510763,-0.70022583,0.8695679,3.626831,-0.8464197999999999,-0.8031311,-3.488732,-0.70022583,0.8695679,3.626831,-0.8464197999999999,-0.8031311,-3.488732,-0.109680176,1.5734558,4.879608,-1.0174646,-1.098358,-5.20429,0.15307617,2.3743286,4.879608,-0.67837954,-1.8353008,-5.2771893,哈哈哈哈
0.4578247,4.3160706,4.879608,-1.7214136,-3.2520814,-4.638415,1.5584411999999999,4.3160706,4.879608,-1.9848735,-3.7517351999999997,-5.251311,1.5584411999999999,4.3160706,4.879608,-1.9848735,-3.7517351999999997,-5.251311,2.6776733,4.3160706,4.1411133,-3.254994,-3.346991,-4.310102,1.8814087,4.3160706,4.0133667,-3.0365405,-3.3869777,-4.0781884,2.424408,4.3160706,4.879608,-3.7584767,-3.6960177,-5.037084,-1.5343323,4.3160706,4.879608,0.6196697999999999,-3.0871837,-3.9101837,-3.073822,4.3160706,4.879608,2.5230079,-3.1175299,-3.7310042,-3.67099,0.9057617,3.6096190999999997,3.6349688,0.079704225,-2.4923503,-1.6380005,1.1559447999999999,2.0367737,1.4819642,-0.16932064,-0.89161414,0.20074463,1.9215393,2.4361877,-1.8514282,-1.7560787,-2.154403,0.08810425,1.1455383,2.4414978,-1.6935484,-0.9913409,-2.2799206,-0.544281,0.29016113,4.3454285,-0.9643149999999999,0.08425065,-4.368768,-0.41799927000000003,-1.3854980000000001,1.754303,-1.0810492,1.3181539,-1.6510763,-0.41799927000000003,-1.3854980000000001,1.754303,-1.0810492,1.3181539,-1.6510763,-0.70022583,0.8695679,3.626831,-0.8464197999999999,-0.8031311,-3.488732,-0.70022583,0.8695679,3.626831,-0.8464197999999999,-0.8031311,-3.488732,-0.109680176,1.5734558,4.879608,-1.0174646,-1.098358,-5.20429,0.15307617,2.3743286,4.879608,-0.67837954,-1.8353008,-5.2771893,0.15307617,2.3743286,4.879608,-0.67837954,-1.8353008,-5.2771893,哈哈哈哈
1.5584411999999999,4.3160706,4.879608,-1.9848735,-3.7517351999999997,-5.251311,1.5584411999999999,4.3160706,4.879608,-1.9848735,-3.7517351999999997,-5.251311,2.6776733,4.3160706,4.1411133,-3.254994,-3.346991,-4.310102,1.8814087,4.3160706,4.0133667,-3.0365405,-3.3869777,-4.0781884,2.424408,4.3160706,4.879608,-3.7584767,-3.6960177,-5.037084,-1.5343323,4.3160706,4.879608,0.6196697999999999,-3.0871837,-3.9101837,-3.073822,4.3160706,4.879608,2.5230079,-3.1175299,-3.7310042,-3.67099,0.9057617,3.6096190999999997,3.6349688,0.079704225,-2.4923503,-1.6380005,1.1559447999999999,2.0367737,1.4819642,-0.16932064,-0.89161414,0.20074463,1.9215393,2.4361877,-1.8514282,-1.7560787,-2.154403,0.08810425,1.1455383,2.4414978,-1.6935484,-0.9913409,-2.2799206,-0.544281,0.29016113,4.3454285,-0.9643149999999999,0.08425065,-4.368768,-0.41799927000000003,-1.3854980000000001,1.754303,-1.0810492,1.3181539,-1.6510763,-0.41799927000000003,-1.3854980000000001,1.754303,-1.0810492,1.3181539,-1.6510763,-0.70022583,0.8695679,3.626831,-0.8464197999999999,-0.8031311,-3.488732,-0.70022583,0.8695679,3.626831,-0.8464197999999999,-0.8031311,-3.488732,-0.109680176,1.5734558,4.879608,-1.0174646,-1.098358,-5.20429,0.15307617,2.3743286,4.879608,-0.67837954,-1.8353008,-5.2771893,0.15307617,2.3743286,4.879608,-0.67837954,-1.8353008,-5.2771893,1.3366088999999999,0.9307251,3.5960083,-1.5813764,-0.21374872,-3.8239156999999997,哈哈哈哈
1.5584411999999999,4.3160706,4.879608,-1.9848735,-3.7517351999999997,-5.251311,2.6776733,4.3160706,4.1411133,-3.254994,-3.346991,-4.310102,1.8814087,4.3160706,4.0133667,-3.0365405,-3.3869777,-4.0781884,2.424408,4.3160706,4.879608,-3.7584767,-3.6960177,-5.037084,-1.5343323,4.3160706,4.879608,0.6196697999999999,-3.0871837,-3.9101837,-3.073822,4.3160706,4.879608,2.5230079,-3.1175299,-3.7310042,-3.67099,0.9057617,3.6096190999999997,3.6349688,0.079704225,-2.4923503,-1.6380005,1.1559447999999999,2.0367737,1.4819642,-0.16932064,-0.89161414,0.20074463,1.9215393,2.4361877,-1.8514282,-1.7560787,-2.154403,0.08810425,1.1455383,2.4414978,-1.6935484,-0.9913409,-2.2799206,-0.544281,0.29016113,4.3454285,-0.9643149999999999,0.08425065,-4.368768,-0.41799927000000003,-1.3854980000000001,1.754303,-1.0810492,1.3181539,-1.6510763,-0.41799927000000003,-1.3854980000000001,1.754303,-1.0810492,1.3181539,-1.6510763,-0.70022583,0.8695679,3.626831,-0.8464197999999999,-0.8031311,-3.488732,-0.70022583,0.8695679,3.626831,-0.8464197999999999,-0.8031311,-3.488732,-0.109680176,1.5734558,4.879608,-1.0174646,-1.098358,-5.20429,0.15307617,2.3743286,4.879608,-0.67837954,-1.8353008,-5.2771893,0.15307617,2.3743286,4.879608,-0.67837954,-1.8353008,-5.2771893,1.3366088999999999,0.9307251,3.5960083,-1.5813764,-0.21374872,-3.8239156999999997,1.3366088999999999,0.9307251,3.5960083,-1.5813764,-0.21374872,-3.8239156999999997,哈哈哈哈
2.6776733,4.3160706,4.1411133,-3.254994,-3.346991,-4.310102,1.8814087,4.3160706,4.0133667,-3.0365405,-3.3869777,-4.0781884,2.424408,4.3160706,4.879608,-3.7584767,-3.6960177,-5.037084,-1.5343323,4.3160706,4.879608,0.6196697999999999,-3.0871837,-3.9101837,-3.073822,4.3160706,4.879608,2.5230079,-3.1175299,-3.7310042,-3.67099,0.9057617,3.6096190999999997,3.6349688,0.079704225,-2.4923503,-1.6380005,1.1559447999999999,2.0367737,1.4819642,-0.16932064,-0.89161414,0.20074463,1.9215393,2.4361877,-1.8514282,-1.7560787,-2.154403,0.08810425,1.1455383,2.4414978,-1.6935484,-0.9913409,-2.2799206,-0.544281,0.29016113,4.3454285,-0.9643149999999999,0.08425065,-4.368768,-0.41799927000000003,-1.3854980000000001,1.754303,-1.0810492,1.3181539,-1.6510763,-0.41799927000000003,-1.3854980000000001,1.754303,-1.0810492,1.3181539,-1.6510763,-0.70022583,0.8695679,3.626831,-0.8464197999999999,-0.8031311,-3.488732,-0.70022583,0.8695679,3.626831,-0.8464197999999999,-0.8031311,-3.488732,-0.109680176,1.5734558,4.879608,-1.0174646,-1.098358,-5.20429,0.15307617,2.3743286,4.879608,-0.67837954,-1.8353008,-5.2771893,0.15307617,2.3743286,4.879608,-0.67837954,-1.8353008,-5.2771893,1.3366088999999999,0.9307251,3.5960083,-1.5813764,-0.21374872,-3.8239156999999997,1.3366088999999999,0.9307251,3.5960083,-1.5813764,-0.21374872,-3.8239156999999997,-2.1621094,2.3009033,4.879608,0.8854407,-1.2047257,-3.9495367999999997,哈哈哈哈
1.8814087,4.3160706,4.0133667,-3.0365405,-3.3869777,-4.0781884,2.424408,4.3160706,4.879608,-3.7584767,-3.6960177,-5.037084,-1.5343323,4.3160706,4.879608,0.6196697999999999,-3.0871837,-3.9101837,-3.073822,4.3160706,4.879608,2.5230079,-3.1175299,-3.7310042,-3.67099,0.9057617,3.6096190999999997,3.6349688,0.079704225,-2.4923503,-1.6380005,1.1559447999999999,2.0367737,1.4819642,-0.16932064,-0.89161414,0.20074463,1.9215393,2.4361877,-1.8514282,-1.7560787,-2.154403,0.08810425,1.1455383,2.4414978,-1.6935484,-0.9913409,-2.2799206,-0.544281,0.29016113,4.3454285,-0.9643149999999999,0.08425065,-4.368768,-0.41799927000000003,-1.3854980000000001,1.754303,-1.0810492,1.3181539,-1.6510763,-0.41799927000000003,-1.3854980000000001,1.754303,-1.0810492,1.3181539,-1.6510763,-0.70022583,0.8695679,3.626831,-0.8464197999999999,-0.8031311,-3.488732,-0.70022583,0.8695679,3.626831,-0.8464197999999999,-0.8031311,-3.488732,-0.109680176,1.5734558,4.879608,-1.0174646,-1.098358,-5.20429,0.15307617,2.3743286,4.879608,-0.67837954,-1.8353008,-5.2771893,0.15307617,2.3743286,4.879608,-0.67837954,-1.8353008,-5.2771893,1.3366088999999999,0.9307251,3.5960083,-1.5813764,-0.21374872,-3.8239156999999997,1.3366088999999999,0.9307251,3.5960083,-1.5813764,-0.21374872,-3.8239156999999997,-2.1621094,2.3009033,4.879608,0.8854407,-1.2047257,-3.9495367999999997,-2.1621094,2.3009033,4.879608,0.8854407,-1.2047257,-3.9495367999999997,哈哈哈哈
2.424408,4.3160706,4.879608,-3.7584767,-3.6960177,-5.037084,-1.5343323,4.3160706,4.879608,0.6196697999999999,-3.0871837,-3.9101837,-3.073822,4.3160706,4.879608,2.5230079,-3.1175299,-3.7310042,-3.67099,0.9057617,3.6096190999999997,3.6349688,0.079704225,-2.4923503,-1.6380005,1.1559447999999999,2.0367737,1.4819642,-0.16932064,-0.89161414,0.20074463,1.9215393,2.4361877,-1.8514282,-1.7560787,-2.154403,0.08810425,1.1455383,2.4414978,-1.6935484,-0.9913409,-2.2799206,-0.544281,0.29016113,4.3454285,-0.9643149999999999,0.08425065,-4.368768,-0.41799927000000003,-1.3854980000000001,1.754303,-1.0810492,1.3181539,-1.6510763,-0.41799927000000003,-1.3854980000000001,1.754303,-1.0810492,1.3181539,-1.6510763,-0.70022583,0.8695679,3.626831,-0.8464197999999999,-0.8031311,-3.488732,-0.70022583,0.8695679,3.626831,-0.8464197999999999,-0.8031311,-3.488732,-0.109680176,1.5734558,4.879608,-1.0174646,-1.098358,-5.20429,0.15307617,2.3743286,4.879608,-0.67837954,-1.8353008,-5.2771893,0.15307617,2.3743286,4.879608,-0.67837954,-1.8353008,-5.2771893,1.3366088999999999,0.9307251,3.5960083,-1.5813764,-0.21374872,-3.8239156999999997,1.3366088999999999,0.9307251,3.5960083,-1.5813764,-0.21374872,-3.8239156999999997,-2.1621094,2.3009033,4.879608,0.8854407,-1.2047257,-3.9495367999999997,-2.1621094,2.3009033,4.879608,0.8854407,-1.2047257,-3.9495367999999997,0.6991577,4.175812,4.79657,-2.239122,-3.8415866,-3.7239819,哈哈哈哈
-1.5343323,4.3160706,4.879608,0.6196697999999999,-3.0871837,-3.9101837,-3.073822,4.3160706,4.879608,2.5230079,-3.1175299,-3.7310042,-3.67099,0.9057617,3.6096190999999997,3.6349688,0.079704225,-2.4923503,-1.6380005,1.1559447999999999,2.0367737,1.4819642,-0.16932064,-0.89161414,0.20074463,1.9215393,2.4361877,-1.8514282,-1.7560787,-2.154403,0.08810425,1.1455383,2.4414978,-1.6935484,-0.9913409,-2.2799206,-0.544281,0.29016113,4.3454285,-0.9643149999999999,0.08425065,-4.368768,-0.41799927000000003,-1.3854980000000001,1.754303,-1.0810492,1.3181539,-1.6510763,-0.41799927000000003,-1.3854980000000001,1.754303,-1.0810492,1.3181539,-1.6510763,-0.70022583,0.8695679,3.626831,-0.8464197999999999,-0.8031311,-3.488732,-0.70022583,0.8695679,3.626831,-0.8464197999999999,-0.8031311,-3.488732,-0.109680176,1.5734558,4.879608,-1.0174646,-1.098358,-5.20429,0.15307617,2.3743286,4.879608,-0.67837954,-1.8353008,-5.2771893,0.15307617,2.3743286,4.879608,-0.67837954,-1.8353008,-5.2771893,1.3366088999999999,0.9307251,3.5960083,-1.5813764,-0.21374872,-3.8239156999999997,1.3366088999999999,0.9307251,3.5960083,-1.5813764,-0.21374872,-3.8239156999999997,-2.1621094,2.3009033,4.879608,0.8854407,-1.2047257,-3.9495367999999997,-2.1621094,2.3009033,4.879608,0.8854407,-1.2047257,-3.9495367999999997,0.6991577,4.175812,4.79657,-2.239122,-3.8415866,-3.7239819,-0.5080260999999999,3.5513916,4.879608,-1.0841143,-2.8134763,-4.3166814,哈哈哈哈
-3.073822,4.3160706,4.879608,2.5230079,-3.1175299,-3.7310042,-3.67099,0.9057617,3.6096190999999997,3.6349688,0.079704225,-2.4923503,-1.6380005,1.1559447999999999,2.0367737,1.4819642,-0.16932064,-0.89161414,0.20074463,1.9215393,2.4361877,-1.8514282,-1.7560787,-2.154403,0.08810425,1.1455383,2.4414978,-1.6935484,-0.9913409,-2.2799206,-0.544281,0.29016113,4.3454285,-0.9643149999999999,0.08425065,-4.368768,-0.41799927000000003,-1.3854980000000001,1.754303,-1.0810492,1.3181539,-1.6510763,-0.41799927000000003,-1.3854980000000001,1.754303,-1.0810492,1.3181539,-1.6510763,-0.70022583,0.8695679,3.626831,-0.8464197999999999,-0.8031311,-3.488732,-0.70022583,0.8695679,3.626831,-0.8464197999999999,-0.8031311,-3.488732,-0.109680176,1.5734558,4.879608,-1.0174646,-1.098358,-5.20429,0.15307617,2.3743286,4.879608,-0.67837954,-1.8353008,-5.2771893,0.15307617,2.3743286,4.879608,-0.67837954,-1.8353008,-5.2771893,1.3366088999999999,0.9307251,3.5960083,-1.5813764,-0.21374872,-3.8239156999999997,1.3366088999999999,0.9307251,3.5960083,-1.5813764,-0.21374872,-3.8239156999999997,-2.1621094,2.3009033,4.879608,0.8854407,-1.2047257,-3.9495367999999997,-2.1621094,2.3009033,4.879608,0.8854407,-1.2047257,-3.9495367999999997,0.6991577,4.175812,4.79657,-2.239122,-3.8415866,-3.7239819,-0.5080260999999999,3.5513916,4.879608,-1.0841143,-2.8134763,-4.3166814,-1.1758728,1.8130188,3.692047,0.48074257000000004,-0.49834824,-3.3979749999999997,哈哈哈哈
-3.67099,0.9057617,3.6096190999999997,3.6349688,0.079704225,-2.4923503,-1.6380005,1.1559447999999999,2.0367737,1.4819642,-0.16932064,-0.89161414,0.20074463,1.9215393,2.4361877,-1.8514282,-1.7560787,-2.154403,0.08810425,1.1455383,2.4414978,-1.6935484,-0.9913409,-2.2799206,-0.544281,0.29016113,4.3454285,-0.9643149999999999,0.08425065,-4.368768,-0.41799927000000003,-1.3854980000000001,1.754303,-1.0810492,1.3181539,-1.6510763,-0.41799927000000003,-1.3854980000000001,1.754303,-1.0810492,1.3181539,-1.6510763,-0.70022583,0.8695679,3.626831,-0.8464197999999999,-0.8031311,-3.488732,-0.70022583,0.8695679,3.626831,-0.8464197999999999,-0.8031311,-3.488732,-0.109680176,1.5734558,4.879608,-1.0174646,-1.098358,-5.20429,0.15307617,2.3743286,4.879608,-0.67837954,-1.8353008,-5.2771893,0.15307617,2.3743286,4.879608,-0.67837954,-1.8353008,-5.2771893,1.3366088999999999,0.9307251,3.5960083,-1.5813764,-0.21374872,-3.8239156999999997,1.3366088999999999,0.9307251,3.5960083,-1.5813764,-0.21374872,-3.8239156999999997,-2.1621094,2.3009033,4.879608,0.8854407,-1.2047257,-3.9495367999999997,-2.1621094,2.3009033,4.879608,0.8854407,-1.2047257,-3.9495367999999997,0.6991577,4.175812,4.79657,-2.239122,-3.8415866,-3.7239819,-0.5080260999999999,3.5513916,4.879608,-1.0841143,-2.8134763,-4.3166814,-1.1758728,1.8130188,3.692047,0.48074257000000004,-0.49834824,-3.3979749999999997,-0.76672363,1.8373108,4.787628,0.03338802,-0.5692725,-4.6513987,哈哈哈哈
-1.6380005,1.1559447999999999,2.0367737,1.4819642,-0.16932064,-0.89161414,0.20074463,1.9215393,2.4361877,-1.8514282,-1.7560787,-2.154403,0.08810425,1.1455383,2.4414978,-1.6935484,-0.9913409,-2.2799206,-0.544281,0.29016113,4.3454285,-0.9643149999999999,0.08425065,-4.368768,-0.41799927000000003,-1.3854980000000001,1.754303,-1.0810492,1.3181539,-1.6510763,-0.41799927000000003,-1.3854980000000001,1.754303,-1.0810492,1.3181539,-1.6510763,-0.70022583,0.8695679,3.626831,-0.8464197999999999,-0.8031311,-3.488732,-0.70022583,0.8695679,3.626831,-0.8464197999999999,-0.8031311,-3.488732,-0.109680176,1.5734558,4.879608,-1.0174646,-1.098358,-5.20429,0.15307617,2.3743286,4.879608,-0.67837954,-1.8353008,-5.2771893,0.15307617,2.3743286,4.879608,-0.67837954,-1.8353008,-5.2771893,1.3366088999999999,0.9307251,3.5960083,-1.5813764,-0.21374872,-3.8239156999999997,1.3366088999999999,0.9307251,3.5960083,-1.5813764,-0.21374872,-3.8239156999999997,-2.1621094,2.3009033,4.879608,0.8854407,-1.2047257,-3.9495367999999997,-2.1621094,2.3009033,4.879608,0.8854407,-1.2047257,-3.9495367999999997,0.6991577,4.175812,4.79657,-2.239122,-3.8415866,-3.7239819,-0.5080260999999999,3.5513916,4.879608,-1.0841143,-2.8134763,-4.3166814,-1.1758728,1.8130188,3.692047,0.48074257000000004,-0.49834824,-3.3979749999999997,-0.76672363,1.8373108,4.787628,0.03338802,-0.5692725,-4.6513987,0.37216187,2.9083252,4.843628,-0.7580083,-1.9304123999999998,-4.9901557,哈哈哈哈
0.20074463,1.9215393,2.4361877,-1.8514282,-1.7560787,-2.154403,0.08810425,1.1455383,2.4414978,-1.6935484,-0.9913409,-2.2799206,-0.544281,0.29016113,4.3454285,-0.9643149999999999,0.08425065,-4.368768,-0.41799927000000003,-1.3854980000000001,1.754303,-1.0810492,1.3181539,-1.6510763,-0.41799927000000003,-1.3854980000000001,1.754303,-1.0810492,1.3181539,-1.6510763,-0.70022583,0.8695679,3.626831,-0.8464197999999999,-0.8031311,-3.488732,-0.70022583,0.8695679,3.626831,-0.8464197999999999,-0.8031311,-3.488732,-0.109680176,1.5734558,4.879608,-1.0174646,-1.098358,-5.20429,0.15307617,2.3743286,4.879608,-0.67837954,-1.8353008,-5.2771893,0.15307617,2.3743286,4.879608,-0.67837954,-1.8353008,-5.2771893,1.3366088999999999,0.9307251,3.5960083,-1.5813764,-0.21374872,-3.8239156999999997,1.3366088999999999,0.9307251,3.5960083,-1.5813764,-0.21374872,-3.8239156999999997,-2.1621094,2.3009033,4.879608,0.8854407,-1.2047257,-3.9495367999999997,-2.1621094,2.3009033,4.879608,0.8854407,-1.2047257,-3.9495367999999997,0.6991577,4.175812,4.79657,-2.239122,-3.8415866,-3.7239819,-0.5080260999999999,3.5513916,4.879608,-1.0841143,-2.8134763,-4.3166814,-1.1758728,1.8130188,3.692047,0.48074257000000004,-0.49834824,-3.3979749999999997,-0.76672363,1.8373108,4.787628,0.03338802,-0.5692725,-4.6513987,0.37216187,2.9083252,4.843628,-0.7580083,-1.9304123999999998,-4.9901557,0.6481323,2.4472046,4.406555,-0.9484303,-1.4968983,-4.5262985,哈哈哈哈
0.08810425,1.1455383,2.4414978,-1.6935484,-0.9913409,-2.2799206,-0.544281,0.29016113,4.3454285,-0.9643149999999999,0.08425065,-4.368768,-0.41799927000000003,-1.3854980000000001,1.754303,-1.0810492,1.3181539,-1.6510763,-0.41799927000000003,-1.3854980000000001,1.754303,-1.0810492,1.3181539,-1.6510763,-0.70022583,0.8695679,3.626831,-0.8464197999999999,-0.8031311,-3.488732,-0.70022583,0.8695679,3.626831,-0.8464197999999999,-0.8031311,-3.488732,-0.109680176,1.5734558,4.879608,-1.0174646,-1.098358,-5.20429,0.15307617,2.3743286,4.879608,-0.67837954,-1.8353008,-5.2771893,0.15307617,2.3743286,4.879608,-0.67837954,-1.8353008,-5.2771893,1.3366088999999999,0.9307251,3.5960083,-1.5813764,-0.21374872,-3.8239156999999997,1.3366088999999999,0.9307251,3.5960083,-1.5813764,-0.21374872,-3.8239156999999997,-2.1621094,2.3009033,4.879608,0.8854407,-1.2047257,-3.9495367999999997,-2.1621094,2.3009033,4.879608,0.8854407,-1.2047257,-3.9495367999999997,0.6991577,4.175812,4.79657,-2.239122,-3.8415866,-3.7239819,-0.5080260999999999,3.5513916,4.879608,-1.0841143,-2.8134763,-4.3166814,-1.1758728,1.8130188,3.692047,0.48074257000000004,-0.49834824,-3.3979749999999997,-0.76672363,1.8373108,4.787628,0.03338802,-0.5692725,-4.6513987,0.37216187,2.9083252,4.843628,-0.7580083,-1.9304123999999998,-4.9901557,0.6481323,2.4472046,4.406555,-0.9484303,-1.4968983,-4.5262985,0.62542725,0.6618347,2.56839,-0.5990985999999999,0.24570367,-2.3153894,哈哈哈哈
-0.544281,0.29016113,4.3454285,-0.9643149999999999,0.08425065,-4.368768,-0.41799927000000003,-1.3854980000000001,1.754303,-1.0810492,1.3181539,-1.6510763,-0.41799927000000003,-1.3854980000000001,1.754303,-1.0810492,1.3181539,-1.6510763,-0.70022583,0.8695679,3.626831,-0.8464197999999999,-0.8031311,-3.488732,-0.70022583,0.8695679,3.626831,-0.8464197999999999,-0.8031311,-3.488732,-0.109680176,1.5734558,4.879608,-1.0174646,-1.098358,-5.20429,0.15307617,2.3743286,4.879608,-0.67837954,-1.8353008,-5.2771893,0.15307617,2.3743286,4.879608,-0.67837954,-1.8353008,-5.2771893,1.3366088999999999,0.9307251,3.5960083,-1.5813764,-0.21374872,-3.8239156999999997,1.3366088999999999,0.9307251,3.5960083,-1.5813764,-0.21374872,-3.8239156999999997,-2.1621094,2.3009033,4.879608,0.8854407,-1.2047257,-3.9495367999999997,-2.1621094,2.3009033,4.879608,0.8854407,-1.2047257,-3.9495367999999997,0.6991577,4.175812,4.79657,-2.239122,-3.8415866,-3.7239819,-0.5080260999999999,3.5513916,4.879608,-1.0841143,-2.8134763,-4.3166814,-1.1758728,1.8130188,3.692047,0.48074257000000004,-0.49834824,-3.3979749999999997,-0.76672363,1.8373108,4.787628,0.03338802,-0.5692725,-4.6513987,0.37216187,2.9083252,4.843628,-0.7580083,-1.9304123999999998,-4.9901557,0.6481323,2.4472046,4.406555,-0.9484303,-1.4968983,-4.5262985,0.62542725,0.6618347,2.56839,-0.5990985999999999,0.24570367,-2.3153894,0.315979,0.24945068,2.5481873,-0.15176404000000002,0.5438396999999999,-1.9185042,哈哈哈哈
-0.41799927000000003,-1.3854980000000001,1.754303,-1.0810492,1.3181539,-1.6510763,-0.41799927000000003,-1.3854980000000001,1.754303,-1.0810492,1.3181539,-1.6510763,-0.70022583,0.8695679,3.626831,-0.8464197999999999,-0.8031311,-3.488732,-0.70022583,0.8695679,3.626831,-0.8464197999999999,-0.8031311,-3.488732,-0.109680176,1.5734558,4.879608,-1.0174646,-1.098358,-5.20429,0.15307617,2.3743286,4.879608,-0.67837954,-1.8353008,-5.2771893,0.15307617,2.3743286,4.879608,-0.67837954,-1.8353008,-5.2771893,1.3366088999999999,0.9307251,3.5960083,-1.5813764,-0.21374872,-3.8239156999999997,1.3366088999999999,0.9307251,3.5960083,-1.5813764,-0.21374872,-3.8239156999999997,-2.1621094,2.3009033,4.879608,0.8854407,-1.2047257,-3.9495367999999997,-2.1621094,2.3009033,4.879608,0.8854407,-1.2047257,-3.9495367999999997,0.6991577,4.175812,4.79657,-2.239122,-3.8415866,-3.7239819,-0.5080260999999999,3.5513916,4.879608,-1.0841143,-2.8134763,-4.3166814,-1.1758728,1.8130188,3.692047,0.48074257000000004,-0.49834824,-3.3979749999999997,-0.76672363,1.8373108,4.787628,0.03338802,-0.5692725,-4.6513987,0.37216187,2.9083252,4.843628,-0.7580083,-1.9304123999999998,-4.9901557,0.6481323,2.4472046,4.406555,-0.9484303,-1.4968983,-4.5262985,0.62542725,0.6618347,2.56839,-0.5990985999999999,0.24570367,-2.3153894,0.315979,0.24945068,2.5481873,-0.15176404000000002,0.5438396999999999,-1.9185042,0.315979,0.24945068,2.5481873,-0.15176404000000002,0.5438396999999999,-1.9185042,哈哈哈哈
-0.41799927000000003,-1.3854980000000001,1.754303,-1.0810492,1.3181539,-1.6510763,-0.70022583,0.8695679,3.626831,-0.8464197999999999,-0.8031311,-3.488732,-0.70022583,0.8695679,3.626831,-0.8464197999999999,-0.8031311,-3.488732,-0.109680176,1.5734558,4.879608,-1.0174646,-1.098358,-5.20429,0.15307617,2.3743286,4.879608,-0.67837954,-1.8353008,-5.2771893,0.15307617,2.3743286,4.879608,-0.67837954,-1.8353008,-5.2771893,1.3366088999999999,0.9307251,3.5960083,-1.5813764,-0.21374872,-3.8239156999999997,1.3366088999999999,0.9307251,3.5960083,-1.5813764,-0.21374872,-3.8239156999999997,-2.1621094,2.3009033,4.879608,0.8854407,-1.2047257,-3.9495367999999997,-2.1621094,2.3009033,4.879608,0.8854407,-1.2047257,-3.9495367999999997,0.6991577,4.175812,4.79657,-2.239122,-3.8415866,-3.7239819,-0.5080260999999999,3.5513916,4.879608,-1.0841143,-2.8134763,-4.3166814,-1.1758728,1.8130188,3.692047,0.48074257000000004,-0.49834824,-3.3979749999999997,-0.76672363,1.8373108,4.787628,0.03338802,-0.5692725,-4.6513987,0.37216187,2.9083252,4.843628,-0.7580083,-1.9304123999999998,-4.9901557,0.6481323,2.4472046,4.406555,-0.9484303,-1.4968983,-4.5262985,0.62542725,0.6618347,2.56839,-0.5990985999999999,0.24570367,-2.3153894,0.315979,0.24945068,2.5481873,-0.15176404000000002,0.5438396999999999,-1.9185042,0.315979,0.24945068,2.5481873,-0.15176404000000002,0.5438396999999999,-1.9185042,0.30032349999999997,0.7307129,2.9878845,-0.1076076,0.012816176,-2.3288596,哈哈哈哈
-0.70022583,0.8695679,3.626831,-0.8464197999999999,-0.8031311,-3.488732,-0.70022583,0.8695679,3.626831,-0.8464197999999999,-0.8031311,-3.488732,-0.109680176,1.5734558,4.879608,-1.0174646,-1.098358,-5.20429,0.15307617,2.3743286,4.879608,-0.67837954,-1.8353008,-5.2771893,0.15307617,2.3743286,4.879608,-0.67837954,-1.8353008,-5.2771893,1.3366088999999999,0.9307251,3.5960083,-1.5813764,-0.21374872,-3.8239156999999997,1.3366088999999999,0.9307251,3.5960083,-1.5813764,-0.21374872,-3.8239156999999997,-2.1621094,2.3009033,4.879608,0.8854407,-1.2047257,-3.9495367999999997,-2.1621094,2.3009033,4.879608,0.8854407,-1.2047257,-3.9495367999999997,0.6991577,4.175812,4.79657,-2.239122,-3.8415866,-3.7239819,-0.5080260999999999,3.5513916,4.879608,-1.0841143,-2.8134763,-4.3166814,-1.1758728,1.8130188,3.692047,0.48074257000000004,-0.49834824,-3.3979749999999997,-0.76672363,1.8373108,4.787628,0.03338802,-0.5692725,-4.6513987,0.37216187,2.9083252,4.843628,-0.7580083,-1.9304123999999998,-4.9901557,0.6481323,2.4472046,4.406555,-0.9484303,-1.4968983,-4.5262985,0.62542725,0.6618347,2.56839,-0.5990985999999999,0.24570367,-2.3153894,0.315979,0.24945068,2.5481873,-0.15176404000000002,0.5438396999999999,-1.9185042,0.315979,0.24945068,2.5481873,-0.15176404000000002,0.5438396999999999,-1.9185042,0.30032349999999997,0.7307129,2.9878845,-0.1076076,0.012816176,-2.3288596,0.9874573,1.1562195,3.912384,-0.80594885,-0.4027919,-3.2024803,哈哈哈哈
-0.70022583,0.8695679,3.626831,-0.8464197999999999,-0.8031311,-3.488732,-0.109680176,1.5734558,4.879608,-1.0174646,-1.098358,-5.20429,0.15307617,2.3743286,4.879608,-0.67837954,-1.8353008,-5.2771893,0.15307617,2.3743286,4.879608,-0.67837954,-1.8353008,-5.2771893,1.3366088999999999,0.9307251,3.5960083,-1.5813764,-0.21374872,-3.8239156999999997,1.3366088999999999,0.9307251,3.5960083,-1.5813764,-0.21374872,-3.8239156999999997,-2.1621094,2.3009033,4.879608,0.8854407,-1.2047257,-3.9495367999999997,-2.1621094,2.3009033,4.879608,0.8854407,-1.2047257,-3.9495367999999997,0.6991577,4.175812,4.79657,-2.239122,-3.8415866,-3.7239819,-0.5080260999999999,3.5513916,4.879608,-1.0841143,-2.8134763,-4.3166814,-1.1758728,1.8130188,3.692047,0.48074257000000004,-0.49834824,-3.3979749999999997,-0.76672363,1.8373108,4.787628,0.03338802,-0.5692725,-4.6513987,0.37216187,2.9083252,4.843628,-0.7580083,-1.9304123999999998,-4.9901557,0.6481323,2.4472046,4.406555,-0.9484303,-1.4968983,-4.5262985,0.62542725,0.6618347,2.56839,-0.5990985999999999,0.24570367,-2.3153894,0.315979,0.24945068,2.5481873,-0.15176404000000002,0.5438396999999999,-1.9185042,0.315979,0.24945068,2.5481873,-0.15176404000000002,0.5438396999999999,-1.9185042,0.30032349999999997,0.7307129,2.9878845,-0.1076076,0.012816176,-2.3288596,0.9874573,1.1562195,3.912384,-0.80594885,-0.4027919,-3.2024803,1.5593872,2.1703796,4.3323364,-1.3500723,-1.466349,-3.848778,哈哈哈哈
-0.109680176,1.5734558,4.879608,-1.0174646,-1.098358,-5.20429,0.15307617,2.3743286,4.879608,-0.67837954,-1.8353008,-5.2771893,0.15307617,2.3743286,4.879608,-0.67837954,-1.8353008,-5.2771893,1.3366088999999999,0.9307251,3.5960083,-1.5813764,-0.21374872,-3.8239156999999997,1.3366088999999999,0.9307251,3.5960083,-1.5813764,-0.21374872,-3.8239156999999997,-2.1621094,2.3009033,4.879608,0.8854407,-1.2047257,-3.9495367999999997,-2.1621094,2.3009033,4.879608,0.8854407,-1.2047257,-3.9495367999999997,0.6991577,4.175812,4.79657,-2.239122,-3.8415866,-3.7239819,-0.5080260999999999,3.5513916,4.879608,-1.0841143,-2.8134763,-4.3166814,-1.1758728,1.8130188,3.692047,0.48074257000000004,-0.49834824,-3.3979749999999997,-0.76672363,1.8373108,4.787628,0.03338802,-0.5692725,-4.6513987,0.37216187,2.9083252,4.843628,-0.7580083,-1.9304123999999998,-4.9901557,0.6481323,2.4472046,4.406555,-0.9484303,-1.4968983,-4.5262985,0.62542725,0.6618347,2.56839,-0.5990985999999999,0.24570367,-2.3153894,0.315979,0.24945068,2.5481873,-0.15176404000000002,0.5438396999999999,-1.9185042,0.315979,0.24945068,2.5481873,-0.15176404000000002,0.5438396999999999,-1.9185042,0.30032349999999997,0.7307129,2.9878845,-0.1076076,0.012816176,-2.3288596,0.9874573,1.1562195,3.912384,-0.80594885,-0.4027919,-3.2024803,1.5593872,2.1703796,4.3323364,-1.3500723,-1.466349,-3.848778,-2.2510376,4.3160706,4.879608,0.8368975,-3.7360954,-4.8788733,哈哈哈哈
0.15307617,2.3743286,4.879608,-0.67837954,-1.8353008,-5.2771893,0.15307617,2.3743286,4.879608,-0.67837954,-1.8353008,-5.2771893,1.3366088999999999,0.9307251,3.5960083,-1.5813764,-0.21374872,-3.8239156999999997,1.3366088999999999,0.9307251,3.5960083,-1.5813764,-0.21374872,-3.8239156999999997,-2.1621094,2.3009033,4.879608,0.8854407,-1.2047257,-3.9495367999999997,-2.1621094,2.3009033,4.879608,0.8854407,-1.2047257,-3.9495367999999997,0.6991577,4.175812,4.79657,-2.239122,-3.8415866,-3.7239819,-0.5080260999999999,3.5513916,4.879608,-1.0841143,-2.8134763,-4.3166814,-1.1758728,1.8130188,3.692047,0.48074257000000004,-0.49834824,-3.3979749999999997,-0.76672363,1.8373108,4.787628,0.03338802,-0.5692725,-4.6513987,0.37216187,2.9083252,4.843628,-0.7580083,-1.9304123999999998,-4.9901557,0.6481323,2.4472046,4.406555,-0.9484303,-1.4968983,-4.5262985,0.62542725,0.6618347,2.56839,-0.5990985999999999,0.24570367,-2.3153894,0.315979,0.24945068,2.5481873,-0.15176404000000002,0.5438396999999999,-1.9185042,0.315979,0.24945068,2.5481873,-0.15176404000000002,0.5438396999999999,-1.9185042,0.30032349999999997,0.7307129,2.9878845,-0.1076076,0.012816176,-2.3288596,0.9874573,1.1562195,3.912384,-0.80594885,-0.4027919,-3.2024803,1.5593872,2.1703796,4.3323364,-1.3500723,-1.466349,-3.848778,-2.2510376,4.3160706,4.879608,0.8368975,-3.7360954,-4.8788733,-2.3056946,1.1143799,4.879608,0.8707452999999999,-0.42269915,-3.701944,哈哈哈哈
0.15307617,2.3743286,4.879608,-0.67837954,-1.8353008,-5.2771893,1.3366088999999999,0.9307251,3.5960083,-1.5813764,-0.21374872,-3.8239156999999997,1.3366088999999999,0.9307251,3.5960083,-1.5813764,-0.21374872,-3.8239156999999997,-2.1621094,2.3009033,4.879608,0.8854407,-1.2047257,-3.9495367999999997,-2.1621094,2.3009033,4.879608,0.8854407,-1.2047257,-3.9495367999999997,0.6991577,4.175812,4.79657,-2.239122,-3.8415866,-3.7239819,-0.5080260999999999,3.5513916,4.879608,-1.0841143,-2.8134763,-4.3166814,-1.1758728,1.8130188,3.692047,0.48074257000000004,-0.49834824,-3.3979749999999997,-0.76672363,1.8373108,4.787628,0.03338802,-0.5692725,-4.6513987,0.37216187,2.9083252,4.843628,-0.7580083,-1.9304123999999998,-4.9901557,0.6481323,2.4472046,4.406555,-0.9484303,-1.4968983,-4.5262985,0.62542725,0.6618347,2.56839,-0.5990985999999999,0.24570367,-2.3153894,0.315979,0.24945068,2.5481873,-0.15176404000000002,0.5438396999999999,-1.9185042,0.315979,0.24945068,2.5481873,-0.15176404000000002,0.5438396999999999,-1.9185042,0.30032349999999997,0.7307129,2.9878845,-0.1076076,0.012816176,-2.3288596,0.9874573,1.1562195,3.912384,-0.80594885,-0.4027919,-3.2024803,1.5593872,2.1703796,4.3323364,-1.3500723,-1.466349,-3.848778,-2.2510376,4.3160706,4.879608,0.8368975,-3.7360954,-4.8788733,-2.3056946,1.1143799,4.879608,0.8707452999999999,-0.42269915,-3.701944,-2.0301208,1.829956,4.868927,0.57593834,-1.218703,-3.6937668,哈哈哈哈
1.3366088999999999,0.9307251,3.5960083,-1.5813764,-0.21374872,-3.8239156999999997,1.3366088999999999,0.9307251,3.5960083,-1.5813764,-0.21374872,-3.8239156999999997,-2.1621094,2.3009033,4.879608,0.8854407,-1.2047257,-3.9495367999999997,-2.1621094,2.3009033,4.879608,0.8854407,-1.2047257,-3.9495367999999997,0.6991577,4.175812,4.79657,-2.239122,-3.8415866,-3.7239819,-0.5080260999999999,3.5513916,4.879608,-1.0841143,-2.8134763,-4.3166814,-1.1758728,1.8130188,3.692047,0.48074257000000004,-0.49834824,-3.3979749999999997,-0.76672363,1.8373108,4.787628,0.03338802,-0.5692725,-4.6513987,0.37216187,2.9083252,4.843628,-0.7580083,-1.9304123999999998,-4.9901557,0.6481323,2.4472046,4.406555,-0.9484303,-1.4968983,-4.5262985,0.62542725,0.6618347,2.56839,-0.5990985999999999,0.24570367,-2.3153894,0.315979,0.24945068,2.5481873,-0.15176404000000002,0.5438396999999999,-1.9185042,0.315979,0.24945068,2.5481873,-0.15176404000000002,0.5438396999999999,-1.9185042,0.30032349999999997,0.7307129,2.9878845,-0.1076076,0.012816176,-2.3288596,0.9874573,1.1562195,3.912384,-0.80594885,-0.4027919,-3.2024803,1.5593872,2.1703796,4.3323364,-1.3500723,-1.466349,-3.848778,-2.2510376,4.3160706,4.879608,0.8368975,-3.7360954,-4.8788733,-2.3056946,1.1143799,4.879608,0.8707452999999999,-0.42269915,-3.701944,-2.0301208,1.829956,4.868927,0.57593834,-1.218703,-3.6937668,-1.280304,2.7420044,4.879608,-0.37852034,-2.2896056,-4.15264,哈哈哈哈
1.3366088999999999,0.9307251,3.5960083,-1.5813764,-0.21374872,-3.8239156999999997,-2.1621094,2.3009033,4.879608,0.8854407,-1.2047257,-3.9495367999999997,-2.1621094,2.3009033,4.879608,0.8854407,-1.2047257,-3.9495367999999997,0.6991577,4.175812,4.79657,-2.239122,-3.8415866,-3.7239819,-0.5080260999999999,3.5513916,4.879608,-1.0841143,-2.8134763,-4.3166814,-1.1758728,1.8130188,3.692047,0.48074257000000004,-0.49834824,-3.3979749999999997,-0.76672363,1.8373108,4.787628,0.03338802,-0.5692725,-4.6513987,0.37216187,2.9083252,4.843628,-0.7580083,-1.9304123999999998,-4.9901557,0.6481323,2.4472046,4.406555,-0.9484303,-1.4968983,-4.5262985,0.62542725,0.6618347,2.56839,-0.5990985999999999,0.24570367,-2.3153894,0.315979,0.24945068,2.5481873,-0.15176404000000002,0.5438396999999999,-1.9185042,0.315979,0.24945068,2.5481873,-0.15176404000000002,0.5438396999999999,-1.9185042,0.30032349999999997,0.7307129,2.9878845,-0.1076076,0.012816176,-2.3288596,0.9874573,1.1562195,3.912384,-0.80594885,-0.4027919,-3.2024803,1.5593872,2.1703796,4.3323364,-1.3500723,-1.466349,-3.848778,-2.2510376,4.3160706,4.879608,0.8368975,-3.7360954,-4.8788733,-2.3056946,1.1143799,4.879608,0.8707452999999999,-0.42269915,-3.701944,-2.0301208,1.829956,4.868927,0.57593834,-1.218703,-3.6937668,-1.280304,2.7420044,4.879608,-0.37852034,-2.2896056,-4.15264,-1.0084534,3.3242493,4.879608,-0.6335510999999999,-3.0801713,-4.5015297,哈哈哈哈
-2.1621094,2.3009033,4.879608,0.8854407,-1.2047257,-3.9495367999999997,-2.1621094,2.3009033,4.879608,0.8854407,-1.2047257,-3.9495367999999997,0.6991577,4.175812,4.79657,-2.239122,-3.8415866,-3.7239819,-0.5080260999999999,3.5513916,4.879608,-1.0841143,-2.8134763,-4.3166814,-1.1758728,1.8130188,3.692047,0.48074257000000004,-0.49834824,-3.3979749999999997,-0.76672363,1.8373108,4.787628,0.03338802,-0.5692725,-4.6513987,0.37216187,2.9083252,4.843628,-0.7580083,-1.9304123999999998,-4.9901557,0.6481323,2.4472046,4.406555,-0.9484303,-1.4968983,-4.5262985,0.62542725,0.6618347,2.56839,-0.5990985999999999,0.24570367,-2.3153894,0.315979,0.24945068,2.5481873,-0.15176404000000002,0.5438396999999999,-1.9185042,0.315979,0.24945068,2.5481873,-0.15176404000000002,0.5438396999999999,-1.9185042,0.30032349999999997,0.7307129,2.9878845,-0.1076076,0.012816176,-2.3288596,0.9874573,1.1562195,3.912384,-0.80594885,-0.4027919,-3.2024803,1.5593872,2.1703796,4.3323364,-1.3500723,-1.466349,-3.848778,-2.2510376,4.3160706,4.879608,0.8368975,-3.7360954,-4.8788733,-2.3056946,1.1143799,4.879608,0.8707452999999999,-0.42269915,-3.701944,-2.0301208,1.829956,4.868927,0.57593834,-1.218703,-3.6937668,-1.280304,2.7420044,4.879608,-0.37852034,-2.2896056,-4.15264,-1.0084534,3.3242493,4.879608,-0.6335510999999999,-3.0801713,-4.5015297,-0.87802124,4.3160706,4.879608,0.18995225000000002,-4.6329193,-5.0451374,哈哈哈哈
-2.1621094,2.3009033,4.879608,0.8854407,-1.2047257,-3.9495367999999997,0.6991577,4.175812,4.79657,-2.239122,-3.8415866,-3.7239819,-0.5080260999999999,3.5513916,4.879608,-1.0841143,-2.8134763,-4.3166814,-1.1758728,1.8130188,3.692047,0.48074257000000004,-0.49834824,-3.3979749999999997,-0.76672363,1.8373108,4.787628,0.03338802,-0.5692725,-4.6513987,0.37216187,2.9083252,4.843628,-0.7580083,-1.9304123999999998,-4.9901557,0.6481323,2.4472046,4.406555,-0.9484303,-1.4968983,-4.5262985,0.62542725,0.6618347,2.56839,-0.5990985999999999,0.24570367,-2.3153894,0.315979,0.24945068,2.5481873,-0.15176404000000002,0.5438396999999999,-1.9185042,0.315979,0.24945068,2.5481873,-0.15176404000000002,0.5438396999999999,-1.9185042,0.30032349999999997,0.7307129,2.9878845,-0.1076076,0.012816176,-2.3288596,0.9874573,1.1562195,3.912384,-0.80594885,-0.4027919,-3.2024803,1.5593872,2.1703796,4.3323364,-1.3500723,-1.466349,-3.848778,-2.2510376,4.3160706,4.879608,0.8368975,-3.7360954,-4.8788733,-2.3056946,1.1143799,4.879608,0.8707452999999999,-0.42269915,-3.701944,-2.0301208,1.829956,4.868927,0.57593834,-1.218703,-3.6937668,-1.280304,2.7420044,4.879608,-0.37852034,-2.2896056,-4.15264,-1.0084534,3.3242493,4.879608,-0.6335510999999999,-3.0801713,-4.5015297,-0.87802124,4.3160706,4.879608,0.18995225000000002,-4.6329193,-5.0451374,-0.35629272,3.8296814,4.879608,-0.097138315,-4.213165,-4.9499593,哈哈哈哈
0.6991577,4.175812,4.79657,-2.239122,-3.8415866,-3.7239819,-0.5080260999999999,3.5513916,4.879608,-1.0841143,-2.8134763,-4.3166814,-1.1758728,1.8130188,3.692047,0.48074257000000004,-0.49834824,-3.3979749999999997,-0.76672363,1.8373108,4.787628,0.03338802,-0.5692725,-4.6513987,0.37216187,2.9083252,4.843628,-0.7580083,-1.9304123999999998,-4.9901557,0.6481323,2.4472046,4.406555,-0.9484303,-1.4968983,-4.5262985,0.62542725,0.6618347,2.56839,-0.5990985999999999,0.24570367,-2.3153894,0.315979,0.24945068,2.5481873,-0.15176404000000002,0.5438396999999999,-1.9185042,0.315979,0.24945068,2.5481873,-0.15176404000000002,0.5438396999999999,-1.9185042,0.30032349999999997,0.7307129,2.9878845,-0.1076076,0.012816176,-2.3288596,0.9874573,1.1562195,3.912384,-0.80594885,-0.4027919,-3.2024803,1.5593872,2.1703796,4.3323364,-1.3500723,-1.466349,-3.848778,-2.2510376,4.3160706,4.879608,0.8368975,-3.7360954,-4.8788733,-2.3056946,1.1143799,4.879608,0.8707452999999999,-0.42269915,-3.701944,-2.0301208,1.829956,4.868927,0.57593834,-1.218703,-3.6937668,-1.280304,2.7420044,4.879608,-0.37852034,-2.2896056,-4.15264,-1.0084534,3.3242493,4.879608,-0.6335510999999999,-3.0801713,-4.5015297,-0.87802124,4.3160706,4.879608,0.18995225000000002,-4.6329193,-5.0451374,-0.35629272,3.8296814,4.879608,-0.097138315,-4.213165,-4.9499593,-1.4327698,2.2818298,4.879608,1.5727795,-2.4077988,-4.576813,哈哈哈哈
-0.5080260999999999,3.5513916,4.879608,-1.0841143,-2.8134763,-4.3166814,-1.1758728,1.8130188,3.692047,0.48074257000000004,-0.49834824,-3.3979749999999997,-0.76672363,1.8373108,4.787628,0.03338802,-0.5692725,-4.6513987,0.37216187,2.9083252,4.843628,-0.7580083,-1.9304123999999998,-4.9901557,0.6481323,2.4472046,4.406555,-0.9484303,-1.4968983,-4.5262985,0.62542725,0.6618347,2.56839,-0.5990985999999999,0.24570367,-2.3153894,0.315979,0.24945068,2.5481873,-0.15176404000000002,0.5438396999999999,-1.9185042,0.315979,0.24945068,2.5481873,-0.15176404000000002,0.5438396999999999,-1.9185042,0.30032349999999997,0.7307129,2.9878845,-0.1076076,0.012816176,-2.3288596,0.9874573,1.1562195,3.912384,-0.80594885,-0.4027919,-3.2024803,1.5593872,2.1703796,4.3323364,-1.3500723,-1.466349,-3.848778,-2.2510376,4.3160706,4.879608,0.8368975,-3.7360954,-4.8788733,-2.3056946,1.1143799,4.879608,0.8707452999999999,-0.42269915,-3.701944,-2.0301208,1.829956,4.868927,0.57593834,-1.218703,-3.6937668,-1.280304,2.7420044,4.879608,-0.37852034,-2.2896056,-4.15264,-1.0084534,3.3242493,4.879608,-0.6335510999999999,-3.0801713,-4.5015297,-0.87802124,4.3160706,4.879608,0.18995225000000002,-4.6329193,-5.0451374,-0.35629272,3.8296814,4.879608,-0.097138315,-4.213165,-4.9499593,-1.4327698,2.2818298,4.879608,1.5727795,-2.4077988,-4.576813,2.8273926,4.3160706,4.879608,-3.6596494,-3.279979,-3.6758616,哈哈哈哈
-1.1758728,1.8130188,3.692047,0.48074257000000004,-0.49834824,-3.3979749999999997,-0.76672363,1.8373108,4.787628,0.03338802,-0.5692725,-4.6513987,0.37216187,2.9083252,4.843628,-0.7580083,-1.9304123999999998,-4.9901557,0.6481323,2.4472046,4.406555,-0.9484303,-1.4968983,-4.5262985,0.62542725,0.6618347,2.56839,-0.5990985999999999,0.24570367,-2.3153894,0.315979,0.24945068,2.5481873,-0.15176404000000002,0.5438396999999999,-1.9185042,0.315979,0.24945068,2.5481873,-0.15176404000000002,0.5438396999999999,-1.9185042,0.30032349999999997,0.7307129,2.9878845,-0.1076076,0.012816176,-2.3288596,0.9874573,1.1562195,3.912384,-0.80594885,-0.4027919,-3.2024803,1.5593872,2.1703796,4.3323364,-1.3500723,-1.466349,-3.848778,-2.2510376,4.3160706,4.879608,0.8368975,-3.7360954,-4.8788733,-2.3056946,1.1143799,4.879608,0.8707452999999999,-0.42269915,-3.701944,-2.0301208,1.829956,4.868927,0.57593834,-1.218703,-3.6937668,-1.280304,2.7420044,4.879608,-0.37852034,-2.2896056,-4.15264,-1.0084534,3.3242493,4.879608,-0.6335510999999999,-3.0801713,-4.5015297,-0.87802124,4.3160706,4.879608,0.18995225000000002,-4.6329193,-5.0451374,-0.35629272,3.8296814,4.879608,-0.097138315,-4.213165,-4.9499593,-1.4327698,2.2818298,4.879608,1.5727795,-2.4077988,-4.576813,2.8273926,4.3160706,4.879608,-3.6596494,-3.279979,-3.6758616,0.8180847,1.9363098,2.5073547,-2.020391,-0.8799475999999999,-1.465435,哈哈哈哈
-0.76672363,1.8373108,4.787628,0.03338802,-0.5692725,-4.6513987,0.37216187,2.9083252,4.843628,-0.7580083,-1.9304123999999998,-4.9901557,0.6481323,2.4472046,4.406555,-0.9484303,-1.4968983,-4.5262985,0.62542725,0.6618347,2.56839,-0.5990985999999999,0.24570367,-2.3153894,0.315979,0.24945068,2.5481873,-0.15176404000000002,0.5438396999999999,-1.9185042,0.315979,0.24945068,2.5481873,-0.15176404000000002,0.5438396999999999,-1.9185042,0.30032349999999997,0.7307129,2.9878845,-0.1076076,0.012816176,-2.3288596,0.9874573,1.1562195,3.912384,-0.80594885,-0.4027919,-3.2024803,1.5593872,2.1703796,4.3323364,-1.3500723,-1.466349,-3.848778,-2.2510376,4.3160706,4.879608,0.8368975,-3.7360954,-4.8788733,-2.3056946,1.1143799,4.879608,0.8707452999999999,-0.42269915,-3.701944,-2.0301208,1.829956,4.868927,0.57593834,-1.218703,-3.6937668,-1.280304,2.7420044,4.879608,-0.37852034,-2.2896056,-4.15264,-1.0084534,3.3242493,4.879608,-0.6335510999999999,-3.0801713,-4.5015297,-0.87802124,4.3160706,4.879608,0.18995225000000002,-4.6329193,-5.0451374,-0.35629272,3.8296814,4.879608,-0.097138315,-4.213165,-4.9499593,-1.4327698,2.2818298,4.879608,1.5727795,-2.4077988,-4.576813,2.8273926,4.3160706,4.879608,-3.6596494,-3.279979,-3.6758616,0.8180847,1.9363098,2.5073547,-2.020391,-0.8799475999999999,-1.465435,-0.8876343,3.6694946,4.879608,-0.032255292000000005,-2.52926,-3.7373263999999997,哈哈哈哈
0.37216187,2.9083252,4.843628,-0.7580083,-1.9304123999999998,-4.9901557,0.6481323,2.4472046,4.406555,-0.9484303,-1.4968983,-4.5262985,0.62542725,0.6618347,2.56839,-0.5990985999999999,0.24570367,-2.3153894,0.315979,0.24945068,2.5481873,-0.15176404000000002,0.5438396999999999,-1.9185042,0.315979,0.24945068,2.5481873,-0.15176404000000002,0.5438396999999999,-1.9185042,0.30032349999999997,0.7307129,2.9878845,-0.1076076,0.012816176,-2.3288596,0.9874573,1.1562195,3.912384,-0.80594885,-0.4027919,-3.2024803,1.5593872,2.1703796,4.3323364,-1.3500723,-1.466349,-3.848778,-2.2510376,4.3160706,4.879608,0.8368975,-3.7360954,-4.8788733,-2.3056946,1.1143799,4.879608,0.8707452999999999,-0.42269915,-3.701944,-2.0301208,1.829956,4.868927,0.57593834,-1.218703,-3.6937668,-1.280304,2.7420044,4.879608,-0.37852034,-2.2896056,-4.15264,-1.0084534,3.3242493,4.879608,-0.6335510999999999,-3.0801713,-4.5015297,-0.87802124,4.3160706,4.879608,0.18995225000000002,-4.6329193,-5.0451374,-0.35629272,3.8296814,4.879608,-0.097138315,-4.213165,-4.9499593,-1.4327698,2.2818298,4.879608,1.5727795,-2.4077988,-4.576813,2.8273926,4.3160706,4.879608,-3.6596494,-3.279979,-3.6758616,0.8180847,1.9363098,2.5073547,-2.020391,-0.8799475999999999,-1.465435,-0.8876343,3.6694946,4.879608,-0.032255292000000005,-2.52926,-3.7373263999999997,-1.217804,4.3160706,1.4130249,0.453103,-3.2587452,-0.17162047,哈哈哈哈
0.6481323,2.4472046,4.406555,-0.9484303,-1.4968983,-4.5262985,0.62542725,0.6618347,2.56839,-0.5990985999999999,0.24570367,-2.3153894,0.315979,0.24945068,2.5481873,-0.15176404000000002,0.5438396999999999,-1.9185042,0.315979,0.24945068,2.5481873,-0.15176404000000002,0.5438396999999999,-1.9185042,0.30032349999999997,0.7307129,2.9878845,-0.1076076,0.012816176,-2.3288596,0.9874573,1.1562195,3.912384,-0.80594885,-0.4027919,-3.2024803,1.5593872,2.1703796,4.3323364,-1.3500723,-1.466349,-3.848778,-2.2510376,4.3160706,4.879608,0.8368975,-3.7360954,-4.8788733,-2.3056946,1.1143799,4.879608,0.8707452999999999,-0.42269915,-3.701944,-2.0301208,1.829956,4.868927,0.57593834,-1.218703,-3.6937668,-1.280304,2.7420044,4.879608,-0.37852034,-2.2896056,-4.15264,-1.0084534,3.3242493,4.879608,-0.6335510999999999,-3.0801713,-4.5015297,-0.87802124,4.3160706,4.879608,0.18995225000000002,-4.6329193,-5.0451374,-0.35629272,3.8296814,4.879608,-0.097138315,-4.213165,-4.9499593,-1.4327698,2.2818298,4.879608,1.5727795,-2.4077988,-4.576813,2.8273926,4.3160706,4.879608,-3.6596494,-3.279979,-3.6758616,0.8180847,1.9363098,2.5073547,-2.020391,-0.8799475999999999,-1.465435,-0.8876343,3.6694946,4.879608,-0.032255292000000005,-2.52926,-3.7373263999999997,-1.217804,4.3160706,1.4130249,0.453103,-3.2587452,-0.17162047,-1.2649536000000001,4.3160706,1.5512085,0.567794,-3.1657233,-0.4332433,哈哈哈哈
0.62542725,0.6618347,2.56839,-0.5990985999999999,0.24570367,-2.3153894,0.315979,0.24945068,2.5481873,-0.15176404000000002,0.5438396999999999,-1.9185042,0.315979,0.24945068,2.5481873,-0.15176404000000002,0.5438396999999999,-1.9185042,0.30032349999999997,0.7307129,2.9878845,-0.1076076,0.012816176,-2.3288596,0.9874573,1.1562195,3.912384,-0.80594885,-0.4027919,-3.2024803,1.5593872,2.1703796,4.3323364,-1.3500723,-1.466349,-3.848778,-2.2510376,4.3160706,4.879608,0.8368975,-3.7360954,-4.8788733,-2.3056946,1.1143799,4.879608,0.8707452999999999,-0.42269915,-3.701944,-2.0301208,1.829956,4.868927,0.57593834,-1.218703,-3.6937668,-1.280304,2.7420044,4.879608,-0.37852034,-2.2896056,-4.15264,-1.0084534,3.3242493,4.879608,-0.6335510999999999,-3.0801713,-4.5015297,-0.87802124,4.3160706,4.879608,0.18995225000000002,-4.6329193,-5.0451374,-0.35629272,3.8296814,4.879608,-0.097138315,-4.213165,-4.9499593,-1.4327698,2.2818298,4.879608,1.5727795,-2.4077988,-4.576813,2.8273926,4.3160706,4.879608,-3.6596494,-3.279979,-3.6758616,0.8180847,1.9363098,2.5073547,-2.020391,-0.8799475999999999,-1.465435,-0.8876343,3.6694946,4.879608,-0.032255292000000005,-2.52926,-3.7373263999999997,-1.217804,4.3160706,1.4130249,0.453103,-3.2587452,-0.17162047,-1.2649536000000001,4.3160706,1.5512085,0.567794,-3.1657233,-0.4332433,-1.6627197,4.3160706,4.879608,1.2838954,-3.0123568,-4.157185,哈哈哈哈
0.315979,0.24945068,2.5481873,-0.15176404000000002,0.5438396999999999,-1.9185042,0.315979,0.24945068,2.5481873,-0.15176404000000002,0.5438396999999999,-1.9185042,0.30032349999999997,0.7307129,2.9878845,-0.1076076,0.012816176,-2.3288596,0.9874573,1.1562195,3.912384,-0.80594885,-0.4027919,-3.2024803,1.5593872,2.1703796,4.3323364,-1.3500723,-1.466349,-3.848778,-2.2510376,4.3160706,4.879608,0.8368975,-3.7360954,-4.8788733,-2.3056946,1.1143799,4.879608,0.8707452999999999,-0.42269915,-3.701944,-2.0301208,1.829956,4.868927,0.57593834,-1.218703,-3.6937668,-1.280304,2.7420044,4.879608,-0.37852034,-2.2896056,-4.15264,-1.0084534,3.3242493,4.879608,-0.6335510999999999,-3.0801713,-4.5015297,-0.87802124,4.3160706,4.879608,0.18995225000000002,-4.6329193,-5.0451374,-0.35629272,3.8296814,4.879608,-0.097138315,-4.213165,-4.9499593,-1.4327698,2.2818298,4.879608,1.5727795,-2.4077988,-4.576813,2.8273926,4.3160706,4.879608,-3.6596494,-3.279979,-3.6758616,0.8180847,1.9363098,2.5073547,-2.020391,-0.8799475999999999,-1.465435,-0.8876343,3.6694946,4.879608,-0.032255292000000005,-2.52926,-3.7373263999999997,-1.217804,4.3160706,1.4130249,0.453103,-3.2587452,-0.17162047,-1.2649536000000001,4.3160706,1.5512085,0.567794,-3.1657233,-0.4332433,-1.6627197,4.3160706,4.879608,1.2838954,-3.0123568,-4.157185,-1.5750427,2.3378906,4.879608,1.5761935,-1.2561475,-4.5101876,哈哈哈哈
0.315979,0.24945068,2.5481873,-0.15176404000000002,0.5438396999999999,-1.9185042,0.30032349999999997,0.7307129,2.9878845,-0.1076076,0.012816176,-2.3288596,0.9874573,1.1562195,3.912384,-0.80594885,-0.4027919,-3.2024803,1.5593872,2.1703796,4.3323364,-1.3500723,-1.466349,-3.848778,-2.2510376,4.3160706,4.879608,0.8368975,-3.7360954,-4.8788733,-2.3056946,1.1143799,4.879608,0.8707452999999999,-0.42269915,-3.701944,-2.0301208,1.829956,4.868927,0.57593834,-1.218703,-3.6937668,-1.280304,2.7420044,4.879608,-0.37852034,-2.2896056,-4.15264,-1.0084534,3.3242493,4.879608,-0.6335510999999999,-3.0801713,-4.5015297,-0.87802124,4.3160706,4.879608,0.18995225000000002,-4.6329193,-5.0451374,-0.35629272,3.8296814,4.879608,-0.097138315,-4.213165,-4.9499593,-1.4327698,2.2818298,4.879608,1.5727795,-2.4077988,-4.576813,2.8273926,4.3160706,4.879608,-3.6596494,-3.279979,-3.6758616,0.8180847,1.9363098,2.5073547,-2.020391,-0.8799475999999999,-1.465435,-0.8876343,3.6694946,4.879608,-0.032255292000000005,-2.52926,-3.7373263999999997,-1.217804,4.3160706,1.4130249,0.453103,-3.2587452,-0.17162047,-1.2649536000000001,4.3160706,1.5512085,0.567794,-3.1657233,-0.4332433,-1.6627197,4.3160706,4.879608,1.2838954,-3.0123568,-4.157185,-1.5750427,2.3378906,4.879608,1.5761935,-1.2561475,-4.5101876,1.5888672,1.466156,4.879608,-1.4693314,-0.6395175,-4.593394,哈哈哈哈
0.30032349999999997,0.7307129,2.9878845,-0.1076076,0.012816176,-2.3288596,0.9874573,1.1562195,3.912384,-0.80594885,-0.4027919,-3.2024803,1.5593872,2.1703796,4.3323364,-1.3500723,-1.466349,-3.848778,-2.2510376,4.3160706,4.879608,0.8368975,-3.7360954,-4.8788733,-2.3056946,1.1143799,4.879608,0.8707452999999999,-0.42269915,-3.701944,-2.0301208,1.829956,4.868927,0.57593834,-1.218703,-3.6937668,-1.280304,2.7420044,4.879608,-0.37852034,-2.2896056,-4.15264,-1.0084534,3.3242493,4.879608,-0.6335510999999999,-3.0801713,-4.5015297,-0.87802124,4.3160706,4.879608,0.18995225000000002,-4.6329193,-5.0451374,-0.35629272,3.8296814,4.879608,-0.097138315,-4.213165,-4.9499593,-1.4327698,2.2818298,4.879608,1.5727795,-2.4077988,-4.576813,2.8273926,4.3160706,4.879608,-3.6596494,-3.279979,-3.6758616,0.8180847,1.9363098,2.5073547,-2.020391,-0.8799475999999999,-1.465435,-0.8876343,3.6694946,4.879608,-0.032255292000000005,-2.52926,-3.7373263999999997,-1.217804,4.3160706,1.4130249,0.453103,-3.2587452,-0.17162047,-1.2649536000000001,4.3160706,1.5512085,0.567794,-3.1657233,-0.4332433,-1.6627197,4.3160706,4.879608,1.2838954,-3.0123568,-4.157185,-1.5750427,2.3378906,4.879608,1.5761935,-1.2561475,-4.5101876,1.5888672,1.466156,4.879608,-1.4693314,-0.6395175,-4.593394,1.6160278,4.3160706,4.879608,-1.453944,-3.8768241,-4.821212,哈哈哈哈
0.9874573,1.1562195,3.912384,-0.80594885,-0.4027919,-3.2024803,1.5593872,2.1703796,4.3323364,-1.3500723,-1.466349,-3.848778,-2.2510376,4.3160706,4.879608,0.8368975,-3.7360954,-4.8788733,-2.3056946,1.1143799,4.879608,0.8707452999999999,-0.42269915,-3.701944,-2.0301208,1.829956,4.868927,0.57593834,-1.218703,-3.6937668,-1.280304,2.7420044,4.879608,-0.37852034,-2.2896056,-4.15264,-1.0084534,3.3242493,4.879608,-0.6335510999999999,-3.0801713,-4.5015297,-0.87802124,4.3160706,4.879608,0.18995225000000002,-4.6329193,-5.0451374,-0.35629272,3.8296814,4.879608,-0.097138315,-4.213165,-4.9499593,-1.4327698,2.2818298,4.879608,1.5727795,-2.4077988,-4.576813,2.8273926,4.3160706,4.879608,-3.6596494,-3.279979,-3.6758616,0.8180847,1.9363098,2.5073547,-2.020391,-0.8799475999999999,-1.465435,-0.8876343,3.6694946,4.879608,-0.032255292000000005,-2.52926,-3.7373263999999997,-1.217804,4.3160706,1.4130249,0.453103,-3.2587452,-0.17162047,-1.2649536000000001,4.3160706,1.5512085,0.567794,-3.1657233,-0.4332433,-1.6627197,4.3160706,4.879608,1.2838954,-3.0123568,-4.157185,-1.5750427,2.3378906,4.879608,1.5761935,-1.2561475,-4.5101876,1.5888672,1.466156,4.879608,-1.4693314,-0.6395175,-4.593394,1.6160278,4.3160706,4.879608,-1.453944,-3.8768241,-4.821212,-2.563446,4.3160706,4.879608,1.8174516,-4.0400987,-5.264465,哈哈哈哈
1.5593872,2.1703796,4.3323364,-1.3500723,-1.466349,-3.848778,-2.2510376,4.3160706,4.879608,0.8368975,-3.7360954,-4.8788733,-2.3056946,1.1143799,4.879608,0.8707452999999999,-0.42269915,-3.701944,-2.0301208,1.829956,4.868927,0.57593834,-1.218703,-3.6937668,-1.280304,2.7420044,4.879608,-0.37852034,-2.2896056,-4.15264,-1.0084534,3.3242493,4.879608,-0.6335510999999999,-3.0801713,-4.5015297,-0.87802124,4.3160706,4.879608,0.18995225000000002,-4.6329193,-5.0451374,-0.35629272,3.8296814,4.879608,-0.097138315,-4.213165,-4.9499593,-1.4327698,2.2818298,4.879608,1.5727795,-2.4077988,-4.576813,2.8273926,4.3160706,4.879608,-3.6596494,-3.279979,-3.6758616,0.8180847,1.9363098,2.5073547,-2.020391,-0.8799475999999999,-1.465435,-0.8876343,3.6694946,4.879608,-0.032255292000000005,-2.52926,-3.7373263999999997,-1.217804,4.3160706,1.4130249,0.453103,-3.2587452,-0.17162047,-1.2649536000000001,4.3160706,1.5512085,0.567794,-3.1657233,-0.4332433,-1.6627197,4.3160706,4.879608,1.2838954,-3.0123568,-4.157185,-1.5750427,2.3378906,4.879608,1.5761935,-1.2561475,-4.5101876,1.5888672,1.466156,4.879608,-1.4693314,-0.6395175,-4.593394,1.6160278,4.3160706,4.879608,-1.453944,-3.8768241,-4.821212,-2.563446,4.3160706,4.879608,1.8174516,-4.0400987,-5.264465,-0.8720703,-0.6897278,4.879608,-0.78909445,0.84526634,-4.476373,哈哈哈哈
-2.2510376,4.3160706,4.879608,0.8368975,-3.7360954,-4.8788733,-2.3056946,1.1143799,4.879608,0.8707452999999999,-0.42269915,-3.701944,-2.0301208,1.829956,4.868927,0.57593834,-1.218703,-3.6937668,-1.280304,2.7420044,4.879608,-0.37852034,-2.2896056,-4.15264,-1.0084534,3.3242493,4.879608,-0.6335510999999999,-3.0801713,-4.5015297,-0.87802124,4.3160706,4.879608,0.18995225000000002,-4.6329193,-5.0451374,-0.35629272,3.8296814,4.879608,-0.097138315,-4.213165,-4.9499593,-1.4327698,2.2818298,4.879608,1.5727795,-2.4077988,-4.576813,2.8273926,4.3160706,4.879608,-3.6596494,-3.279979,-3.6758616,0.8180847,1.9363098,2.5073547,-2.020391,-0.8799475999999999,-1.465435,-0.8876343,3.6694946,4.879608,-0.032255292000000005,-2.52926,-3.7373263999999997,-1.217804,4.3160706,1.4130249,0.453103,-3.2587452,-0.17162047,-1.2649536000000001,4.3160706,1.5512085,0.567794,-3.1657233,-0.4332433,-1.6627197,4.3160706,4.879608,1.2838954,-3.0123568,-4.157185,-1.5750427,2.3378906,4.879608,1.5761935,-1.2561475,-4.5101876,1.5888672,1.466156,4.879608,-1.4693314,-0.6395175,-4.593394,1.6160278,4.3160706,4.879608,-1.453944,-3.8768241,-4.821212,-2.563446,4.3160706,4.879608,1.8174516,-4.0400987,-5.264465,-0.8720703,-0.6897278,4.879608,-0.78909445,0.84526634,-4.476373,-0.8720703,-0.6897278,4.879608,-0.78909445,0.84526634,-4.476373,哈哈哈哈
-2.3056946,1.1143799,4.879608,0.8707452999999999,-0.42269915,-3.701944,-2.0301208,1.829956,4.868927,0.57593834,-1.218703,-3.6937668,-1.280304,2.7420044,4.879608,-0.37852034,-2.2896056,-4.15264,-1.0084534,3.3242493,4.879608,-0.6335510999999999,-3.0801713,-4.5015297,-0.87802124,4.3160706,4.879608,0.18995225000000002,-4.6329193,-5.0451374,-0.35629272,3.8296814,4.879608,-0.097138315,-4.213165,-4.9499593,-1.4327698,2.2818298,4.879608,1.5727795,-2.4077988,-4.576813,2.8273926,4.3160706,4.879608,-3.6596494,-3.279979,-3.6758616,0.8180847,1.9363098,2.5073547,-2.020391,-0.8799475999999999,-1.465435,-0.8876343,3.6694946,4.879608,-0.032255292000000005,-2.52926,-3.7373263999999997,-1.217804,4.3160706,1.4130249,0.453103,-3.2587452,-0.17162047,-1.2649536000000001,4.3160706,1.5512085,0.567794,-3.1657233,-0.4332433,-1.6627197,4.3160706,4.879608,1.2838954,-3.0123568,-4.157185,-1.5750427,2.3378906,4.879608,1.5761935,-1.2561475,-4.5101876,1.5888672,1.466156,4.879608,-1.4693314,-0.6395175,-4.593394,1.6160278,4.3160706,4.879608,-1.453944,-3.8768241,-4.821212,-2.563446,4.3160706,4.879608,1.8174516,-4.0400987,-5.264465,-0.8720703,-0.6897278,4.879608,-0.78909445,0.84526634,-4.476373,-0.8720703,-0.6897278,4.879608,-0.78909445,0.84526634,-4.476373,-1.3564758000000001,3.090393,4.879608,-0.22520489,-2.4950023,-3.9563916,哈哈哈哈
-2.0301208,1.829956,4.868927,0.57593834,-1.218703,-3.6937668,-1.280304,2.7420044,4.879608,-0.37852034,-2.2896056,-4.15264,-1.0084534,3.3242493,4.879608,-0.6335510999999999,-3.0801713,-4.5015297,-0.87802124,4.3160706,4.879608,0.18995225000000002,-4.6329193,-5.0451374,-0.35629272,3.8296814,4.879608,-0.097138315,-4.213165,-4.9499593,-1.4327698,2.2818298,4.879608,1.5727795,-2.4077988,-4.576813,2.8273926,4.3160706,4.879608,-3.6596494,-3.279979,-3.6758616,0.8180847,1.9363098,2.5073547,-2.020391,-0.8799475999999999,-1.465435,-0.8876343,3.6694946,4.879608,-0.032255292000000005,-2.52926,-3.7373263999999997,-1.217804,4.3160706,1.4130249,0.453103,-3.2587452,-0.17162047,-1.2649536000000001,4.3160706,1.5512085,0.567794,-3.1657233,-0.4332433,-1.6627197,4.3160706,4.879608,1.2838954,-3.0123568,-4.157185,-1.5750427,2.3378906,4.879608,1.5761935,-1.2561475,-4.5101876,1.5888672,1.466156,4.879608,-1.4693314,-0.6395175,-4.593394,1.6160278,4.3160706,4.879608,-1.453944,-3.8768241,-4.821212,-2.563446,4.3160706,4.879608,1.8174516,-4.0400987,-5.264465,-0.8720703,-0.6897278,4.879608,-0.78909445,0.84526634,-4.476373,-0.8720703,-0.6897278,4.879608,-0.78909445,0.84526634,-4.476373,-1.3564758000000001,3.090393,4.879608,-0.22520489,-2.4950023,-3.9563916,-2.6965027,2.6977843999999997,4.879608,1.4773977999999999,-1.4893334999999999,-4.2122808,哈哈哈哈
-1.280304,2.7420044,4.879608,-0.37852034,-2.2896056,-4.15264,-1.0084534,3.3242493,4.879608,-0.6335510999999999,-3.0801713,-4.5015297,-0.87802124,4.3160706,4.879608,0.18995225000000002,-4.6329193,-5.0451374,-0.35629272,3.8296814,4.879608,-0.097138315,-4.213165,-4.9499593,-1.4327698,2.2818298,4.879608,1.5727795,-2.4077988,-4.576813,2.8273926,4.3160706,4.879608,-3.6596494,-3.279979,-3.6758616,0.8180847,1.9363098,2.5073547,-2.020391,-0.8799475999999999,-1.465435,-0.8876343,3.6694946,4.879608,-0.032255292000000005,-2.52926,-3.7373263999999997,-1.217804,4.3160706,1.4130249,0.453103,-3.2587452,-0.17162047,-1.2649536000000001,4.3160706,1.5512085,0.567794,-3.1657233,-0.4332433,-1.6627197,4.3160706,4.879608,1.2838954,-3.0123568,-4.157185,-1.5750427,2.3378906,4.879608,1.5761935,-1.2561475,-4.5101876,1.5888672,1.466156,4.879608,-1.4693314,-0.6395175,-4.593394,1.6160278,4.3160706,4.879608,-1.453944,-3.8768241,-4.821212,-2.563446,4.3160706,4.879608,1.8174516,-4.0400987,-5.264465,-0.8720703,-0.6897278,4.879608,-0.78909445,0.84526634,-4.476373,-0.8720703,-0.6897278,4.879608,-0.78909445,0.84526634,-4.476373,-1.3564758000000001,3.090393,4.879608,-0.22520489,-2.4950023,-3.9563916,-2.6965027,2.6977843999999997,4.879608,1.4773977999999999,-1.4893334999999999,-4.2122808,-2.2884216,3.0289612,4.879608,1.139403,-1.9598879,-4.8093543,哈哈哈哈
-1.0084534,3.3242493,4.879608,-0.6335510999999999,-3.0801713,-4.5015297,-0.87802124,4.3160706,4.879608,0.18995225000000002,-4.6329193,-5.0451374,-0.35629272,3.8296814,4.879608,-0.097138315,-4.213165,-4.9499593,-1.4327698,2.2818298,4.879608,1.5727795,-2.4077988,-4.576813,2.8273926,4.3160706,4.879608,-3.6596494,-3.279979,-3.6758616,0.8180847,1.9363098,2.5073547,-2.020391,-0.8799475999999999,-1.465435,-0.8876343,3.6694946,4.879608,-0.032255292000000005,-2.52926,-3.7373263999999997,-1.217804,4.3160706,1.4130249,0.453103,-3.2587452,-0.17162047,-1.2649536000000001,4.3160706,1.5512085,0.567794,-3.1657233,-0.4332433,-1.6627197,4.3160706,4.879608,1.2838954,-3.0123568,-4.157185,-1.5750427,2.3378906,4.879608,1.5761935,-1.2561475,-4.5101876,1.5888672,1.466156,4.879608,-1.4693314,-0.6395175,-4.593394,1.6160278,4.3160706,4.879608,-1.453944,-3.8768241,-4.821212,-2.563446,4.3160706,4.879608,1.8174516,-4.0400987,-5.264465,-0.8720703,-0.6897278,4.879608,-0.78909445,0.84526634,-4.476373,-0.8720703,-0.6897278,4.879608,-0.78909445,0.84526634,-4.476373,-1.3564758000000001,3.090393,4.879608,-0.22520489,-2.4950023,-3.9563916,-2.6965027,2.6977843999999997,4.879608,1.4773977999999999,-1.4893334999999999,-4.2122808,-2.2884216,3.0289612,4.879608,1.139403,-1.9598879,-4.8093543,-1.8903808999999998,4.3160706,4.879608,1.2319201,-3.7279425,-5.257,哈哈哈哈
-0.87802124,4.3160706,4.879608,0.18995225000000002,-4.6329193,-5.0451374,-0.35629272,3.8296814,4.879608,-0.097138315,-4.213165,-4.9499593,-1.4327698,2.2818298,4.879608,1.5727795,-2.4077988,-4.576813,2.8273926,4.3160706,4.879608,-3.6596494,-3.279979,-3.6758616,0.8180847,1.9363098,2.5073547,-2.020391,-0.8799475999999999,-1.465435,-0.8876343,3.6694946,4.879608,-0.032255292000000005,-2.52926,-3.7373263999999997,-1.217804,4.3160706,1.4130249,0.453103,-3.2587452,-0.17162047,-1.2649536000000001,4.3160706,1.5512085,0.567794,-3.1657233,-0.4332433,-1.6627197,4.3160706,4.879608,1.2838954,-3.0123568,-4.157185,-1.5750427,2.3378906,4.879608,1.5761935,-1.2561475,-4.5101876,1.5888672,1.466156,4.879608,-1.4693314,-0.6395175,-4.593394,1.6160278,4.3160706,4.879608,-1.453944,-3.8768241,-4.821212,-2.563446,4.3160706,4.879608,1.8174516,-4.0400987,-5.264465,-0.8720703,-0.6897278,4.879608,-0.78909445,0.84526634,-4.476373,-0.8720703,-0.6897278,4.879608,-0.78909445,0.84526634,-4.476373,-1.3564758000000001,3.090393,4.879608,-0.22520489,-2.4950023,-3.9563916,-2.6965027,2.6977843999999997,4.879608,1.4773977999999999,-1.4893334999999999,-4.2122808,-2.2884216,3.0289612,4.879608,1.139403,-1.9598879,-4.8093543,-1.8903808999999998,4.3160706,4.879608,1.2319201,-3.7279425,-5.257,-2.6203918,4.3160706,4.879608,2.8004093,-4.079214,-4.8289585,哈哈哈哈
-0.35629272,3.8296814,4.879608,-0.097138315,-4.213165,-4.9499593,-1.4327698,2.2818298,4.879608,1.5727795,-2.4077988,-4.576813,2.8273926,4.3160706,4.879608,-3.6596494,-3.279979,-3.6758616,0.8180847,1.9363098,2.5073547,-2.020391,-0.8799475999999999,-1.465435,-0.8876343,3.6694946,4.879608,-0.032255292000000005,-2.52926,-3.7373263999999997,-1.217804,4.3160706,1.4130249,0.453103,-3.2587452,-0.17162047,-1.2649536000000001,4.3160706,1.5512085,0.567794,-3.1657233,-0.4332433,-1.6627197,4.3160706,4.879608,1.2838954,-3.0123568,-4.157185,-1.5750427,2.3378906,4.879608,1.5761935,-1.2561475,-4.5101876,1.5888672,1.466156,4.879608,-1.4693314,-0.6395175,-4.593394,1.6160278,4.3160706,4.879608,-1.453944,-3.8768241,-4.821212,-2.563446,4.3160706,4.879608,1.8174516,-4.0400987,-5.264465,-0.8720703,-0.6897278,4.879608,-0.78909445,0.84526634,-4.476373,-0.8720703,-0.6897278,4.879608,-0.78909445,0.84526634,-4.476373,-1.3564758000000001,3.090393,4.879608,-0.22520489,-2.4950023,-3.9563916,-2.6965027,2.6977843999999997,4.879608,1.4773977999999999,-1.4893334999999999,-4.2122808,-2.2884216,3.0289612,4.879608,1.139403,-1.9598879,-4.8093543,-1.8903808999999998,4.3160706,4.879608,1.2319201,-3.7279425,-5.257,-2.6203918,4.3160706,4.879608,2.8004093,-4.079214,-4.8289585,1.9876709,4.3160706,4.879608,-2.1340408,-3.3242807,-3.8604092999999997,哈哈哈哈
-1.4327698,2.2818298,4.879608,1.5727795,-2.4077988,-4.576813,2.8273926,4.3160706,4.879608,-3.6596494,-3.279979,-3.6758616,0.8180847,1.9363098,2.5073547,-2.020391,-0.8799475999999999,-1.465435,-0.8876343,3.6694946,4.879608,-0.032255292000000005,-2.52926,-3.7373263999999997,-1.217804,4.3160706,1.4130249,0.453103,-3.2587452,-0.17162047,-1.2649536000000001,4.3160706,1.5512085,0.567794,-3.1657233,-0.4332433,-1.6627197,4.3160706,4.879608,1.2838954,-3.0123568,-4.157185,-1.5750427,2.3378906,4.879608,1.5761935,-1.2561475,-4.5101876,1.5888672,1.466156,4.879608,-1.4693314,-0.6395175,-4.593394,1.6160278,4.3160706,4.879608,-1.453944,-3.8768241,-4.821212,-2.563446,4.3160706,4.879608,1.8174516,-4.0400987,-5.264465,-0.8720703,-0.6897278,4.879608,-0.78909445,0.84526634,-4.476373,-0.8720703,-0.6897278,4.879608,-0.78909445,0.84526634,-4.476373,-1.3564758000000001,3.090393,4.879608,-0.22520489,-2.4950023,-3.9563916,-2.6965027,2.6977843999999997,4.879608,1.4773977999999999,-1.4893334999999999,-4.2122808,-2.2884216,3.0289612,4.879608,1.139403,-1.9598879,-4.8093543,-1.8903808999999998,4.3160706,4.879608,1.2319201,-3.7279425,-5.257,-2.6203918,4.3160706,4.879608,2.8004093,-4.079214,-4.8289585,1.9876709,4.3160706,4.879608,-2.1340408,-3.3242807,-3.8604092999999997,-0.5388794,3.3030396,2.491333,-0.048249602,-2.1341405,-1.3939791,哈哈哈哈
2.8273926,4.3160706,4.879608,-3.6596494,-3.279979,-3.6758616,0.8180847,1.9363098,2.5073547,-2.020391,-0.8799475999999999,-1.465435,-0.8876343,3.6694946,4.879608,-0.032255292000000005,-2.52926,-3.7373263999999997,-1.217804,4.3160706,1.4130249,0.453103,-3.2587452,-0.17162047,-1.2649536000000001,4.3160706,1.5512085,0.567794,-3.1657233,-0.4332433,-1.6627197,4.3160706,4.879608,1.2838954,-3.0123568,-4.157185,-1.5750427,2.3378906,4.879608,1.5761935,-1.2561475,-4.5101876,1.5888672,1.466156,4.879608,-1.4693314,-0.6395175,-4.593394,1.6160278,4.3160706,4.879608,-1.453944,-3.8768241,-4.821212,-2.563446,4.3160706,4.879608,1.8174516,-4.0400987,-5.264465,-0.8720703,-0.6897278,4.879608,-0.78909445,0.84526634,-4.476373,-0.8720703,-0.6897278,4.879608,-0.78909445,0.84526634,-4.476373,-1.3564758000000001,3.090393,4.879608,-0.22520489,-2.4950023,-3.9563916,-2.6965027,2.6977843999999997,4.879608,1.4773977999999999,-1.4893334999999999,-4.2122808,-2.2884216,3.0289612,4.879608,1.139403,-1.9598879,-4.8093543,-1.8903808999999998,4.3160706,4.879608,1.2319201,-3.7279425,-5.257,-2.6203918,4.3160706,4.879608,2.8004093,-4.079214,-4.8289585,1.9876709,4.3160706,4.879608,-2.1340408,-3.3242807,-3.8604092999999997,-0.5388794,3.3030396,2.491333,-0.048249602,-2.1341405,-1.3939791,-1.9873962,1.7744751,3.6764832,1.9123079,-0.7371576,-2.645766,哈哈哈哈
0.8180847,1.9363098,2.5073547,-2.020391,-0.8799475999999999,-1.465435,-0.8876343,3.6694946,4.879608,-0.032255292000000005,-2.52926,-3.7373263999999997,-1.217804,4.3160706,1.4130249,0.453103,-3.2587452,-0.17162047,-1.2649536000000001,4.3160706,1.5512085,0.567794,-3.1657233,-0.4332433,-1.6627197,4.3160706,4.879608,1.2838954,-3.0123568,-4.157185,-1.5750427,2.3378906,4.879608,1.5761935,-1.2561475,-4.5101876,1.5888672,1.466156,4.879608,-1.4693314,-0.6395175,-4.593394,1.6160278,4.3160706,4.879608,-1.453944,-3.8768241,-4.821212,-2.563446,4.3160706,4.879608,1.8174516,-4.0400987,-5.264465,-0.8720703,-0.6897278,4.879608,-0.78909445,0.84526634,-4.476373,-0.8720703,-0.6897278,4.879608,-0.78909445,0.84526634,-4.476373,-1.3564758000000001,3.090393,4.879608,-0.22520489,-2.4950023,-3.9563916,-2.6965027,2.6977843999999997,4.879608,1.4773977999999999,-1.4893334999999999,-4.2122808,-2.2884216,3.0289612,4.879608,1.139403,-1.9598879,-4.8093543,-1.8903808999999998,4.3160706,4.879608,1.2319201,-3.7279425,-5.257,-2.6203918,4.3160706,4.879608,2.8004093,-4.079214,-4.8289585,1.9876709,4.3160706,4.879608,-2.1340408,-3.3242807,-3.8604092999999997,-0.5388794,3.3030396,2.491333,-0.048249602,-2.1341405,-1.3939791,-1.9873962,1.7744751,3.6764832,1.9123079,-0.7371576,-2.645766,-1.6104126,4.150818,3.6614075,1.5816188,-3.128768,-2.7118897,哈哈哈哈
-0.8876343,3.6694946,4.879608,-0.032255292000000005,-2.52926,-3.7373263999999997,-1.217804,4.3160706,1.4130249,0.453103,-3.2587452,-0.17162047,-1.2649536000000001,4.3160706,1.5512085,0.567794,-3.1657233,-0.4332433,-1.6627197,4.3160706,4.879608,1.2838954,-3.0123568,-4.157185,-1.5750427,2.3378906,4.879608,1.5761935,-1.2561475,-4.5101876,1.5888672,1.466156,4.879608,-1.4693314,-0.6395175,-4.593394,1.6160278,4.3160706,4.879608,-1.453944,-3.8768241,-4.821212,-2.563446,4.3160706,4.879608,1.8174516,-4.0400987,-5.264465,-0.8720703,-0.6897278,4.879608,-0.78909445,0.84526634,-4.476373,-0.8720703,-0.6897278,4.879608,-0.78909445,0.84526634,-4.476373,-1.3564758000000001,3.090393,4.879608,-0.22520489,-2.4950023,-3.9563916,-2.6965027,2.6977843999999997,4.879608,1.4773977999999999,-1.4893334999999999,-4.2122808,-2.2884216,3.0289612,4.879608,1.139403,-1.9598879,-4.8093543,-1.8903808999999998,4.3160706,4.879608,1.2319201,-3.7279425,-5.257,-2.6203918,4.3160706,4.879608,2.8004093,-4.079214,-4.8289585,1.9876709,4.3160706,4.879608,-2.1340408,-3.3242807,-3.8604092999999997,-0.5388794,3.3030396,2.491333,-0.048249602,-2.1341405,-1.3939791,-1.9873962,1.7744751,3.6764832,1.9123079,-0.7371576,-2.645766,-1.6104126,4.150818,3.6614075,1.5816188,-3.128768,-2.7118897,1.0759583,4.3160706,2.9125977,-1.5218308999999999,-3.087953,-2.1065874,哈哈哈哈
-1.217804,4.3160706,1.4130249,0.453103,-3.2587452,-0.17162047,-1.2649536000000001,4.3160706,1.5512085,0.567794,-3.1657233,-0.4332433,-1.6627197,4.3160706,4.879608,1.2838954,-3.0123568,-4.157185,-1.5750427,2.3378906,4.879608,1.5761935,-1.2561475,-4.5101876,1.5888672,1.466156,4.879608,-1.4693314,-0.6395175,-4.593394,1.6160278,4.3160706,4.879608,-1.453944,-3.8768241,-4.821212,-2.563446,4.3160706,4.879608,1.8174516,-4.0400987,-5.264465,-0.8720703,-0.6897278,4.879608,-0.78909445,0.84526634,-4.476373,-0.8720703,-0.6897278,4.879608,-0.78909445,0.84526634,-4.476373,-1.3564758000000001,3.090393,4.879608,-0.22520489,-2.4950023,-3.9563916,-2.6965027,2.6977843999999997,4.879608,1.4773977999999999,-1.4893334999999999,-4.2122808,-2.2884216,3.0289612,4.879608,1.139403,-1.9598879,-4.8093543,-1.8903808999999998,4.3160706,4.879608,1.2319201,-3.7279425,-5.257,-2.6203918,4.3160706,4.879608,2.8004093,-4.079214,-4.8289585,1.9876709,4.3160706,4.879608,-2.1340408,-3.3242807,-3.8604092999999997,-0.5388794,3.3030396,2.491333,-0.048249602,-2.1341405,-1.3939791,-1.9873962,1.7744751,3.6764832,1.9123079,-0.7371576,-2.645766,-1.6104126,4.150818,3.6614075,1.5816188,-3.128768,-2.7118897,1.0759583,4.3160706,2.9125977,-1.5218308999999999,-3.087953,-2.1065874,-0.34646606,4.3160706,4.879608,0.26935047,-3.1765652,-4.2408895,哈哈哈哈
-1.2649536000000001,4.3160706,1.5512085,0.567794,-3.1657233,-0.4332433,-1.6627197,4.3160706,4.879608,1.2838954,-3.0123568,-4.157185,-1.5750427,2.3378906,4.879608,1.5761935,-1.2561475,-4.5101876,1.5888672,1.466156,4.879608,-1.4693314,-0.6395175,-4.593394,1.6160278,4.3160706,4.879608,-1.453944,-3.8768241,-4.821212,-2.563446,4.3160706,4.879608,1.8174516,-4.0400987,-5.264465,-0.8720703,-0.6897278,4.879608,-0.78909445,0.84526634,-4.476373,-0.8720703,-0.6897278,4.879608,-0.78909445,0.84526634,-4.476373,-1.3564758000000001,3.090393,4.879608,-0.22520489,-2.4950023,-3.9563916,-2.6965027,2.6977843999999997,4.879608,1.4773977999999999,-1.4893334999999999,-4.2122808,-2.2884216,3.0289612,4.879608,1.139403,-1.9598879,-4.8093543,-1.8903808999999998,4.3160706,4.879608,1.2319201,-3.7279425,-5.257,-2.6203918,4.3160706,4.879608,2.8004093,-4.079214,-4.8289585,1.9876709,4.3160706,4.879608,-2.1340408,-3.3242807,-3.8604092999999997,-0.5388794,3.3030396,2.491333,-0.048249602,-2.1341405,-1.3939791,-1.9873962,1.7744751,3.6764832,1.9123079,-0.7371576,-2.645766,-1.6104126,4.150818,3.6614075,1.5816188,-3.128768,-2.7118897,1.0759583,4.3160706,2.9125977,-1.5218308999999999,-3.087953,-2.1065874,-0.34646606,4.3160706,4.879608,0.26935047,-3.1765652,-4.2408895,0.7394103999999999,2.4465332,4.879608,-0.6074111,-1.5560656,-4.4327197,哈哈哈哈
-1.6627197,4.3160706,4.879608,1.2838954,-3.0123568,-4.157185,-1.5750427,2.3378906,4.879608,1.5761935,-1.2561475,-4.5101876,1.5888672,1.466156,4.879608,-1.4693314,-0.6395175,-4.593394,1.6160278,4.3160706,4.879608,-1.453944,-3.8768241,-4.821212,-2.563446,4.3160706,4.879608,1.8174516,-4.0400987,-5.264465,-0.8720703,-0.6897278,4.879608,-0.78909445,0.84526634,-4.476373,-0.8720703,-0.6897278,4.879608,-0.78909445,0.84526634,-4.476373,-1.3564758000000001,3.090393,4.879608,-0.22520489,-2.4950023,-3.9563916,-2.6965027,2.6977843999999997,4.879608,1.4773977999999999,-1.4893334999999999,-4.2122808,-2.2884216,3.0289612,4.879608,1.139403,-1.9598879,-4.8093543,-1.8903808999999998,4.3160706,4.879608,1.2319201,-3.7279425,-5.257,-2.6203918,4.3160706,4.879608,2.8004093,-4.079214,-4.8289585,1.9876709,4.3160706,4.879608,-2.1340408,-3.3242807,-3.8604092999999997,-0.5388794,3.3030396,2.491333,-0.048249602,-2.1341405,-1.3939791,-1.9873962,1.7744751,3.6764832,1.9123079,-0.7371576,-2.645766,-1.6104126,4.150818,3.6614075,1.5816188,-3.128768,-2.7118897,1.0759583,4.3160706,2.9125977,-1.5218308999999999,-3.087953,-2.1065874,-0.34646606,4.3160706,4.879608,0.26935047,-3.1765652,-4.2408895,0.7394103999999999,2.4465332,4.879608,-0.6074111,-1.5560656,-4.4327197,-2.31427,4.3160706,4.879608,1.5843474,-4.0965557,-5.263012,哈哈哈哈
-1.5750427,2.3378906,4.879608,1.5761935,-1.2561475,-4.5101876,1.5888672,1.466156,4.879608,-1.4693314,-0.6395175,-4.593394,1.6160278,4.3160706,4.879608,-1.453944,-3.8768241,-4.821212,-2.563446,4.3160706,4.879608,1.8174516,-4.0400987,-5.264465,-0.8720703,-0.6897278,4.879608,-0.78909445,0.84526634,-4.476373,-0.8720703,-0.6897278,4.879608,-0.78909445,0.84526634,-4.476373,-1.3564758000000001,3.090393,4.879608,-0.22520489,-2.4950023,-3.9563916,-2.6965027,2.6977843999999997,4.879608,1.4773977999999999,-1.4893334999999999,-4.2122808,-2.2884216,3.0289612,4.879608,1.139403,-1.9598879,-4.8093543,-1.8903808999999998,4.3160706,4.879608,1.2319201,-3.7279425,-5.257,-2.6203918,4.3160706,4.879608,2.8004093,-4.079214,-4.8289585,1.9876709,4.3160706,4.879608,-2.1340408,-3.3242807,-3.8604092999999997,-0.5388794,3.3030396,2.491333,-0.048249602,-2.1341405,-1.3939791,-1.9873962,1.7744751,3.6764832,1.9123079,-0.7371576,-2.645766,-1.6104126,4.150818,3.6614075,1.5816188,-3.128768,-2.7118897,1.0759583,4.3160706,2.9125977,-1.5218308999999999,-3.087953,-2.1065874,-0.34646606,4.3160706,4.879608,0.26935047,-3.1765652,-4.2408895,0.7394103999999999,2.4465332,4.879608,-0.6074111,-1.5560656,-4.4327197,-2.31427,4.3160706,4.879608,1.5843474,-4.0965557,-5.263012,0.18328857,-2.9439086999999997,4.879608,-1.7754052,2.8497822,-4.401045,哈哈哈哈
1.5888672,1.466156,4.879608,-1.4693314,-0.6395175,-4.593394,1.6160278,4.3160706,4.879608,-1.453944,-3.8768241,-4.821212,-2.563446,4.3160706,4.879608,1.8174516,-4.0400987,-5.264465,-0.8720703,-0.6897278,4.879608,-0.78909445,0.84526634,-4.476373,-0.8720703,-0.6897278,4.879608,-0.78909445,0.84526634,-4.476373,-1.3564758000000001,3.090393,4.879608,-0.22520489,-2.4950023,-3.9563916,-2.6965027,2.6977843999999997,4.879608,1.4773977999999999,-1.4893334999999999,-4.2122808,-2.2884216,3.0289612,4.879608,1.139403,-1.9598879,-4.8093543,-1.8903808999999998,4.3160706,4.879608,1.2319201,-3.7279425,-5.257,-2.6203918,4.3160706,4.879608,2.8004093,-4.079214,-4.8289585,1.9876709,4.3160706,4.879608,-2.1340408,-3.3242807,-3.8604092999999997,-0.5388794,3.3030396,2.491333,-0.048249602,-2.1341405,-1.3939791,-1.9873962,1.7744751,3.6764832,1.9123079,-0.7371576,-2.645766,-1.6104126,4.150818,3.6614075,1.5816188,-3.128768,-2.7118897,1.0759583,4.3160706,2.9125977,-1.5218308999999999,-3.087953,-2.1065874,-0.34646606,4.3160706,4.879608,0.26935047,-3.1765652,-4.2408895,0.7394103999999999,2.4465332,4.879608,-0.6074111,-1.5560656,-4.4327197,-2.31427,4.3160706,4.879608,1.5843474,-4.0965557,-5.263012,0.18328857,-2.9439086999999997,4.879608,-1.7754052,2.8497822,-4.401045,-0.7718811,3.9710999,4.879608,-0.7784462,-3.8194027,-3.8740636999999998,哈哈哈哈
1.6160278,4.3160706,4.879608,-1.453944,-3.8768241,-4.821212,-2.563446,4.3160706,4.879608,1.8174516,-4.0400987,-5.264465,-0.8720703,-0.6897278,4.879608,-0.78909445,0.84526634,-4.476373,-0.8720703,-0.6897278,4.879608,-0.78909445,0.84526634,-4.476373,-1.3564758000000001,3.090393,4.879608,-0.22520489,-2.4950023,-3.9563916,-2.6965027,2.6977843999999997,4.879608,1.4773977999999999,-1.4893334999999999,-4.2122808,-2.2884216,3.0289612,4.879608,1.139403,-1.9598879,-4.8093543,-1.8903808999999998,4.3160706,4.879608,1.2319201,-3.7279425,-5.257,-2.6203918,4.3160706,4.879608,2.8004093,-4.079214,-4.8289585,1.9876709,4.3160706,4.879608,-2.1340408,-3.3242807,-3.8604092999999997,-0.5388794,3.3030396,2.491333,-0.048249602,-2.1341405,-1.3939791,-1.9873962,1.7744751,3.6764832,1.9123079,-0.7371576,-2.645766,-1.6104126,4.150818,3.6614075,1.5816188,-3.128768,-2.7118897,1.0759583,4.3160706,2.9125977,-1.5218308999999999,-3.087953,-2.1065874,-0.34646606,4.3160706,4.879608,0.26935047,-3.1765652,-4.2408895,0.7394103999999999,2.4465332,4.879608,-0.6074111,-1.5560656,-4.4327197,-2.31427,4.3160706,4.879608,1.5843474,-4.0965557,-5.263012,0.18328857,-2.9439086999999997,4.879608,-1.7754052,2.8497822,-4.401045,-0.7718811,3.9710999,4.879608,-0.7784462,-3.8194027,-3.8740636999999998,-4.3181458,-1.0135498,4.879608,3.1222363,2.030762,-3.6308165,哈哈哈哈
-2.563446,4.3160706,4.879608,1.8174516,-4.0400987,-5.264465,-0.8720703,-0.6897278,4.879608,-0.78909445,0.84526634,-4.476373,-0.8720703,-0.6897278,4.879608,-0.78909445,0.84526634,-4.476373,-1.3564758000000001,3.090393,4.879608,-0.22520489,-2.4950023,-3.9563916,-2.6965027,2.6977843999999997,4.879608,1.4773977999999999,-1.4893334999999999,-4.2122808,-2.2884216,3.0289612,4.879608,1.139403,-1.9598879,-4.8093543,-1.8903808999999998,4.3160706,4.879608,1.2319201,-3.7279425,-5.257,-2.6203918,4.3160706,4.879608,2.8004093,-4.079214,-4.8289585,1.9876709,4.3160706,4.879608,-2.1340408,-3.3242807,-3.8604092999999997,-0.5388794,3.3030396,2.491333,-0.048249602,-2.1341405,-1.3939791,-1.9873962,1.7744751,3.6764832,1.9123079,-0.7371576,-2.645766,-1.6104126,4.150818,3.6614075,1.5816188,-3.128768,-2.7118897,1.0759583,4.3160706,2.9125977,-1.5218308999999999,-3.087953,-2.1065874,-0.34646606,4.3160706,4.879608,0.26935047,-3.1765652,-4.2408895,0.7394103999999999,2.4465332,4.879608,-0.6074111,-1.5560656,-4.4327197,-2.31427,4.3160706,4.879608,1.5843474,-4.0965557,-5.263012,0.18328857,-2.9439086999999997,4.879608,-1.7754052,2.8497822,-4.401045,-0.7718811,3.9710999,4.879608,-0.7784462,-3.8194027,-3.8740636999999998,-4.3181458,-1.0135498,4.879608,3.1222363,2.030762,-3.6308165,-1.9632263,2.8546448,4.879608,1.0603096,-1.5122737,-4.2611184,哈哈哈哈
-0.8720703,-0.6897278,4.879608,-0.78909445,0.84526634,-4.476373,-0.8720703,-0.6897278,4.879608,-0.78909445,0.84526634,-4.476373,-1.3564758000000001,3.090393,4.879608,-0.22520489,-2.4950023,-3.9563916,-2.6965027,2.6977843999999997,4.879608,1.4773977999999999,-1.4893334999999999,-4.2122808,-2.2884216,3.0289612,4.879608,1.139403,-1.9598879,-4.8093543,-1.8903808999999998,4.3160706,4.879608,1.2319201,-3.7279425,-5.257,-2.6203918,4.3160706,4.879608,2.8004093,-4.079214,-4.8289585,1.9876709,4.3160706,4.879608,-2.1340408,-3.3242807,-3.8604092999999997,-0.5388794,3.3030396,2.491333,-0.048249602,-2.1341405,-1.3939791,-1.9873962,1.7744751,3.6764832,1.9123079,-0.7371576,-2.645766,-1.6104126,4.150818,3.6614075,1.5816188,-3.128768,-2.7118897,1.0759583,4.3160706,2.9125977,-1.5218308999999999,-3.087953,-2.1065874,-0.34646606,4.3160706,4.879608,0.26935047,-3.1765652,-4.2408895,0.7394103999999999,2.4465332,4.879608,-0.6074111,-1.5560656,-4.4327197,-2.31427,4.3160706,4.879608,1.5843474,-4.0965557,-5.263012,0.18328857,-2.9439086999999997,4.879608,-1.7754052,2.8497822,-4.401045,-0.7718811,3.9710999,4.879608,-0.7784462,-3.8194027,-3.8740636999999998,-4.3181458,-1.0135498,4.879608,3.1222363,2.030762,-3.6308165,-1.9632263,2.8546448,4.879608,1.0603096,-1.5122737,-4.2611184,-1.6999817,4.3160706,4.879608,0.8732728,-3.3797765,-5.0777287,哈哈哈哈
-0.8720703,-0.6897278,4.879608,-0.78909445,0.84526634,-4.476373,-1.3564758000000001,3.090393,4.879608,-0.22520489,-2.4950023,-3.9563916,-2.6965027,2.6977843999999997,4.879608,1.4773977999999999,-1.4893334999999999,-4.2122808,-2.2884216,3.0289612,4.879608,1.139403,-1.9598879,-4.8093543,-1.8903808999999998,4.3160706,4.879608,1.2319201,-3.7279425,-5.257,-2.6203918,4.3160706,4.879608,2.8004093,-4.079214,-4.8289585,1.9876709,4.3160706,4.879608,-2.1340408,-3.3242807,-3.8604092999999997,-0.5388794,3.3030396,2.491333,-0.048249602,-2.1341405,-1.3939791,-1.9873962,1.7744751,3.6764832,1.9123079,-0.7371576,-2.645766,-1.6104126,4.150818,3.6614075,1.5816188,-3.128768,-2.7118897,1.0759583,4.3160706,2.9125977,-1.5218308999999999,-3.087953,-2.1065874,-0.34646606,4.3160706,4.879608,0.26935047,-3.1765652,-4.2408895,0.7394103999999999,2.4465332,4.879608,-0.6074111,-1.5560656,-4.4327197,-2.31427,4.3160706,4.879608,1.5843474,-4.0965557,-5.263012,0.18328857,-2.9439086999999997,4.879608,-1.7754052,2.8497822,-4.401045,-0.7718811,3.9710999,4.879608,-0.7784462,-3.8194027,-3.8740636999999998,-4.3181458,-1.0135498,4.879608,3.1222363,2.030762,-3.6308165,-1.9632263,2.8546448,4.879608,1.0603096,-1.5122737,-4.2611184,-1.6999817,4.3160706,4.879608,0.8732728,-3.3797765,-5.0777287,-0.5600586,4.3160706,4.879608,0.36223072,-3.7787737999999997,-5.160661,哈哈哈哈
-1.3564758000000001,3.090393,4.879608,-0.22520489,-2.4950023,-3.9563916,-2.6965027,2.6977843999999997,4.879608,1.4773977999999999,-1.4893334999999999,-4.2122808,-2.2884216,3.0289612,4.879608,1.139403,-1.9598879,-4.8093543,-1.8903808999999998,4.3160706,4.879608,1.2319201,-3.7279425,-5.257,-2.6203918,4.3160706,4.879608,2.8004093,-4.079214,-4.8289585,1.9876709,4.3160706,4.879608,-2.1340408,-3.3242807,-3.8604092999999997,-0.5388794,3.3030396,2.491333,-0.048249602,-2.1341405,-1.3939791,-1.9873962,1.7744751,3.6764832,1.9123079,-0.7371576,-2.645766,-1.6104126,4.150818,3.6614075,1.5816188,-3.128768,-2.7118897,1.0759583,4.3160706,2.9125977,-1.5218308999999999,-3.087953,-2.1065874,-0.34646606,4.3160706,4.879608,0.26935047,-3.1765652,-4.2408895,0.7394103999999999,2.4465332,4.879608,-0.6074111,-1.5560656,-4.4327197,-2.31427,4.3160706,4.879608,1.5843474,-4.0965557,-5.263012,0.18328857,-2.9439086999999997,4.879608,-1.7754052,2.8497822,-4.401045,-0.7718811,3.9710999,4.879608,-0.7784462,-3.8194027,-3.8740636999999998,-4.3181458,-1.0135498,4.879608,3.1222363,2.030762,-3.6308165,-1.9632263,2.8546448,4.879608,1.0603096,-1.5122737,-4.2611184,-1.6999817,4.3160706,4.879608,0.8732728,-3.3797765,-5.0777287,-0.5600586,4.3160706,4.879608,0.36223072,-3.7787737999999997,-5.160661,-2.9685974,4.3160706,4.879608,3.2063751,-3.5366201,-4.515098,哈哈哈哈
-2.6965027,2.6977843999999997,4.879608,1.4773977999999999,-1.4893334999999999,-4.2122808,-2.2884216,3.0289612,4.879608,1.139403,-1.9598879,-4.8093543,-1.8903808999999998,4.3160706,4.879608,1.2319201,-3.7279425,-5.257,-2.6203918,4.3160706,4.879608,2.8004093,-4.079214,-4.8289585,1.9876709,4.3160706,4.879608,-2.1340408,-3.3242807,-3.8604092999999997,-0.5388794,3.3030396,2.491333,-0.048249602,-2.1341405,-1.3939791,-1.9873962,1.7744751,3.6764832,1.9123079,-0.7371576,-2.645766,-1.6104126,4.150818,3.6614075,1.5816188,-3.128768,-2.7118897,1.0759583,4.3160706,2.9125977,-1.5218308999999999,-3.087953,-2.1065874,-0.34646606,4.3160706,4.879608,0.26935047,-3.1765652,-4.2408895,0.7394103999999999,2.4465332,4.879608,-0.6074111,-1.5560656,-4.4327197,-2.31427,4.3160706,4.879608,1.5843474,-4.0965557,-5.263012,0.18328857,-2.9439086999999997,4.879608,-1.7754052,2.8497822,-4.401045,-0.7718811,3.9710999,4.879608,-0.7784462,-3.8194027,-3.8740636999999998,-4.3181458,-1.0135498,4.879608,3.1222363,2.030762,-3.6308165,-1.9632263,2.8546448,4.879608,1.0603096,-1.5122737,-4.2611184,-1.6999817,4.3160706,4.879608,0.8732728,-3.3797765,-5.0777287,-0.5600586,4.3160706,4.879608,0.36223072,-3.7787737999999997,-5.160661,-2.9685974,4.3160706,4.879608,3.2063751,-3.5366201,-4.515098,1.7398071,4.3160706,4.879608,-1.9549197,-3.2040951,-3.9694485999999998,哈哈哈哈
-2.2884216,3.0289612,4.879608,1.139403,-1.9598879,-4.8093543,-1.8903808999999998,4.3160706,4.879608,1.2319201,-3.7279425,-5.257,-2.6203918,4.3160706,4.879608,2.8004093,-4.079214,-4.8289585,1.9876709,4.3160706,4.879608,-2.1340408,-3.3242807,-3.8604092999999997,-0.5388794,3.3030396,2.491333,-0.048249602,-2.1341405,-1.3939791,-1.9873962,1.7744751,3.6764832,1.9123079,-0.7371576,-2.645766,-1.6104126,4.150818,3.6614075,1.5816188,-3.128768,-2.7118897,1.0759583,4.3160706,2.9125977,-1.5218308999999999,-3.087953,-2.1065874,-0.34646606,4.3160706,4.879608,0.26935047,-3.1765652,-4.2408895,0.7394103999999999,2.4465332,4.879608,-0.6074111,-1.5560656,-4.4327197,-2.31427,4.3160706,4.879608,1.5843474,-4.0965557,-5.263012,0.18328857,-2.9439086999999997,4.879608,-1.7754052,2.8497822,-4.401045,-0.7718811,3.9710999,4.879608,-0.7784462,-3.8194027,-3.8740636999999998,-4.3181458,-1.0135498,4.879608,3.1222363,2.030762,-3.6308165,-1.9632263,2.8546448,4.879608,1.0603096,-1.5122737,-4.2611184,-1.6999817,4.3160706,4.879608,0.8732728,-3.3797765,-5.0777287,-0.5600586,4.3160706,4.879608,0.36223072,-3.7787737999999997,-5.160661,-2.9685974,4.3160706,4.879608,3.2063751,-3.5366201,-4.515098,1.7398071,4.3160706,4.879608,-1.9549197,-3.2040951,-3.9694485999999998,0.7658385999999999,3.518158,2.6297302,-1.2860868,-2.3565505,-1.5829339,哈哈哈哈
-1.8903808999999998,4.3160706,4.879608,1.2319201,-3.7279425,-5.257,-2.6203918,4.3160706,4.879608,2.8004093,-4.079214,-4.8289585,1.9876709,4.3160706,4.879608,-2.1340408,-3.3242807,-3.8604092999999997,-0.5388794,3.3030396,2.491333,-0.048249602,-2.1341405,-1.3939791,-1.9873962,1.7744751,3.6764832,1.9123079,-0.7371576,-2.645766,-1.6104126,4.150818,3.6614075,1.5816188,-3.128768,-2.7118897,1.0759583,4.3160706,2.9125977,-1.5218308999999999,-3.087953,-2.1065874,-0.34646606,4.3160706,4.879608,0.26935047,-3.1765652,-4.2408895,0.7394103999999999,2.4465332,4.879608,-0.6074111,-1.5560656,-4.4327197,-2.31427,4.3160706,4.879608,1.5843474,-4.0965557,-5.263012,0.18328857,-2.9439086999999997,4.879608,-1.7754052,2.8497822,-4.401045,-0.7718811,3.9710999,4.879608,-0.7784462,-3.8194027,-3.8740636999999998,-4.3181458,-1.0135498,4.879608,3.1222363,2.030762,-3.6308165,-1.9632263,2.8546448,4.879608,1.0603096,-1.5122737,-4.2611184,-1.6999817,4.3160706,4.879608,0.8732728,-3.3797765,-5.0777287,-0.5600586,4.3160706,4.879608,0.36223072,-3.7787737999999997,-5.160661,-2.9685974,4.3160706,4.879608,3.2063751,-3.5366201,-4.515098,1.7398071,4.3160706,4.879608,-1.9549197,-3.2040951,-3.9694485999999998,0.7658385999999999,3.518158,2.6297302,-1.2860868,-2.3565505,-1.5829339,-2.2479858,2.8041381999999997,4.879608,2.2210994,-1.7745389,-3.86878,哈哈哈哈
-2.6203918,4.3160706,4.879608,2.8004093,-4.079214,-4.8289585,1.9876709,4.3160706,4.879608,-2.1340408,-3.3242807,-3.8604092999999997,-0.5388794,3.3030396,2.491333,-0.048249602,-2.1341405,-1.3939791,-1.9873962,1.7744751,3.6764832,1.9123079,-0.7371576,-2.645766,-1.6104126,4.150818,3.6614075,1.5816188,-3.128768,-2.7118897,1.0759583,4.3160706,2.9125977,-1.5218308999999999,-3.087953,-2.1065874,-0.34646606,4.3160706,4.879608,0.26935047,-3.1765652,-4.2408895,0.7394103999999999,2.4465332,4.879608,-0.6074111,-1.5560656,-4.4327197,-2.31427,4.3160706,4.879608,1.5843474,-4.0965557,-5.263012,0.18328857,-2.9439086999999997,4.879608,-1.7754052,2.8497822,-4.401045,-0.7718811,3.9710999,4.879608,-0.7784462,-3.8194027,-3.8740636999999998,-4.3181458,-1.0135498,4.879608,3.1222363,2.030762,-3.6308165,-1.9632263,2.8546448,4.879608,1.0603096,-1.5122737,-4.2611184,-1.6999817,4.3160706,4.879608,0.8732728,-3.3797765,-5.0777287,-0.5600586,4.3160706,4.879608,0.36223072,-3.7787737999999997,-5.160661,-2.9685974,4.3160706,4.879608,3.2063751,-3.5366201,-4.515098,1.7398071,4.3160706,4.879608,-1.9549197,-3.2040951,-3.9694485999999998,0.7658385999999999,3.518158,2.6297302,-1.2860868,-2.3565505,-1.5829339,-2.2479858,2.8041381999999997,4.879608,2.2210994,-1.7745389,-3.86878,0.24423218,3.3304749,4.879608,-0.40405159999999996,-2.2042868,-3.9794216000000002,哈哈哈哈
1.9876709,4.3160706,4.879608,-2.1340408,-3.3242807,-3.8604092999999997,-0.5388794,3.3030396,2.491333,-0.048249602,-2.1341405,-1.3939791,-1.9873962,1.7744751,3.6764832,1.9123079,-0.7371576,-2.645766,-1.6104126,4.150818,3.6614075,1.5816188,-3.128768,-2.7118897,1.0759583,4.3160706,2.9125977,-1.5218308999999999,-3.087953,-2.1065874,-0.34646606,4.3160706,4.879608,0.26935047,-3.1765652,-4.2408895,0.7394103999999999,2.4465332,4.879608,-0.6074111,-1.5560656,-4.4327197,-2.31427,4.3160706,4.879608,1.5843474,-4.0965557,-5.263012,0.18328857,-2.9439086999999997,4.879608,-1.7754052,2.8497822,-4.401045,-0.7718811,3.9710999,4.879608,-0.7784462,-3.8194027,-3.8740636999999998,-4.3181458,-1.0135498,4.879608,3.1222363,2.030762,-3.6308165,-1.9632263,2.8546448,4.879608,1.0603096,-1.5122737,-4.2611184,-1.6999817,4.3160706,4.879608,0.8732728,-3.3797765,-5.0777287,-0.5600586,4.3160706,4.879608,0.36223072,-3.7787737999999997,-5.160661,-2.9685974,4.3160706,4.879608,3.2063751,-3.5366201,-4.515098,1.7398071,4.3160706,4.879608,-1.9549197,-3.2040951,-3.9694485999999998,0.7658385999999999,3.518158,2.6297302,-1.2860868,-2.3565505,-1.5829339,-2.2479858,2.8041381999999997,4.879608,2.2210994,-1.7745389,-3.86878,0.24423218,3.3304749,4.879608,-0.40405159999999996,-2.2042868,-3.9794216000000002,0.4963379,4.1042175,2.1878357,-0.6147026999999999,-3.06392,-1.2918112,哈哈哈哈
-0.5388794,3.3030396,2.491333,-0.048249602,-2.1341405,-1.3939791,-1.9873962,1.7744751,3.6764832,1.9123079,-0.7371576,-2.645766,-1.6104126,4.150818,3.6614075,1.5816188,-3.128768,-2.7118897,1.0759583,4.3160706,2.9125977,-1.5218308999999999,-3.087953,-2.1065874,-0.34646606,4.3160706,4.879608,0.26935047,-3.1765652,-4.2408895,0.7394103999999999,2.4465332,4.879608,-0.6074111,-1.5560656,-4.4327197,-2.31427,4.3160706,4.879608,1.5843474,-4.0965557,-5.263012,0.18328857,-2.9439086999999997,4.879608,-1.7754052,2.8497822,-4.401045,-0.7718811,3.9710999,4.879608,-0.7784462,-3.8194027,-3.8740636999999998,-4.3181458,-1.0135498,4.879608,3.1222363,2.030762,-3.6308165,-1.9632263,2.8546448,4.879608,1.0603096,-1.5122737,-4.2611184,-1.6999817,4.3160706,4.879608,0.8732728,-3.3797765,-5.0777287,-0.5600586,4.3160706,4.879608,0.36223072,-3.7787737999999997,-5.160661,-2.9685974,4.3160706,4.879608,3.2063751,-3.5366201,-4.515098,1.7398071,4.3160706,4.879608,-1.9549197,-3.2040951,-3.9694485999999998,0.7658385999999999,3.518158,2.6297302,-1.2860868,-2.3565505,-1.5829339,-2.2479858,2.8041381999999997,4.879608,2.2210994,-1.7745389,-3.86878,0.24423218,3.3304749,4.879608,-0.40405159999999996,-2.2042868,-3.9794216000000002,0.4963379,4.1042175,2.1878357,-0.6147026999999999,-3.06392,-1.2918112,-0.6810303,4.3160706,4.879608,0.88237536,-3.4913306,-4.1920686,哈哈哈哈
-1.9873962,1.7744751,3.6764832,1.9123079,-0.7371576,-2.645766,-1.6104126,4.150818,3.6614075,1.5816188,-3.128768,-2.7118897,1.0759583,4.3160706,2.9125977,-1.5218308999999999,-3.087953,-2.1065874,-0.34646606,4.3160706,4.879608,0.26935047,-3.1765652,-4.2408895,0.7394103999999999,2.4465332,4.879608,-0.6074111,-1.5560656,-4.4327197,-2.31427,4.3160706,4.879608,1.5843474,-4.0965557,-5.263012,0.18328857,-2.9439086999999997,4.879608,-1.7754052,2.8497822,-4.401045,-0.7718811,3.9710999,4.879608,-0.7784462,-3.8194027,-3.8740636999999998,-4.3181458,-1.0135498,4.879608,3.1222363,2.030762,-3.6308165,-1.9632263,2.8546448,4.879608,1.0603096,-1.5122737,-4.2611184,-1.6999817,4.3160706,4.879608,0.8732728,-3.3797765,-5.0777287,-0.5600586,4.3160706,4.879608,0.36223072,-3.7787737999999997,-5.160661,-2.9685974,4.3160706,4.879608,3.2063751,-3.5366201,-4.515098,1.7398071,4.3160706,4.879608,-1.9549197,-3.2040951,-3.9694485999999998,0.7658385999999999,3.518158,2.6297302,-1.2860868,-2.3565505,-1.5829339,-2.2479858,2.8041381999999997,4.879608,2.2210994,-1.7745389,-3.86878,0.24423218,3.3304749,4.879608,-0.40405159999999996,-2.2042868,-3.9794216000000002,0.4963379,4.1042175,2.1878357,-0.6147026999999999,-3.06392,-1.2918112,-0.6810303,4.3160706,4.879608,0.88237536,-3.4913306,-4.1920686,-0.08047485,4.3160706,4.879608,0.3731231,-3.7554955,-4.4231625,哈哈哈哈
-1.6104126,4.150818,3.6614075,1.5816188,-3.128768,-2.7118897,1.0759583,4.3160706,2.9125977,-1.5218308999999999,-3.087953,-2.1065874,-0.34646606,4.3160706,4.879608,0.26935047,-3.1765652,-4.2408895,0.7394103999999999,2.4465332,4.879608,-0.6074111,-1.5560656,-4.4327197,-2.31427,4.3160706,4.879608,1.5843474,-4.0965557,-5.263012,0.18328857,-2.9439086999999997,4.879608,-1.7754052,2.8497822,-4.401045,-0.7718811,3.9710999,4.879608,-0.7784462,-3.8194027,-3.8740636999999998,-4.3181458,-1.0135498,4.879608,3.1222363,2.030762,-3.6308165,-1.9632263,2.8546448,4.879608,1.0603096,-1.5122737,-4.2611184,-1.6999817,4.3160706,4.879608,0.8732728,-3.3797765,-5.0777287,-0.5600586,4.3160706,4.879608,0.36223072,-3.7787737999999997,-5.160661,-2.9685974,4.3160706,4.879608,3.2063751,-3.5366201,-4.515098,1.7398071,4.3160706,4.879608,-1.9549197,-3.2040951,-3.9694485999999998,0.7658385999999999,3.518158,2.6297302,-1.2860868,-2.3565505,-1.5829339,-2.2479858,2.8041381999999997,4.879608,2.2210994,-1.7745389,-3.86878,0.24423218,3.3304749,4.879608,-0.40405159999999996,-2.2042868,-3.9794216000000002,0.4963379,4.1042175,2.1878357,-0.6147026999999999,-3.06392,-1.2918112,-0.6810303,4.3160706,4.879608,0.88237536,-3.4913306,-4.1920686,-0.08047485,4.3160706,4.879608,0.3731231,-3.7554955,-4.4231625,-0.008575439,4.3160706,4.879608,0.20503879,-4.030682,-4.791709,哈哈哈哈
1.0759583,4.3160706,2.9125977,-1.5218308999999999,-3.087953,-2.1065874,-0.34646606,4.3160706,4.879608,0.26935047,-3.1765652,-4.2408895,0.7394103999999999,2.4465332,4.879608,-0.6074111,-1.5560656,-4.4327197,-2.31427,4.3160706,4.879608,1.5843474,-4.0965557,-5.263012,0.18328857,-2.9439086999999997,4.879608,-1.7754052,2.8497822,-4.401045,-0.7718811,3.9710999,4.879608,-0.7784462,-3.8194027,-3.8740636999999998,-4.3181458,-1.0135498,4.879608,3.1222363,2.030762,-3.6308165,-1.9632263,2.8546448,4.879608,1.0603096,-1.5122737,-4.2611184,-1.6999817,4.3160706,4.879608,0.8732728,-3.3797765,-5.0777287,-0.5600586,4.3160706,4.879608,0.36223072,-3.7787737999999997,-5.160661,-2.9685974,4.3160706,4.879608,3.2063751,-3.5366201,-4.515098,1.7398071,4.3160706,4.879608,-1.9549197,-3.2040951,-3.9694485999999998,0.7658385999999999,3.518158,2.6297302,-1.2860868,-2.3565505,-1.5829339,-2.2479858,2.8041381999999997,4.879608,2.2210994,-1.7745389,-3.86878,0.24423218,3.3304749,4.879608,-0.40405159999999996,-2.2042868,-3.9794216000000002,0.4963379,4.1042175,2.1878357,-0.6147026999999999,-3.06392,-1.2918112,-0.6810303,4.3160706,4.879608,0.88237536,-3.4913306,-4.1920686,-0.08047485,4.3160706,4.879608,0.3731231,-3.7554955,-4.4231625,-0.008575439,4.3160706,4.879608,0.20503879,-4.030682,-4.791709,-2.9234923999999998,4.3160706,4.879608,2.17723,-4.2150292,-5.226454,哈哈哈哈
-0.34646606,4.3160706,4.879608,0.26935047,-3.1765652,-4.2408895,0.7394103999999999,2.4465332,4.879608,-0.6074111,-1.5560656,-4.4327197,-2.31427,4.3160706,4.879608,1.5843474,-4.0965557,-5.263012,0.18328857,-2.9439086999999997,4.879608,-1.7754052,2.8497822,-4.401045,-0.7718811,3.9710999,4.879608,-0.7784462,-3.8194027,-3.8740636999999998,-4.3181458,-1.0135498,4.879608,3.1222363,2.030762,-3.6308165,-1.9632263,2.8546448,4.879608,1.0603096,-1.5122737,-4.2611184,-1.6999817,4.3160706,4.879608,0.8732728,-3.3797765,-5.0777287,-0.5600586,4.3160706,4.879608,0.36223072,-3.7787737999999997,-5.160661,-2.9685974,4.3160706,4.879608,3.2063751,-3.5366201,-4.515098,1.7398071,4.3160706,4.879608,-1.9549197,-3.2040951,-3.9694485999999998,0.7658385999999999,3.518158,2.6297302,-1.2860868,-2.3565505,-1.5829339,-2.2479858,2.8041381999999997,4.879608,2.2210994,-1.7745389,-3.86878,0.24423218,3.3304749,4.879608,-0.40405159999999996,-2.2042868,-3.9794216000000002,0.4963379,4.1042175,2.1878357,-0.6147026999999999,-3.06392,-1.2918112,-0.6810303,4.3160706,4.879608,0.88237536,-3.4913306,-4.1920686,-0.08047485,4.3160706,4.879608,0.3731231,-3.7554955,-4.4231625,-0.008575439,4.3160706,4.879608,0.20503879,-4.030682,-4.791709,-2.9234923999999998,4.3160706,4.879608,2.17723,-4.2150292,-5.226454,-2.5774536,4.3160706,4.879608,1.1559318,-4.2851706,-4.7997284,哈哈哈哈
0.7394103999999999,2.4465332,4.879608,-0.6074111,-1.5560656,-4.4327197,-2.31427,4.3160706,4.879608,1.5843474,-4.0965557,-5.263012,0.18328857,-2.9439086999999997,4.879608,-1.7754052,2.8497822,-4.401045,-0.7718811,3.9710999,4.879608,-0.7784462,-3.8194027,-3.8740636999999998,-4.3181458,-1.0135498,4.879608,3.1222363,2.030762,-3.6308165,-1.9632263,2.8546448,4.879608,1.0603096,-1.5122737,-4.2611184,-1.6999817,4.3160706,4.879608,0.8732728,-3.3797765,-5.0777287,-0.5600586,4.3160706,4.879608,0.36223072,-3.7787737999999997,-5.160661,-2.9685974,4.3160706,4.879608,3.2063751,-3.5366201,-4.515098,1.7398071,4.3160706,4.879608,-1.9549197,-3.2040951,-3.9694485999999998,0.7658385999999999,3.518158,2.6297302,-1.2860868,-2.3565505,-1.5829339,-2.2479858,2.8041381999999997,4.879608,2.2210994,-1.7745389,-3.86878,0.24423218,3.3304749,4.879608,-0.40405159999999996,-2.2042868,-3.9794216000000002,0.4963379,4.1042175,2.1878357,-0.6147026999999999,-3.06392,-1.2918112,-0.6810303,4.3160706,4.879608,0.88237536,-3.4913306,-4.1920686,-0.08047485,4.3160706,4.879608,0.3731231,-3.7554955,-4.4231625,-0.008575439,4.3160706,4.879608,0.20503879,-4.030682,-4.791709,-2.9234923999999998,4.3160706,4.879608,2.17723,-4.2150292,-5.226454,-2.5774536,4.3160706,4.879608,1.1559318,-4.2851706,-4.7997284,-0.97109985,1.8244324,4.879608,-0.6417719,-1.2746643,-3.9674766,哈哈哈哈
-2.31427,4.3160706,4.879608,1.5843474,-4.0965557,-5.263012,0.18328857,-2.9439086999999997,4.879608,-1.7754052,2.8497822,-4.401045,-0.7718811,3.9710999,4.879608,-0.7784462,-3.8194027,-3.8740636999999998,-4.3181458,-1.0135498,4.879608,3.1222363,2.030762,-3.6308165,-1.9632263,2.8546448,4.879608,1.0603096,-1.5122737,-4.2611184,-1.6999817,4.3160706,4.879608,0.8732728,-3.3797765,-5.0777287,-0.5600586,4.3160706,4.879608,0.36223072,-3.7787737999999997,-5.160661,-2.9685974,4.3160706,4.879608,3.2063751,-3.5366201,-4.515098,1.7398071,4.3160706,4.879608,-1.9549197,-3.2040951,-3.9694485999999998,0.7658385999999999,3.518158,2.6297302,-1.2860868,-2.3565505,-1.5829339,-2.2479858,2.8041381999999997,4.879608,2.2210994,-1.7745389,-3.86878,0.24423218,3.3304749,4.879608,-0.40405159999999996,-2.2042868,-3.9794216000000002,0.4963379,4.1042175,2.1878357,-0.6147026999999999,-3.06392,-1.2918112,-0.6810303,4.3160706,4.879608,0.88237536,-3.4913306,-4.1920686,-0.08047485,4.3160706,4.879608,0.3731231,-3.7554955,-4.4231625,-0.008575439,4.3160706,4.879608,0.20503879,-4.030682,-4.791709,-2.9234923999999998,4.3160706,4.879608,2.17723,-4.2150292,-5.226454,-2.5774536,4.3160706,4.879608,1.1559318,-4.2851706,-4.7997284,-0.97109985,1.8244324,4.879608,-0.6417719,-1.2746643,-3.9674766,-0.97109985,1.8244324,4.879608,-0.6417719,-1.2746643,-3.9674766,哈哈哈哈
0.18328857,-2.9439086999999997,4.879608,-1.7754052,2.8497822,-4.401045,-0.7718811,3.9710999,4.879608,-0.7784462,-3.8194027,-3.8740636999999998,-4.3181458,-1.0135498,4.879608,3.1222363,2.030762,-3.6308165,-1.9632263,2.8546448,4.879608,1.0603096,-1.5122737,-4.2611184,-1.6999817,4.3160706,4.879608,0.8732728,-3.3797765,-5.0777287,-0.5600586,4.3160706,4.879608,0.36223072,-3.7787737999999997,-5.160661,-2.9685974,4.3160706,4.879608,3.2063751,-3.5366201,-4.515098,1.7398071,4.3160706,4.879608,-1.9549197,-3.2040951,-3.9694485999999998,0.7658385999999999,3.518158,2.6297302,-1.2860868,-2.3565505,-1.5829339,-2.2479858,2.8041381999999997,4.879608,2.2210994,-1.7745389,-3.86878,0.24423218,3.3304749,4.879608,-0.40405159999999996,-2.2042868,-3.9794216000000002,0.4963379,4.1042175,2.1878357,-0.6147026999999999,-3.06392,-1.2918112,-0.6810303,4.3160706,4.879608,0.88237536,-3.4913306,-4.1920686,-0.08047485,4.3160706,4.879608,0.3731231,-3.7554955,-4.4231625,-0.008575439,4.3160706,4.879608,0.20503879,-4.030682,-4.791709,-2.9234923999999998,4.3160706,4.879608,2.17723,-4.2150292,-5.226454,-2.5774536,4.3160706,4.879608,1.1559318,-4.2851706,-4.7997284,-0.97109985,1.8244324,4.879608,-0.6417719,-1.2746643,-3.9674766,-0.97109985,1.8244324,4.879608,-0.6417719,-1.2746643,-3.9674766,-3.5709534,4.3160706,4.879608,2.5871668,-3.0353093,-4.0483446,哈哈哈哈
-0.7718811,3.9710999,4.879608,-0.7784462,-3.8194027,-3.8740636999999998,-4.3181458,-1.0135498,4.879608,3.1222363,2.030762,-3.6308165,-1.9632263,2.8546448,4.879608,1.0603096,-1.5122737,-4.2611184,-1.6999817,4.3160706,4.879608,0.8732728,-3.3797765,-5.0777287,-0.5600586,4.3160706,4.879608,0.36223072,-3.7787737999999997,-5.160661,-2.9685974,4.3160706,4.879608,3.2063751,-3.5366201,-4.515098,1.7398071,4.3160706,4.879608,-1.9549197,-3.2040951,-3.9694485999999998,0.7658385999999999,3.518158,2.6297302,-1.2860868,-2.3565505,-1.5829339,-2.2479858,2.8041381999999997,4.879608,2.2210994,-1.7745389,-3.86878,0.24423218,3.3304749,4.879608,-0.40405159999999996,-2.2042868,-3.9794216000000002,0.4963379,4.1042175,2.1878357,-0.6147026999999999,-3.06392,-1.2918112,-0.6810303,4.3160706,4.879608,0.88237536,-3.4913306,-4.1920686,-0.08047485,4.3160706,4.879608,0.3731231,-3.7554955,-4.4231625,-0.008575439,4.3160706,4.879608,0.20503879,-4.030682,-4.791709,-2.9234923999999998,4.3160706,4.879608,2.17723,-4.2150292,-5.226454,-2.5774536,4.3160706,4.879608,1.1559318,-4.2851706,-4.7997284,-0.97109985,1.8244324,4.879608,-0.6417719,-1.2746643,-3.9674766,-0.97109985,1.8244324,4.879608,-0.6417719,-1.2746643,-3.9674766,-3.5709534,4.3160706,4.879608,2.5871668,-3.0353093,-4.0483446,2.6333618,4.3160706,4.879608,-3.145886,-3.5460892,-5.199459,哈哈哈哈
-4.3181458,-1.0135498,4.879608,3.1222363,2.030762,-3.6308165,-1.9632263,2.8546448,4.879608,1.0603096,-1.5122737,-4.2611184,-1.6999817,4.3160706,4.879608,0.8732728,-3.3797765,-5.0777287,-0.5600586,4.3160706,4.879608,0.36223072,-3.7787737999999997,-5.160661,-2.9685974,4.3160706,4.879608,3.2063751,-3.5366201,-4.515098,1.7398071,4.3160706,4.879608,-1.9549197,-3.2040951,-3.9694485999999998,0.7658385999999999,3.518158,2.6297302,-1.2860868,-2.3565505,-1.5829339,-2.2479858,2.8041381999999997,4.879608,2.2210994,-1.7745389,-3.86878,0.24423218,3.3304749,4.879608,-0.40405159999999996,-2.2042868,-3.9794216000000002,0.4963379,4.1042175,2.1878357,-0.6147026999999999,-3.06392,-1.2918112,-0.6810303,4.3160706,4.879608,0.88237536,-3.4913306,-4.1920686,-0.08047485,4.3160706,4.879608,0.3731231,-3.7554955,-4.4231625,-0.008575439,4.3160706,4.879608,0.20503879,-4.030682,-4.791709,-2.9234923999999998,4.3160706,4.879608,2.17723,-4.2150292,-5.226454,-2.5774536,4.3160706,4.879608,1.1559318,-4.2851706,-4.7997284,-0.97109985,1.8244324,4.879608,-0.6417719,-1.2746643,-3.9674766,-0.97109985,1.8244324,4.879608,-0.6417719,-1.2746643,-3.9674766,-3.5709534,4.3160706,4.879608,2.5871668,-3.0353093,-4.0483446,2.6333618,4.3160706,4.879608,-3.145886,-3.5460892,-5.199459,3.6769714000000002,0.23352051000000001,3.1107483,-3.9899054,0.9648707999999999,-2.5367405,哈哈哈哈
-1.9632263,2.8546448,4.879608,1.0603096,-1.5122737,-4.2611184,-1.6999817,4.3160706,4.879608,0.8732728,-3.3797765,-5.0777287,-0.5600586,4.3160706,4.879608,0.36223072,-3.7787737999999997,-5.160661,-2.9685974,4.3160706,4.879608,3.2063751,-3.5366201,-4.515098,1.7398071,4.3160706,4.879608,-1.9549197,-3.2040951,-3.9694485999999998,0.7658385999999999,3.518158,2.6297302,-1.2860868,-2.3565505,-1.5829339,-2.2479858,2.8041381999999997,4.879608,2.2210994,-1.7745389,-3.86878,0.24423218,3.3304749,4.879608,-0.40405159999999996,-2.2042868,-3.9794216000000002,0.4963379,4.1042175,2.1878357,-0.6147026999999999,-3.06392,-1.2918112,-0.6810303,4.3160706,4.879608,0.88237536,-3.4913306,-4.1920686,-0.08047485,4.3160706,4.879608,0.3731231,-3.7554955,-4.4231625,-0.008575439,4.3160706,4.879608,0.20503879,-4.030682,-4.791709,-2.9234923999999998,4.3160706,4.879608,2.17723,-4.2150292,-5.226454,-2.5774536,4.3160706,4.879608,1.1559318,-4.2851706,-4.7997284,-0.97109985,1.8244324,4.879608,-0.6417719,-1.2746643,-3.9674766,-0.97109985,1.8244324,4.879608,-0.6417719,-1.2746643,-3.9674766,-3.5709534,4.3160706,4.879608,2.5871668,-3.0353093,-4.0483446,2.6333618,4.3160706,4.879608,-3.145886,-3.5460892,-5.199459,3.6769714000000002,0.23352051000000001,3.1107483,-3.9899054,0.9648707999999999,-2.5367405,1.0320435,1.3178406,-1.7863159,-0.787029,-1.0988914,2.3322113,哈哈哈哈
-1.6999817,4.3160706,4.879608,0.8732728,-3.3797765,-5.0777287,-0.5600586,4.3160706,4.879608,0.36223072,-3.7787737999999997,-5.160661,-2.9685974,4.3160706,4.879608,3.2063751,-3.5366201,-4.515098,1.7398071,4.3160706,4.879608,-1.9549197,-3.2040951,-3.9694485999999998,0.7658385999999999,3.518158,2.6297302,-1.2860868,-2.3565505,-1.5829339,-2.2479858,2.8041381999999997,4.879608,2.2210994,-1.7745389,-3.86878,0.24423218,3.3304749,4.879608,-0.40405159999999996,-2.2042868,-3.9794216000000002,0.4963379,4.1042175,2.1878357,-0.6147026999999999,-3.06392,-1.2918112,-0.6810303,4.3160706,4.879608,0.88237536,-3.4913306,-4.1920686,-0.08047485,4.3160706,4.879608,0.3731231,-3.7554955,-4.4231625,-0.008575439,4.3160706,4.879608,0.20503879,-4.030682,-4.791709,-2.9234923999999998,4.3160706,4.879608,2.17723,-4.2150292,-5.226454,-2.5774536,4.3160706,4.879608,1.1559318,-4.2851706,-4.7997284,-0.97109985,1.8244324,4.879608,-0.6417719,-1.2746643,-3.9674766,-0.97109985,1.8244324,4.879608,-0.6417719,-1.2746643,-3.9674766,-3.5709534,4.3160706,4.879608,2.5871668,-3.0353093,-4.0483446,2.6333618,4.3160706,4.879608,-3.145886,-3.5460892,-5.199459,3.6769714000000002,0.23352051000000001,3.1107483,-3.9899054,0.9648707999999999,-2.5367405,1.0320435,1.3178406,-1.7863159,-0.787029,-1.0988914,2.3322113,0.31906128,4.2388306,-0.18405151,-0.18382314,-4.3673835,0.397371,哈哈哈哈
-0.5600586,4.3160706,4.879608,0.36223072,-3.7787737999999997,-5.160661,-2.9685974,4.3160706,4.879608,3.2063751,-3.5366201,-4.515098,1.7398071,4.3160706,4.879608,-1.9549197,-3.2040951,-3.9694485999999998,0.7658385999999999,3.518158,2.6297302,-1.2860868,-2.3565505,-1.5829339,-2.2479858,2.8041381999999997,4.879608,2.2210994,-1.7745389,-3.86878,0.24423218,3.3304749,4.879608,-0.40405159999999996,-2.2042868,-3.9794216000000002,0.4963379,4.1042175,2.1878357,-0.6147026999999999,-3.06392,-1.2918112,-0.6810303,4.3160706,4.879608,0.88237536,-3.4913306,-4.1920686,-0.08047485,4.3160706,4.879608,0.3731231,-3.7554955,-4.4231625,-0.008575439,4.3160706,4.879608,0.20503879,-4.030682,-4.791709,-2.9234923999999998,4.3160706,4.879608,2.17723,-4.2150292,-5.226454,-2.5774536,4.3160706,4.879608,1.1559318,-4.2851706,-4.7997284,-0.97109985,1.8244324,4.879608,-0.6417719,-1.2746643,-3.9674766,-0.97109985,1.8244324,4.879608,-0.6417719,-1.2746643,-3.9674766,-3.5709534,4.3160706,4.879608,2.5871668,-3.0353093,-4.0483446,2.6333618,4.3160706,4.879608,-3.145886,-3.5460892,-5.199459,3.6769714000000002,0.23352051000000001,3.1107483,-3.9899054,0.9648707999999999,-2.5367405,1.0320435,1.3178406,-1.7863159,-0.787029,-1.0988914,2.3322113,0.31906128,4.2388306,-0.18405151,-0.18382314,-4.3673835,0.397371,-1.9239807,4.033386,3.6914673000000002,2.0227385,-4.2487187,-2.7691672,哈哈哈哈
-2.9685974,4.3160706,4.879608,3.2063751,-3.5366201,-4.515098,1.7398071,4.3160706,4.879608,-1.9549197,-3.2040951,-3.9694485999999998,0.7658385999999999,3.518158,2.6297302,-1.2860868,-2.3565505,-1.5829339,-2.2479858,2.8041381999999997,4.879608,2.2210994,-1.7745389,-3.86878,0.24423218,3.3304749,4.879608,-0.40405159999999996,-2.2042868,-3.9794216000000002,0.4963379,4.1042175,2.1878357,-0.6147026999999999,-3.06392,-1.2918112,-0.6810303,4.3160706,4.879608,0.88237536,-3.4913306,-4.1920686,-0.08047485,4.3160706,4.879608,0.3731231,-3.7554955,-4.4231625,-0.008575439,4.3160706,4.879608,0.20503879,-4.030682,-4.791709,-2.9234923999999998,4.3160706,4.879608,2.17723,-4.2150292,-5.226454,-2.5774536,4.3160706,4.879608,1.1559318,-4.2851706,-4.7997284,-0.97109985,1.8244324,4.879608,-0.6417719,-1.2746643,-3.9674766,-0.97109985,1.8244324,4.879608,-0.6417719,-1.2746643,-3.9674766,-3.5709534,4.3160706,4.879608,2.5871668,-3.0353093,-4.0483446,2.6333618,4.3160706,4.879608,-3.145886,-3.5460892,-5.199459,3.6769714000000002,0.23352051000000001,3.1107483,-3.9899054,0.9648707999999999,-2.5367405,1.0320435,1.3178406,-1.7863159,-0.787029,-1.0988914,2.3322113,0.31906128,4.2388306,-0.18405151,-0.18382314,-4.3673835,0.397371,-1.9239807,4.033386,3.6914673000000002,2.0227385,-4.2487187,-2.7691672,3.6769714000000002,-2.9105225,4.879608,-4.236532,3.2941015,-3.3922489,哈哈哈哈
1.7398071,4.3160706,4.879608,-1.9549197,-3.2040951,-3.9694485999999998,0.7658385999999999,3.518158,2.6297302,-1.2860868,-2.3565505,-1.5829339,-2.2479858,2.8041381999999997,4.879608,2.2210994,-1.7745389,-3.86878,0.24423218,3.3304749,4.879608,-0.40405159999999996,-2.2042868,-3.9794216000000002,0.4963379,4.1042175,2.1878357,-0.6147026999999999,-3.06392,-1.2918112,-0.6810303,4.3160706,4.879608,0.88237536,-3.4913306,-4.1920686,-0.08047485,4.3160706,4.879608,0.3731231,-3.7554955,-4.4231625,-0.008575439,4.3160706,4.879608,0.20503879,-4.030682,-4.791709,-2.9234923999999998,4.3160706,4.879608,2.17723,-4.2150292,-5.226454,-2.5774536,4.3160706,4.879608,1.1559318,-4.2851706,-4.7997284,-0.97109985,1.8244324,4.879608,-0.6417719,-1.2746643,-3.9674766,-0.97109985,1.8244324,4.879608,-0.6417719,-1.2746643,-3.9674766,-3.5709534,4.3160706,4.879608,2.5871668,-3.0353093,-4.0483446,2.6333618,4.3160706,4.879608,-3.145886,-3.5460892,-5.199459,3.6769714000000002,0.23352051000000001,3.1107483,-3.9899054,0.9648707999999999,-2.5367405,1.0320435,1.3178406,-1.7863159,-0.787029,-1.0988914,2.3322113,0.31906128,4.2388306,-0.18405151,-0.18382314,-4.3673835,0.397371,-1.9239807,4.033386,3.6914673000000002,2.0227385,-4.2487187,-2.7691672,3.6769714000000002,-2.9105225,4.879608,-4.236532,3.2941015,-3.3922489,2.4471436,4.3160706,4.879608,-2.7074695,-4.8115573,-4.6950154,哈哈哈哈
0.7658385999999999,3.518158,2.6297302,-1.2860868,-2.3565505,-1.5829339,-2.2479858,2.8041381999999997,4.879608,2.2210994,-1.7745389,-3.86878,0.24423218,3.3304749,4.879608,-0.40405159999999996,-2.2042868,-3.9794216000000002,0.4963379,4.1042175,2.1878357,-0.6147026999999999,-3.06392,-1.2918112,-0.6810303,4.3160706,4.879608,0.88237536,-3.4913306,-4.1920686,-0.08047485,4.3160706,4.879608,0.3731231,-3.7554955,-4.4231625,-0.008575439,4.3160706,4.879608,0.20503879,-4.030682,-4.791709,-2.9234923999999998,4.3160706,4.879608,2.17723,-4.2150292,-5.226454,-2.5774536,4.3160706,4.879608,1.1559318,-4.2851706,-4.7997284,-0.97109985,1.8244324,4.879608,-0.6417719,-1.2746643,-3.9674766,-0.97109985,1.8244324,4.879608,-0.6417719,-1.2746643,-3.9674766,-3.5709534,4.3160706,4.879608,2.5871668,-3.0353093,-4.0483446,2.6333618,4.3160706,4.879608,-3.145886,-3.5460892,-5.199459,3.6769714000000002,0.23352051000000001,3.1107483,-3.9899054,0.9648707999999999,-2.5367405,1.0320435,1.3178406,-1.7863159,-0.787029,-1.0988914,2.3322113,0.31906128,4.2388306,-0.18405151,-0.18382314,-4.3673835,0.397371,-1.9239807,4.033386,3.6914673000000002,2.0227385,-4.2487187,-2.7691672,3.6769714000000002,-2.9105225,4.879608,-4.236532,3.2941015,-3.3922489,2.4471436,4.3160706,4.879608,-2.7074695,-4.8115573,-4.6950154,-1.3323059,0.59820557,4.879608,-0.17822224,0.31237483,-4.076554,哈哈哈哈
-2.2479858,2.8041381999999997,4.879608,2.2210994,-1.7745389,-3.86878,0.24423218,3.3304749,4.879608,-0.40405159999999996,-2.2042868,-3.9794216000000002,0.4963379,4.1042175,2.1878357,-0.6147026999999999,-3.06392,-1.2918112,-0.6810303,4.3160706,4.879608,0.88237536,-3.4913306,-4.1920686,-0.08047485,4.3160706,4.879608,0.3731231,-3.7554955,-4.4231625,-0.008575439,4.3160706,4.879608,0.20503879,-4.030682,-4.791709,-2.9234923999999998,4.3160706,4.879608,2.17723,-4.2150292,-5.226454,-2.5774536,4.3160706,4.879608,1.1559318,-4.2851706,-4.7997284,-0.97109985,1.8244324,4.879608,-0.6417719,-1.2746643,-3.9674766,-0.97109985,1.8244324,4.879608,-0.6417719,-1.2746643,-3.9674766,-3.5709534,4.3160706,4.879608,2.5871668,-3.0353093,-4.0483446,2.6333618,4.3160706,4.879608,-3.145886,-3.5460892,-5.199459,3.6769714000000002,0.23352051000000001,3.1107483,-3.9899054,0.9648707999999999,-2.5367405,1.0320435,1.3178406,-1.7863159,-0.787029,-1.0988914,2.3322113,0.31906128,4.2388306,-0.18405151,-0.18382314,-4.3673835,0.397371,-1.9239807,4.033386,3.6914673000000002,2.0227385,-4.2487187,-2.7691672,3.6769714000000002,-2.9105225,4.879608,-4.236532,3.2941015,-3.3922489,2.4471436,4.3160706,4.879608,-2.7074695,-4.8115573,-4.6950154,-1.3323059,0.59820557,4.879608,-0.17822224,0.31237483,-4.076554,0.18218994,-2.2694092,0.84552,-1.8442851999999998,2.3698163,0.08040792000000001,哈哈哈哈
0.24423218,3.3304749,4.879608,-0.40405159999999996,-2.2042868,-3.9794216000000002,0.4963379,4.1042175,2.1878357,-0.6147026999999999,-3.06392,-1.2918112,-0.6810303,4.3160706,4.879608,0.88237536,-3.4913306,-4.1920686,-0.08047485,4.3160706,4.879608,0.3731231,-3.7554955,-4.4231625,-0.008575439,4.3160706,4.879608,0.20503879,-4.030682,-4.791709,-2.9234923999999998,4.3160706,4.879608,2.17723,-4.2150292,-5.226454,-2.5774536,4.3160706,4.879608,1.1559318,-4.2851706,-4.7997284,-0.97109985,1.8244324,4.879608,-0.6417719,-1.2746643,-3.9674766,-0.97109985,1.8244324,4.879608,-0.6417719,-1.2746643,-3.9674766,-3.5709534,4.3160706,4.879608,2.5871668,-3.0353093,-4.0483446,2.6333618,4.3160706,4.879608,-3.145886,-3.5460892,-5.199459,3.6769714000000002,0.23352051000000001,3.1107483,-3.9899054,0.9648707999999999,-2.5367405,1.0320435,1.3178406,-1.7863159,-0.787029,-1.0988914,2.3322113,0.31906128,4.2388306,-0.18405151,-0.18382314,-4.3673835,0.397371,-1.9239807,4.033386,3.6914673000000002,2.0227385,-4.2487187,-2.7691672,3.6769714000000002,-2.9105225,4.879608,-4.236532,3.2941015,-3.3922489,2.4471436,4.3160706,4.879608,-2.7074695,-4.8115573,-4.6950154,-1.3323059,0.59820557,4.879608,-0.17822224,0.31237483,-4.076554,0.18218994,-2.2694092,0.84552,-1.8442851999999998,2.3698163,0.08040792000000001,0.31906128,-2.3533325,4.879608,-1.4758200000000001,1.8713824,-4.405805,哈哈哈哈
0.4963379,4.1042175,2.1878357,-0.6147026999999999,-3.06392,-1.2918112,-0.6810303,4.3160706,4.879608,0.88237536,-3.4913306,-4.1920686,-0.08047485,4.3160706,4.879608,0.3731231,-3.7554955,-4.4231625,-0.008575439,4.3160706,4.879608,0.20503879,-4.030682,-4.791709,-2.9234923999999998,4.3160706,4.879608,2.17723,-4.2150292,-5.226454,-2.5774536,4.3160706,4.879608,1.1559318,-4.2851706,-4.7997284,-0.97109985,1.8244324,4.879608,-0.6417719,-1.2746643,-3.9674766,-0.97109985,1.8244324,4.879608,-0.6417719,-1.2746643,-3.9674766,-3.5709534,4.3160706,4.879608,2.5871668,-3.0353093,-4.0483446,2.6333618,4.3160706,4.879608,-3.145886,-3.5460892,-5.199459,3.6769714000000002,0.23352051000000001,3.1107483,-3.9899054,0.9648707999999999,-2.5367405,1.0320435,1.3178406,-1.7863159,-0.787029,-1.0988914,2.3322113,0.31906128,4.2388306,-0.18405151,-0.18382314,-4.3673835,0.397371,-1.9239807,4.033386,3.6914673000000002,2.0227385,-4.2487187,-2.7691672,3.6769714000000002,-2.9105225,4.879608,-4.236532,3.2941015,-3.3922489,2.4471436,4.3160706,4.879608,-2.7074695,-4.8115573,-4.6950154,-1.3323059,0.59820557,4.879608,-0.17822224,0.31237483,-4.076554,0.18218994,-2.2694092,0.84552,-1.8442851999999998,2.3698163,0.08040792000000001,0.31906128,-2.3533325,4.879608,-1.4758200000000001,1.8713824,-4.405805,2.185669,3.9464110999999997,4.879608,-2.0450716,-4.1200914,-4.1167808,哈哈哈哈
-0.6810303,4.3160706,4.879608,0.88237536,-3.4913306,-4.1920686,-0.08047485,4.3160706,4.879608,0.3731231,-3.7554955,-4.4231625,-0.008575439,4.3160706,4.879608,0.20503879,-4.030682,-4.791709,-2.9234923999999998,4.3160706,4.879608,2.17723,-4.2150292,-5.226454,-2.5774536,4.3160706,4.879608,1.1559318,-4.2851706,-4.7997284,-0.97109985,1.8244324,4.879608,-0.6417719,-1.2746643,-3.9674766,-0.97109985,1.8244324,4.879608,-0.6417719,-1.2746643,-3.9674766,-3.5709534,4.3160706,4.879608,2.5871668,-3.0353093,-4.0483446,2.6333618,4.3160706,4.879608,-3.145886,-3.5460892,-5.199459,3.6769714000000002,0.23352051000000001,3.1107483,-3.9899054,0.9648707999999999,-2.5367405,1.0320435,1.3178406,-1.7863159,-0.787029,-1.0988914,2.3322113,0.31906128,4.2388306,-0.18405151,-0.18382314,-4.3673835,0.397371,-1.9239807,4.033386,3.6914673000000002,2.0227385,-4.2487187,-2.7691672,3.6769714000000002,-2.9105225,4.879608,-4.236532,3.2941015,-3.3922489,2.4471436,4.3160706,4.879608,-2.7074695,-4.8115573,-4.6950154,-1.3323059,0.59820557,4.879608,-0.17822224,0.31237483,-4.076554,0.18218994,-2.2694092,0.84552,-1.8442851999999998,2.3698163,0.08040792000000001,0.31906128,-2.3533325,4.879608,-1.4758200000000001,1.8713824,-4.405805,2.185669,3.9464110999999997,4.879608,-2.0450716,-4.1200914,-4.1167808,3.6769714000000002,4.3160706,4.879608,-3.78159,-4.434785,-3.6767285,哈哈哈哈
-0.08047485,4.3160706,4.879608,0.3731231,-3.7554955,-4.4231625,-0.008575439,4.3160706,4.879608,0.20503879,-4.030682,-4.791709,-2.9234923999999998,4.3160706,4.879608,2.17723,-4.2150292,-5.226454,-2.5774536,4.3160706,4.879608,1.1559318,-4.2851706,-4.7997284,-0.97109985,1.8244324,4.879608,-0.6417719,-1.2746643,-3.9674766,-0.97109985,1.8244324,4.879608,-0.6417719,-1.2746643,-3.9674766,-3.5709534,4.3160706,4.879608,2.5871668,-3.0353093,-4.0483446,2.6333618,4.3160706,4.879608,-3.145886,-3.5460892,-5.199459,3.6769714000000002,0.23352051000000001,3.1107483,-3.9899054,0.9648707999999999,-2.5367405,1.0320435,1.3178406,-1.7863159,-0.787029,-1.0988914,2.3322113,0.31906128,4.2388306,-0.18405151,-0.18382314,-4.3673835,0.397371,-1.9239807,4.033386,3.6914673000000002,2.0227385,-4.2487187,-2.7691672,3.6769714000000002,-2.9105225,4.879608,-4.236532,3.2941015,-3.3922489,2.4471436,4.3160706,4.879608,-2.7074695,-4.8115573,-4.6950154,-1.3323059,0.59820557,4.879608,-0.17822224,0.31237483,-4.076554,0.18218994,-2.2694092,0.84552,-1.8442851999999998,2.3698163,0.08040792000000001,0.31906128,-2.3533325,4.879608,-1.4758200000000001,1.8713824,-4.405805,2.185669,3.9464110999999997,4.879608,-2.0450716,-4.1200914,-4.1167808,3.6769714000000002,4.3160706,4.879608,-3.78159,-4.434785,-3.6767285,-0.565094,4.3160706,3.909912,0.6815188,-4.084141,-2.7220247,哈哈哈哈
-0.008575439,4.3160706,4.879608,0.20503879,-4.030682,-4.791709,-2.9234923999999998,4.3160706,4.879608,2.17723,-4.2150292,-5.226454,-2.5774536,4.3160706,4.879608,1.1559318,-4.2851706,-4.7997284,-0.97109985,1.8244324,4.879608,-0.6417719,-1.2746643,-3.9674766,-0.97109985,1.8244324,4.879608,-0.6417719,-1.2746643,-3.9674766,-3.5709534,4.3160706,4.879608,2.5871668,-3.0353093,-4.0483446,2.6333618,4.3160706,4.879608,-3.145886,-3.5460892,-5.199459,3.6769714000000002,0.23352051000000001,3.1107483,-3.9899054,0.9648707999999999,-2.5367405,1.0320435,1.3178406,-1.7863159,-0.787029,-1.0988914,2.3322113,0.31906128,4.2388306,-0.18405151,-0.18382314,-4.3673835,0.397371,-1.9239807,4.033386,3.6914673000000002,2.0227385,-4.2487187,-2.7691672,3.6769714000000002,-2.9105225,4.879608,-4.236532,3.2941015,-3.3922489,2.4471436,4.3160706,4.879608,-2.7074695,-4.8115573,-4.6950154,-1.3323059,0.59820557,4.879608,-0.17822224,0.31237483,-4.076554,0.18218994,-2.2694092,0.84552,-1.8442851999999998,2.3698163,0.08040792000000001,0.31906128,-2.3533325,4.879608,-1.4758200000000001,1.8713824,-4.405805,2.185669,3.9464110999999997,4.879608,-2.0450716,-4.1200914,-4.1167808,3.6769714000000002,4.3160706,4.879608,-3.78159,-4.434785,-3.6767285,-0.565094,4.3160706,3.909912,0.6815188,-4.084141,-2.7220247,3.3435059,2.622345,4.8155823,-3.3780932,-2.9678912,-4.555761,哈哈哈哈
-2.9234923999999998,4.3160706,4.879608,2.17723,-4.2150292,-5.226454,-2.5774536,4.3160706,4.879608,1.1559318,-4.2851706,-4.7997284,-0.97109985,1.8244324,4.879608,-0.6417719,-1.2746643,-3.9674766,-0.97109985,1.8244324,4.879608,-0.6417719,-1.2746643,-3.9674766,-3.5709534,4.3160706,4.879608,2.5871668,-3.0353093,-4.0483446,2.6333618,4.3160706,4.879608,-3.145886,-3.5460892,-5.199459,3.6769714000000002,0.23352051000000001,3.1107483,-3.9899054,0.9648707999999999,-2.5367405,1.0320435,1.3178406,-1.7863159,-0.787029,-1.0988914,2.3322113,0.31906128,4.2388306,-0.18405151,-0.18382314,-4.3673835,0.397371,-1.9239807,4.033386,3.6914673000000002,2.0227385,-4.2487187,-2.7691672,3.6769714000000002,-2.9105225,4.879608,-4.236532,3.2941015,-3.3922489,2.4471436,4.3160706,4.879608,-2.7074695,-4.8115573,-4.6950154,-1.3323059,0.59820557,4.879608,-0.17822224,0.31237483,-4.076554,0.18218994,-2.2694092,0.84552,-1.8442851999999998,2.3698163,0.08040792000000001,0.31906128,-2.3533325,4.879608,-1.4758200000000001,1.8713824,-4.405805,2.185669,3.9464110999999997,4.879608,-2.0450716,-4.1200914,-4.1167808,3.6769714000000002,4.3160706,4.879608,-3.78159,-4.434785,-3.6767285,-0.565094,4.3160706,3.909912,0.6815188,-4.084141,-2.7220247,3.3435059,2.622345,4.8155823,-3.3780932,-2.9678912,-4.555761,-2.2333374,-0.45184326,4.879608,1.6162113,-0.044932462,-4.6719384,哈哈哈哈
-2.5774536,4.3160706,4.879608,1.1559318,-4.2851706,-4.7997284,-0.97109985,1.8244324,4.879608,-0.6417719,-1.2746643,-3.9674766,-0.97109985,1.8244324,4.879608,-0.6417719,-1.2746643,-3.9674766,-3.5709534,4.3160706,4.879608,2.5871668,-3.0353093,-4.0483446,2.6333618,4.3160706,4.879608,-3.145886,-3.5460892,-5.199459,3.6769714000000002,0.23352051000000001,3.1107483,-3.9899054,0.9648707999999999,-2.5367405,1.0320435,1.3178406,-1.7863159,-0.787029,-1.0988914,2.3322113,0.31906128,4.2388306,-0.18405151,-0.18382314,-4.3673835,0.397371,-1.9239807,4.033386,3.6914673000000002,2.0227385,-4.2487187,-2.7691672,3.6769714000000002,-2.9105225,4.879608,-4.236532,3.2941015,-3.3922489,2.4471436,4.3160706,4.879608,-2.7074695,-4.8115573,-4.6950154,-1.3323059,0.59820557,4.879608,-0.17822224,0.31237483,-4.076554,0.18218994,-2.2694092,0.84552,-1.8442851999999998,2.3698163,0.08040792000000001,0.31906128,-2.3533325,4.879608,-1.4758200000000001,1.8713824,-4.405805,2.185669,3.9464110999999997,4.879608,-2.0450716,-4.1200914,-4.1167808,3.6769714000000002,4.3160706,4.879608,-3.78159,-4.434785,-3.6767285,-0.565094,4.3160706,3.909912,0.6815188,-4.084141,-2.7220247,3.3435059,2.622345,4.8155823,-3.3780932,-2.9678912,-4.555761,-2.2333374,-0.45184326,4.879608,1.6162113,-0.044932462,-4.6719384,2.8088683999999997,0.030578613,4.879608,-3.1707091,-0.58038056,-4.230975,哈哈哈哈
-0.97109985,1.8244324,4.879608,-0.6417719,-1.2746643,-3.9674766,-0.97109985,1.8244324,4.879608,-0.6417719,-1.2746643,-3.9674766,-3.5709534,4.3160706,4.879608,2.5871668,-3.0353093,-4.0483446,2.6333618,4.3160706,4.879608,-3.145886,-3.5460892,-5.199459,3.6769714000000002,0.23352051000000001,3.1107483,-3.9899054,0.9648707999999999,-2.5367405,1.0320435,1.3178406,-1.7863159,-0.787029,-1.0988914,2.3322113,0.31906128,4.2388306,-0.18405151,-0.18382314,-4.3673835,0.397371,-1.9239807,4.033386,3.6914673000000002,2.0227385,-4.2487187,-2.7691672,3.6769714000000002,-2.9105225,4.879608,-4.236532,3.2941015,-3.3922489,2.4471436,4.3160706,4.879608,-2.7074695,-4.8115573,-4.6950154,-1.3323059,0.59820557,4.879608,-0.17822224,0.31237483,-4.076554,0.18218994,-2.2694092,0.84552,-1.8442851999999998,2.3698163,0.08040792000000001,0.31906128,-2.3533325,4.879608,-1.4758200000000001,1.8713824,-4.405805,2.185669,3.9464110999999997,4.879608,-2.0450716,-4.1200914,-4.1167808,3.6769714000000002,4.3160706,4.879608,-3.78159,-4.434785,-3.6767285,-0.565094,4.3160706,3.909912,0.6815188,-4.084141,-2.7220247,3.3435059,2.622345,4.8155823,-3.3780932,-2.9678912,-4.555761,-2.2333374,-0.45184326,4.879608,1.6162113,-0.044932462,-4.6719384,2.8088683999999997,0.030578613,4.879608,-3.1707091,-0.58038056,-4.230975,3.656189,2.1425476,4.879608,-3.8592672,-1.9415776999999999,-3.5183475,哈哈哈哈
-0.97109985,1.8244324,4.879608,-0.6417719,-1.2746643,-3.9674766,-3.5709534,4.3160706,4.879608,2.5871668,-3.0353093,-4.0483446,2.6333618,4.3160706,4.879608,-3.145886,-3.5460892,-5.199459,3.6769714000000002,0.23352051000000001,3.1107483,-3.9899054,0.9648707999999999,-2.5367405,1.0320435,1.3178406,-1.7863159,-0.787029,-1.0988914,2.3322113,0.31906128,4.2388306,-0.18405151,-0.18382314,-4.3673835,0.397371,-1.9239807,4.033386,3.6914673000000002,2.0227385,-4.2487187,-2.7691672,3.6769714000000002,-2.9105225,4.879608,-4.236532,3.2941015,-3.3922489,2.4471436,4.3160706,4.879608,-2.7074695,-4.8115573,-4.6950154,-1.3323059,0.59820557,4.879608,-0.17822224,0.31237483,-4.076554,0.18218994,-2.2694092,0.84552,-1.8442851999999998,2.3698163,0.08040792000000001,0.31906128,-2.3533325,4.879608,-1.4758200000000001,1.8713824,-4.405805,2.185669,3.9464110999999997,4.879608,-2.0450716,-4.1200914,-4.1167808,3.6769714000000002,4.3160706,4.879608,-3.78159,-4.434785,-3.6767285,-0.565094,4.3160706,3.909912,0.6815188,-4.084141,-2.7220247,3.3435059,2.622345,4.8155823,-3.3780932,-2.9678912,-4.555761,-2.2333374,-0.45184326,4.879608,1.6162113,-0.044932462,-4.6719384,2.8088683999999997,0.030578613,4.879608,-3.1707091,-0.58038056,-4.230975,3.656189,2.1425476,4.879608,-3.8592672,-1.9415776999999999,-3.5183475,2.7678833,4.3160706,-0.29074097,-3.008329,-4.2268915,1.7262944999999998,哈哈哈哈
-3.5709534,4.3160706,4.879608,2.5871668,-3.0353093,-4.0483446,2.6333618,4.3160706,4.879608,-3.145886,-3.5460892,-5.199459,3.6769714000000002,0.23352051000000001,3.1107483,-3.9899054,0.9648707999999999,-2.5367405,1.0320435,1.3178406,-1.7863159,-0.787029,-1.0988914,2.3322113,0.31906128,4.2388306,-0.18405151,-0.18382314,-4.3673835,0.397371,-1.9239807,4.033386,3.6914673000000002,2.0227385,-4.2487187,-2.7691672,3.6769714000000002,-2.9105225,4.879608,-4.236532,3.2941015,-3.3922489,2.4471436,4.3160706,4.879608,-2.7074695,-4.8115573,-4.6950154,-1.3323059,0.59820557,4.879608,-0.17822224,0.31237483,-4.076554,0.18218994,-2.2694092,0.84552,-1.8442851999999998,2.3698163,0.08040792000000001,0.31906128,-2.3533325,4.879608,-1.4758200000000001,1.8713824,-4.405805,2.185669,3.9464110999999997,4.879608,-2.0450716,-4.1200914,-4.1167808,3.6769714000000002,4.3160706,4.879608,-3.78159,-4.434785,-3.6767285,-0.565094,4.3160706,3.909912,0.6815188,-4.084141,-2.7220247,3.3435059,2.622345,4.8155823,-3.3780932,-2.9678912,-4.555761,-2.2333374,-0.45184326,4.879608,1.6162113,-0.044932462,-4.6719384,2.8088683999999997,0.030578613,4.879608,-3.1707091,-0.58038056,-4.230975,3.656189,2.1425476,4.879608,-3.8592672,-1.9415776999999999,-3.5183475,2.7678833,4.3160706,-0.29074097,-3.008329,-4.2268915,1.7262944999999998,3.6769714000000002,4.3160706,4.879608,-3.8738422,-4.4876547,-5.0514483,哈哈哈哈
2.6333618,4.3160706,4.879608,-3.145886,-3.5460892,-5.199459,3.6769714000000002,0.23352051000000001,3.1107483,-3.9899054,0.9648707999999999,-2.5367405,1.0320435,1.3178406,-1.7863159,-0.787029,-1.0988914,2.3322113,0.31906128,4.2388306,-0.18405151,-0.18382314,-4.3673835,0.397371,-1.9239807,4.033386,3.6914673000000002,2.0227385,-4.2487187,-2.7691672,3.6769714000000002,-2.9105225,4.879608,-4.236532,3.2941015,-3.3922489,2.4471436,4.3160706,4.879608,-2.7074695,-4.8115573,-4.6950154,-1.3323059,0.59820557,4.879608,-0.17822224,0.31237483,-4.076554,0.18218994,-2.2694092,0.84552,-1.8442851999999998,2.3698163,0.08040792000000001,0.31906128,-2.3533325,4.879608,-1.4758200000000001,1.8713824,-4.405805,2.185669,3.9464110999999997,4.879608,-2.0450716,-4.1200914,-4.1167808,3.6769714000000002,4.3160706,4.879608,-3.78159,-4.434785,-3.6767285,-0.565094,4.3160706,3.909912,0.6815188,-4.084141,-2.7220247,3.3435059,2.622345,4.8155823,-3.3780932,-2.9678912,-4.555761,-2.2333374,-0.45184326,4.879608,1.6162113,-0.044932462,-4.6719384,2.8088683999999997,0.030578613,4.879608,-3.1707091,-0.58038056,-4.230975,3.656189,2.1425476,4.879608,-3.8592672,-1.9415776999999999,-3.5183475,2.7678833,4.3160706,-0.29074097,-3.008329,-4.2268915,1.7262944999999998,3.6769714000000002,4.3160706,4.879608,-3.8738422,-4.4876547,-5.0514483,-0.67733765,4.3160706,4.879608,-0.5893923600000001,-4.2147408,-5.0556555,哈哈哈哈
3.6769714000000002,0.23352051000000001,3.1107483,-3.9899054,0.9648707999999999,-2.5367405,1.0320435,1.3178406,-1.7863159,-0.787029,-1.0988914,2.3322113,0.31906128,4.2388306,-0.18405151,-0.18382314,-4.3673835,0.397371,-1.9239807,4.033386,3.6914673000000002,2.0227385,-4.2487187,-2.7691672,3.6769714000000002,-2.9105225,4.879608,-4.236532,3.2941015,-3.3922489,2.4471436,4.3160706,4.879608,-2.7074695,-4.8115573,-4.6950154,-1.3323059,0.59820557,4.879608,-0.17822224,0.31237483,-4.076554,0.18218994,-2.2694092,0.84552,-1.8442851999999998,2.3698163,0.08040792000000001,0.31906128,-2.3533325,4.879608,-1.4758200000000001,1.8713824,-4.405805,2.185669,3.9464110999999997,4.879608,-2.0450716,-4.1200914,-4.1167808,3.6769714000000002,4.3160706,4.879608,-3.78159,-4.434785,-3.6767285,-0.565094,4.3160706,3.909912,0.6815188,-4.084141,-2.7220247,3.3435059,2.622345,4.8155823,-3.3780932,-2.9678912,-4.555761,-2.2333374,-0.45184326,4.879608,1.6162113,-0.044932462,-4.6719384,2.8088683999999997,0.030578613,4.879608,-3.1707091,-0.58038056,-4.230975,3.656189,2.1425476,4.879608,-3.8592672,-1.9415776999999999,-3.5183475,2.7678833,4.3160706,-0.29074097,-3.008329,-4.2268915,1.7262944999999998,3.6769714000000002,4.3160706,4.879608,-3.8738422,-4.4876547,-5.0514483,-0.67733765,4.3160706,4.879608,-0.5893923600000001,-4.2147408,-5.0556555,-3.381195,4.233673,4.879608,1.8142673,-4.014251,-4.5775003,哈哈哈哈
1.0320435,1.3178406,-1.7863159,-0.787029,-1.0988914,2.3322113,0.31906128,4.2388306,-0.18405151,-0.18382314,-4.3673835,0.397371,-1.9239807,4.033386,3.6914673000000002,2.0227385,-4.2487187,-2.7691672,3.6769714000000002,-2.9105225,4.879608,-4.236532,3.2941015,-3.3922489,2.4471436,4.3160706,4.879608,-2.7074695,-4.8115573,-4.6950154,-1.3323059,0.59820557,4.879608,-0.17822224,0.31237483,-4.076554,0.18218994,-2.2694092,0.84552,-1.8442851999999998,2.3698163,0.08040792000000001,0.31906128,-2.3533325,4.879608,-1.4758200000000001,1.8713824,-4.405805,2.185669,3.9464110999999997,4.879608,-2.0450716,-4.1200914,-4.1167808,3.6769714000000002,4.3160706,4.879608,-3.78159,-4.434785,-3.6767285,-0.565094,4.3160706,3.909912,0.6815188,-4.084141,-2.7220247,3.3435059,2.622345,4.8155823,-3.3780932,-2.9678912,-4.555761,-2.2333374,-0.45184326,4.879608,1.6162113,-0.044932462,-4.6719384,2.8088683999999997,0.030578613,4.879608,-3.1707091,-0.58038056,-4.230975,3.656189,2.1425476,4.879608,-3.8592672,-1.9415776999999999,-3.5183475,2.7678833,4.3160706,-0.29074097,-3.008329,-4.2268915,1.7262944999999998,3.6769714000000002,4.3160706,4.879608,-3.8738422,-4.4876547,-5.0514483,-0.67733765,4.3160706,4.879608,-0.5893923600000001,-4.2147408,-5.0556555,-3.381195,4.233673,4.879608,1.8142673,-4.014251,-4.5775003,3.6769714000000002,4.3160706,4.879608,-3.5806723,-4.5767803,-4.4292855,哈哈哈哈
0.31906128,4.2388306,-0.18405151,-0.18382314,-4.3673835,0.397371,-1.9239807,4.033386,3.6914673000000002,2.0227385,-4.2487187,-2.7691672,3.6769714000000002,-2.9105225,4.879608,-4.236532,3.2941015,-3.3922489,2.4471436,4.3160706,4.879608,-2.7074695,-4.8115573,-4.6950154,-1.3323059,0.59820557,4.879608,-0.17822224,0.31237483,-4.076554,0.18218994,-2.2694092,0.84552,-1.8442851999999998,2.3698163,0.08040792000000001,0.31906128,-2.3533325,4.879608,-1.4758200000000001,1.8713824,-4.405805,2.185669,3.9464110999999997,4.879608,-2.0450716,-4.1200914,-4.1167808,3.6769714000000002,4.3160706,4.879608,-3.78159,-4.434785,-3.6767285,-0.565094,4.3160706,3.909912,0.6815188,-4.084141,-2.7220247,3.3435059,2.622345,4.8155823,-3.3780932,-2.9678912,-4.555761,-2.2333374,-0.45184326,4.879608,1.6162113,-0.044932462,-4.6719384,2.8088683999999997,0.030578613,4.879608,-3.1707091,-0.58038056,-4.230975,3.656189,2.1425476,4.879608,-3.8592672,-1.9415776999999999,-3.5183475,2.7678833,4.3160706,-0.29074097,-3.008329,-4.2268915,1.7262944999999998,3.6769714000000002,4.3160706,4.879608,-3.8738422,-4.4876547,-5.0514483,-0.67733765,4.3160706,4.879608,-0.5893923600000001,-4.2147408,-5.0556555,-3.381195,4.233673,4.879608,1.8142673,-4.014251,-4.5775003,3.6769714000000002,4.3160706,4.879608,-3.5806723,-4.5767803,-4.4292855,-4.3181458,-3.6790466,4.04068,3.6385226,3.7747128,-2.507952,哈哈哈哈
-1.9239807,4.033386,3.6914673000000002,2.0227385,-4.2487187,-2.7691672,3.6769714000000002,-2.9105225,4.879608,-4.236532,3.2941015,-3.3922489,2.4471436,4.3160706,4.879608,-2.7074695,-4.8115573,-4.6950154,-1.3323059,0.59820557,4.879608,-0.17822224,0.31237483,-4.076554,0.18218994,-2.2694092,0.84552,-1.8442851999999998,2.3698163,0.08040792000000001,0.31906128,-2.3533325,4.879608,-1.4758200000000001,1.8713824,-4.405805,2.185669,3.9464110999999997,4.879608,-2.0450716,-4.1200914,-4.1167808,3.6769714000000002,4.3160706,4.879608,-3.78159,-4.434785,-3.6767285,-0.565094,4.3160706,3.909912,0.6815188,-4.084141,-2.7220247,3.3435059,2.622345,4.8155823,-3.3780932,-2.9678912,-4.555761,-2.2333374,-0.45184326,4.879608,1.6162113,-0.044932462,-4.6719384,2.8088683999999997,0.030578613,4.879608,-3.1707091,-0.58038056,-4.230975,3.656189,2.1425476,4.879608,-3.8592672,-1.9415776999999999,-3.5183475,2.7678833,4.3160706,-0.29074097,-3.008329,-4.2268915,1.7262944999999998,3.6769714000000002,4.3160706,4.879608,-3.8738422,-4.4876547,-5.0514483,-0.67733765,4.3160706,4.879608,-0.5893923600000001,-4.2147408,-5.0556555,-3.381195,4.233673,4.879608,1.8142673,-4.014251,-4.5775003,3.6769714000000002,4.3160706,4.879608,-3.5806723,-4.5767803,-4.4292855,-4.3181458,-3.6790466,4.04068,3.6385226,3.7747128,-2.507952,3.4572754,3.6234741,4.879608,-4.711831,-4.1572356,-4.24755,哈哈哈哈
3.6769714000000002,-2.9105225,4.879608,-4.236532,3.2941015,-3.3922489,2.4471436,4.3160706,4.879608,-2.7074695,-4.8115573,-4.6950154,-1.3323059,0.59820557,4.879608,-0.17822224,0.31237483,-4.076554,0.18218994,-2.2694092,0.84552,-1.8442851999999998,2.3698163,0.08040792000000001,0.31906128,-2.3533325,4.879608,-1.4758200000000001,1.8713824,-4.405805,2.185669,3.9464110999999997,4.879608,-2.0450716,-4.1200914,-4.1167808,3.6769714000000002,4.3160706,4.879608,-3.78159,-4.434785,-3.6767285,-0.565094,4.3160706,3.909912,0.6815188,-4.084141,-2.7220247,3.3435059,2.622345,4.8155823,-3.3780932,-2.9678912,-4.555761,-2.2333374,-0.45184326,4.879608,1.6162113,-0.044932462,-4.6719384,2.8088683999999997,0.030578613,4.879608,-3.1707091,-0.58038056,-4.230975,3.656189,2.1425476,4.879608,-3.8592672,-1.9415776999999999,-3.5183475,2.7678833,4.3160706,-0.29074097,-3.008329,-4.2268915,1.7262944999999998,3.6769714000000002,4.3160706,4.879608,-3.8738422,-4.4876547,-5.0514483,-0.67733765,4.3160706,4.879608,-0.5893923600000001,-4.2147408,-5.0556555,-3.381195,4.233673,4.879608,1.8142673,-4.014251,-4.5775003,3.6769714000000002,4.3160706,4.879608,-3.5806723,-4.5767803,-4.4292855,-4.3181458,-3.6790466,4.04068,3.6385226,3.7747128,-2.507952,3.4572754,3.6234741,4.879608,-4.711831,-4.1572356,-4.24755,0.6719054999999999,4.3160706,4.879608,-1.064297,-4.9266524,-4.4357367,哈哈哈哈
2.4471436,4.3160706,4.879608,-2.7074695,-4.8115573,-4.6950154,-1.3323059,0.59820557,4.879608,-0.17822224,0.31237483,-4.076554,0.18218994,-2.2694092,0.84552,-1.8442851999999998,2.3698163,0.08040792000000001,0.31906128,-2.3533325,4.879608,-1.4758200000000001,1.8713824,-4.405805,2.185669,3.9464110999999997,4.879608,-2.0450716,-4.1200914,-4.1167808,3.6769714000000002,4.3160706,4.879608,-3.78159,-4.434785,-3.6767285,-0.565094,4.3160706,3.909912,0.6815188,-4.084141,-2.7220247,3.3435059,2.622345,4.8155823,-3.3780932,-2.9678912,-4.555761,-2.2333374,-0.45184326,4.879608,1.6162113,-0.044932462,-4.6719384,2.8088683999999997,0.030578613,4.879608,-3.1707091,-0.58038056,-4.230975,3.656189,2.1425476,4.879608,-3.8592672,-1.9415776999999999,-3.5183475,2.7678833,4.3160706,-0.29074097,-3.008329,-4.2268915,1.7262944999999998,3.6769714000000002,4.3160706,4.879608,-3.8738422,-4.4876547,-5.0514483,-0.67733765,4.3160706,4.879608,-0.5893923600000001,-4.2147408,-5.0556555,-3.381195,4.233673,4.879608,1.8142673,-4.014251,-4.5775003,3.6769714000000002,4.3160706,4.879608,-3.5806723,-4.5767803,-4.4292855,-4.3181458,-3.6790466,4.04068,3.6385226,3.7747128,-2.507952,3.4572754,3.6234741,4.879608,-4.711831,-4.1572356,-4.24755,0.6719054999999999,4.3160706,4.879608,-1.064297,-4.9266524,-4.4357367,-4.3181458,4.3160706,4.879608,3.1027818,-4.652665,-4.6202000000000005,哈哈哈哈
-1.3323059,0.59820557,4.879608,-0.17822224,0.31237483,-4.076554,0.18218994,-2.2694092,0.84552,-1.8442851999999998,2.3698163,0.08040792000000001,0.31906128,-2.3533325,4.879608,-1.4758200000000001,1.8713824,-4.405805,2.185669,3.9464110999999997,4.879608,-2.0450716,-4.1200914,-4.1167808,3.6769714000000002,4.3160706,4.879608,-3.78159,-4.434785,-3.6767285,-0.565094,4.3160706,3.909912,0.6815188,-4.084141,-2.7220247,3.3435059,2.622345,4.8155823,-3.3780932,-2.9678912,-4.555761,-2.2333374,-0.45184326,4.879608,1.6162113,-0.044932462,-4.6719384,2.8088683999999997,0.030578613,4.879608,-3.1707091,-0.58038056,-4.230975,3.656189,2.1425476,4.879608,-3.8592672,-1.9415776999999999,-3.5183475,2.7678833,4.3160706,-0.29074097,-3.008329,-4.2268915,1.7262944999999998,3.6769714000000002,4.3160706,4.879608,-3.8738422,-4.4876547,-5.0514483,-0.67733765,4.3160706,4.879608,-0.5893923600000001,-4.2147408,-5.0556555,-3.381195,4.233673,4.879608,1.8142673,-4.014251,-4.5775003,3.6769714000000002,4.3160706,4.879608,-3.5806723,-4.5767803,-4.4292855,-4.3181458,-3.6790466,4.04068,3.6385226,3.7747128,-2.507952,3.4572754,3.6234741,4.879608,-4.711831,-4.1572356,-4.24755,0.6719054999999999,4.3160706,4.879608,-1.064297,-4.9266524,-4.4357367,-4.3181458,4.3160706,4.879608,3.1027818,-4.652665,-4.6202000000000005,-2.0533447,4.3160706,4.879608,1.8496774,-4.729382,-3.8422425000000002,哈哈哈哈
0.18218994,-2.2694092,0.84552,-1.8442851999999998,2.3698163,0.08040792000000001,0.31906128,-2.3533325,4.879608,-1.4758200000000001,1.8713824,-4.405805,2.185669,3.9464110999999997,4.879608,-2.0450716,-4.1200914,-4.1167808,3.6769714000000002,4.3160706,4.879608,-3.78159,-4.434785,-3.6767285,-0.565094,4.3160706,3.909912,0.6815188,-4.084141,-2.7220247,3.3435059,2.622345,4.8155823,-3.3780932,-2.9678912,-4.555761,-2.2333374,-0.45184326,4.879608,1.6162113,-0.044932462,-4.6719384,2.8088683999999997,0.030578613,4.879608,-3.1707091,-0.58038056,-4.230975,3.656189,2.1425476,4.879608,-3.8592672,-1.9415776999999999,-3.5183475,2.7678833,4.3160706,-0.29074097,-3.008329,-4.2268915,1.7262944999999998,3.6769714000000002,4.3160706,4.879608,-3.8738422,-4.4876547,-5.0514483,-0.67733765,4.3160706,4.879608,-0.5893923600000001,-4.2147408,-5.0556555,-3.381195,4.233673,4.879608,1.8142673,-4.014251,-4.5775003,3.6769714000000002,4.3160706,4.879608,-3.5806723,-4.5767803,-4.4292855,-4.3181458,-3.6790466,4.04068,3.6385226,3.7747128,-2.507952,3.4572754,3.6234741,4.879608,-4.711831,-4.1572356,-4.24755,0.6719054999999999,4.3160706,4.879608,-1.064297,-4.9266524,-4.4357367,-4.3181458,4.3160706,4.879608,3.1027818,-4.652665,-4.6202000000000005,-2.0533447,4.3160706,4.879608,1.8496774,-4.729382,-3.8422425000000002,3.6666565,1.7076110999999998,4.879608,-4.5407863,-1.7267662,-3.424709,哈哈哈哈
0.31906128,-2.3533325,4.879608,-1.4758200000000001,1.8713824,-4.405805,2.185669,3.9464110999999997,4.879608,-2.0450716,-4.1200914,-4.1167808,3.6769714000000002,4.3160706,4.879608,-3.78159,-4.434785,-3.6767285,-0.565094,4.3160706,3.909912,0.6815188,-4.084141,-2.7220247,3.3435059,2.622345,4.8155823,-3.3780932,-2.9678912,-4.555761,-2.2333374,-0.45184326,4.879608,1.6162113,-0.044932462,-4.6719384,2.8088683999999997,0.030578613,4.879608,-3.1707091,-0.58038056,-4.230975,3.656189,2.1425476,4.879608,-3.8592672,-1.9415776999999999,-3.5183475,2.7678833,4.3160706,-0.29074097,-3.008329,-4.2268915,1.7262944999999998,3.6769714000000002,4.3160706,4.879608,-3.8738422,-4.4876547,-5.0514483,-0.67733765,4.3160706,4.879608,-0.5893923600000001,-4.2147408,-5.0556555,-3.381195,4.233673,4.879608,1.8142673,-4.014251,-4.5775003,3.6769714000000002,4.3160706,4.879608,-3.5806723,-4.5767803,-4.4292855,-4.3181458,-3.6790466,4.04068,3.6385226,3.7747128,-2.507952,3.4572754,3.6234741,4.879608,-4.711831,-4.1572356,-4.24755,0.6719054999999999,4.3160706,4.879608,-1.064297,-4.9266524,-4.4357367,-4.3181458,4.3160706,4.879608,3.1027818,-4.652665,-4.6202000000000005,-2.0533447,4.3160706,4.879608,1.8496774,-4.729382,-3.8422425000000002,3.6666565,1.7076110999999998,4.879608,-4.5407863,-1.7267662,-3.424709,-4.3181458,3.9067078,4.879608,3.9390755,-4.4152045,-3.8948267,哈哈哈哈
2.185669,3.9464110999999997,4.879608,-2.0450716,-4.1200914,-4.1167808,3.6769714000000002,4.3160706,4.879608,-3.78159,-4.434785,-3.6767285,-0.565094,4.3160706,3.909912,0.6815188,-4.084141,-2.7220247,3.3435059,2.622345,4.8155823,-3.3780932,-2.9678912,-4.555761,-2.2333374,-0.45184326,4.879608,1.6162113,-0.044932462,-4.6719384,2.8088683999999997,0.030578613,4.879608,-3.1707091,-0.58038056,-4.230975,3.656189,2.1425476,4.879608,-3.8592672,-1.9415776999999999,-3.5183475,2.7678833,4.3160706,-0.29074097,-3.008329,-4.2268915,1.7262944999999998,3.6769714000000002,4.3160706,4.879608,-3.8738422,-4.4876547,-5.0514483,-0.67733765,4.3160706,4.879608,-0.5893923600000001,-4.2147408,-5.0556555,-3.381195,4.233673,4.879608,1.8142673,-4.014251,-4.5775003,3.6769714000000002,4.3160706,4.879608,-3.5806723,-4.5767803,-4.4292855,-4.3181458,-3.6790466,4.04068,3.6385226,3.7747128,-2.507952,3.4572754,3.6234741,4.879608,-4.711831,-4.1572356,-4.24755,0.6719054999999999,4.3160706,4.879608,-1.064297,-4.9266524,-4.4357367,-4.3181458,4.3160706,4.879608,3.1027818,-4.652665,-4.6202000000000005,-2.0533447,4.3160706,4.879608,1.8496774,-4.729382,-3.8422425000000002,3.6666565,1.7076110999999998,4.879608,-4.5407863,-1.7267662,-3.424709,-4.3181458,3.9067078,4.879608,3.9390755,-4.4152045,-3.8948267,-0.55389404,4.3160706,4.879608,0.09948444000000001,-4.897442,-3.9875638,哈哈哈哈
3.6769714000000002,4.3160706,4.879608,-3.78159,-4.434785,-3.6767285,-0.565094,4.3160706,3.909912,0.6815188,-4.084141,-2.7220247,3.3435059,2.622345,4.8155823,-3.3780932,-2.9678912,-4.555761,-2.2333374,-0.45184326,4.879608,1.6162113,-0.044932462,-4.6719384,2.8088683999999997,0.030578613,4.879608,-3.1707091,-0.58038056,-4.230975,3.656189,2.1425476,4.879608,-3.8592672,-1.9415776999999999,-3.5183475,2.7678833,4.3160706,-0.29074097,-3.008329,-4.2268915,1.7262944999999998,3.6769714000000002,4.3160706,4.879608,-3.8738422,-4.4876547,-5.0514483,-0.67733765,4.3160706,4.879608,-0.5893923600000001,-4.2147408,-5.0556555,-3.381195,4.233673,4.879608,1.8142673,-4.014251,-4.5775003,3.6769714000000002,4.3160706,4.879608,-3.5806723,-4.5767803,-4.4292855,-4.3181458,-3.6790466,4.04068,3.6385226,3.7747128,-2.507952,3.4572754,3.6234741,4.879608,-4.711831,-4.1572356,-4.24755,0.6719054999999999,4.3160706,4.879608,-1.064297,-4.9266524,-4.4357367,-4.3181458,4.3160706,4.879608,3.1027818,-4.652665,-4.6202000000000005,-2.0533447,4.3160706,4.879608,1.8496774,-4.729382,-3.8422425000000002,3.6666565,1.7076110999999998,4.879608,-4.5407863,-1.7267662,-3.424709,-4.3181458,3.9067078,4.879608,3.9390755,-4.4152045,-3.8948267,-0.55389404,4.3160706,4.879608,0.09948444000000001,-4.897442,-3.9875638,1.6781921,3.4407654,4.879608,-1.5306624,-3.5677943,-4.5681595999999995,哈哈哈哈
-0.565094,4.3160706,3.909912,0.6815188,-4.084141,-2.7220247,3.3435059,2.622345,4.8155823,-3.3780932,-2.9678912,-4.555761,-2.2333374,-0.45184326,4.879608,1.6162113,-0.044932462,-4.6719384,2.8088683999999997,0.030578613,4.879608,-3.1707091,-0.58038056,-4.230975,3.656189,2.1425476,4.879608,-3.8592672,-1.9415776999999999,-3.5183475,2.7678833,4.3160706,-0.29074097,-3.008329,-4.2268915,1.7262944999999998,3.6769714000000002,4.3160706,4.879608,-3.8738422,-4.4876547,-5.0514483,-0.67733765,4.3160706,4.879608,-0.5893923600000001,-4.2147408,-5.0556555,-3.381195,4.233673,4.879608,1.8142673,-4.014251,-4.5775003,3.6769714000000002,4.3160706,4.879608,-3.5806723,-4.5767803,-4.4292855,-4.3181458,-3.6790466,4.04068,3.6385226,3.7747128,-2.507952,3.4572754,3.6234741,4.879608,-4.711831,-4.1572356,-4.24755,0.6719054999999999,4.3160706,4.879608,-1.064297,-4.9266524,-4.4357367,-4.3181458,4.3160706,4.879608,3.1027818,-4.652665,-4.6202000000000005,-2.0533447,4.3160706,4.879608,1.8496774,-4.729382,-3.8422425000000002,3.6666565,1.7076110999999998,4.879608,-4.5407863,-1.7267662,-3.424709,-4.3181458,3.9067078,4.879608,3.9390755,-4.4152045,-3.8948267,-0.55389404,4.3160706,4.879608,0.09948444000000001,-4.897442,-3.9875638,1.6781921,3.4407654,4.879608,-1.5306624,-3.5677943,-4.5681595999999995,3.1974182,1.9458923,4.879608,-3.5280914,-2.4961472,-4.5657687,哈哈哈哈
3.3435059,2.622345,4.8155823,-3.3780932,-2.9678912,-4.555761,-2.2333374,-0.45184326,4.879608,1.6162113,-0.044932462,-4.6719384,2.8088683999999997,0.030578613,4.879608,-3.1707091,-0.58038056,-4.230975,3.656189,2.1425476,4.879608,-3.8592672,-1.9415776999999999,-3.5183475,2.7678833,4.3160706,-0.29074097,-3.008329,-4.2268915,1.7262944999999998,3.6769714000000002,4.3160706,4.879608,-3.8738422,-4.4876547,-5.0514483,-0.67733765,4.3160706,4.879608,-0.5893923600000001,-4.2147408,-5.0556555,-3.381195,4.233673,4.879608,1.8142673,-4.014251,-4.5775003,3.6769714000000002,4.3160706,4.879608,-3.5806723,-4.5767803,-4.4292855,-4.3181458,-3.6790466,4.04068,3.6385226,3.7747128,-2.507952,3.4572754,3.6234741,4.879608,-4.711831,-4.1572356,-4.24755,0.6719054999999999,4.3160706,4.879608,-1.064297,-4.9266524,-4.4357367,-4.3181458,4.3160706,4.879608,3.1027818,-4.652665,-4.6202000000000005,-2.0533447,4.3160706,4.879608,1.8496774,-4.729382,-3.8422425000000002,3.6666565,1.7076110999999998,4.879608,-4.5407863,-1.7267662,-3.424709,-4.3181458,3.9067078,4.879608,3.9390755,-4.4152045,-3.8948267,-0.55389404,4.3160706,4.879608,0.09948444000000001,-4.897442,-3.9875638,1.6781921,3.4407654,4.879608,-1.5306624,-3.5677943,-4.5681595999999995,3.1974182,1.9458923,4.879608,-3.5280914,-2.4961472,-4.5657687,3.1974182,1.9458923,4.879608,-3.5280914,-2.4961472,-4.5657687,哈哈哈哈
-2.2333374,-0.45184326,4.879608,1.6162113,-0.044932462,-4.6719384,2.8088683999999997,0.030578613,4.879608,-3.1707091,-0.58038056,-4.230975,3.656189,2.1425476,4.879608,-3.8592672,-1.9415776999999999,-3.5183475,2.7678833,4.3160706,-0.29074097,-3.008329,-4.2268915,1.7262944999999998,3.6769714000000002,4.3160706,4.879608,-3.8738422,-4.4876547,-5.0514483,-0.67733765,4.3160706,4.879608,-0.5893923600000001,-4.2147408,-5.0556555,-3.381195,4.233673,4.879608,1.8142673,-4.014251,-4.5775003,3.6769714000000002,4.3160706,4.879608,-3.5806723,-4.5767803,-4.4292855,-4.3181458,-3.6790466,4.04068,3.6385226,3.7747128,-2.507952,3.4572754,3.6234741,4.879608,-4.711831,-4.1572356,-4.24755,0.6719054999999999,4.3160706,4.879608,-1.064297,-4.9266524,-4.4357367,-4.3181458,4.3160706,4.879608,3.1027818,-4.652665,-4.6202000000000005,-2.0533447,4.3160706,4.879608,1.8496774,-4.729382,-3.8422425000000002,3.6666565,1.7076110999999998,4.879608,-4.5407863,-1.7267662,-3.424709,-4.3181458,3.9067078,4.879608,3.9390755,-4.4152045,-3.8948267,-0.55389404,4.3160706,4.879608,0.09948444000000001,-4.897442,-3.9875638,1.6781921,3.4407654,4.879608,-1.5306624,-3.5677943,-4.5681595999999995,3.1974182,1.9458923,4.879608,-3.5280914,-2.4961472,-4.5657687,3.1974182,1.9458923,4.879608,-3.5280914,-2.4961472,-4.5657687,2.464203,0.7550049,4.879608,-3.243754,-0.5052514,-3.3534133,哈哈哈哈
2.8088683999999997,0.030578613,4.879608,-3.1707091,-0.58038056,-4.230975,3.656189,2.1425476,4.879608,-3.8592672,-1.9415776999999999,-3.5183475,2.7678833,4.3160706,-0.29074097,-3.008329,-4.2268915,1.7262944999999998,3.6769714000000002,4.3160706,4.879608,-3.8738422,-4.4876547,-5.0514483,-0.67733765,4.3160706,4.879608,-0.5893923600000001,-4.2147408,-5.0556555,-3.381195,4.233673,4.879608,1.8142673,-4.014251,-4.5775003,3.6769714000000002,4.3160706,4.879608,-3.5806723,-4.5767803,-4.4292855,-4.3181458,-3.6790466,4.04068,3.6385226,3.7747128,-2.507952,3.4572754,3.6234741,4.879608,-4.711831,-4.1572356,-4.24755,0.6719054999999999,4.3160706,4.879608,-1.064297,-4.9266524,-4.4357367,-4.3181458,4.3160706,4.879608,3.1027818,-4.652665,-4.6202000000000005,-2.0533447,4.3160706,4.879608,1.8496774,-4.729382,-3.8422425000000002,3.6666565,1.7076110999999998,4.879608,-4.5407863,-1.7267662,-3.424709,-4.3181458,3.9067078,4.879608,3.9390755,-4.4152045,-3.8948267,-0.55389404,4.3160706,4.879608,0.09948444000000001,-4.897442,-3.9875638,1.6781921,3.4407654,4.879608,-1.5306624,-3.5677943,-4.5681595999999995,3.1974182,1.9458923,4.879608,-3.5280914,-2.4961472,-4.5657687,3.1974182,1.9458923,4.879608,-3.5280914,-2.4961472,-4.5657687,2.464203,0.7550049,4.879608,-3.243754,-0.5052514,-3.3534133,2.464203,0.7550049,4.879608,-3.243754,-0.5052514,-3.3534133,哈哈哈哈
3.656189,2.1425476,4.879608,-3.8592672,-1.9415776999999999,-3.5183475,2.7678833,4.3160706,-0.29074097,-3.008329,-4.2268915,1.7262944999999998,3.6769714000000002,4.3160706,4.879608,-3.8738422,-4.4876547,-5.0514483,-0.67733765,4.3160706,4.879608,-0.5893923600000001,-4.2147408,-5.0556555,-3.381195,4.233673,4.879608,1.8142673,-4.014251,-4.5775003,3.6769714000000002,4.3160706,4.879608,-3.5806723,-4.5767803,-4.4292855,-4.3181458,-3.6790466,4.04068,3.6385226,3.7747128,-2.507952,3.4572754,3.6234741,4.879608,-4.711831,-4.1572356,-4.24755,0.6719054999999999,4.3160706,4.879608,-1.064297,-4.9266524,-4.4357367,-4.3181458,4.3160706,4.879608,3.1027818,-4.652665,-4.6202000000000005,-2.0533447,4.3160706,4.879608,1.8496774,-4.729382,-3.8422425000000002,3.6666565,1.7076110999999998,4.879608,-4.5407863,-1.7267662,-3.424709,-4.3181458,3.9067078,4.879608,3.9390755,-4.4152045,-3.8948267,-0.55389404,4.3160706,4.879608,0.09948444000000001,-4.897442,-3.9875638,1.6781921,3.4407654,4.879608,-1.5306624,-3.5677943,-4.5681595999999995,3.1974182,1.9458923,4.879608,-3.5280914,-2.4961472,-4.5657687,3.1974182,1.9458923,4.879608,-3.5280914,-2.4961472,-4.5657687,2.464203,0.7550049,4.879608,-3.243754,-0.5052514,-3.3534133,2.464203,0.7550049,4.879608,-3.243754,-0.5052514,-3.3534133,-1.1656189,4.3160706,4.879608,0.80724514,-4.7406874,-3.7440875,哈哈哈哈
2.7678833,4.3160706,-0.29074097,-3.008329,-4.2268915,1.7262944999999998,3.6769714000000002,4.3160706,4.879608,-3.8738422,-4.4876547,-5.0514483,-0.67733765,4.3160706,4.879608,-0.5893923600000001,-4.2147408,-5.0556555,-3.381195,4.233673,4.879608,1.8142673,-4.014251,-4.5775003,3.6769714000000002,4.3160706,4.879608,-3.5806723,-4.5767803,-4.4292855,-4.3181458,-3.6790466,4.04068,3.6385226,3.7747128,-2.507952,3.4572754,3.6234741,4.879608,-4.711831,-4.1572356,-4.24755,0.6719054999999999,4.3160706,4.879608,-1.064297,-4.9266524,-4.4357367,-4.3181458,4.3160706,4.879608,3.1027818,-4.652665,-4.6202000000000005,-2.0533447,4.3160706,4.879608,1.8496774,-4.729382,-3.8422425000000002,3.6666565,1.7076110999999998,4.879608,-4.5407863,-1.7267662,-3.424709,-4.3181458,3.9067078,4.879608,3.9390755,-4.4152045,-3.8948267,-0.55389404,4.3160706,4.879608,0.09948444000000001,-4.897442,-3.9875638,1.6781921,3.4407654,4.879608,-1.5306624,-3.5677943,-4.5681595999999995,3.1974182,1.9458923,4.879608,-3.5280914,-2.4961472,-4.5657687,3.1974182,1.9458923,4.879608,-3.5280914,-2.4961472,-4.5657687,2.464203,0.7550049,4.879608,-3.243754,-0.5052514,-3.3534133,2.464203,0.7550049,4.879608,-3.243754,-0.5052514,-3.3534133,-1.1656189,4.3160706,4.879608,0.80724514,-4.7406874,-3.7440875,-2.6004332999999997,-1.7960205,4.879608,2.3679543,1.4926757,-4.7525444,哈哈哈哈
3.6769714000000002,4.3160706,4.879608,-3.8738422,-4.4876547,-5.0514483,-0.67733765,4.3160706,4.879608,-0.5893923600000001,-4.2147408,-5.0556555,-3.381195,4.233673,4.879608,1.8142673,-4.014251,-4.5775003,3.6769714000000002,4.3160706,4.879608,-3.5806723,-4.5767803,-4.4292855,-4.3181458,-3.6790466,4.04068,3.6385226,3.7747128,-2.507952,3.4572754,3.6234741,4.879608,-4.711831,-4.1572356,-4.24755,0.6719054999999999,4.3160706,4.879608,-1.064297,-4.9266524,-4.4357367,-4.3181458,4.3160706,4.879608,3.1027818,-4.652665,-4.6202000000000005,-2.0533447,4.3160706,4.879608,1.8496774,-4.729382,-3.8422425000000002,3.6666565,1.7076110999999998,4.879608,-4.5407863,-1.7267662,-3.424709,-4.3181458,3.9067078,4.879608,3.9390755,-4.4152045,-3.8948267,-0.55389404,4.3160706,4.879608,0.09948444000000001,-4.897442,-3.9875638,1.6781921,3.4407654,4.879608,-1.5306624,-3.5677943,-4.5681595999999995,3.1974182,1.9458923,4.879608,-3.5280914,-2.4961472,-4.5657687,3.1974182,1.9458923,4.879608,-3.5280914,-2.4961472,-4.5657687,2.464203,0.7550049,4.879608,-3.243754,-0.5052514,-3.3534133,2.464203,0.7550049,4.879608,-3.243754,-0.5052514,-3.3534133,-1.1656189,4.3160706,4.879608,0.80724514,-4.7406874,-3.7440875,-2.6004332999999997,-1.7960205,4.879608,2.3679543,1.4926757,-4.7525444,3.6769714000000002,4.1404114,4.879608,-3.5905147,-4.275672,-3.9722125999999998,哈哈哈哈
-0.67733765,4.3160706,4.879608,-0.5893923600000001,-4.2147408,-5.0556555,-3.381195,4.233673,4.879608,1.8142673,-4.014251,-4.5775003,3.6769714000000002,4.3160706,4.879608,-3.5806723,-4.5767803,-4.4292855,-4.3181458,-3.6790466,4.04068,3.6385226,3.7747128,-2.507952,3.4572754,3.6234741,4.879608,-4.711831,-4.1572356,-4.24755,0.6719054999999999,4.3160706,4.879608,-1.064297,-4.9266524,-4.4357367,-4.3181458,4.3160706,4.879608,3.1027818,-4.652665,-4.6202000000000005,-2.0533447,4.3160706,4.879608,1.8496774,-4.729382,-3.8422425000000002,3.6666565,1.7076110999999998,4.879608,-4.5407863,-1.7267662,-3.424709,-4.3181458,3.9067078,4.879608,3.9390755,-4.4152045,-3.8948267,-0.55389404,4.3160706,4.879608,0.09948444000000001,-4.897442,-3.9875638,1.6781921,3.4407654,4.879608,-1.5306624,-3.5677943,-4.5681595999999995,3.1974182,1.9458923,4.879608,-3.5280914,-2.4961472,-4.5657687,3.1974182,1.9458923,4.879608,-3.5280914,-2.4961472,-4.5657687,2.464203,0.7550049,4.879608,-3.243754,-0.5052514,-3.3534133,2.464203,0.7550049,4.879608,-3.243754,-0.5052514,-3.3534133,-1.1656189,4.3160706,4.879608,0.80724514,-4.7406874,-3.7440875,-2.6004332999999997,-1.7960205,4.879608,2.3679543,1.4926757,-4.7525444,3.6769714000000002,4.1404114,4.879608,-3.5905147,-4.275672,-3.9722125999999998,3.6769714000000002,-2.6952515,4.743164,-4.487503,3.5904295,-3.3613918,哈哈哈哈
-3.381195,4.233673,4.879608,1.8142673,-4.014251,-4.5775003,3.6769714000000002,4.3160706,4.879608,-3.5806723,-4.5767803,-4.4292855,-4.3181458,-3.6790466,4.04068,3.6385226,3.7747128,-2.507952,3.4572754,3.6234741,4.879608,-4.711831,-4.1572356,-4.24755,0.6719054999999999,4.3160706,4.879608,-1.064297,-4.9266524,-4.4357367,-4.3181458,4.3160706,4.879608,3.1027818,-4.652665,-4.6202000000000005,-2.0533447,4.3160706,4.879608,1.8496774,-4.729382,-3.8422425000000002,3.6666565,1.7076110999999998,4.879608,-4.5407863,-1.7267662,-3.424709,-4.3181458,3.9067078,4.879608,3.9390755,-4.4152045,-3.8948267,-0.55389404,4.3160706,4.879608,0.09948444000000001,-4.897442,-3.9875638,1.6781921,3.4407654,4.879608,-1.5306624,-3.5677943,-4.5681595999999995,3.1974182,1.9458923,4.879608,-3.5280914,-2.4961472,-4.5657687,3.1974182,1.9458923,4.879608,-3.5280914,-2.4961472,-4.5657687,2.464203,0.7550049,4.879608,-3.243754,-0.5052514,-3.3534133,2.464203,0.7550049,4.879608,-3.243754,-0.5052514,-3.3534133,-1.1656189,4.3160706,4.879608,0.80724514,-4.7406874,-3.7440875,-2.6004332999999997,-1.7960205,4.879608,2.3679543,1.4926757,-4.7525444,3.6769714000000002,4.1404114,4.879608,-3.5905147,-4.275672,-3.9722125999999998,3.6769714000000002,-2.6952515,4.743164,-4.487503,3.5904295,-3.3613918,3.3571472,4.3160706,4.879608,-3.7786732,-4.143991,-3.4042878,哈哈哈哈
3.6769714000000002,4.3160706,4.879608,-3.5806723,-4.5767803,-4.4292855,-4.3181458,-3.6790466,4.04068,3.6385226,3.7747128,-2.507952,3.4572754,3.6234741,4.879608,-4.711831,-4.1572356,-4.24755,0.6719054999999999,4.3160706,4.879608,-1.064297,-4.9266524,-4.4357367,-4.3181458,4.3160706,4.879608,3.1027818,-4.652665,-4.6202000000000005,-2.0533447,4.3160706,4.879608,1.8496774,-4.729382,-3.8422425000000002,3.6666565,1.7076110999999998,4.879608,-4.5407863,-1.7267662,-3.424709,-4.3181458,3.9067078,4.879608,3.9390755,-4.4152045,-3.8948267,-0.55389404,4.3160706,4.879608,0.09948444000000001,-4.897442,-3.9875638,1.6781921,3.4407654,4.879608,-1.5306624,-3.5677943,-4.5681595999999995,3.1974182,1.9458923,4.879608,-3.5280914,-2.4961472,-4.5657687,3.1974182,1.9458923,4.879608,-3.5280914,-2.4961472,-4.5657687,2.464203,0.7550049,4.879608,-3.243754,-0.5052514,-3.3534133,2.464203,0.7550049,4.879608,-3.243754,-0.5052514,-3.3534133,-1.1656189,4.3160706,4.879608,0.80724514,-4.7406874,-3.7440875,-2.6004332999999997,-1.7960205,4.879608,2.3679543,1.4926757,-4.7525444,3.6769714000000002,4.1404114,4.879608,-3.5905147,-4.275672,-3.9722125999999998,3.6769714000000002,-2.6952515,4.743164,-4.487503,3.5904295,-3.3613918,3.3571472,4.3160706,4.879608,-3.7786732,-4.143991,-3.4042878,3.1688843,-0.5410461400000001,4.879608,-3.6996574,0.27342826,-3.6108627,哈哈哈哈
-4.3181458,-3.6790466,4.04068,3.6385226,3.7747128,-2.507952,3.4572754,3.6234741,4.879608,-4.711831,-4.1572356,-4.24755,0.6719054999999999,4.3160706,4.879608,-1.064297,-4.9266524,-4.4357367,-4.3181458,4.3160706,4.879608,3.1027818,-4.652665,-4.6202000000000005,-2.0533447,4.3160706,4.879608,1.8496774,-4.729382,-3.8422425000000002,3.6666565,1.7076110999999998,4.879608,-4.5407863,-1.7267662,-3.424709,-4.3181458,3.9067078,4.879608,3.9390755,-4.4152045,-3.8948267,-0.55389404,4.3160706,4.879608,0.09948444000000001,-4.897442,-3.9875638,1.6781921,3.4407654,4.879608,-1.5306624,-3.5677943,-4.5681595999999995,3.1974182,1.9458923,4.879608,-3.5280914,-2.4961472,-4.5657687,3.1974182,1.9458923,4.879608,-3.5280914,-2.4961472,-4.5657687,2.464203,0.7550049,4.879608,-3.243754,-0.5052514,-3.3534133,2.464203,0.7550049,4.879608,-3.243754,-0.5052514,-3.3534133,-1.1656189,4.3160706,4.879608,0.80724514,-4.7406874,-3.7440875,-2.6004332999999997,-1.7960205,4.879608,2.3679543,1.4926757,-4.7525444,3.6769714000000002,4.1404114,4.879608,-3.5905147,-4.275672,-3.9722125999999998,3.6769714000000002,-2.6952515,4.743164,-4.487503,3.5904295,-3.3613918,3.3571472,4.3160706,4.879608,-3.7786732,-4.143991,-3.4042878,3.1688843,-0.5410461400000001,4.879608,-3.6996574,0.27342826,-3.6108627,-2.9378357,4.3160706,4.879608,2.536788,-4.6629887,-3.6356728,哈哈哈哈
3.4572754,3.6234741,4.879608,-4.711831,-4.1572356,-4.24755,0.6719054999999999,4.3160706,4.879608,-1.064297,-4.9266524,-4.4357367,-4.3181458,4.3160706,4.879608,3.1027818,-4.652665,-4.6202000000000005,-2.0533447,4.3160706,4.879608,1.8496774,-4.729382,-3.8422425000000002,3.6666565,1.7076110999999998,4.879608,-4.5407863,-1.7267662,-3.424709,-4.3181458,3.9067078,4.879608,3.9390755,-4.4152045,-3.8948267,-0.55389404,4.3160706,4.879608,0.09948444000000001,-4.897442,-3.9875638,1.6781921,3.4407654,4.879608,-1.5306624,-3.5677943,-4.5681595999999995,3.1974182,1.9458923,4.879608,-3.5280914,-2.4961472,-4.5657687,3.1974182,1.9458923,4.879608,-3.5280914,-2.4961472,-4.5657687,2.464203,0.7550049,4.879608,-3.243754,-0.5052514,-3.3534133,2.464203,0.7550049,4.879608,-3.243754,-0.5052514,-3.3534133,-1.1656189,4.3160706,4.879608,0.80724514,-4.7406874,-3.7440875,-2.6004332999999997,-1.7960205,4.879608,2.3679543,1.4926757,-4.7525444,3.6769714000000002,4.1404114,4.879608,-3.5905147,-4.275672,-3.9722125999999998,3.6769714000000002,-2.6952515,4.743164,-4.487503,3.5904295,-3.3613918,3.3571472,4.3160706,4.879608,-3.7786732,-4.143991,-3.4042878,3.1688843,-0.5410461400000001,4.879608,-3.6996574,0.27342826,-3.6108627,-2.9378357,4.3160706,4.879608,2.536788,-4.6629887,-3.6356728,-3.7665405,3.281128,-1.46875,3.3741111999999998,-3.7853646,2.6680942,哈哈哈哈
0.6719054999999999,4.3160706,4.879608,-1.064297,-4.9266524,-4.4357367,-4.3181458,4.3160706,4.879608,3.1027818,-4.652665,-4.6202000000000005,-2.0533447,4.3160706,4.879608,1.8496774,-4.729382,-3.8422425000000002,3.6666565,1.7076110999999998,4.879608,-4.5407863,-1.7267662,-3.424709,-4.3181458,3.9067078,4.879608,3.9390755,-4.4152045,-3.8948267,-0.55389404,4.3160706,4.879608,0.09948444000000001,-4.897442,-3.9875638,1.6781921,3.4407654,4.879608,-1.5306624,-3.5677943,-4.5681595999999995,3.1974182,1.9458923,4.879608,-3.5280914,-2.4961472,-4.5657687,3.1974182,1.9458923,4.879608,-3.5280914,-2.4961472,-4.5657687,2.464203,0.7550049,4.879608,-3.243754,-0.5052514,-3.3534133,2.464203,0.7550049,4.879608,-3.243754,-0.5052514,-3.3534133,-1.1656189,4.3160706,4.879608,0.80724514,-4.7406874,-3.7440875,-2.6004332999999997,-1.7960205,4.879608,2.3679543,1.4926757,-4.7525444,3.6769714000000002,4.1404114,4.879608,-3.5905147,-4.275672,-3.9722125999999998,3.6769714000000002,-2.6952515,4.743164,-4.487503,3.5904295,-3.3613918,3.3571472,4.3160706,4.879608,-3.7786732,-4.143991,-3.4042878,3.1688843,-0.5410461400000001,4.879608,-3.6996574,0.27342826,-3.6108627,-2.9378357,4.3160706,4.879608,2.536788,-4.6629887,-3.6356728,-3.7665405,3.281128,-1.46875,3.3741111999999998,-3.7853646,2.6680942,1.9924927000000001,-1.3577576,4.879608,-3.3117008,2.3962455,-3.8427873,哈哈哈哈
-4.3181458,4.3160706,4.879608,3.1027818,-4.652665,-4.6202000000000005,-2.0533447,4.3160706,4.879608,1.8496774,-4.729382,-3.8422425000000002,3.6666565,1.7076110999999998,4.879608,-4.5407863,-1.7267662,-3.424709,-4.3181458,3.9067078,4.879608,3.9390755,-4.4152045,-3.8948267,-0.55389404,4.3160706,4.879608,0.09948444000000001,-4.897442,-3.9875638,1.6781921,3.4407654,4.879608,-1.5306624,-3.5677943,-4.5681595999999995,3.1974182,1.9458923,4.879608,-3.5280914,-2.4961472,-4.5657687,3.1974182,1.9458923,4.879608,-3.5280914,-2.4961472,-4.5657687,2.464203,0.7550049,4.879608,-3.243754,-0.5052514,-3.3534133,2.464203,0.7550049,4.879608,-3.243754,-0.5052514,-3.3534133,-1.1656189,4.3160706,4.879608,0.80724514,-4.7406874,-3.7440875,-2.6004332999999997,-1.7960205,4.879608,2.3679543,1.4926757,-4.7525444,3.6769714000000002,4.1404114,4.879608,-3.5905147,-4.275672,-3.9722125999999998,3.6769714000000002,-2.6952515,4.743164,-4.487503,3.5904295,-3.3613918,3.3571472,4.3160706,4.879608,-3.7786732,-4.143991,-3.4042878,3.1688843,-0.5410461400000001,4.879608,-3.6996574,0.27342826,-3.6108627,-2.9378357,4.3160706,4.879608,2.536788,-4.6629887,-3.6356728,-3.7665405,3.281128,-1.46875,3.3741111999999998,-3.7853646,2.6680942,1.9924927000000001,-1.3577576,4.879608,-3.3117008,2.3962455,-3.8427873,-4.3181458,1.4963684,4.2588806,4.014482,-0.7637666,-2.7717335,哈哈哈哈
-2.0533447,4.3160706,4.879608,1.8496774,-4.729382,-3.8422425000000002,3.6666565,1.7076110999999998,4.879608,-4.5407863,-1.7267662,-3.424709,-4.3181458,3.9067078,4.879608,3.9390755,-4.4152045,-3.8948267,-0.55389404,4.3160706,4.879608,0.09948444000000001,-4.897442,-3.9875638,1.6781921,3.4407654,4.879608,-1.5306624,-3.5677943,-4.5681595999999995,3.1974182,1.9458923,4.879608,-3.5280914,-2.4961472,-4.5657687,3.1974182,1.9458923,4.879608,-3.5280914,-2.4961472,-4.5657687,2.464203,0.7550049,4.879608,-3.243754,-0.5052514,-3.3534133,2.464203,0.7550049,4.879608,-3.243754,-0.5052514,-3.3534133,-1.1656189,4.3160706,4.879608,0.80724514,-4.7406874,-3.7440875,-2.6004332999999997,-1.7960205,4.879608,2.3679543,1.4926757,-4.7525444,3.6769714000000002,4.1404114,4.879608,-3.5905147,-4.275672,-3.9722125999999998,3.6769714000000002,-2.6952515,4.743164,-4.487503,3.5904295,-3.3613918,3.3571472,4.3160706,4.879608,-3.7786732,-4.143991,-3.4042878,3.1688843,-0.5410461400000001,4.879608,-3.6996574,0.27342826,-3.6108627,-2.9378357,4.3160706,4.879608,2.536788,-4.6629887,-3.6356728,-3.7665405,3.281128,-1.46875,3.3741111999999998,-3.7853646,2.6680942,1.9924927000000001,-1.3577576,4.879608,-3.3117008,2.3962455,-3.8427873,-4.3181458,1.4963684,4.2588806,4.014482,-0.7637666,-2.7717335,1.7860106999999998,-3.3564453,4.879608,-2.4176269,3.8316834,-3.352125,哈哈哈哈
3.6666565,1.7076110999999998,4.879608,-4.5407863,-1.7267662,-3.424709,-4.3181458,3.9067078,4.879608,3.9390755,-4.4152045,-3.8948267,-0.55389404,4.3160706,4.879608,0.09948444000000001,-4.897442,-3.9875638,1.6781921,3.4407654,4.879608,-1.5306624,-3.5677943,-4.5681595999999995,3.1974182,1.9458923,4.879608,-3.5280914,-2.4961472,-4.5657687,3.1974182,1.9458923,4.879608,-3.5280914,-2.4961472,-4.5657687,2.464203,0.7550049,4.879608,-3.243754,-0.5052514,-3.3534133,2.464203,0.7550049,4.879608,-3.243754,-0.5052514,-3.3534133,-1.1656189,4.3160706,4.879608,0.80724514,-4.7406874,-3.7440875,-2.6004332999999997,-1.7960205,4.879608,2.3679543,1.4926757,-4.7525444,3.6769714000000002,4.1404114,4.879608,-3.5905147,-4.275672,-3.9722125999999998,3.6769714000000002,-2.6952515,4.743164,-4.487503,3.5904295,-3.3613918,3.3571472,4.3160706,4.879608,-3.7786732,-4.143991,-3.4042878,3.1688843,-0.5410461400000001,4.879608,-3.6996574,0.27342826,-3.6108627,-2.9378357,4.3160706,4.879608,2.536788,-4.6629887,-3.6356728,-3.7665405,3.281128,-1.46875,3.3741111999999998,-3.7853646,2.6680942,1.9924927000000001,-1.3577576,4.879608,-3.3117008,2.3962455,-3.8427873,-4.3181458,1.4963684,4.2588806,4.014482,-0.7637666,-2.7717335,1.7860106999999998,-3.3564453,4.879608,-2.4176269,3.8316834,-3.352125,0.59869385,4.3160706,4.879608,-1.886501,-4.6296134,-3.8803834999999998,哈哈哈哈
-4.3181458,3.9067078,4.879608,3.9390755,-4.4152045,-3.8948267,-0.55389404,4.3160706,4.879608,0.09948444000000001,-4.897442,-3.9875638,1.6781921,3.4407654,4.879608,-1.5306624,-3.5677943,-4.5681595999999995,3.1974182,1.9458923,4.879608,-3.5280914,-2.4961472,-4.5657687,3.1974182,1.9458923,4.879608,-3.5280914,-2.4961472,-4.5657687,2.464203,0.7550049,4.879608,-3.243754,-0.5052514,-3.3534133,2.464203,0.7550049,4.879608,-3.243754,-0.5052514,-3.3534133,-1.1656189,4.3160706,4.879608,0.80724514,-4.7406874,-3.7440875,-2.6004332999999997,-1.7960205,4.879608,2.3679543,1.4926757,-4.7525444,3.6769714000000002,4.1404114,4.879608,-3.5905147,-4.275672,-3.9722125999999998,3.6769714000000002,-2.6952515,4.743164,-4.487503,3.5904295,-3.3613918,3.3571472,4.3160706,4.879608,-3.7786732,-4.143991,-3.4042878,3.1688843,-0.5410461400000001,4.879608,-3.6996574,0.27342826,-3.6108627,-2.9378357,4.3160706,4.879608,2.536788,-4.6629887,-3.6356728,-3.7665405,3.281128,-1.46875,3.3741111999999998,-3.7853646,2.6680942,1.9924927000000001,-1.3577576,4.879608,-3.3117008,2.3962455,-3.8427873,-4.3181458,1.4963684,4.2588806,4.014482,-0.7637666,-2.7717335,1.7860106999999998,-3.3564453,4.879608,-2.4176269,3.8316834,-3.352125,0.59869385,4.3160706,4.879608,-1.886501,-4.6296134,-3.8803834999999998,3.0068665,1.013794,4.879608,-3.352457,-1.4393266,-3.8600519,哈哈哈哈
-0.55389404,4.3160706,4.879608,0.09948444000000001,-4.897442,-3.9875638,1.6781921,3.4407654,4.879608,-1.5306624,-3.5677943,-4.5681595999999995,3.1974182,1.9458923,4.879608,-3.5280914,-2.4961472,-4.5657687,3.1974182,1.9458923,4.879608,-3.5280914,-2.4961472,-4.5657687,2.464203,0.7550049,4.879608,-3.243754,-0.5052514,-3.3534133,2.464203,0.7550049,4.879608,-3.243754,-0.5052514,-3.3534133,-1.1656189,4.3160706,4.879608,0.80724514,-4.7406874,-3.7440875,-2.6004332999999997,-1.7960205,4.879608,2.3679543,1.4926757,-4.7525444,3.6769714000000002,4.1404114,4.879608,-3.5905147,-4.275672,-3.9722125999999998,3.6769714000000002,-2.6952515,4.743164,-4.487503,3.5904295,-3.3613918,3.3571472,4.3160706,4.879608,-3.7786732,-4.143991,-3.4042878,3.1688843,-0.5410461400000001,4.879608,-3.6996574,0.27342826,-3.6108627,-2.9378357,4.3160706,4.879608,2.536788,-4.6629887,-3.6356728,-3.7665405,3.281128,-1.46875,3.3741111999999998,-3.7853646,2.6680942,1.9924927000000001,-1.3577576,4.879608,-3.3117008,2.3962455,-3.8427873,-4.3181458,1.4963684,4.2588806,4.014482,-0.7637666,-2.7717335,1.7860106999999998,-3.3564453,4.879608,-2.4176269,3.8316834,-3.352125,0.59869385,4.3160706,4.879608,-1.886501,-4.6296134,-3.8803834999999998,3.0068665,1.013794,4.879608,-3.352457,-1.4393266,-3.8600519,3.6298523,4.3160706,4.879608,-4.8228188,-3.499157,-3.6488937999999997,哈哈哈哈
1.6781921,3.4407654,4.879608,-1.5306624,-3.5677943,-4.5681595999999995,3.1974182,1.9458923,4.879608,-3.5280914,-2.4961472,-4.5657687,3.1974182,1.9458923,4.879608,-3.5280914,-2.4961472,-4.5657687,2.464203,0.7550049,4.879608,-3.243754,-0.5052514,-3.3534133,2.464203,0.7550049,4.879608,-3.243754,-0.5052514,-3.3534133,-1.1656189,4.3160706,4.879608,0.80724514,-4.7406874,-3.7440875,-2.6004332999999997,-1.7960205,4.879608,2.3679543,1.4926757,-4.7525444,3.6769714000000002,4.1404114,4.879608,-3.5905147,-4.275672,-3.9722125999999998,3.6769714000000002,-2.6952515,4.743164,-4.487503,3.5904295,-3.3613918,3.3571472,4.3160706,4.879608,-3.7786732,-4.143991,-3.4042878,3.1688843,-0.5410461400000001,4.879608,-3.6996574,0.27342826,-3.6108627,-2.9378357,4.3160706,4.879608,2.536788,-4.6629887,-3.6356728,-3.7665405,3.281128,-1.46875,3.3741111999999998,-3.7853646,2.6680942,1.9924927000000001,-1.3577576,4.879608,-3.3117008,2.3962455,-3.8427873,-4.3181458,1.4963684,4.2588806,4.014482,-0.7637666,-2.7717335,1.7860106999999998,-3.3564453,4.879608,-2.4176269,3.8316834,-3.352125,0.59869385,4.3160706,4.879608,-1.886501,-4.6296134,-3.8803834999999998,3.0068665,1.013794,4.879608,-3.352457,-1.4393266,-3.8600519,3.6298523,4.3160706,4.879608,-4.8228188,-3.499157,-3.6488937999999997,3.6769714000000002,2.9375305,4.879608,-5.3937263,-2.7001057,-4.2530327,哈哈哈哈
3.1974182,1.9458923,4.879608,-3.5280914,-2.4961472,-4.5657687,3.1974182,1.9458923,4.879608,-3.5280914,-2.4961472,-4.5657687,2.464203,0.7550049,4.879608,-3.243754,-0.5052514,-3.3534133,2.464203,0.7550049,4.879608,-3.243754,-0.5052514,-3.3534133,-1.1656189,4.3160706,4.879608,0.80724514,-4.7406874,-3.7440875,-2.6004332999999997,-1.7960205,4.879608,2.3679543,1.4926757,-4.7525444,3.6769714000000002,4.1404114,4.879608,-3.5905147,-4.275672,-3.9722125999999998,3.6769714000000002,-2.6952515,4.743164,-4.487503,3.5904295,-3.3613918,3.3571472,4.3160706,4.879608,-3.7786732,-4.143991,-3.4042878,3.1688843,-0.5410461400000001,4.879608,-3.6996574,0.27342826,-3.6108627,-2.9378357,4.3160706,4.879608,2.536788,-4.6629887,-3.6356728,-3.7665405,3.281128,-1.46875,3.3741111999999998,-3.7853646,2.6680942,1.9924927000000001,-1.3577576,4.879608,-3.3117008,2.3962455,-3.8427873,-4.3181458,1.4963684,4.2588806,4.014482,-0.7637666,-2.7717335,1.7860106999999998,-3.3564453,4.879608,-2.4176269,3.8316834,-3.352125,0.59869385,4.3160706,4.879608,-1.886501,-4.6296134,-3.8803834999999998,3.0068665,1.013794,4.879608,-3.352457,-1.4393266,-3.8600519,3.6298523,4.3160706,4.879608,-4.8228188,-3.499157,-3.6488937999999997,3.6769714000000002,2.9375305,4.879608,-5.3937263,-2.7001057,-4.2530327,-2.7850951999999998,-0.4593506,4.879608,1.8574849,1.6014936,-3.6530168,哈哈哈哈
3.1974182,1.9458923,4.879608,-3.5280914,-2.4961472,-4.5657687,2.464203,0.7550049,4.879608,-3.243754,-0.5052514,-3.3534133,2.464203,0.7550049,4.879608,-3.243754,-0.5052514,-3.3534133,-1.1656189,4.3160706,4.879608,0.80724514,-4.7406874,-3.7440875,-2.6004332999999997,-1.7960205,4.879608,2.3679543,1.4926757,-4.7525444,3.6769714000000002,4.1404114,4.879608,-3.5905147,-4.275672,-3.9722125999999998,3.6769714000000002,-2.6952515,4.743164,-4.487503,3.5904295,-3.3613918,3.3571472,4.3160706,4.879608,-3.7786732,-4.143991,-3.4042878,3.1688843,-0.5410461400000001,4.879608,-3.6996574,0.27342826,-3.6108627,-2.9378357,4.3160706,4.879608,2.536788,-4.6629887,-3.6356728,-3.7665405,3.281128,-1.46875,3.3741111999999998,-3.7853646,2.6680942,1.9924927000000001,-1.3577576,4.879608,-3.3117008,2.3962455,-3.8427873,-4.3181458,1.4963684,4.2588806,4.014482,-0.7637666,-2.7717335,1.7860106999999998,-3.3564453,4.879608,-2.4176269,3.8316834,-3.352125,0.59869385,4.3160706,4.879608,-1.886501,-4.6296134,-3.8803834999999998,3.0068665,1.013794,4.879608,-3.352457,-1.4393266,-3.8600519,3.6298523,4.3160706,4.879608,-4.8228188,-3.499157,-3.6488937999999997,3.6769714000000002,2.9375305,4.879608,-5.3937263,-2.7001057,-4.2530327,-2.7850951999999998,-0.4593506,4.879608,1.8574849,1.6014936,-3.6530168,0.47921753,-1.5973511,4.879608,-1.911686,2.1570385,-3.624244,哈哈哈哈
2.464203,0.7550049,4.879608,-3.243754,-0.5052514,-3.3534133,2.464203,0.7550049,4.879608,-3.243754,-0.5052514,-3.3534133,-1.1656189,4.3160706,4.879608,0.80724514,-4.7406874,-3.7440875,-2.6004332999999997,-1.7960205,4.879608,2.3679543,1.4926757,-4.7525444,3.6769714000000002,4.1404114,4.879608,-3.5905147,-4.275672,-3.9722125999999998,3.6769714000000002,-2.6952515,4.743164,-4.487503,3.5904295,-3.3613918,3.3571472,4.3160706,4.879608,-3.7786732,-4.143991,-3.4042878,3.1688843,-0.5410461400000001,4.879608,-3.6996574,0.27342826,-3.6108627,-2.9378357,4.3160706,4.879608,2.536788,-4.6629887,-3.6356728,-3.7665405,3.281128,-1.46875,3.3741111999999998,-3.7853646,2.6680942,1.9924927000000001,-1.3577576,4.879608,-3.3117008,2.3962455,-3.8427873,-4.3181458,1.4963684,4.2588806,4.014482,-0.7637666,-2.7717335,1.7860106999999998,-3.3564453,4.879608,-2.4176269,3.8316834,-3.352125,0.59869385,4.3160706,4.879608,-1.886501,-4.6296134,-3.8803834999999998,3.0068665,1.013794,4.879608,-3.352457,-1.4393266,-3.8600519,3.6298523,4.3160706,4.879608,-4.8228188,-3.499157,-3.6488937999999997,3.6769714000000002,2.9375305,4.879608,-5.3937263,-2.7001057,-4.2530327,-2.7850951999999998,-0.4593506,4.879608,1.8574849,1.6014936,-3.6530168,0.47921753,-1.5973511,4.879608,-1.911686,2.1570385,-3.624244,1.8885193,4.3160706,4.879608,-3.5255594,-4.024407,-4.6407824,哈哈哈哈
2.464203,0.7550049,4.879608,-3.243754,-0.5052514,-3.3534133,-1.1656189,4.3160706,4.879608,0.80724514,-4.7406874,-3.7440875,-2.6004332999999997,-1.7960205,4.879608,2.3679543,1.4926757,-4.7525444,3.6769714000000002,4.1404114,4.879608,-3.5905147,-4.275672,-3.9722125999999998,3.6769714000000002,-2.6952515,4.743164,-4.487503,3.5904295,-3.3613918,3.3571472,4.3160706,4.879608,-3.7786732,-4.143991,-3.4042878,3.1688843,-0.5410461400000001,4.879608,-3.6996574,0.27342826,-3.6108627,-2.9378357,4.3160706,4.879608,2.536788,-4.6629887,-3.6356728,-3.7665405,3.281128,-1.46875,3.3741111999999998,-3.7853646,2.6680942,1.9924927000000001,-1.3577576,4.879608,-3.3117008,2.3962455,-3.8427873,-4.3181458,1.4963684,4.2588806,4.014482,-0.7637666,-2.7717335,1.7860106999999998,-3.3564453,4.879608,-2.4176269,3.8316834,-3.352125,0.59869385,4.3160706,4.879608,-1.886501,-4.6296134,-3.8803834999999998,3.0068665,1.013794,4.879608,-3.352457,-1.4393266,-3.8600519,3.6298523,4.3160706,4.879608,-4.8228188,-3.499157,-3.6488937999999997,3.6769714000000002,2.9375305,4.879608,-5.3937263,-2.7001057,-4.2530327,-2.7850951999999998,-0.4593506,4.879608,1.8574849,1.6014936,-3.6530168,0.47921753,-1.5973511,4.879608,-1.911686,2.1570385,-3.624244,1.8885193,4.3160706,4.879608,-3.5255594,-4.024407,-4.6407824,0.6543578999999999,4.3160706,4.879608,-2.117353,-4.5799713,-4.4981017,哈哈哈哈
-1.1656189,4.3160706,4.879608,0.80724514,-4.7406874,-3.7440875,-2.6004332999999997,-1.7960205,4.879608,2.3679543,1.4926757,-4.7525444,3.6769714000000002,4.1404114,4.879608,-3.5905147,-4.275672,-3.9722125999999998,3.6769714000000002,-2.6952515,4.743164,-4.487503,3.5904295,-3.3613918,3.3571472,4.3160706,4.879608,-3.7786732,-4.143991,-3.4042878,3.1688843,-0.5410461400000001,4.879608,-3.6996574,0.27342826,-3.6108627,-2.9378357,4.3160706,4.879608,2.536788,-4.6629887,-3.6356728,-3.7665405,3.281128,-1.46875,3.3741111999999998,-3.7853646,2.6680942,1.9924927000000001,-1.3577576,4.879608,-3.3117008,2.3962455,-3.8427873,-4.3181458,1.4963684,4.2588806,4.014482,-0.7637666,-2.7717335,1.7860106999999998,-3.3564453,4.879608,-2.4176269,3.8316834,-3.352125,0.59869385,4.3160706,4.879608,-1.886501,-4.6296134,-3.8803834999999998,3.0068665,1.013794,4.879608,-3.352457,-1.4393266,-3.8600519,3.6298523,4.3160706,4.879608,-4.8228188,-3.499157,-3.6488937999999997,3.6769714000000002,2.9375305,4.879608,-5.3937263,-2.7001057,-4.2530327,-2.7850951999999998,-0.4593506,4.879608,1.8574849,1.6014936,-3.6530168,0.47921753,-1.5973511,4.879608,-1.911686,2.1570385,-3.624244,1.8885193,4.3160706,4.879608,-3.5255594,-4.024407,-4.6407824,0.6543578999999999,4.3160706,4.879608,-2.117353,-4.5799713,-4.4981017,-4.0490417,4.0927734,4.709961,2.5412416,-3.816862,-3.632634,哈哈哈哈
-2.6004332999999997,-1.7960205,4.879608,2.3679543,1.4926757,-4.7525444,3.6769714000000002,4.1404114,4.879608,-3.5905147,-4.275672,-3.9722125999999998,3.6769714000000002,-2.6952515,4.743164,-4.487503,3.5904295,-3.3613918,3.3571472,4.3160706,4.879608,-3.7786732,-4.143991,-3.4042878,3.1688843,-0.5410461400000001,4.879608,-3.6996574,0.27342826,-3.6108627,-2.9378357,4.3160706,4.879608,2.536788,-4.6629887,-3.6356728,-3.7665405,3.281128,-1.46875,3.3741111999999998,-3.7853646,2.6680942,1.9924927000000001,-1.3577576,4.879608,-3.3117008,2.3962455,-3.8427873,-4.3181458,1.4963684,4.2588806,4.014482,-0.7637666,-2.7717335,1.7860106999999998,-3.3564453,4.879608,-2.4176269,3.8316834,-3.352125,0.59869385,4.3160706,4.879608,-1.886501,-4.6296134,-3.8803834999999998,3.0068665,1.013794,4.879608,-3.352457,-1.4393266,-3.8600519,3.6298523,4.3160706,4.879608,-4.8228188,-3.499157,-3.6488937999999997,3.6769714000000002,2.9375305,4.879608,-5.3937263,-2.7001057,-4.2530327,-2.7850951999999998,-0.4593506,4.879608,1.8574849,1.6014936,-3.6530168,0.47921753,-1.5973511,4.879608,-1.911686,2.1570385,-3.624244,1.8885193,4.3160706,4.879608,-3.5255594,-4.024407,-4.6407824,0.6543578999999999,4.3160706,4.879608,-2.117353,-4.5799713,-4.4981017,-4.0490417,4.0927734,4.709961,2.5412416,-3.816862,-3.632634,-0.6719360400000001,-1.586029,2.4264832,-0.6010721,1.5361881,-1.1122429,哈哈哈哈
3.6769714000000002,4.1404114,4.879608,-3.5905147,-4.275672,-3.9722125999999998,3.6769714000000002,-2.6952515,4.743164,-4.487503,3.5904295,-3.3613918,3.3571472,4.3160706,4.879608,-3.7786732,-4.143991,-3.4042878,3.1688843,-0.5410461400000001,4.879608,-3.6996574,0.27342826,-3.6108627,-2.9378357,4.3160706,4.879608,2.536788,-4.6629887,-3.6356728,-3.7665405,3.281128,-1.46875,3.3741111999999998,-3.7853646,2.6680942,1.9924927000000001,-1.3577576,4.879608,-3.3117008,2.3962455,-3.8427873,-4.3181458,1.4963684,4.2588806,4.014482,-0.7637666,-2.7717335,1.7860106999999998,-3.3564453,4.879608,-2.4176269,3.8316834,-3.352125,0.59869385,4.3160706,4.879608,-1.886501,-4.6296134,-3.8803834999999998,3.0068665,1.013794,4.879608,-3.352457,-1.4393266,-3.8600519,3.6298523,4.3160706,4.879608,-4.8228188,-3.499157,-3.6488937999999997,3.6769714000000002,2.9375305,4.879608,-5.3937263,-2.7001057,-4.2530327,-2.7850951999999998,-0.4593506,4.879608,1.8574849,1.6014936,-3.6530168,0.47921753,-1.5973511,4.879608,-1.911686,2.1570385,-3.624244,1.8885193,4.3160706,4.879608,-3.5255594,-4.024407,-4.6407824,0.6543578999999999,4.3160706,4.879608,-2.117353,-4.5799713,-4.4981017,-4.0490417,4.0927734,4.709961,2.5412416,-3.816862,-3.632634,-0.6719360400000001,-1.586029,2.4264832,-0.6010721,1.5361881,-1.1122429,-0.66171265,0.75375366,2.9195251,-0.8690701,-0.78340316,-1.9117240999999998,哈哈哈哈
3.6769714000000002,-2.6952515,4.743164,-4.487503,3.5904295,-3.3613918,3.3571472,4.3160706,4.879608,-3.7786732,-4.143991,-3.4042878,3.1688843,-0.5410461400000001,4.879608,-3.6996574,0.27342826,-3.6108627,-2.9378357,4.3160706,4.879608,2.536788,-4.6629887,-3.6356728,-3.7665405,3.281128,-1.46875,3.3741111999999998,-3.7853646,2.6680942,1.9924927000000001,-1.3577576,4.879608,-3.3117008,2.3962455,-3.8427873,-4.3181458,1.4963684,4.2588806,4.014482,-0.7637666,-2.7717335,1.7860106999999998,-3.3564453,4.879608,-2.4176269,3.8316834,-3.352125,0.59869385,4.3160706,4.879608,-1.886501,-4.6296134,-3.8803834999999998,3.0068665,1.013794,4.879608,-3.352457,-1.4393266,-3.8600519,3.6298523,4.3160706,4.879608,-4.8228188,-3.499157,-3.6488937999999997,3.6769714000000002,2.9375305,4.879608,-5.3937263,-2.7001057,-4.2530327,-2.7850951999999998,-0.4593506,4.879608,1.8574849,1.6014936,-3.6530168,0.47921753,-1.5973511,4.879608,-1.911686,2.1570385,-3.624244,1.8885193,4.3160706,4.879608,-3.5255594,-4.024407,-4.6407824,0.6543578999999999,4.3160706,4.879608,-2.117353,-4.5799713,-4.4981017,-4.0490417,4.0927734,4.709961,2.5412416,-3.816862,-3.632634,-0.6719360400000001,-1.586029,2.4264832,-0.6010721,1.5361881,-1.1122429,-0.66171265,0.75375366,2.9195251,-0.8690701,-0.78340316,-1.9117240999999998,0.30993652,2.4961853,3.6413574,-1.847807,-2.577765,-2.710933,哈哈哈哈
3.3571472,4.3160706,4.879608,-3.7786732,-4.143991,-3.4042878,3.1688843,-0.5410461400000001,4.879608,-3.6996574,0.27342826,-3.6108627,-2.9378357,4.3160706,4.879608,2.536788,-4.6629887,-3.6356728,-3.7665405,3.281128,-1.46875,3.3741111999999998,-3.7853646,2.6680942,1.9924927000000001,-1.3577576,4.879608,-3.3117008,2.3962455,-3.8427873,-4.3181458,1.4963684,4.2588806,4.014482,-0.7637666,-2.7717335,1.7860106999999998,-3.3564453,4.879608,-2.4176269,3.8316834,-3.352125,0.59869385,4.3160706,4.879608,-1.886501,-4.6296134,-3.8803834999999998,3.0068665,1.013794,4.879608,-3.352457,-1.4393266,-3.8600519,3.6298523,4.3160706,4.879608,-4.8228188,-3.499157,-3.6488937999999997,3.6769714000000002,2.9375305,4.879608,-5.3937263,-2.7001057,-4.2530327,-2.7850951999999998,-0.4593506,4.879608,1.8574849,1.6014936,-3.6530168,0.47921753,-1.5973511,4.879608,-1.911686,2.1570385,-3.624244,1.8885193,4.3160706,4.879608,-3.5255594,-4.024407,-4.6407824,0.6543578999999999,4.3160706,4.879608,-2.117353,-4.5799713,-4.4981017,-4.0490417,4.0927734,4.709961,2.5412416,-3.816862,-3.632634,-0.6719360400000001,-1.586029,2.4264832,-0.6010721,1.5361881,-1.1122429,-0.66171265,0.75375366,2.9195251,-0.8690701,-0.78340316,-1.9117240999999998,0.30993652,2.4961853,3.6413574,-1.847807,-2.577765,-2.710933,1.2338257,1.3306580000000001,1.3134155,-2.889258,-1.4186391,-0.76060045,哈哈哈哈
3.1688843,-0.5410461400000001,4.879608,-3.6996574,0.27342826,-3.6108627,-2.9378357,4.3160706,4.879608,2.536788,-4.6629887,-3.6356728,-3.7665405,3.281128,-1.46875,3.3741111999999998,-3.7853646,2.6680942,1.9924927000000001,-1.3577576,4.879608,-3.3117008,2.3962455,-3.8427873,-4.3181458,1.4963684,4.2588806,4.014482,-0.7637666,-2.7717335,1.7860106999999998,-3.3564453,4.879608,-2.4176269,3.8316834,-3.352125,0.59869385,4.3160706,4.879608,-1.886501,-4.6296134,-3.8803834999999998,3.0068665,1.013794,4.879608,-3.352457,-1.4393266,-3.8600519,3.6298523,4.3160706,4.879608,-4.8228188,-3.499157,-3.6488937999999997,3.6769714000000002,2.9375305,4.879608,-5.3937263,-2.7001057,-4.2530327,-2.7850951999999998,-0.4593506,4.879608,1.8574849,1.6014936,-3.6530168,0.47921753,-1.5973511,4.879608,-1.911686,2.1570385,-3.624244,1.8885193,4.3160706,4.879608,-3.5255594,-4.024407,-4.6407824,0.6543578999999999,4.3160706,4.879608,-2.117353,-4.5799713,-4.4981017,-4.0490417,4.0927734,4.709961,2.5412416,-3.816862,-3.632634,-0.6719360400000001,-1.586029,2.4264832,-0.6010721,1.5361881,-1.1122429,-0.66171265,0.75375366,2.9195251,-0.8690701,-0.78340316,-1.9117240999999998,0.30993652,2.4961853,3.6413574,-1.847807,-2.577765,-2.710933,1.2338257,1.3306580000000001,1.3134155,-2.889258,-1.4186391,-0.76060045,0.10690307600000001,0.8838195999999999,1.8890685999999999,-1.38132,-1.3899566,-1.312824,哈哈哈哈
-2.9378357,4.3160706,4.879608,2.536788,-4.6629887,-3.6356728,-3.7665405,3.281128,-1.46875,3.3741111999999998,-3.7853646,2.6680942,1.9924927000000001,-1.3577576,4.879608,-3.3117008,2.3962455,-3.8427873,-4.3181458,1.4963684,4.2588806,4.014482,-0.7637666,-2.7717335,1.7860106999999998,-3.3564453,4.879608,-2.4176269,3.8316834,-3.352125,0.59869385,4.3160706,4.879608,-1.886501,-4.6296134,-3.8803834999999998,3.0068665,1.013794,4.879608,-3.352457,-1.4393266,-3.8600519,3.6298523,4.3160706,4.879608,-4.8228188,-3.499157,-3.6488937999999997,3.6769714000000002,2.9375305,4.879608,-5.3937263,-2.7001057,-4.2530327,-2.7850951999999998,-0.4593506,4.879608,1.8574849,1.6014936,-3.6530168,0.47921753,-1.5973511,4.879608,-1.911686,2.1570385,-3.624244,1.8885193,4.3160706,4.879608,-3.5255594,-4.024407,-4.6407824,0.6543578999999999,4.3160706,4.879608,-2.117353,-4.5799713,-4.4981017,-4.0490417,4.0927734,4.709961,2.5412416,-3.816862,-3.632634,-0.6719360400000001,-1.586029,2.4264832,-0.6010721,1.5361881,-1.1122429,-0.66171265,0.75375366,2.9195251,-0.8690701,-0.78340316,-1.9117240999999998,0.30993652,2.4961853,3.6413574,-1.847807,-2.577765,-2.710933,1.2338257,1.3306580000000001,1.3134155,-2.889258,-1.4186391,-0.76060045,0.10690307600000001,0.8838195999999999,1.8890685999999999,-1.38132,-1.3899566,-1.312824,-0.68530273,0.7677001999999999,2.2248535,-0.6807928,-1.1796579999999999,-1.5895107,哈哈哈哈
-3.7665405,3.281128,-1.46875,3.3741111999999998,-3.7853646,2.6680942,1.9924927000000001,-1.3577576,4.879608,-3.3117008,2.3962455,-3.8427873,-4.3181458,1.4963684,4.2588806,4.014482,-0.7637666,-2.7717335,1.7860106999999998,-3.3564453,4.879608,-2.4176269,3.8316834,-3.352125,0.59869385,4.3160706,4.879608,-1.886501,-4.6296134,-3.8803834999999998,3.0068665,1.013794,4.879608,-3.352457,-1.4393266,-3.8600519,3.6298523,4.3160706,4.879608,-4.8228188,-3.499157,-3.6488937999999997,3.6769714000000002,2.9375305,4.879608,-5.3937263,-2.7001057,-4.2530327,-2.7850951999999998,-0.4593506,4.879608,1.8574849,1.6014936,-3.6530168,0.47921753,-1.5973511,4.879608,-1.911686,2.1570385,-3.624244,1.8885193,4.3160706,4.879608,-3.5255594,-4.024407,-4.6407824,0.6543578999999999,4.3160706,4.879608,-2.117353,-4.5799713,-4.4981017,-4.0490417,4.0927734,4.709961,2.5412416,-3.816862,-3.632634,-0.6719360400000001,-1.586029,2.4264832,-0.6010721,1.5361881,-1.1122429,-0.66171265,0.75375366,2.9195251,-0.8690701,-0.78340316,-1.9117240999999998,0.30993652,2.4961853,3.6413574,-1.847807,-2.577765,-2.710933,1.2338257,1.3306580000000001,1.3134155,-2.889258,-1.4186391,-0.76060045,0.10690307600000001,0.8838195999999999,1.8890685999999999,-1.38132,-1.3899566,-1.312824,-0.68530273,0.7677001999999999,2.2248535,-0.6807928,-1.1796579999999999,-1.5895107,-0.8925780999999999,0.65493774,2.0195313,-0.63368535,-0.518942,-0.8812658999999999,哈哈哈哈
1.9924927000000001,-1.3577576,4.879608,-3.3117008,2.3962455,-3.8427873,-4.3181458,1.4963684,4.2588806,4.014482,-0.7637666,-2.7717335,1.7860106999999998,-3.3564453,4.879608,-2.4176269,3.8316834,-3.352125,0.59869385,4.3160706,4.879608,-1.886501,-4.6296134,-3.8803834999999998,3.0068665,1.013794,4.879608,-3.352457,-1.4393266,-3.8600519,3.6298523,4.3160706,4.879608,-4.8228188,-3.499157,-3.6488937999999997,3.6769714000000002,2.9375305,4.879608,-5.3937263,-2.7001057,-4.2530327,-2.7850951999999998,-0.4593506,4.879608,1.8574849,1.6014936,-3.6530168,0.47921753,-1.5973511,4.879608,-1.911686,2.1570385,-3.624244,1.8885193,4.3160706,4.879608,-3.5255594,-4.024407,-4.6407824,0.6543578999999999,4.3160706,4.879608,-2.117353,-4.5799713,-4.4981017,-4.0490417,4.0927734,4.709961,2.5412416,-3.816862,-3.632634,-0.6719360400000001,-1.586029,2.4264832,-0.6010721,1.5361881,-1.1122429,-0.66171265,0.75375366,2.9195251,-0.8690701,-0.78340316,-1.9117240999999998,0.30993652,2.4961853,3.6413574,-1.847807,-2.577765,-2.710933,1.2338257,1.3306580000000001,1.3134155,-2.889258,-1.4186391,-0.76060045,0.10690307600000001,0.8838195999999999,1.8890685999999999,-1.38132,-1.3899566,-1.312824,-0.68530273,0.7677001999999999,2.2248535,-0.6807928,-1.1796579999999999,-1.5895107,-0.8925780999999999,0.65493774,2.0195313,-0.63368535,-0.518942,-0.8812658999999999,-0.54293823,1.1237793,1.4364319,-0.8615558,-0.30225292,-0.31383434,哈哈哈哈
0.0,0.0,0.0,0.0,0.0,0.0,-0.14804077000000002,-0.03378296,0.07928467,0.16691546000000002,0.040634915,-0.07753937,-0.12237549,0.040161133,-0.02545166,0.13076416,-0.043238238000000005,0.031040967000000003,-0.08322143600000001,0.14120483,0.005859375,0.07628086,-0.15412147,0.002424121,-0.119506836,0.014495850000000001,0.09872436500000001,0.09933683,-0.046851307,-0.07674375,-0.14401245000000001,-0.0664978,0.12841797,0.11407721,0.0058521107000000004,-0.08797957,-0.052612305000000005,-0.0765686,0.29885864,-0.033444494000000005,-0.0077414364,-0.25909096,-0.12670898,-0.044158936,0.1772461,0.047401756,-0.045836493000000006,-0.13148205,-0.20892334,0.15655518000000002,0.036834717,0.17288671,-0.22672799999999999,0.006857112,-0.35723877,0.29901123,0.05480957,0.33372986,-0.36253744,-0.011541575,-0.32284546000000003,0.5545959500000001,0.8737792999999999,0.3151961,-0.62950873,-0.8200712,-0.36624146,1.6062012,2.0802917,0.4096555,-1.6843892,-2.0199943,-0.36624146,1.6062012,2.0802917,0.4096555,-1.6843892,-2.0199943,-0.22064209,2.1193848,1.3244019,0.34230763000000003,-1.9863248,-1.4413081,0.05621338,1.7634583,1.6224976,0.14372188,-1.460516,-1.9875526,-0.38427734,1.5048523,3.2995605,1.0019851,-1.1842134,-3.9069114,-0.6954651,-3.9268494,3.2995605,1.4247683,4.2470984,-4.1602225,-0.6954651,-3.9268494,3.2995605,1.4247683,4.2470984,-4.1602225,-2.27417,-4.570099,-1.8907471,2.9357123,4.4055324,0.39063162,1.273468,-4.543915,-0.91690063,-0.4261579,4.1656594,-0.49889332000000003,哈哈哈哈
-0.14804077000000002,-0.03378296,0.07928467,0.16691546000000002,0.040634915,-0.07753937,-0.12237549,0.040161133,-0.02545166,0.13076416,-0.043238238000000005,0.031040967000000003,-0.08322143600000001,0.14120483,0.005859375,0.07628086,-0.15412147,0.002424121,-0.119506836,0.014495850000000001,0.09872436500000001,0.09933683,-0.046851307,-0.07674375,-0.14401245000000001,-0.0664978,0.12841797,0.11407721,0.0058521107000000004,-0.08797957,-0.052612305000000005,-0.0765686,0.29885864,-0.033444494000000005,-0.0077414364,-0.25909096,-0.12670898,-0.044158936,0.1772461,0.047401756,-0.045836493000000006,-0.13148205,-0.20892334,0.15655518000000002,0.036834717,0.17288671,-0.22672799999999999,0.006857112,-0.35723877,0.29901123,0.05480957,0.33372986,-0.36253744,-0.011541575,-0.32284546000000003,0.5545959500000001,0.8737792999999999,0.3151961,-0.62950873,-0.8200712,-0.36624146,1.6062012,2.0802917,0.4096555,-1.6843892,-2.0199943,-0.36624146,1.6062012,2.0802917,0.4096555,-1.6843892,-2.0199943,-0.22064209,2.1193848,1.3244019,0.34230763000000003,-1.9863248,-1.4413081,0.05621338,1.7634583,1.6224976,0.14372188,-1.460516,-1.9875526,-0.38427734,1.5048523,3.2995605,1.0019851,-1.1842134,-3.9069114,-0.6954651,-3.9268494,3.2995605,1.4247683,4.2470984,-4.1602225,-0.6954651,-3.9268494,3.2995605,1.4247683,4.2470984,-4.1602225,-2.27417,-4.570099,-1.8907471,2.9357123,4.4055324,0.39063162,1.273468,-4.543915,-0.91690063,-0.4261579,4.1656594,-0.49889332000000003,-0.12597656000000002,-4.570099,3.2414856,0.37780872,4.998998,-3.680283,哈哈哈哈
-0.12237549,0.040161133,-0.02545166,0.13076416,-0.043238238000000005,0.031040967000000003,-0.08322143600000001,0.14120483,0.005859375,0.07628086,-0.15412147,0.002424121,-0.119506836,0.014495850000000001,0.09872436500000001,0.09933683,-0.046851307,-0.07674375,-0.14401245000000001,-0.0664978,0.12841797,0.11407721,0.0058521107000000004,-0.08797957,-0.052612305000000005,-0.0765686,0.29885864,-0.033444494000000005,-0.0077414364,-0.25909096,-0.12670898,-0.044158936,0.1772461,0.047401756,-0.045836493000000006,-0.13148205,-0.20892334,0.15655518000000002,0.036834717,0.17288671,-0.22672799999999999,0.006857112,-0.35723877,0.29901123,0.05480957,0.33372986,-0.36253744,-0.011541575,-0.32284546000000003,0.5545959500000001,0.8737792999999999,0.3151961,-0.62950873,-0.8200712,-0.36624146,1.6062012,2.0802917,0.4096555,-1.6843892,-2.0199943,-0.36624146,1.6062012,2.0802917,0.4096555,-1.6843892,-2.0199943,-0.22064209,2.1193848,1.3244019,0.34230763000000003,-1.9863248,-1.4413081,0.05621338,1.7634583,1.6224976,0.14372188,-1.460516,-1.9875526,-0.38427734,1.5048523,3.2995605,1.0019851,-1.1842134,-3.9069114,-0.6954651,-3.9268494,3.2995605,1.4247683,4.2470984,-4.1602225,-0.6954651,-3.9268494,3.2995605,1.4247683,4.2470984,-4.1602225,-2.27417,-4.570099,-1.8907471,2.9357123,4.4055324,0.39063162,1.273468,-4.543915,-0.91690063,-0.4261579,4.1656594,-0.49889332000000003,-0.12597656000000002,-4.570099,3.2414856,0.37780872,4.998998,-3.680283,0.0335083,-4.570099,3.2995605,0.07184175,4.8337603,-3.4573233,哈哈哈哈
-0.08322143600000001,0.14120483,0.005859375,0.07628086,-0.15412147,0.002424121,-0.119506836,0.014495850000000001,0.09872436500000001,0.09933683,-0.046851307,-0.07674375,-0.14401245000000001,-0.0664978,0.12841797,0.11407721,0.0058521107000000004,-0.08797957,-0.052612305000000005,-0.0765686,0.29885864,-0.033444494000000005,-0.0077414364,-0.25909096,-0.12670898,-0.044158936,0.1772461,0.047401756,-0.045836493000000006,-0.13148205,-0.20892334,0.15655518000000002,0.036834717,0.17288671,-0.22672799999999999,0.006857112,-0.35723877,0.29901123,0.05480957,0.33372986,-0.36253744,-0.011541575,-0.32284546000000003,0.5545959500000001,0.8737792999999999,0.3151961,-0.62950873,-0.8200712,-0.36624146,1.6062012,2.0802917,0.4096555,-1.6843892,-2.0199943,-0.36624146,1.6062012,2.0802917,0.4096555,-1.6843892,-2.0199943,-0.22064209,2.1193848,1.3244019,0.34230763000000003,-1.9863248,-1.4413081,0.05621338,1.7634583,1.6224976,0.14372188,-1.460516,-1.9875526,-0.38427734,1.5048523,3.2995605,1.0019851,-1.1842134,-3.9069114,-0.6954651,-3.9268494,3.2995605,1.4247683,4.2470984,-4.1602225,-0.6954651,-3.9268494,3.2995605,1.4247683,4.2470984,-4.1602225,-2.27417,-4.570099,-1.8907471,2.9357123,4.4055324,0.39063162,1.273468,-4.543915,-0.91690063,-0.4261579,4.1656594,-0.49889332000000003,-0.12597656000000002,-4.570099,3.2414856,0.37780872,4.998998,-3.680283,0.0335083,-4.570099,3.2995605,0.07184175,4.8337603,-3.4573233,3.8163757,3.4250183,-2.7217102,-4.314056,-3.9639986,2.6551845,哈哈哈哈
-0.119506836,0.014495850000000001,0.09872436500000001,0.09933683,-0.046851307,-0.07674375,-0.14401245000000001,-0.0664978,0.12841797,0.11407721,0.0058521107000000004,-0.08797957,-0.052612305000000005,-0.0765686,0.29885864,-0.033444494000000005,-0.0077414364,-0.25909096,-0.12670898,-0.044158936,0.1772461,0.047401756,-0.045836493000000006,-0.13148205,-0.20892334,0.15655518000000002,0.036834717,0.17288671,-0.22672799999999999,0.006857112,-0.35723877,0.29901123,0.05480957,0.33372986,-0.36253744,-0.011541575,-0.32284546000000003,0.5545959500000001,0.8737792999999999,0.3151961,-0.62950873,-0.8200712,-0.36624146,1.6062012,2.0802917,0.4096555,-1.6843892,-2.0199943,-0.36624146,1.6062012,2.0802917,0.4096555,-1.6843892,-2.0199943,-0.22064209,2.1193848,1.3244019,0.34230763000000003,-1.9863248,-1.4413081,0.05621338,1.7634583,1.6224976,0.14372188,-1.460516,-1.9875526,-0.38427734,1.5048523,3.2995605,1.0019851,-1.1842134,-3.9069114,-0.6954651,-3.9268494,3.2995605,1.4247683,4.2470984,-4.1602225,-0.6954651,-3.9268494,3.2995605,1.4247683,4.2470984,-4.1602225,-2.27417,-4.570099,-1.8907471,2.9357123,4.4055324,0.39063162,1.273468,-4.543915,-0.91690063,-0.4261579,4.1656594,-0.49889332000000003,-0.12597656000000002,-4.570099,3.2414856,0.37780872,4.998998,-3.680283,0.0335083,-4.570099,3.2995605,0.07184175,4.8337603,-3.4573233,3.8163757,3.4250183,-2.7217102,-4.314056,-3.9639986,2.6551845,3.580658,3.4250183,-1.2991638,-3.9625916,-3.9403582,1.3082318,哈哈哈哈
-0.14401245000000001,-0.0664978,0.12841797,0.11407721,0.0058521107000000004,-0.08797957,-0.052612305000000005,-0.0765686,0.29885864,-0.033444494000000005,-0.0077414364,-0.25909096,-0.12670898,-0.044158936,0.1772461,0.047401756,-0.045836493000000006,-0.13148205,-0.20892334,0.15655518000000002,0.036834717,0.17288671,-0.22672799999999999,0.006857112,-0.35723877,0.29901123,0.05480957,0.33372986,-0.36253744,-0.011541575,-0.32284546000000003,0.5545959500000001,0.8737792999999999,0.3151961,-0.62950873,-0.8200712,-0.36624146,1.6062012,2.0802917,0.4096555,-1.6843892,-2.0199943,-0.36624146,1.6062012,2.0802917,0.4096555,-1.6843892,-2.0199943,-0.22064209,2.1193848,1.3244019,0.34230763000000003,-1.9863248,-1.4413081,0.05621338,1.7634583,1.6224976,0.14372188,-1.460516,-1.9875526,-0.38427734,1.5048523,3.2995605,1.0019851,-1.1842134,-3.9069114,-0.6954651,-3.9268494,3.2995605,1.4247683,4.2470984,-4.1602225,-0.6954651,-3.9268494,3.2995605,1.4247683,4.2470984,-4.1602225,-2.27417,-4.570099,-1.8907471,2.9357123,4.4055324,0.39063162,1.273468,-4.543915,-0.91690063,-0.4261579,4.1656594,-0.49889332000000003,-0.12597656000000002,-4.570099,3.2414856,0.37780872,4.998998,-3.680283,0.0335083,-4.570099,3.2995605,0.07184175,4.8337603,-3.4573233,3.8163757,3.4250183,-2.7217102,-4.314056,-3.9639986,2.6551845,3.580658,3.4250183,-1.2991638,-3.9625916,-3.9403582,1.3082318,0.9048767,0.7775574,3.2995605,-1.3142945,-0.5706709999999999,-4.339036,哈哈哈哈
-0.052612305000000005,-0.0765686,0.29885864,-0.033444494000000005,-0.0077414364,-0.25909096,-0.12670898,-0.044158936,0.1772461,0.047401756,-0.045836493000000006,-0.13148205,-0.20892334,0.15655518000000002,0.036834717,0.17288671,-0.22672799999999999,0.006857112,-0.35723877,0.29901123,0.05480957,0.33372986,-0.36253744,-0.011541575,-0.32284546000000003,0.5545959500000001,0.8737792999999999,0.3151961,-0.62950873,-0.8200712,-0.36624146,1.6062012,2.0802917,0.4096555,-1.6843892,-2.0199943,-0.36624146,1.6062012,2.0802917,0.4096555,-1.6843892,-2.0199943,-0.22064209,2.1193848,1.3244019,0.34230763000000003,-1.9863248,-1.4413081,0.05621338,1.7634583,1.6224976,0.14372188,-1.460516,-1.9875526,-0.38427734,1.5048523,3.2995605,1.0019851,-1.1842134,-3.9069114,-0.6954651,-3.9268494,3.2995605,1.4247683,4.2470984,-4.1602225,-0.6954651,-3.9268494,3.2995605,1.4247683,4.2470984,-4.1602225,-2.27417,-4.570099,-1.8907471,2.9357123,4.4055324,0.39063162,1.273468,-4.543915,-0.91690063,-0.4261579,4.1656594,-0.49889332000000003,-0.12597656000000002,-4.570099,3.2414856,0.37780872,4.998998,-3.680283,0.0335083,-4.570099,3.2995605,0.07184175,4.8337603,-3.4573233,3.8163757,3.4250183,-2.7217102,-4.314056,-3.9639986,2.6551845,3.580658,3.4250183,-1.2991638,-3.9625916,-3.9403582,1.3082318,0.9048767,0.7775574,3.2995605,-1.3142945,-0.5706709999999999,-4.339036,0.48355103,-4.570099,1.8314209,-0.24674308,4.752591,-3.3256974,哈哈哈哈
-0.12670898,-0.044158936,0.1772461,0.047401756,-0.045836493000000006,-0.13148205,-0.20892334,0.15655518000000002,0.036834717,0.17288671,-0.22672799999999999,0.006857112,-0.35723877,0.29901123,0.05480957,0.33372986,-0.36253744,-0.011541575,-0.32284546000000003,0.5545959500000001,0.8737792999999999,0.3151961,-0.62950873,-0.8200712,-0.36624146,1.6062012,2.0802917,0.4096555,-1.6843892,-2.0199943,-0.36624146,1.6062012,2.0802917,0.4096555,-1.6843892,-2.0199943,-0.22064209,2.1193848,1.3244019,0.34230763000000003,-1.9863248,-1.4413081,0.05621338,1.7634583,1.6224976,0.14372188,-1.460516,-1.9875526,-0.38427734,1.5048523,3.2995605,1.0019851,-1.1842134,-3.9069114,-0.6954651,-3.9268494,3.2995605,1.4247683,4.2470984,-4.1602225,-0.6954651,-3.9268494,3.2995605,1.4247683,4.2470984,-4.1602225,-2.27417,-4.570099,-1.8907471,2.9357123,4.4055324,0.39063162,1.273468,-4.543915,-0.91690063,-0.4261579,4.1656594,-0.49889332000000003,-0.12597656000000002,-4.570099,3.2414856,0.37780872,4.998998,-3.680283,0.0335083,-4.570099,3.2995605,0.07184175,4.8337603,-3.4573233,3.8163757,3.4250183,-2.7217102,-4.314056,-3.9639986,2.6551845,3.580658,3.4250183,-1.2991638,-3.9625916,-3.9403582,1.3082318,0.9048767,0.7775574,3.2995605,-1.3142945,-0.5706709999999999,-4.339036,0.48355103,-4.570099,1.8314209,-0.24674308,4.752591,-3.3256974,-0.6190185500000001,-4.570099,-0.040496826,1.3148659999999999,4.6932297,-1.2039213,哈哈哈哈
-0.20892334,0.15655518000000002,0.036834717,0.17288671,-0.22672799999999999,0.006857112,-0.35723877,0.29901123,0.05480957,0.33372986,-0.36253744,-0.011541575,-0.32284546000000003,0.5545959500000001,0.8737792999999999,0.3151961,-0.62950873,-0.8200712,-0.36624146,1.6062012,2.0802917,0.4096555,-1.6843892,-2.0199943,-0.36624146,1.6062012,2.0802917,0.4096555,-1.6843892,-2.0199943,-0.22064209,2.1193848,1.3244019,0.34230763000000003,-1.9863248,-1.4413081,0.05621338,1.7634583,1.6224976,0.14372188,-1.460516,-1.9875526,-0.38427734,1.5048523,3.2995605,1.0019851,-1.1842134,-3.9069114,-0.6954651,-3.9268494,3.2995605,1.4247683,4.2470984,-4.1602225,-0.6954651,-3.9268494,3.2995605,1.4247683,4.2470984,-4.1602225,-2.27417,-4.570099,-1.8907471,2.9357123,4.4055324,0.39063162,1.273468,-4.543915,-0.91690063,-0.4261579,4.1656594,-0.49889332000000003,-0.12597656000000002,-4.570099,3.2414856,0.37780872,4.998998,-3.680283,0.0335083,-4.570099,3.2995605,0.07184175,4.8337603,-3.4573233,3.8163757,3.4250183,-2.7217102,-4.314056,-3.9639986,2.6551845,3.580658,3.4250183,-1.2991638,-3.9625916,-3.9403582,1.3082318,0.9048767,0.7775574,3.2995605,-1.3142945,-0.5706709999999999,-4.339036,0.48355103,-4.570099,1.8314209,-0.24674308,4.752591,-3.3256974,-0.6190185500000001,-4.570099,-0.040496826,1.3148659999999999,4.6932297,-1.2039213,2.2069701999999998,-4.226074,3.2995605,-2.8306055,4.3685417,-3.989734,哈哈哈哈
-0.35723877,0.29901123,0.05480957,0.33372986,-0.36253744,-0.011541575,-0.32284546000000003,0.5545959500000001,0.8737792999999999,0.3151961,-0.62950873,-0.8200712,-0.36624146,1.6062012,2.0802917,0.4096555,-1.6843892,-2.0199943,-0.36624146,1.6062012,2.0802917,0.4096555,-1.6843892,-2.0199943,-0.22064209,2.1193848,1.3244019,0.34230763000000003,-1.9863248,-1.4413081,0.05621338,1.7634583,1.6224976,0.14372188,-1.460516,-1.9875526,-0.38427734,1.5048523,3.2995605,1.0019851,-1.1842134,-3.9069114,-0.6954651,-3.9268494,3.2995605,1.4247683,4.2470984,-4.1602225,-0.6954651,-3.9268494,3.2995605,1.4247683,4.2470984,-4.1602225,-2.27417,-4.570099,-1.8907471,2.9357123,4.4055324,0.39063162,1.273468,-4.543915,-0.91690063,-0.4261579,4.1656594,-0.49889332000000003,-0.12597656000000002,-4.570099,3.2414856,0.37780872,4.998998,-3.680283,0.0335083,-4.570099,3.2995605,0.07184175,4.8337603,-3.4573233,3.8163757,3.4250183,-2.7217102,-4.314056,-3.9639986,2.6551845,3.580658,3.4250183,-1.2991638,-3.9625916,-3.9403582,1.3082318,0.9048767,0.7775574,3.2995605,-1.3142945,-0.5706709999999999,-4.339036,0.48355103,-4.570099,1.8314209,-0.24674308,4.752591,-3.3256974,-0.6190185500000001,-4.570099,-0.040496826,1.3148659999999999,4.6932297,-1.2039213,2.2069701999999998,-4.226074,3.2995605,-2.8306055,4.3685417,-3.989734,2.111145,3.4250183,3.2995605,-2.3308592,-3.1431682,-3.9662251,哈哈哈哈
-0.32284546000000003,0.5545959500000001,0.8737792999999999,0.3151961,-0.62950873,-0.8200712,-0.36624146,1.6062012,2.0802917,0.4096555,-1.6843892,-2.0199943,-0.36624146,1.6062012,2.0802917,0.4096555,-1.6843892,-2.0199943,-0.22064209,2.1193848,1.3244019,0.34230763000000003,-1.9863248,-1.4413081,0.05621338,1.7634583,1.6224976,0.14372188,-1.460516,-1.9875526,-0.38427734,1.5048523,3.2995605,1.0019851,-1.1842134,-3.9069114,-0.6954651,-3.9268494,3.2995605,1.4247683,4.2470984,-4.1602225,-0.6954651,-3.9268494,3.2995605,1.4247683,4.2470984,-4.1602225,-2.27417,-4.570099,-1.8907471,2.9357123,4.4055324,0.39063162,1.273468,-4.543915,-0.91690063,-0.4261579,4.1656594,-0.49889332000000003,-0.12597656000000002,-4.570099,3.2414856,0.37780872,4.998998,-3.680283,0.0335083,-4.570099,3.2995605,0.07184175,4.8337603,-3.4573233,3.8163757,3.4250183,-2.7217102,-4.314056,-3.9639986,2.6551845,3.580658,3.4250183,-1.2991638,-3.9625916,-3.9403582,1.3082318,0.9048767,0.7775574,3.2995605,-1.3142945,-0.5706709999999999,-4.339036,0.48355103,-4.570099,1.8314209,-0.24674308,4.752591,-3.3256974,-0.6190185500000001,-4.570099,-0.040496826,1.3148659999999999,4.6932297,-1.2039213,2.2069701999999998,-4.226074,3.2995605,-2.8306055,4.3685417,-3.989734,2.111145,3.4250183,3.2995605,-2.3308592,-3.1431682,-3.9662251,3.8163757,3.4250183,3.2995605,-4.53642,-3.6206706,-4.25535,哈哈哈哈
-0.36624146,1.6062012,2.0802917,0.4096555,-1.6843892,-2.0199943,-0.36624146,1.6062012,2.0802917,0.4096555,-1.6843892,-2.0199943,-0.22064209,2.1193848,1.3244019,0.34230763000000003,-1.9863248,-1.4413081,0.05621338,1.7634583,1.6224976,0.14372188,-1.460516,-1.9875526,-0.38427734,1.5048523,3.2995605,1.0019851,-1.1842134,-3.9069114,-0.6954651,-3.9268494,3.2995605,1.4247683,4.2470984,-4.1602225,-0.6954651,-3.9268494,3.2995605,1.4247683,4.2470984,-4.1602225,-2.27417,-4.570099,-1.8907471,2.9357123,4.4055324,0.39063162,1.273468,-4.543915,-0.91690063,-0.4261579,4.1656594,-0.49889332000000003,-0.12597656000000002,-4.570099,3.2414856,0.37780872,4.998998,-3.680283,0.0335083,-4.570099,3.2995605,0.07184175,4.8337603,-3.4573233,3.8163757,3.4250183,-2.7217102,-4.314056,-3.9639986,2.6551845,3.580658,3.4250183,-1.2991638,-3.9625916,-3.9403582,1.3082318,0.9048767,0.7775574,3.2995605,-1.3142945,-0.5706709999999999,-4.339036,0.48355103,-4.570099,1.8314209,-0.24674308,4.752591,-3.3256974,-0.6190185500000001,-4.570099,-0.040496826,1.3148659999999999,4.6932297,-1.2039213,2.2069701999999998,-4.226074,3.2995605,-2.8306055,4.3685417,-3.989734,2.111145,3.4250183,3.2995605,-2.3308592,-3.1431682,-3.9662251,3.8163757,3.4250183,3.2995605,-4.53642,-3.6206706,-4.25535,3.5681763,-2.9646912,3.2995605,-4.1875367,2.2982244,-4.809519,哈哈哈哈
-0.36624146,1.6062012,2.0802917,0.4096555,-1.6843892,-2.0199943,-0.22064209,2.1193848,1.3244019,0.34230763000000003,-1.9863248,-1.4413081,0.05621338,1.7634583,1.6224976,0.14372188,-1.460516,-1.9875526,-0.38427734,1.5048523,3.2995605,1.0019851,-1.1842134,-3.9069114,-0.6954651,-3.9268494,3.2995605,1.4247683,4.2470984,-4.1602225,-0.6954651,-3.9268494,3.2995605,1.4247683,4.2470984,-4.1602225,-2.27417,-4.570099,-1.8907471,2.9357123,4.4055324,0.39063162,1.273468,-4.543915,-0.91690063,-0.4261579,4.1656594,-0.49889332000000003,-0.12597656000000002,-4.570099,3.2414856,0.37780872,4.998998,-3.680283,0.0335083,-4.570099,3.2995605,0.07184175,4.8337603,-3.4573233,3.8163757,3.4250183,-2.7217102,-4.314056,-3.9639986,2.6551845,3.580658,3.4250183,-1.2991638,-3.9625916,-3.9403582,1.3082318,0.9048767,0.7775574,3.2995605,-1.3142945,-0.5706709999999999,-4.339036,0.48355103,-4.570099,1.8314209,-0.24674308,4.752591,-3.3256974,-0.6190185500000001,-4.570099,-0.040496826,1.3148659999999999,4.6932297,-1.2039213,2.2069701999999998,-4.226074,3.2995605,-2.8306055,4.3685417,-3.989734,2.111145,3.4250183,3.2995605,-2.3308592,-3.1431682,-3.9662251,3.8163757,3.4250183,3.2995605,-4.53642,-3.6206706,-4.25535,3.5681763,-2.9646912,3.2995605,-4.1875367,2.2982244,-4.809519,3.8163757,-4.570099,-2.4013062,-3.2465796,3.8680856,0.7391497,哈哈哈哈
-0.22064209,2.1193848,1.3244019,0.34230763000000003,-1.9863248,-1.4413081,0.05621338,1.7634583,1.6224976,0.14372188,-1.460516,-1.9875526,-0.38427734,1.5048523,3.2995605,1.0019851,-1.1842134,-3.9069114,-0.6954651,-3.9268494,3.2995605,1.4247683,4.2470984,-4.1602225,-0.6954651,-3.9268494,3.2995605,1.4247683,4.2470984,-4.1602225,-2.27417,-4.570099,-1.8907471,2.9357123,4.4055324,0.39063162,1.273468,-4.543915,-0.91690063,-0.4261579,4.1656594,-0.49889332000000003,-0.12597656000000002,-4.570099,3.2414856,0.37780872,4.998998,-3.680283,0.0335083,-4.570099,3.2995605,0.07184175,4.8337603,-3.4573233,3.8163757,3.4250183,-2.7217102,-4.314056,-3.9639986,2.6551845,3.580658,3.4250183,-1.2991638,-3.9625916,-3.9403582,1.3082318,0.9048767,0.7775574,3.2995605,-1.3142945,-0.5706709999999999,-4.339036,0.48355103,-4.570099,1.8314209,-0.24674308,4.752591,-3.3256974,-0.6190185500000001,-4.570099,-0.040496826,1.3148659999999999,4.6932297,-1.2039213,2.2069701999999998,-4.226074,3.2995605,-2.8306055,4.3685417,-3.989734,2.111145,3.4250183,3.2995605,-2.3308592,-3.1431682,-3.9662251,3.8163757,3.4250183,3.2995605,-4.53642,-3.6206706,-4.25535,3.5681763,-2.9646912,3.2995605,-4.1875367,2.2982244,-4.809519,3.8163757,-4.570099,-2.4013062,-3.2465796,3.8680856,0.7391497,-1.7520752,-4.570099,2.5817566,1.0380124,4.463724,-3.6806134999999998,哈哈哈哈
0.05621338,1.7634583,1.6224976,0.14372188,-1.460516,-1.9875526,-0.38427734,1.5048523,3.2995605,1.0019851,-1.1842134,-3.9069114,-0.6954651,-3.9268494,3.2995605,1.4247683,4.2470984,-4.1602225,-0.6954651,-3.9268494,3.2995605,1.4247683,4.2470984,-4.1602225,-2.27417,-4.570099,-1.8907471,2.9357123,4.4055324,0.39063162,1.273468,-4.543915,-0.91690063,-0.4261579,4.1656594,-0.49889332000000003,-0.12597656000000002,-4.570099,3.2414856,0.37780872,4.998998,-3.680283,0.0335083,-4.570099,3.2995605,0.07184175,4.8337603,-3.4573233,3.8163757,3.4250183,-2.7217102,-4.314056,-3.9639986,2.6551845,3.580658,3.4250183,-1.2991638,-3.9625916,-3.9403582,1.3082318,0.9048767,0.7775574,3.2995605,-1.3142945,-0.5706709999999999,-4.339036,0.48355103,-4.570099,1.8314209,-0.24674308,4.752591,-3.3256974,-0.6190185500000001,-4.570099,-0.040496826,1.3148659999999999,4.6932297,-1.2039213,2.2069701999999998,-4.226074,3.2995605,-2.8306055,4.3685417,-3.989734,2.111145,3.4250183,3.2995605,-2.3308592,-3.1431682,-3.9662251,3.8163757,3.4250183,3.2995605,-4.53642,-3.6206706,-4.25535,3.5681763,-2.9646912,3.2995605,-4.1875367,2.2982244,-4.809519,3.8163757,-4.570099,-2.4013062,-3.2465796,3.8680856,0.7391497,-1.7520752,-4.570099,2.5817566,1.0380124,4.463724,-3.6806134999999998,3.4071655,3.4250183,3.2995605,-3.9036937,-3.322232,-4.0213923,哈哈哈哈
-0.38427734,1.5048523,3.2995605,1.0019851,-1.1842134,-3.9069114,-0.6954651,-3.9268494,3.2995605,1.4247683,4.2470984,-4.1602225,-0.6954651,-3.9268494,3.2995605,1.4247683,4.2470984,-4.1602225,-2.27417,-4.570099,-1.8907471,2.9357123,4.4055324,0.39063162,1.273468,-4.543915,-0.91690063,-0.4261579,4.1656594,-0.49889332000000003,-0.12597656000000002,-4.570099,3.2414856,0.37780872,4.998998,-3.680283,0.0335083,-4.570099,3.2995605,0.07184175,4.8337603,-3.4573233,3.8163757,3.4250183,-2.7217102,-4.314056,-3.9639986,2.6551845,3.580658,3.4250183,-1.2991638,-3.9625916,-3.9403582,1.3082318,0.9048767,0.7775574,3.2995605,-1.3142945,-0.5706709999999999,-4.339036,0.48355103,-4.570099,1.8314209,-0.24674308,4.752591,-3.3256974,-0.6190185500000001,-4.570099,-0.040496826,1.3148659999999999,4.6932297,-1.2039213,2.2069701999999998,-4.226074,3.2995605,-2.8306055,4.3685417,-3.989734,2.111145,3.4250183,3.2995605,-2.3308592,-3.1431682,-3.9662251,3.8163757,3.4250183,3.2995605,-4.53642,-3.6206706,-4.25535,3.5681763,-2.9646912,3.2995605,-4.1875367,2.2982244,-4.809519,3.8163757,-4.570099,-2.4013062,-3.2465796,3.8680856,0.7391497,-1.7520752,-4.570099,2.5817566,1.0380124,4.463724,-3.6806134999999998,3.4071655,3.4250183,3.2995605,-3.9036937,-3.322232,-4.0213923,1.8900451999999999,3.4250183,2.3200684,-2.6189938,-3.6763988,-3.0111153,哈哈哈哈
-0.6954651,-3.9268494,3.2995605,1.4247683,4.2470984,-4.1602225,-0.6954651,-3.9268494,3.2995605,1.4247683,4.2470984,-4.1602225,-2.27417,-4.570099,-1.8907471,2.9357123,4.4055324,0.39063162,1.273468,-4.543915,-0.91690063,-0.4261579,4.1656594,-0.49889332000000003,-0.12597656000000002,-4.570099,3.2414856,0.37780872,4.998998,-3.680283,0.0335083,-4.570099,3.2995605,0.07184175,4.8337603,-3.4573233,3.8163757,3.4250183,-2.7217102,-4.314056,-3.9639986,2.6551845,3.580658,3.4250183,-1.2991638,-3.9625916,-3.9403582,1.3082318,0.9048767,0.7775574,3.2995605,-1.3142945,-0.5706709999999999,-4.339036,0.48355103,-4.570099,1.8314209,-0.24674308,4.752591,-3.3256974,-0.6190185500000001,-4.570099,-0.040496826,1.3148659999999999,4.6932297,-1.2039213,2.2069701999999998,-4.226074,3.2995605,-2.8306055,4.3685417,-3.989734,2.111145,3.4250183,3.2995605,-2.3308592,-3.1431682,-3.9662251,3.8163757,3.4250183,3.2995605,-4.53642,-3.6206706,-4.25535,3.5681763,-2.9646912,3.2995605,-4.1875367,2.2982244,-4.809519,3.8163757,-4.570099,-2.4013062,-3.2465796,3.8680856,0.7391497,-1.7520752,-4.570099,2.5817566,1.0380124,4.463724,-3.6806134999999998,3.4071655,3.4250183,3.2995605,-3.9036937,-3.322232,-4.0213923,1.8900451999999999,3.4250183,2.3200684,-2.6189938,-3.6763988,-3.0111153,2.049408,3.4250183,3.2995605,-2.7558331,-3.60237,-4.1012845,哈哈哈哈
-0.6954651,-3.9268494,3.2995605,1.4247683,4.2470984,-4.1602225,-2.27417,-4.570099,-1.8907471,2.9357123,4.4055324,0.39063162,1.273468,-4.543915,-0.91690063,-0.4261579,4.1656594,-0.49889332000000003,-0.12597656000000002,-4.570099,3.2414856,0.37780872,4.998998,-3.680283,0.0335083,-4.570099,3.2995605,0.07184175,4.8337603,-3.4573233,3.8163757,3.4250183,-2.7217102,-4.314056,-3.9639986,2.6551845,3.580658,3.4250183,-1.2991638,-3.9625916,-3.9403582,1.3082318,0.9048767,0.7775574,3.2995605,-1.3142945,-0.5706709999999999,-4.339036,0.48355103,-4.570099,1.8314209,-0.24674308,4.752591,-3.3256974,-0.6190185500000001,-4.570099,-0.040496826,1.3148659999999999,4.6932297,-1.2039213,2.2069701999999998,-4.226074,3.2995605,-2.8306055,4.3685417,-3.989734,2.111145,3.4250183,3.2995605,-2.3308592,-3.1431682,-3.9662251,3.8163757,3.4250183,3.2995605,-4.53642,-3.6206706,-4.25535,3.5681763,-2.9646912,3.2995605,-4.1875367,2.2982244,-4.809519,3.8163757,-4.570099,-2.4013062,-3.2465796,3.8680856,0.7391497,-1.7520752,-4.570099,2.5817566,1.0380124,4.463724,-3.6806134999999998,3.4071655,3.4250183,3.2995605,-3.9036937,-3.322232,-4.0213923,1.8900451999999999,3.4250183,2.3200684,-2.6189938,-3.6763988,-3.0111153,2.049408,3.4250183,3.2995605,-2.7558331,-3.60237,-4.1012845,1.0189514,-2.515442,3.2995605,-1.6812471,2.1093078,-4.6926336,哈哈哈哈
-2.27417,-4.570099,-1.8907471,2.9357123,4.4055324,0.39063162,1.273468,-4.543915,-0.91690063,-0.4261579,4.1656594,-0.49889332000000003,-0.12597656000000002,-4.570099,3.2414856,0.37780872,4.998998,-3.680283,0.0335083,-4.570099,3.2995605,0.07184175,4.8337603,-3.4573233,3.8163757,3.4250183,-2.7217102,-4.314056,-3.9639986,2.6551845,3.580658,3.4250183,-1.2991638,-3.9625916,-3.9403582,1.3082318,0.9048767,0.7775574,3.2995605,-1.3142945,-0.5706709999999999,-4.339036,0.48355103,-4.570099,1.8314209,-0.24674308,4.752591,-3.3256974,-0.6190185500000001,-4.570099,-0.040496826,1.3148659999999999,4.6932297,-1.2039213,2.2069701999999998,-4.226074,3.2995605,-2.8306055,4.3685417,-3.989734,2.111145,3.4250183,3.2995605,-2.3308592,-3.1431682,-3.9662251,3.8163757,3.4250183,3.2995605,-4.53642,-3.6206706,-4.25535,3.5681763,-2.9646912,3.2995605,-4.1875367,2.2982244,-4.809519,3.8163757,-4.570099,-2.4013062,-3.2465796,3.8680856,0.7391497,-1.7520752,-4.570099,2.5817566,1.0380124,4.463724,-3.6806134999999998,3.4071655,3.4250183,3.2995605,-3.9036937,-3.322232,-4.0213923,1.8900451999999999,3.4250183,2.3200684,-2.6189938,-3.6763988,-3.0111153,2.049408,3.4250183,3.2995605,-2.7558331,-3.60237,-4.1012845,1.0189514,-2.515442,3.2995605,-1.6812471,2.1093078,-4.6926336,0.4732666,-4.570099,-0.39349365000000003,-0.9459715999999999,4.435716,-1.0860108,哈哈哈哈
1.273468,-4.543915,-0.91690063,-0.4261579,4.1656594,-0.49889332000000003,-0.12597656000000002,-4.570099,3.2414856,0.37780872,4.998998,-3.680283,0.0335083,-4.570099,3.2995605,0.07184175,4.8337603,-3.4573233,3.8163757,3.4250183,-2.7217102,-4.314056,-3.9639986,2.6551845,3.580658,3.4250183,-1.2991638,-3.9625916,-3.9403582,1.3082318,0.9048767,0.7775574,3.2995605,-1.3142945,-0.5706709999999999,-4.339036,0.48355103,-4.570099,1.8314209,-0.24674308,4.752591,-3.3256974,-0.6190185500000001,-4.570099,-0.040496826,1.3148659999999999,4.6932297,-1.2039213,2.2069701999999998,-4.226074,3.2995605,-2.8306055,4.3685417,-3.989734,2.111145,3.4250183,3.2995605,-2.3308592,-3.1431682,-3.9662251,3.8163757,3.4250183,3.2995605,-4.53642,-3.6206706,-4.25535,3.5681763,-2.9646912,3.2995605,-4.1875367,2.2982244,-4.809519,3.8163757,-4.570099,-2.4013062,-3.2465796,3.8680856,0.7391497,-1.7520752,-4.570099,2.5817566,1.0380124,4.463724,-3.6806134999999998,3.4071655,3.4250183,3.2995605,-3.9036937,-3.322232,-4.0213923,1.8900451999999999,3.4250183,2.3200684,-2.6189938,-3.6763988,-3.0111153,2.049408,3.4250183,3.2995605,-2.7558331,-3.60237,-4.1012845,1.0189514,-2.515442,3.2995605,-1.6812471,2.1093078,-4.6926336,0.4732666,-4.570099,-0.39349365000000003,-0.9459715999999999,4.435716,-1.0860108,1.9320678999999998,-4.570099,-0.18627929999999998,-1.8135067,4.034832,-1.614989,哈哈哈哈
-0.12597656000000002,-4.570099,3.2414856,0.37780872,4.998998,-3.680283,0.0335083,-4.570099,3.2995605,0.07184175,4.8337603,-3.4573233,3.8163757,3.4250183,-2.7217102,-4.314056,-3.9639986,2.6551845,3.580658,3.4250183,-1.2991638,-3.9625916,-3.9403582,1.3082318,0.9048767,0.7775574,3.2995605,-1.3142945,-0.5706709999999999,-4.339036,0.48355103,-4.570099,1.8314209,-0.24674308,4.752591,-3.3256974,-0.6190185500000001,-4.570099,-0.040496826,1.3148659999999999,4.6932297,-1.2039213,2.2069701999999998,-4.226074,3.2995605,-2.8306055,4.3685417,-3.989734,2.111145,3.4250183,3.2995605,-2.3308592,-3.1431682,-3.9662251,3.8163757,3.4250183,3.2995605,-4.53642,-3.6206706,-4.25535,3.5681763,-2.9646912,3.2995605,-4.1875367,2.2982244,-4.809519,3.8163757,-4.570099,-2.4013062,-3.2465796,3.8680856,0.7391497,-1.7520752,-4.570099,2.5817566,1.0380124,4.463724,-3.6806134999999998,3.4071655,3.4250183,3.2995605,-3.9036937,-3.322232,-4.0213923,1.8900451999999999,3.4250183,2.3200684,-2.6189938,-3.6763988,-3.0111153,2.049408,3.4250183,3.2995605,-2.7558331,-3.60237,-4.1012845,1.0189514,-2.515442,3.2995605,-1.6812471,2.1093078,-4.6926336,0.4732666,-4.570099,-0.39349365000000003,-0.9459715999999999,4.435716,-1.0860108,1.9320678999999998,-4.570099,-0.18627929999999998,-1.8135067,4.034832,-1.614989,0.48977659999999995,-3.8242493,0.023223877,-0.25281608,3.064939,-1.7830483,哈哈哈哈
0.0335083,-4.570099,3.2995605,0.07184175,4.8337603,-3.4573233,3.8163757,3.4250183,-2.7217102,-4.314056,-3.9639986,2.6551845,3.580658,3.4250183,-1.2991638,-3.9625916,-3.9403582,1.3082318,0.9048767,0.7775574,3.2995605,-1.3142945,-0.5706709999999999,-4.339036,0.48355103,-4.570099,1.8314209,-0.24674308,4.752591,-3.3256974,-0.6190185500000001,-4.570099,-0.040496826,1.3148659999999999,4.6932297,-1.2039213,2.2069701999999998,-4.226074,3.2995605,-2.8306055,4.3685417,-3.989734,2.111145,3.4250183,3.2995605,-2.3308592,-3.1431682,-3.9662251,3.8163757,3.4250183,3.2995605,-4.53642,-3.6206706,-4.25535,3.5681763,-2.9646912,3.2995605,-4.1875367,2.2982244,-4.809519,3.8163757,-4.570099,-2.4013062,-3.2465796,3.8680856,0.7391497,-1.7520752,-4.570099,2.5817566,1.0380124,4.463724,-3.6806134999999998,3.4071655,3.4250183,3.2995605,-3.9036937,-3.322232,-4.0213923,1.8900451999999999,3.4250183,2.3200684,-2.6189938,-3.6763988,-3.0111153,2.049408,3.4250183,3.2995605,-2.7558331,-3.60237,-4.1012845,1.0189514,-2.515442,3.2995605,-1.6812471,2.1093078,-4.6926336,0.4732666,-4.570099,-0.39349365000000003,-0.9459715999999999,4.435716,-1.0860108,1.9320678999999998,-4.570099,-0.18627929999999998,-1.8135067,4.034832,-1.614989,0.48977659999999995,-3.8242493,0.023223877,-0.25281608,3.064939,-1.7830483,-0.20999146,-4.570099,-1.2792053,0.31447834,4.236519,-0.46534684,哈哈哈哈
3.8163757,3.4250183,-2.7217102,-4.314056,-3.9639986,2.6551845,3.580658,3.4250183,-1.2991638,-3.9625916,-3.9403582,1.3082318,0.9048767,0.7775574,3.2995605,-1.3142945,-0.5706709999999999,-4.339036,0.48355103,-4.570099,1.8314209,-0.24674308,4.752591,-3.3256974,-0.6190185500000001,-4.570099,-0.040496826,1.3148659999999999,4.6932297,-1.2039213,2.2069701999999998,-4.226074,3.2995605,-2.8306055,4.3685417,-3.989734,2.111145,3.4250183,3.2995605,-2.3308592,-3.1431682,-3.9662251,3.8163757,3.4250183,3.2995605,-4.53642,-3.6206706,-4.25535,3.5681763,-2.9646912,3.2995605,-4.1875367,2.2982244,-4.809519,3.8163757,-4.570099,-2.4013062,-3.2465796,3.8680856,0.7391497,-1.7520752,-4.570099,2.5817566,1.0380124,4.463724,-3.6806134999999998,3.4071655,3.4250183,3.2995605,-3.9036937,-3.322232,-4.0213923,1.8900451999999999,3.4250183,2.3200684,-2.6189938,-3.6763988,-3.0111153,2.049408,3.4250183,3.2995605,-2.7558331,-3.60237,-4.1012845,1.0189514,-2.515442,3.2995605,-1.6812471,2.1093078,-4.6926336,0.4732666,-4.570099,-0.39349365000000003,-0.9459715999999999,4.435716,-1.0860108,1.9320678999999998,-4.570099,-0.18627929999999998,-1.8135067,4.034832,-1.614989,0.48977659999999995,-3.8242493,0.023223877,-0.25281608,3.064939,-1.7830483,-0.20999146,-4.570099,-1.2792053,0.31447834,4.236519,-0.46534684,-0.45687866,-4.570099,0.51123047,0.44377452,4.3705735,-2.2253585,哈哈哈哈
3.580658,3.4250183,-1.2991638,-3.9625916,-3.9403582,1.3082318,0.9048767,0.7775574,3.2995605,-1.3142945,-0.5706709999999999,-4.339036,0.48355103,-4.570099,1.8314209,-0.24674308,4.752591,-3.3256974,-0.6190185500000001,-4.570099,-0.040496826,1.3148659999999999,4.6932297,-1.2039213,2.2069701999999998,-4.226074,3.2995605,-2.8306055,4.3685417,-3.989734,2.111145,3.4250183,3.2995605,-2.3308592,-3.1431682,-3.9662251,3.8163757,3.4250183,3.2995605,-4.53642,-3.6206706,-4.25535,3.5681763,-2.9646912,3.2995605,-4.1875367,2.2982244,-4.809519,3.8163757,-4.570099,-2.4013062,-3.2465796,3.8680856,0.7391497,-1.7520752,-4.570099,2.5817566,1.0380124,4.463724,-3.6806134999999998,3.4071655,3.4250183,3.2995605,-3.9036937,-3.322232,-4.0213923,1.8900451999999999,3.4250183,2.3200684,-2.6189938,-3.6763988,-3.0111153,2.049408,3.4250183,3.2995605,-2.7558331,-3.60237,-4.1012845,1.0189514,-2.515442,3.2995605,-1.6812471,2.1093078,-4.6926336,0.4732666,-4.570099,-0.39349365000000003,-0.9459715999999999,4.435716,-1.0860108,1.9320678999999998,-4.570099,-0.18627929999999998,-1.8135067,4.034832,-1.614989,0.48977659999999995,-3.8242493,0.023223877,-0.25281608,3.064939,-1.7830483,-0.20999146,-4.570099,-1.2792053,0.31447834,4.236519,-0.46534684,-0.45687866,-4.570099,0.51123047,0.44377452,4.3705735,-2.2253585,-0.14431763,3.4250183,3.2995605,-0.5780803999999999,-3.7207863,-4.286177,哈哈哈哈
0.9048767,0.7775574,3.2995605,-1.3142945,-0.5706709999999999,-4.339036,0.48355103,-4.570099,1.8314209,-0.24674308,4.752591,-3.3256974,-0.6190185500000001,-4.570099,-0.040496826,1.3148659999999999,4.6932297,-1.2039213,2.2069701999999998,-4.226074,3.2995605,-2.8306055,4.3685417,-3.989734,2.111145,3.4250183,3.2995605,-2.3308592,-3.1431682,-3.9662251,3.8163757,3.4250183,3.2995605,-4.53642,-3.6206706,-4.25535,3.5681763,-2.9646912,3.2995605,-4.1875367,2.2982244,-4.809519,3.8163757,-4.570099,-2.4013062,-3.2465796,3.8680856,0.7391497,-1.7520752,-4.570099,2.5817566,1.0380124,4.463724,-3.6806134999999998,3.4071655,3.4250183,3.2995605,-3.9036937,-3.322232,-4.0213923,1.8900451999999999,3.4250183,2.3200684,-2.6189938,-3.6763988,-3.0111153,2.049408,3.4250183,3.2995605,-2.7558331,-3.60237,-4.1012845,1.0189514,-2.515442,3.2995605,-1.6812471,2.1093078,-4.6926336,0.4732666,-4.570099,-0.39349365000000003,-0.9459715999999999,4.435716,-1.0860108,1.9320678999999998,-4.570099,-0.18627929999999998,-1.8135067,4.034832,-1.614989,0.48977659999999995,-3.8242493,0.023223877,-0.25281608,3.064939,-1.7830483,-0.20999146,-4.570099,-1.2792053,0.31447834,4.236519,-0.46534684,-0.45687866,-4.570099,0.51123047,0.44377452,4.3705735,-2.2253585,-0.14431763,3.4250183,3.2995605,-0.5780803999999999,-3.7207863,-4.286177,-0.14431763,3.4250183,3.2995605,-0.5780803999999999,-3.7207863,-4.286177,哈哈哈哈
0.48355103,-4.570099,1.8314209,-0.24674308,4.752591,-3.3256974,-0.6190185500000001,-4.570099,-0.040496826,1.3148659999999999,4.6932297,-1.2039213,2.2069701999999998,-4.226074,3.2995605,-2.8306055,4.3685417,-3.989734,2.111145,3.4250183,3.2995605,-2.3308592,-3.1431682,-3.9662251,3.8163757,3.4250183,3.2995605,-4.53642,-3.6206706,-4.25535,3.5681763,-2.9646912,3.2995605,-4.1875367,2.2982244,-4.809519,3.8163757,-4.570099,-2.4013062,-3.2465796,3.8680856,0.7391497,-1.7520752,-4.570099,2.5817566,1.0380124,4.463724,-3.6806134999999998,3.4071655,3.4250183,3.2995605,-3.9036937,-3.322232,-4.0213923,1.8900451999999999,3.4250183,2.3200684,-2.6189938,-3.6763988,-3.0111153,2.049408,3.4250183,3.2995605,-2.7558331,-3.60237,-4.1012845,1.0189514,-2.515442,3.2995605,-1.6812471,2.1093078,-4.6926336,0.4732666,-4.570099,-0.39349365000000003,-0.9459715999999999,4.435716,-1.0860108,1.9320678999999998,-4.570099,-0.18627929999999998,-1.8135067,4.034832,-1.614989,0.48977659999999995,-3.8242493,0.023223877,-0.25281608,3.064939,-1.7830483,-0.20999146,-4.570099,-1.2792053,0.31447834,4.236519,-0.46534684,-0.45687866,-4.570099,0.51123047,0.44377452,4.3705735,-2.2253585,-0.14431763,3.4250183,3.2995605,-0.5780803999999999,-3.7207863,-4.286177,-0.14431763,3.4250183,3.2995605,-0.5780803999999999,-3.7207863,-4.286177,1.1815796,3.4250183,3.2992554,-1.7645344,-4.0514855,-3.4985394,哈哈哈哈
-0.6190185500000001,-4.570099,-0.040496826,1.3148659999999999,4.6932297,-1.2039213,2.2069701999999998,-4.226074,3.2995605,-2.8306055,4.3685417,-3.989734,2.111145,3.4250183,3.2995605,-2.3308592,-3.1431682,-3.9662251,3.8163757,3.4250183,3.2995605,-4.53642,-3.6206706,-4.25535,3.5681763,-2.9646912,3.2995605,-4.1875367,2.2982244,-4.809519,3.8163757,-4.570099,-2.4013062,-3.2465796,3.8680856,0.7391497,-1.7520752,-4.570099,2.5817566,1.0380124,4.463724,-3.6806134999999998,3.4071655,3.4250183,3.2995605,-3.9036937,-3.322232,-4.0213923,1.8900451999999999,3.4250183,2.3200684,-2.6189938,-3.6763988,-3.0111153,2.049408,3.4250183,3.2995605,-2.7558331,-3.60237,-4.1012845,1.0189514,-2.515442,3.2995605,-1.6812471,2.1093078,-4.6926336,0.4732666,-4.570099,-0.39349365000000003,-0.9459715999999999,4.435716,-1.0860108,1.9320678999999998,-4.570099,-0.18627929999999998,-1.8135067,4.034832,-1.614989,0.48977659999999995,-3.8242493,0.023223877,-0.25281608,3.064939,-1.7830483,-0.20999146,-4.570099,-1.2792053,0.31447834,4.236519,-0.46534684,-0.45687866,-4.570099,0.51123047,0.44377452,4.3705735,-2.2253585,-0.14431763,3.4250183,3.2995605,-0.5780803999999999,-3.7207863,-4.286177,-0.14431763,3.4250183,3.2995605,-0.5780803999999999,-3.7207863,-4.286177,1.1815796,3.4250183,3.2992554,-1.7645344,-4.0514855,-3.4985394,3.6914368,-2.6966552999999998,3.2995605,-3.063786,1.9950464,-3.3052702,哈哈哈哈
2.2069701999999998,-4.226074,3.2995605,-2.8306055,4.3685417,-3.989734,2.111145,3.4250183,3.2995605,-2.3308592,-3.1431682,-3.9662251,3.8163757,3.4250183,3.2995605,-4.53642,-3.6206706,-4.25535,3.5681763,-2.9646912,3.2995605,-4.1875367,2.2982244,-4.809519,3.8163757,-4.570099,-2.4013062,-3.2465796,3.8680856,0.7391497,-1.7520752,-4.570099,2.5817566,1.0380124,4.463724,-3.6806134999999998,3.4071655,3.4250183,3.2995605,-3.9036937,-3.322232,-4.0213923,1.8900451999999999,3.4250183,2.3200684,-2.6189938,-3.6763988,-3.0111153,2.049408,3.4250183,3.2995605,-2.7558331,-3.60237,-4.1012845,1.0189514,-2.515442,3.2995605,-1.6812471,2.1093078,-4.6926336,0.4732666,-4.570099,-0.39349365000000003,-0.9459715999999999,4.435716,-1.0860108,1.9320678999999998,-4.570099,-0.18627929999999998,-1.8135067,4.034832,-1.614989,0.48977659999999995,-3.8242493,0.023223877,-0.25281608,3.064939,-1.7830483,-0.20999146,-4.570099,-1.2792053,0.31447834,4.236519,-0.46534684,-0.45687866,-4.570099,0.51123047,0.44377452,4.3705735,-2.2253585,-0.14431763,3.4250183,3.2995605,-0.5780803999999999,-3.7207863,-4.286177,-0.14431763,3.4250183,3.2995605,-0.5780803999999999,-3.7207863,-4.286177,1.1815796,3.4250183,3.2992554,-1.7645344,-4.0514855,-3.4985394,3.6914368,-2.6966552999999998,3.2995605,-3.063786,1.9950464,-3.3052702,-0.79434204,-2.90802,-2.9979553,0.54562426,1.7763412,3.0043836,哈哈哈哈
2.111145,3.4250183,3.2995605,-2.3308592,-3.1431682,-3.9662251,3.8163757,3.4250183,3.2995605,-4.53642,-3.6206706,-4.25535,3.5681763,-2.9646912,3.2995605,-4.1875367,2.2982244,-4.809519,3.8163757,-4.570099,-2.4013062,-3.2465796,3.8680856,0.7391497,-1.7520752,-4.570099,2.5817566,1.0380124,4.463724,-3.6806134999999998,3.4071655,3.4250183,3.2995605,-3.9036937,-3.322232,-4.0213923,1.8900451999999999,3.4250183,2.3200684,-2.6189938,-3.6763988,-3.0111153,2.049408,3.4250183,3.2995605,-2.7558331,-3.60237,-4.1012845,1.0189514,-2.515442,3.2995605,-1.6812471,2.1093078,-4.6926336,0.4732666,-4.570099,-0.39349365000000003,-0.9459715999999999,4.435716,-1.0860108,1.9320678999999998,-4.570099,-0.18627929999999998,-1.8135067,4.034832,-1.614989,0.48977659999999995,-3.8242493,0.023223877,-0.25281608,3.064939,-1.7830483,-0.20999146,-4.570099,-1.2792053,0.31447834,4.236519,-0.46534684,-0.45687866,-4.570099,0.51123047,0.44377452,4.3705735,-2.2253585,-0.14431763,3.4250183,3.2995605,-0.5780803999999999,-3.7207863,-4.286177,-0.14431763,3.4250183,3.2995605,-0.5780803999999999,-3.7207863,-4.286177,1.1815796,3.4250183,3.2992554,-1.7645344,-4.0514855,-3.4985394,3.6914368,-2.6966552999999998,3.2995605,-3.063786,1.9950464,-3.3052702,-0.79434204,-2.90802,-2.9979553,0.54562426,1.7763412,3.0043836,0.22488403,-2.1575623,-3.063385,-0.73718286,1.6188178,3.0656838,哈哈哈哈
3.8163757,3.4250183,3.2995605,-4.53642,-3.6206706,-4.25535,3.5681763,-2.9646912,3.2995605,-4.1875367,2.2982244,-4.809519,3.8163757,-4.570099,-2.4013062,-3.2465796,3.8680856,0.7391497,-1.7520752,-4.570099,2.5817566,1.0380124,4.463724,-3.6806134999999998,3.4071655,3.4250183,3.2995605,-3.9036937,-3.322232,-4.0213923,1.8900451999999999,3.4250183,2.3200684,-2.6189938,-3.6763988,-3.0111153,2.049408,3.4250183,3.2995605,-2.7558331,-3.60237,-4.1012845,1.0189514,-2.515442,3.2995605,-1.6812471,2.1093078,-4.6926336,0.4732666,-4.570099,-0.39349365000000003,-0.9459715999999999,4.435716,-1.0860108,1.9320678999999998,-4.570099,-0.18627929999999998,-1.8135067,4.034832,-1.614989,0.48977659999999995,-3.8242493,0.023223877,-0.25281608,3.064939,-1.7830483,-0.20999146,-4.570099,-1.2792053,0.31447834,4.236519,-0.46534684,-0.45687866,-4.570099,0.51123047,0.44377452,4.3705735,-2.2253585,-0.14431763,3.4250183,3.2995605,-0.5780803999999999,-3.7207863,-4.286177,-0.14431763,3.4250183,3.2995605,-0.5780803999999999,-3.7207863,-4.286177,1.1815796,3.4250183,3.2992554,-1.7645344,-4.0514855,-3.4985394,3.6914368,-2.6966552999999998,3.2995605,-3.063786,1.9950464,-3.3052702,-0.79434204,-2.90802,-2.9979553,0.54562426,1.7763412,3.0043836,0.22488403,-2.1575623,-3.063385,-0.73718286,1.6188178,3.0656838,1.3517151,-0.19558716,1.3225098,-2.187729,-0.46052885,-2.253009,哈哈哈哈
3.5681763,-2.9646912,3.2995605,-4.1875367,2.2982244,-4.809519,3.8163757,-4.570099,-2.4013062,-3.2465796,3.8680856,0.7391497,-1.7520752,-4.570099,2.5817566,1.0380124,4.463724,-3.6806134999999998,3.4071655,3.4250183,3.2995605,-3.9036937,-3.322232,-4.0213923,1.8900451999999999,3.4250183,2.3200684,-2.6189938,-3.6763988,-3.0111153,2.049408,3.4250183,3.2995605,-2.7558331,-3.60237,-4.1012845,1.0189514,-2.515442,3.2995605,-1.6812471,2.1093078,-4.6926336,0.4732666,-4.570099,-0.39349365000000003,-0.9459715999999999,4.435716,-1.0860108,1.9320678999999998,-4.570099,-0.18627929999999998,-1.8135067,4.034832,-1.614989,0.48977659999999995,-3.8242493,0.023223877,-0.25281608,3.064939,-1.7830483,-0.20999146,-4.570099,-1.2792053,0.31447834,4.236519,-0.46534684,-0.45687866,-4.570099,0.51123047,0.44377452,4.3705735,-2.2253585,-0.14431763,3.4250183,3.2995605,-0.5780803999999999,-3.7207863,-4.286177,-0.14431763,3.4250183,3.2995605,-0.5780803999999999,-3.7207863,-4.286177,1.1815796,3.4250183,3.2992554,-1.7645344,-4.0514855,-3.4985394,3.6914368,-2.6966552999999998,3.2995605,-3.063786,1.9950464,-3.3052702,-0.79434204,-2.90802,-2.9979553,0.54562426,1.7763412,3.0043836,0.22488403,-2.1575623,-3.063385,-0.73718286,1.6188178,3.0656838,1.3517151,-0.19558716,1.3225098,-2.187729,-0.46052885,-2.253009,1.8918457,-4.570099,3.2963867000000002,-2.2235098,3.8333684999999997,-4.9856625,哈哈哈哈
3.8163757,-4.570099,-2.4013062,-3.2465796,3.8680856,0.7391497,-1.7520752,-4.570099,2.5817566,1.0380124,4.463724,-3.6806134999999998,3.4071655,3.4250183,3.2995605,-3.9036937,-3.322232,-4.0213923,1.8900451999999999,3.4250183,2.3200684,-2.6189938,-3.6763988,-3.0111153,2.049408,3.4250183,3.2995605,-2.7558331,-3.60237,-4.1012845,1.0189514,-2.515442,3.2995605,-1.6812471,2.1093078,-4.6926336,0.4732666,-4.570099,-0.39349365000000003,-0.9459715999999999,4.435716,-1.0860108,1.9320678999999998,-4.570099,-0.18627929999999998,-1.8135067,4.034832,-1.614989,0.48977659999999995,-3.8242493,0.023223877,-0.25281608,3.064939,-1.7830483,-0.20999146,-4.570099,-1.2792053,0.31447834,4.236519,-0.46534684,-0.45687866,-4.570099,0.51123047,0.44377452,4.3705735,-2.2253585,-0.14431763,3.4250183,3.2995605,-0.5780803999999999,-3.7207863,-4.286177,-0.14431763,3.4250183,3.2995605,-0.5780803999999999,-3.7207863,-4.286177,1.1815796,3.4250183,3.2992554,-1.7645344,-4.0514855,-3.4985394,3.6914368,-2.6966552999999998,3.2995605,-3.063786,1.9950464,-3.3052702,-0.79434204,-2.90802,-2.9979553,0.54562426,1.7763412,3.0043836,0.22488403,-2.1575623,-3.063385,-0.73718286,1.6188178,3.0656838,1.3517151,-0.19558716,1.3225098,-2.187729,-0.46052885,-2.253009,1.8918457,-4.570099,3.2963867000000002,-2.2235098,3.8333684999999997,-4.9856625,0.5948181,3.4250183,3.2995605,-1.2870604,-4.4173446,-4.2978,哈哈哈哈
-1.7520752,-4.570099,2.5817566,1.0380124,4.463724,-3.6806134999999998,3.4071655,3.4250183,3.2995605,-3.9036937,-3.322232,-4.0213923,1.8900451999999999,3.4250183,2.3200684,-2.6189938,-3.6763988,-3.0111153,2.049408,3.4250183,3.2995605,-2.7558331,-3.60237,-4.1012845,1.0189514,-2.515442,3.2995605,-1.6812471,2.1093078,-4.6926336,0.4732666,-4.570099,-0.39349365000000003,-0.9459715999999999,4.435716,-1.0860108,1.9320678999999998,-4.570099,-0.18627929999999998,-1.8135067,4.034832,-1.614989,0.48977659999999995,-3.8242493,0.023223877,-0.25281608,3.064939,-1.7830483,-0.20999146,-4.570099,-1.2792053,0.31447834,4.236519,-0.46534684,-0.45687866,-4.570099,0.51123047,0.44377452,4.3705735,-2.2253585,-0.14431763,3.4250183,3.2995605,-0.5780803999999999,-3.7207863,-4.286177,-0.14431763,3.4250183,3.2995605,-0.5780803999999999,-3.7207863,-4.286177,1.1815796,3.4250183,3.2992554,-1.7645344,-4.0514855,-3.4985394,3.6914368,-2.6966552999999998,3.2995605,-3.063786,1.9950464,-3.3052702,-0.79434204,-2.90802,-2.9979553,0.54562426,1.7763412,3.0043836,0.22488403,-2.1575623,-3.063385,-0.73718286,1.6188178,3.0656838,1.3517151,-0.19558716,1.3225098,-2.187729,-0.46052885,-2.253009,1.8918457,-4.570099,3.2963867000000002,-2.2235098,3.8333684999999997,-4.9856625,0.5948181,3.4250183,3.2995605,-1.2870604,-4.4173446,-4.2978,0.5948181,3.4250183,3.2995605,-1.2870604,-4.4173446,-4.2978,哈哈哈哈
3.4071655,3.4250183,3.2995605,-3.9036937,-3.322232,-4.0213923,1.8900451999999999,3.4250183,2.3200684,-2.6189938,-3.6763988,-3.0111153,2.049408,3.4250183,3.2995605,-2.7558331,-3.60237,-4.1012845,1.0189514,-2.515442,3.2995605,-1.6812471,2.1093078,-4.6926336,0.4732666,-4.570099,-0.39349365000000003,-0.9459715999999999,4.435716,-1.0860108,1.9320678999999998,-4.570099,-0.18627929999999998,-1.8135067,4.034832,-1.614989,0.48977659999999995,-3.8242493,0.023223877,-0.25281608,3.064939,-1.7830483,-0.20999146,-4.570099,-1.2792053,0.31447834,4.236519,-0.46534684,-0.45687866,-4.570099,0.51123047,0.44377452,4.3705735,-2.2253585,-0.14431763,3.4250183,3.2995605,-0.5780803999999999,-3.7207863,-4.286177,-0.14431763,3.4250183,3.2995605,-0.5780803999999999,-3.7207863,-4.286177,1.1815796,3.4250183,3.2992554,-1.7645344,-4.0514855,-3.4985394,3.6914368,-2.6966552999999998,3.2995605,-3.063786,1.9950464,-3.3052702,-0.79434204,-2.90802,-2.9979553,0.54562426,1.7763412,3.0043836,0.22488403,-2.1575623,-3.063385,-0.73718286,1.6188178,3.0656838,1.3517151,-0.19558716,1.3225098,-2.187729,-0.46052885,-2.253009,1.8918457,-4.570099,3.2963867000000002,-2.2235098,3.8333684999999997,-4.9856625,0.5948181,3.4250183,3.2995605,-1.2870604,-4.4173446,-4.2978,0.5948181,3.4250183,3.2995605,-1.2870604,-4.4173446,-4.2978,2.6730042,-4.520935,2.3601074,-2.1514492,3.6340203,-2.3592725,哈哈哈哈
1.8900451999999999,3.4250183,2.3200684,-2.6189938,-3.6763988,-3.0111153,2.049408,3.4250183,3.2995605,-2.7558331,-3.60237,-4.1012845,1.0189514,-2.515442,3.2995605,-1.6812471,2.1093078,-4.6926336,0.4732666,-4.570099,-0.39349365000000003,-0.9459715999999999,4.435716,-1.0860108,1.9320678999999998,-4.570099,-0.18627929999999998,-1.8135067,4.034832,-1.614989,0.48977659999999995,-3.8242493,0.023223877,-0.25281608,3.064939,-1.7830483,-0.20999146,-4.570099,-1.2792053,0.31447834,4.236519,-0.46534684,-0.45687866,-4.570099,0.51123047,0.44377452,4.3705735,-2.2253585,-0.14431763,3.4250183,3.2995605,-0.5780803999999999,-3.7207863,-4.286177,-0.14431763,3.4250183,3.2995605,-0.5780803999999999,-3.7207863,-4.286177,1.1815796,3.4250183,3.2992554,-1.7645344,-4.0514855,-3.4985394,3.6914368,-2.6966552999999998,3.2995605,-3.063786,1.9950464,-3.3052702,-0.79434204,-2.90802,-2.9979553,0.54562426,1.7763412,3.0043836,0.22488403,-2.1575623,-3.063385,-0.73718286,1.6188178,3.0656838,1.3517151,-0.19558716,1.3225098,-2.187729,-0.46052885,-2.253009,1.8918457,-4.570099,3.2963867000000002,-2.2235098,3.8333684999999997,-4.9856625,0.5948181,3.4250183,3.2995605,-1.2870604,-4.4173446,-4.2978,0.5948181,3.4250183,3.2995605,-1.2870604,-4.4173446,-4.2978,2.6730042,-4.520935,2.3601074,-2.1514492,3.6340203,-2.3592725,-0.30929565000000003,-1.9440002,-0.23715209999999998,-0.33812559999999997,1.4365404,0.060168713000000006,哈哈哈哈
2.049408,3.4250183,3.2995605,-2.7558331,-3.60237,-4.1012845,1.0189514,-2.515442,3.2995605,-1.6812471,2.1093078,-4.6926336,0.4732666,-4.570099,-0.39349365000000003,-0.9459715999999999,4.435716,-1.0860108,1.9320678999999998,-4.570099,-0.18627929999999998,-1.8135067,4.034832,-1.614989,0.48977659999999995,-3.8242493,0.023223877,-0.25281608,3.064939,-1.7830483,-0.20999146,-4.570099,-1.2792053,0.31447834,4.236519,-0.46534684,-0.45687866,-4.570099,0.51123047,0.44377452,4.3705735,-2.2253585,-0.14431763,3.4250183,3.2995605,-0.5780803999999999,-3.7207863,-4.286177,-0.14431763,3.4250183,3.2995605,-0.5780803999999999,-3.7207863,-4.286177,1.1815796,3.4250183,3.2992554,-1.7645344,-4.0514855,-3.4985394,3.6914368,-2.6966552999999998,3.2995605,-3.063786,1.9950464,-3.3052702,-0.79434204,-2.90802,-2.9979553,0.54562426,1.7763412,3.0043836,0.22488403,-2.1575623,-3.063385,-0.73718286,1.6188178,3.0656838,1.3517151,-0.19558716,1.3225098,-2.187729,-0.46052885,-2.253009,1.8918457,-4.570099,3.2963867000000002,-2.2235098,3.8333684999999997,-4.9856625,0.5948181,3.4250183,3.2995605,-1.2870604,-4.4173446,-4.2978,0.5948181,3.4250183,3.2995605,-1.2870604,-4.4173446,-4.2978,2.6730042,-4.520935,2.3601074,-2.1514492,3.6340203,-2.3592725,-0.30929565000000003,-1.9440002,-0.23715209999999998,-0.33812559999999997,1.4365404,0.060168713000000006,0.19381714,-1.2686157,0.6532593,-1.0034128,0.95775765,-1.3867078,哈哈哈哈
1.0189514,-2.515442,3.2995605,-1.6812471,2.1093078,-4.6926336,0.4732666,-4.570099,-0.39349365000000003,-0.9459715999999999,4.435716,-1.0860108,1.9320678999999998,-4.570099,-0.18627929999999998,-1.8135067,4.034832,-1.614989,0.48977659999999995,-3.8242493,0.023223877,-0.25281608,3.064939,-1.7830483,-0.20999146,-4.570099,-1.2792053,0.31447834,4.236519,-0.46534684,-0.45687866,-4.570099,0.51123047,0.44377452,4.3705735,-2.2253585,-0.14431763,3.4250183,3.2995605,-0.5780803999999999,-3.7207863,-4.286177,-0.14431763,3.4250183,3.2995605,-0.5780803999999999,-3.7207863,-4.286177,1.1815796,3.4250183,3.2992554,-1.7645344,-4.0514855,-3.4985394,3.6914368,-2.6966552999999998,3.2995605,-3.063786,1.9950464,-3.3052702,-0.79434204,-2.90802,-2.9979553,0.54562426,1.7763412,3.0043836,0.22488403,-2.1575623,-3.063385,-0.73718286,1.6188178,3.0656838,1.3517151,-0.19558716,1.3225098,-2.187729,-0.46052885,-2.253009,1.8918457,-4.570099,3.2963867000000002,-2.2235098,3.8333684999999997,-4.9856625,0.5948181,3.4250183,3.2995605,-1.2870604,-4.4173446,-4.2978,0.5948181,3.4250183,3.2995605,-1.2870604,-4.4173446,-4.2978,2.6730042,-4.520935,2.3601074,-2.1514492,3.6340203,-2.3592725,-0.30929565000000003,-1.9440002,-0.23715209999999998,-0.33812559999999997,1.4365404,0.060168713000000006,0.19381714,-1.2686157,0.6532593,-1.0034128,0.95775765,-1.3867078,2.3815918,-4.318878,3.2995605,-2.9096508,3.863188,-4.895683,哈哈哈哈
0.4732666,-4.570099,-0.39349365000000003,-0.9459715999999999,4.435716,-1.0860108,1.9320678999999998,-4.570099,-0.18627929999999998,-1.8135067,4.034832,-1.614989,0.48977659999999995,-3.8242493,0.023223877,-0.25281608,3.064939,-1.7830483,-0.20999146,-4.570099,-1.2792053,0.31447834,4.236519,-0.46534684,-0.45687866,-4.570099,0.51123047,0.44377452,4.3705735,-2.2253585,-0.14431763,3.4250183,3.2995605,-0.5780803999999999,-3.7207863,-4.286177,-0.14431763,3.4250183,3.2995605,-0.5780803999999999,-3.7207863,-4.286177,1.1815796,3.4250183,3.2992554,-1.7645344,-4.0514855,-3.4985394,3.6914368,-2.6966552999999998,3.2995605,-3.063786,1.9950464,-3.3052702,-0.79434204,-2.90802,-2.9979553,0.54562426,1.7763412,3.0043836,0.22488403,-2.1575623,-3.063385,-0.73718286,1.6188178,3.0656838,1.3517151,-0.19558716,1.3225098,-2.187729,-0.46052885,-2.253009,1.8918457,-4.570099,3.2963867000000002,-2.2235098,3.8333684999999997,-4.9856625,0.5948181,3.4250183,3.2995605,-1.2870604,-4.4173446,-4.2978,0.5948181,3.4250183,3.2995605,-1.2870604,-4.4173446,-4.2978,2.6730042,-4.520935,2.3601074,-2.1514492,3.6340203,-2.3592725,-0.30929565000000003,-1.9440002,-0.23715209999999998,-0.33812559999999997,1.4365404,0.060168713000000006,0.19381714,-1.2686157,0.6532593,-1.0034128,0.95775765,-1.3867078,2.3815918,-4.318878,3.2995605,-2.9096508,3.863188,-4.895683,0.23175049,-0.047088623,0.36447144,0.47460905000000003,-0.56408364,-1.9861263,哈哈哈哈
1.9320678999999998,-4.570099,-0.18627929999999998,-1.8135067,4.034832,-1.614989,0.48977659999999995,-3.8242493,0.023223877,-0.25281608,3.064939,-1.7830483,-0.20999146,-4.570099,-1.2792053,0.31447834,4.236519,-0.46534684,-0.45687866,-4.570099,0.51123047,0.44377452,4.3705735,-2.2253585,-0.14431763,3.4250183,3.2995605,-0.5780803999999999,-3.7207863,-4.286177,-0.14431763,3.4250183,3.2995605,-0.5780803999999999,-3.7207863,-4.286177,1.1815796,3.4250183,3.2992554,-1.7645344,-4.0514855,-3.4985394,3.6914368,-2.6966552999999998,3.2995605,-3.063786,1.9950464,-3.3052702,-0.79434204,-2.90802,-2.9979553,0.54562426,1.7763412,3.0043836,0.22488403,-2.1575623,-3.063385,-0.73718286,1.6188178,3.0656838,1.3517151,-0.19558716,1.3225098,-2.187729,-0.46052885,-2.253009,1.8918457,-4.570099,3.2963867000000002,-2.2235098,3.8333684999999997,-4.9856625,0.5948181,3.4250183,3.2995605,-1.2870604,-4.4173446,-4.2978,0.5948181,3.4250183,3.2995605,-1.2870604,-4.4173446,-4.2978,2.6730042,-4.520935,2.3601074,-2.1514492,3.6340203,-2.3592725,-0.30929565000000003,-1.9440002,-0.23715209999999998,-0.33812559999999997,1.4365404,0.060168713000000006,0.19381714,-1.2686157,0.6532593,-1.0034128,0.95775765,-1.3867078,2.3815918,-4.318878,3.2995605,-2.9096508,3.863188,-4.895683,0.23175049,-0.047088623,0.36447144,0.47460905000000003,-0.56408364,-1.9861263,0.94036865,0.09475708000000001,-0.61050415,-0.4227594,-0.6480351999999999,-1.0971253,哈哈哈哈
0.48977659999999995,-3.8242493,0.023223877,-0.25281608,3.064939,-1.7830483,-0.20999146,-4.570099,-1.2792053,0.31447834,4.236519,-0.46534684,-0.45687866,-4.570099,0.51123047,0.44377452,4.3705735,-2.2253585,-0.14431763,3.4250183,3.2995605,-0.5780803999999999,-3.7207863,-4.286177,-0.14431763,3.4250183,3.2995605,-0.5780803999999999,-3.7207863,-4.286177,1.1815796,3.4250183,3.2992554,-1.7645344,-4.0514855,-3.4985394,3.6914368,-2.6966552999999998,3.2995605,-3.063786,1.9950464,-3.3052702,-0.79434204,-2.90802,-2.9979553,0.54562426,1.7763412,3.0043836,0.22488403,-2.1575623,-3.063385,-0.73718286,1.6188178,3.0656838,1.3517151,-0.19558716,1.3225098,-2.187729,-0.46052885,-2.253009,1.8918457,-4.570099,3.2963867000000002,-2.2235098,3.8333684999999997,-4.9856625,0.5948181,3.4250183,3.2995605,-1.2870604,-4.4173446,-4.2978,0.5948181,3.4250183,3.2995605,-1.2870604,-4.4173446,-4.2978,2.6730042,-4.520935,2.3601074,-2.1514492,3.6340203,-2.3592725,-0.30929565000000003,-1.9440002,-0.23715209999999998,-0.33812559999999997,1.4365404,0.060168713000000006,0.19381714,-1.2686157,0.6532593,-1.0034128,0.95775765,-1.3867078,2.3815918,-4.318878,3.2995605,-2.9096508,3.863188,-4.895683,0.23175049,-0.047088623,0.36447144,0.47460905000000003,-0.56408364,-1.9861263,0.94036865,0.09475708000000001,-0.61050415,-0.4227594,-0.6480351999999999,-1.0971253,0.4399109,3.0238953,3.2995605,-1.2074966,-3.6502103999999997,-4.330615,哈哈哈哈
-0.20999146,-4.570099,-1.2792053,0.31447834,4.236519,-0.46534684,-0.45687866,-4.570099,0.51123047,0.44377452,4.3705735,-2.2253585,-0.14431763,3.4250183,3.2995605,-0.5780803999999999,-3.7207863,-4.286177,-0.14431763,3.4250183,3.2995605,-0.5780803999999999,-3.7207863,-4.286177,1.1815796,3.4250183,3.2992554,-1.7645344,-4.0514855,-3.4985394,3.6914368,-2.6966552999999998,3.2995605,-3.063786,1.9950464,-3.3052702,-0.79434204,-2.90802,-2.9979553,0.54562426,1.7763412,3.0043836,0.22488403,-2.1575623,-3.063385,-0.73718286,1.6188178,3.0656838,1.3517151,-0.19558716,1.3225098,-2.187729,-0.46052885,-2.253009,1.8918457,-4.570099,3.2963867000000002,-2.2235098,3.8333684999999997,-4.9856625,0.5948181,3.4250183,3.2995605,-1.2870604,-4.4173446,-4.2978,0.5948181,3.4250183,3.2995605,-1.2870604,-4.4173446,-4.2978,2.6730042,-4.520935,2.3601074,-2.1514492,3.6340203,-2.3592725,-0.30929565000000003,-1.9440002,-0.23715209999999998,-0.33812559999999997,1.4365404,0.060168713000000006,0.19381714,-1.2686157,0.6532593,-1.0034128,0.95775765,-1.3867078,2.3815918,-4.318878,3.2995605,-2.9096508,3.863188,-4.895683,0.23175049,-0.047088623,0.36447144,0.47460905000000003,-0.56408364,-1.9861263,0.94036865,0.09475708000000001,-0.61050415,-0.4227594,-0.6480351999999999,-1.0971253,0.4399109,3.0238953,3.2995605,-1.2074966,-3.6502103999999997,-4.330615,0.14068604,2.348053,2.684204,-0.43250513,-2.7339203,-2.6372824,哈哈哈哈
-0.45687866,-4.570099,0.51123047,0.44377452,4.3705735,-2.2253585,-0.14431763,3.4250183,3.2995605,-0.5780803999999999,-3.7207863,-4.286177,-0.14431763,3.4250183,3.2995605,-0.5780803999999999,-3.7207863,-4.286177,1.1815796,3.4250183,3.2992554,-1.7645344,-4.0514855,-3.4985394,3.6914368,-2.6966552999999998,3.2995605,-3.063786,1.9950464,-3.3052702,-0.79434204,-2.90802,-2.9979553,0.54562426,1.7763412,3.0043836,0.22488403,-2.1575623,-3.063385,-0.73718286,1.6188178,3.0656838,1.3517151,-0.19558716,1.3225098,-2.187729,-0.46052885,-2.253009,1.8918457,-4.570099,3.2963867000000002,-2.2235098,3.8333684999999997,-4.9856625,0.5948181,3.4250183,3.2995605,-1.2870604,-4.4173446,-4.2978,0.5948181,3.4250183,3.2995605,-1.2870604,-4.4173446,-4.2978,2.6730042,-4.520935,2.3601074,-2.1514492,3.6340203,-2.3592725,-0.30929565000000003,-1.9440002,-0.23715209999999998,-0.33812559999999997,1.4365404,0.060168713000000006,0.19381714,-1.2686157,0.6532593,-1.0034128,0.95775765,-1.3867078,2.3815918,-4.318878,3.2995605,-2.9096508,3.863188,-4.895683,0.23175049,-0.047088623,0.36447144,0.47460905000000003,-0.56408364,-1.9861263,0.94036865,0.09475708000000001,-0.61050415,-0.4227594,-0.6480351999999999,-1.0971253,0.4399109,3.0238953,3.2995605,-1.2074966,-3.6502103999999997,-4.330615,0.14068604,2.348053,2.684204,-0.43250513,-2.7339203,-2.6372824,-0.5124512,-0.0026245117,0.6126404,0.775246,-0.45254069999999996,-0.40405092000000004,哈哈哈哈
-0.14431763,3.4250183,3.2995605,-0.5780803999999999,-3.7207863,-4.286177,-0.14431763,3.4250183,3.2995605,-0.5780803999999999,-3.7207863,-4.286177,1.1815796,3.4250183,3.2992554,-1.7645344,-4.0514855,-3.4985394,3.6914368,-2.6966552999999998,3.2995605,-3.063786,1.9950464,-3.3052702,-0.79434204,-2.90802,-2.9979553,0.54562426,1.7763412,3.0043836,0.22488403,-2.1575623,-3.063385,-0.73718286,1.6188178,3.0656838,1.3517151,-0.19558716,1.3225098,-2.187729,-0.46052885,-2.253009,1.8918457,-4.570099,3.2963867000000002,-2.2235098,3.8333684999999997,-4.9856625,0.5948181,3.4250183,3.2995605,-1.2870604,-4.4173446,-4.2978,0.5948181,3.4250183,3.2995605,-1.2870604,-4.4173446,-4.2978,2.6730042,-4.520935,2.3601074,-2.1514492,3.6340203,-2.3592725,-0.30929565000000003,-1.9440002,-0.23715209999999998,-0.33812559999999997,1.4365404,0.060168713000000006,0.19381714,-1.2686157,0.6532593,-1.0034128,0.95775765,-1.3867078,2.3815918,-4.318878,3.2995605,-2.9096508,3.863188,-4.895683,0.23175049,-0.047088623,0.36447144,0.47460905000000003,-0.56408364,-1.9861263,0.94036865,0.09475708000000001,-0.61050415,-0.4227594,-0.6480351999999999,-1.0971253,0.4399109,3.0238953,3.2995605,-1.2074966,-3.6502103999999997,-4.330615,0.14068604,2.348053,2.684204,-0.43250513,-2.7339203,-2.6372824,-0.5124512,-0.0026245117,0.6126404,0.775246,-0.45254069999999996,-0.40405092000000004,0.049224854000000005,-1.2507019,-0.46755979999999997,0.2151389,0.6573861,0.68215775,哈哈哈哈
-0.14431763,3.4250183,3.2995605,-0.5780803999999999,-3.7207863,-4.286177,1.1815796,3.4250183,3.2992554,-1.7645344,-4.0514855,-3.4985394,3.6914368,-2.6966552999999998,3.2995605,-3.063786,1.9950464,-3.3052702,-0.79434204,-2.90802,-2.9979553,0.54562426,1.7763412,3.0043836,0.22488403,-2.1575623,-3.063385,-0.73718286,1.6188178,3.0656838,1.3517151,-0.19558716,1.3225098,-2.187729,-0.46052885,-2.253009,1.8918457,-4.570099,3.2963867000000002,-2.2235098,3.8333684999999997,-4.9856625,0.5948181,3.4250183,3.2995605,-1.2870604,-4.4173446,-4.2978,0.5948181,3.4250183,3.2995605,-1.2870604,-4.4173446,-4.2978,2.6730042,-4.520935,2.3601074,-2.1514492,3.6340203,-2.3592725,-0.30929565000000003,-1.9440002,-0.23715209999999998,-0.33812559999999997,1.4365404,0.060168713000000006,0.19381714,-1.2686157,0.6532593,-1.0034128,0.95775765,-1.3867078,2.3815918,-4.318878,3.2995605,-2.9096508,3.863188,-4.895683,0.23175049,-0.047088623,0.36447144,0.47460905000000003,-0.56408364,-1.9861263,0.94036865,0.09475708000000001,-0.61050415,-0.4227594,-0.6480351999999999,-1.0971253,0.4399109,3.0238953,3.2995605,-1.2074966,-3.6502103999999997,-4.330615,0.14068604,2.348053,2.684204,-0.43250513,-2.7339203,-2.6372824,-0.5124512,-0.0026245117,0.6126404,0.775246,-0.45254069999999996,-0.40405092000000004,0.049224854000000005,-1.2507019,-0.46755979999999997,0.2151389,0.6573861,0.68215775,0.77874756,-1.6375122,0.28845215,-1.4058813,1.0604991,-0.4413892,哈哈哈哈
1.1815796,3.4250183,3.2992554,-1.7645344,-4.0514855,-3.4985394,3.6914368,-2.6966552999999998,3.2995605,-3.063786,1.9950464,-3.3052702,-0.79434204,-2.90802,-2.9979553,0.54562426,1.7763412,3.0043836,0.22488403,-2.1575623,-3.063385,-0.73718286,1.6188178,3.0656838,1.3517151,-0.19558716,1.3225098,-2.187729,-0.46052885,-2.253009,1.8918457,-4.570099,3.2963867000000002,-2.2235098,3.8333684999999997,-4.9856625,0.5948181,3.4250183,3.2995605,-1.2870604,-4.4173446,-4.2978,0.5948181,3.4250183,3.2995605,-1.2870604,-4.4173446,-4.2978,2.6730042,-4.520935,2.3601074,-2.1514492,3.6340203,-2.3592725,-0.30929565000000003,-1.9440002,-0.23715209999999998,-0.33812559999999997,1.4365404,0.060168713000000006,0.19381714,-1.2686157,0.6532593,-1.0034128,0.95775765,-1.3867078,2.3815918,-4.318878,3.2995605,-2.9096508,3.863188,-4.895683,0.23175049,-0.047088623,0.36447144,0.47460905000000003,-0.56408364,-1.9861263,0.94036865,0.09475708000000001,-0.61050415,-0.4227594,-0.6480351999999999,-1.0971253,0.4399109,3.0238953,3.2995605,-1.2074966,-3.6502103999999997,-4.330615,0.14068604,2.348053,2.684204,-0.43250513,-2.7339203,-2.6372824,-0.5124512,-0.0026245117,0.6126404,0.775246,-0.45254069999999996,-0.40405092000000004,0.049224854000000005,-1.2507019,-0.46755979999999997,0.2151389,0.6573861,0.68215775,0.77874756,-1.6375122,0.28845215,-1.4058813,1.0604991,-0.4413892,0.6121826,-4.482544,0.9021606400000001,-1.4349645,3.9270382,-2.040399,哈哈哈哈
3.6914368,-2.6966552999999998,3.2995605,-3.063786,1.9950464,-3.3052702,-0.79434204,-2.90802,-2.9979553,0.54562426,1.7763412,3.0043836,0.22488403,-2.1575623,-3.063385,-0.73718286,1.6188178,3.0656838,1.3517151,-0.19558716,1.3225098,-2.187729,-0.46052885,-2.253009,1.8918457,-4.570099,3.2963867000000002,-2.2235098,3.8333684999999997,-4.9856625,0.5948181,3.4250183,3.2995605,-1.2870604,-4.4173446,-4.2978,0.5948181,3.4250183,3.2995605,-1.2870604,-4.4173446,-4.2978,2.6730042,-4.520935,2.3601074,-2.1514492,3.6340203,-2.3592725,-0.30929565000000003,-1.9440002,-0.23715209999999998,-0.33812559999999997,1.4365404,0.060168713000000006,0.19381714,-1.2686157,0.6532593,-1.0034128,0.95775765,-1.3867078,2.3815918,-4.318878,3.2995605,-2.9096508,3.863188,-4.895683,0.23175049,-0.047088623,0.36447144,0.47460905000000003,-0.56408364,-1.9861263,0.94036865,0.09475708000000001,-0.61050415,-0.4227594,-0.6480351999999999,-1.0971253,0.4399109,3.0238953,3.2995605,-1.2074966,-3.6502103999999997,-4.330615,0.14068604,2.348053,2.684204,-0.43250513,-2.7339203,-2.6372824,-0.5124512,-0.0026245117,0.6126404,0.775246,-0.45254069999999996,-0.40405092000000004,0.049224854000000005,-1.2507019,-0.46755979999999997,0.2151389,0.6573861,0.68215775,0.77874756,-1.6375122,0.28845215,-1.4058813,1.0604991,-0.4413892,0.6121826,-4.482544,0.9021606400000001,-1.4349645,3.9270382,-2.040399,0.50161743,-2.7726135,1.5601196,-0.9580740999999999,2.4329422,-3.1329737,哈哈哈哈
-0.79434204,-2.90802,-2.9979553,0.54562426,1.7763412,3.0043836,0.22488403,-2.1575623,-3.063385,-0.73718286,1.6188178,3.0656838,1.3517151,-0.19558716,1.3225098,-2.187729,-0.46052885,-2.253009,1.8918457,-4.570099,3.2963867000000002,-2.2235098,3.8333684999999997,-4.9856625,0.5948181,3.4250183,3.2995605,-1.2870604,-4.4173446,-4.2978,0.5948181,3.4250183,3.2995605,-1.2870604,-4.4173446,-4.2978,2.6730042,-4.520935,2.3601074,-2.1514492,3.6340203,-2.3592725,-0.30929565000000003,-1.9440002,-0.23715209999999998,-0.33812559999999997,1.4365404,0.060168713000000006,0.19381714,-1.2686157,0.6532593,-1.0034128,0.95775765,-1.3867078,2.3815918,-4.318878,3.2995605,-2.9096508,3.863188,-4.895683,0.23175049,-0.047088623,0.36447144,0.47460905000000003,-0.56408364,-1.9861263,0.94036865,0.09475708000000001,-0.61050415,-0.4227594,-0.6480351999999999,-1.0971253,0.4399109,3.0238953,3.2995605,-1.2074966,-3.6502103999999997,-4.330615,0.14068604,2.348053,2.684204,-0.43250513,-2.7339203,-2.6372824,-0.5124512,-0.0026245117,0.6126404,0.775246,-0.45254069999999996,-0.40405092000000004,0.049224854000000005,-1.2507019,-0.46755979999999997,0.2151389,0.6573861,0.68215775,0.77874756,-1.6375122,0.28845215,-1.4058813,1.0604991,-0.4413892,0.6121826,-4.482544,0.9021606400000001,-1.4349645,3.9270382,-2.040399,0.50161743,-2.7726135,1.5601196,-0.9580740999999999,2.4329422,-3.1329737,0.5739441,-0.28604126,2.6637877999999997,-0.39138865,-0.21636431,-4.464733,哈哈哈哈
0.22488403,-2.1575623,-3.063385,-0.73718286,1.6188178,3.0656838,1.3517151,-0.19558716,1.3225098,-2.187729,-0.46052885,-2.253009,1.8918457,-4.570099,3.2963867000000002,-2.2235098,3.8333684999999997,-4.9856625,0.5948181,3.4250183,3.2995605,-1.2870604,-4.4173446,-4.2978,0.5948181,3.4250183,3.2995605,-1.2870604,-4.4173446,-4.2978,2.6730042,-4.520935,2.3601074,-2.1514492,3.6340203,-2.3592725,-0.30929565000000003,-1.9440002,-0.23715209999999998,-0.33812559999999997,1.4365404,0.060168713000000006,0.19381714,-1.2686157,0.6532593,-1.0034128,0.95775765,-1.3867078,2.3815918,-4.318878,3.2995605,-2.9096508,3.863188,-4.895683,0.23175049,-0.047088623,0.36447144,0.47460905000000003,-0.56408364,-1.9861263,0.94036865,0.09475708000000001,-0.61050415,-0.4227594,-0.6480351999999999,-1.0971253,0.4399109,3.0238953,3.2995605,-1.2074966,-3.6502103999999997,-4.330615,0.14068604,2.348053,2.684204,-0.43250513,-2.7339203,-2.6372824,-0.5124512,-0.0026245117,0.6126404,0.775246,-0.45254069999999996,-0.40405092000000004,0.049224854000000005,-1.2507019,-0.46755979999999997,0.2151389,0.6573861,0.68215775,0.77874756,-1.6375122,0.28845215,-1.4058813,1.0604991,-0.4413892,0.6121826,-4.482544,0.9021606400000001,-1.4349645,3.9270382,-2.040399,0.50161743,-2.7726135,1.5601196,-0.9580740999999999,2.4329422,-3.1329737,0.5739441,-0.28604126,2.6637877999999997,-0.39138865,-0.21636431,-4.464733,0.9301758,2.9181824,3.2995605,-1.1678191,-3.4554555,-5.003443,哈哈哈哈
1.3517151,-0.19558716,1.3225098,-2.187729,-0.46052885,-2.253009,1.8918457,-4.570099,3.2963867000000002,-2.2235098,3.8333684999999997,-4.9856625,0.5948181,3.4250183,3.2995605,-1.2870604,-4.4173446,-4.2978,0.5948181,3.4250183,3.2995605,-1.2870604,-4.4173446,-4.2978,2.6730042,-4.520935,2.3601074,-2.1514492,3.6340203,-2.3592725,-0.30929565000000003,-1.9440002,-0.23715209999999998,-0.33812559999999997,1.4365404,0.060168713000000006,0.19381714,-1.2686157,0.6532593,-1.0034128,0.95775765,-1.3867078,2.3815918,-4.318878,3.2995605,-2.9096508,3.863188,-4.895683,0.23175049,-0.047088623,0.36447144,0.47460905000000003,-0.56408364,-1.9861263,0.94036865,0.09475708000000001,-0.61050415,-0.4227594,-0.6480351999999999,-1.0971253,0.4399109,3.0238953,3.2995605,-1.2074966,-3.6502103999999997,-4.330615,0.14068604,2.348053,2.684204,-0.43250513,-2.7339203,-2.6372824,-0.5124512,-0.0026245117,0.6126404,0.775246,-0.45254069999999996,-0.40405092000000004,0.049224854000000005,-1.2507019,-0.46755979999999997,0.2151389,0.6573861,0.68215775,0.77874756,-1.6375122,0.28845215,-1.4058813,1.0604991,-0.4413892,0.6121826,-4.482544,0.9021606400000001,-1.4349645,3.9270382,-2.040399,0.50161743,-2.7726135,1.5601196,-0.9580740999999999,2.4329422,-3.1329737,0.5739441,-0.28604126,2.6637877999999997,-0.39138865,-0.21636431,-4.464733,0.9301758,2.9181824,3.2995605,-1.1678191,-3.4554555,-5.003443,-0.11489868,3.4250183,2.452942,-0.63374555,-3.7561963,-3.2112503,哈哈哈哈
1.8918457,-4.570099,3.2963867000000002,-2.2235098,3.8333684999999997,-4.9856625,0.5948181,3.4250183,3.2995605,-1.2870604,-4.4173446,-4.2978,0.5948181,3.4250183,3.2995605,-1.2870604,-4.4173446,-4.2978,2.6730042,-4.520935,2.3601074,-2.1514492,3.6340203,-2.3592725,-0.30929565000000003,-1.9440002,-0.23715209999999998,-0.33812559999999997,1.4365404,0.060168713000000006,0.19381714,-1.2686157,0.6532593,-1.0034128,0.95775765,-1.3867078,2.3815918,-4.318878,3.2995605,-2.9096508,3.863188,-4.895683,0.23175049,-0.047088623,0.36447144,0.47460905000000003,-0.56408364,-1.9861263,0.94036865,0.09475708000000001,-0.61050415,-0.4227594,-0.6480351999999999,-1.0971253,0.4399109,3.0238953,3.2995605,-1.2074966,-3.6502103999999997,-4.330615,0.14068604,2.348053,2.684204,-0.43250513,-2.7339203,-2.6372824,-0.5124512,-0.0026245117,0.6126404,0.775246,-0.45254069999999996,-0.40405092000000004,0.049224854000000005,-1.2507019,-0.46755979999999997,0.2151389,0.6573861,0.68215775,0.77874756,-1.6375122,0.28845215,-1.4058813,1.0604991,-0.4413892,0.6121826,-4.482544,0.9021606400000001,-1.4349645,3.9270382,-2.040399,0.50161743,-2.7726135,1.5601196,-0.9580740999999999,2.4329422,-3.1329737,0.5739441,-0.28604126,2.6637877999999997,-0.39138865,-0.21636431,-4.464733,0.9301758,2.9181824,3.2995605,-1.1678191,-3.4554555,-5.003443,-0.11489868,3.4250183,2.452942,-0.63374555,-3.7561963,-3.2112503,0.72299194,1.7890625,3.2586975,-0.86541367,-2.0542927,-3.1808804999999998,哈哈哈哈
0.5948181,3.4250183,3.2995605,-1.2870604,-4.4173446,-4.2978,0.5948181,3.4250183,3.2995605,-1.2870604,-4.4173446,-4.2978,2.6730042,-4.520935,2.3601074,-2.1514492,3.6340203,-2.3592725,-0.30929565000000003,-1.9440002,-0.23715209999999998,-0.33812559999999997,1.4365404,0.060168713000000006,0.19381714,-1.2686157,0.6532593,-1.0034128,0.95775765,-1.3867078,2.3815918,-4.318878,3.2995605,-2.9096508,3.863188,-4.895683,0.23175049,-0.047088623,0.36447144,0.47460905000000003,-0.56408364,-1.9861263,0.94036865,0.09475708000000001,-0.61050415,-0.4227594,-0.6480351999999999,-1.0971253,0.4399109,3.0238953,3.2995605,-1.2074966,-3.6502103999999997,-4.330615,0.14068604,2.348053,2.684204,-0.43250513,-2.7339203,-2.6372824,-0.5124512,-0.0026245117,0.6126404,0.775246,-0.45254069999999996,-0.40405092000000004,0.049224854000000005,-1.2507019,-0.46755979999999997,0.2151389,0.6573861,0.68215775,0.77874756,-1.6375122,0.28845215,-1.4058813,1.0604991,-0.4413892,0.6121826,-4.482544,0.9021606400000001,-1.4349645,3.9270382,-2.040399,0.50161743,-2.7726135,1.5601196,-0.9580740999999999,2.4329422,-3.1329737,0.5739441,-0.28604126,2.6637877999999997,-0.39138865,-0.21636431,-4.464733,0.9301758,2.9181824,3.2995605,-1.1678191,-3.4554555,-5.003443,-0.11489868,3.4250183,2.452942,-0.63374555,-3.7561963,-3.2112503,0.72299194,1.7890625,3.2586975,-0.86541367,-2.0542927,-3.1808804999999998,2.1954346,-3.0707397,1.1763916,-2.3364592,2.2068398,-1.072412,哈哈哈哈
0.5948181,3.4250183,3.2995605,-1.2870604,-4.4173446,-4.2978,2.6730042,-4.520935,2.3601074,-2.1514492,3.6340203,-2.3592725,-0.30929565000000003,-1.9440002,-0.23715209999999998,-0.33812559999999997,1.4365404,0.060168713000000006,0.19381714,-1.2686157,0.6532593,-1.0034128,0.95775765,-1.3867078,2.3815918,-4.318878,3.2995605,-2.9096508,3.863188,-4.895683,0.23175049,-0.047088623,0.36447144,0.47460905000000003,-0.56408364,-1.9861263,0.94036865,0.09475708000000001,-0.61050415,-0.4227594,-0.6480351999999999,-1.0971253,0.4399109,3.0238953,3.2995605,-1.2074966,-3.6502103999999997,-4.330615,0.14068604,2.348053,2.684204,-0.43250513,-2.7339203,-2.6372824,-0.5124512,-0.0026245117,0.6126404,0.775246,-0.45254069999999996,-0.40405092000000004,0.049224854000000005,-1.2507019,-0.46755979999999997,0.2151389,0.6573861,0.68215775,0.77874756,-1.6375122,0.28845215,-1.4058813,1.0604991,-0.4413892,0.6121826,-4.482544,0.9021606400000001,-1.4349645,3.9270382,-2.040399,0.50161743,-2.7726135,1.5601196,-0.9580740999999999,2.4329422,-3.1329737,0.5739441,-0.28604126,2.6637877999999997,-0.39138865,-0.21636431,-4.464733,0.9301758,2.9181824,3.2995605,-1.1678191,-3.4554555,-5.003443,-0.11489868,3.4250183,2.452942,-0.63374555,-3.7561963,-3.2112503,0.72299194,1.7890625,3.2586975,-0.86541367,-2.0542927,-3.1808804999999998,2.1954346,-3.0707397,1.1763916,-2.3364592,2.2068398,-1.072412,0.034820557,-2.6080017,0.4199829,-0.82413244,1.8654060000000001,-0.8836037999999999,哈哈哈哈
2.6730042,-4.520935,2.3601074,-2.1514492,3.6340203,-2.3592725,-0.30929565000000003,-1.9440002,-0.23715209999999998,-0.33812559999999997,1.4365404,0.060168713000000006,0.19381714,-1.2686157,0.6532593,-1.0034128,0.95775765,-1.3867078,2.3815918,-4.318878,3.2995605,-2.9096508,3.863188,-4.895683,0.23175049,-0.047088623,0.36447144,0.47460905000000003,-0.56408364,-1.9861263,0.94036865,0.09475708000000001,-0.61050415,-0.4227594,-0.6480351999999999,-1.0971253,0.4399109,3.0238953,3.2995605,-1.2074966,-3.6502103999999997,-4.330615,0.14068604,2.348053,2.684204,-0.43250513,-2.7339203,-2.6372824,-0.5124512,-0.0026245117,0.6126404,0.775246,-0.45254069999999996,-0.40405092000000004,0.049224854000000005,-1.2507019,-0.46755979999999997,0.2151389,0.6573861,0.68215775,0.77874756,-1.6375122,0.28845215,-1.4058813,1.0604991,-0.4413892,0.6121826,-4.482544,0.9021606400000001,-1.4349645,3.9270382,-2.040399,0.50161743,-2.7726135,1.5601196,-0.9580740999999999,2.4329422,-3.1329737,0.5739441,-0.28604126,2.6637877999999997,-0.39138865,-0.21636431,-4.464733,0.9301758,2.9181824,3.2995605,-1.1678191,-3.4554555,-5.003443,-0.11489868,3.4250183,2.452942,-0.63374555,-3.7561963,-3.2112503,0.72299194,1.7890625,3.2586975,-0.86541367,-2.0542927,-3.1808804999999998,2.1954346,-3.0707397,1.1763916,-2.3364592,2.2068398,-1.072412,0.034820557,-2.6080017,0.4199829,-0.82413244,1.8654060000000001,-0.8836037999999999,0.7650756999999999,-3.7436523,3.2831116,-1.3989918000000001,3.247405,-4.7353873,哈哈哈哈
-0.30929565000000003,-1.9440002,-0.23715209999999998,-0.33812559999999997,1.4365404,0.060168713000000006,0.19381714,-1.2686157,0.6532593,-1.0034128,0.95775765,-1.3867078,2.3815918,-4.318878,3.2995605,-2.9096508,3.863188,-4.895683,0.23175049,-0.047088623,0.36447144,0.47460905000000003,-0.56408364,-1.9861263,0.94036865,0.09475708000000001,-0.61050415,-0.4227594,-0.6480351999999999,-1.0971253,0.4399109,3.0238953,3.2995605,-1.2074966,-3.6502103999999997,-4.330615,0.14068604,2.348053,2.684204,-0.43250513,-2.7339203,-2.6372824,-0.5124512,-0.0026245117,0.6126404,0.775246,-0.45254069999999996,-0.40405092000000004,0.049224854000000005,-1.2507019,-0.46755979999999997,0.2151389,0.6573861,0.68215775,0.77874756,-1.6375122,0.28845215,-1.4058813,1.0604991,-0.4413892,0.6121826,-4.482544,0.9021606400000001,-1.4349645,3.9270382,-2.040399,0.50161743,-2.7726135,1.5601196,-0.9580740999999999,2.4329422,-3.1329737,0.5739441,-0.28604126,2.6637877999999997,-0.39138865,-0.21636431,-4.464733,0.9301758,2.9181824,3.2995605,-1.1678191,-3.4554555,-5.003443,-0.11489868,3.4250183,2.452942,-0.63374555,-3.7561963,-3.2112503,0.72299194,1.7890625,3.2586975,-0.86541367,-2.0542927,-3.1808804999999998,2.1954346,-3.0707397,1.1763916,-2.3364592,2.2068398,-1.072412,0.034820557,-2.6080017,0.4199829,-0.82413244,1.8654060000000001,-0.8836037999999999,0.7650756999999999,-3.7436523,3.2831116,-1.3989918000000001,3.247405,-4.7353873,0.87176514,-3.1939392,1.5214539,-0.9157143999999999,2.833771,-3.2888159999999997,哈哈哈哈
0.19381714,-1.2686157,0.6532593,-1.0034128,0.95775765,-1.3867078,2.3815918,-4.318878,3.2995605,-2.9096508,3.863188,-4.895683,0.23175049,-0.047088623,0.36447144,0.47460905000000003,-0.56408364,-1.9861263,0.94036865,0.09475708000000001,-0.61050415,-0.4227594,-0.6480351999999999,-1.0971253,0.4399109,3.0238953,3.2995605,-1.2074966,-3.6502103999999997,-4.330615,0.14068604,2.348053,2.684204,-0.43250513,-2.7339203,-2.6372824,-0.5124512,-0.0026245117,0.6126404,0.775246,-0.45254069999999996,-0.40405092000000004,0.049224854000000005,-1.2507019,-0.46755979999999997,0.2151389,0.6573861,0.68215775,0.77874756,-1.6375122,0.28845215,-1.4058813,1.0604991,-0.4413892,0.6121826,-4.482544,0.9021606400000001,-1.4349645,3.9270382,-2.040399,0.50161743,-2.7726135,1.5601196,-0.9580740999999999,2.4329422,-3.1329737,0.5739441,-0.28604126,2.6637877999999997,-0.39138865,-0.21636431,-4.464733,0.9301758,2.9181824,3.2995605,-1.1678191,-3.4554555,-5.003443,-0.11489868,3.4250183,2.452942,-0.63374555,-3.7561963,-3.2112503,0.72299194,1.7890625,3.2586975,-0.86541367,-2.0542927,-3.1808804999999998,2.1954346,-3.0707397,1.1763916,-2.3364592,2.2068398,-1.072412,0.034820557,-2.6080017,0.4199829,-0.82413244,1.8654060000000001,-0.8836037999999999,0.7650756999999999,-3.7436523,3.2831116,-1.3989918000000001,3.247405,-4.7353873,0.87176514,-3.1939392,1.5214539,-0.9157143999999999,2.833771,-3.2888159999999997,0.60458374,-0.4168396,3.0317993,0.18982017,-0.079962395,-4.6110373,哈哈哈哈
2.3815918,-4.318878,3.2995605,-2.9096508,3.863188,-4.895683,0.23175049,-0.047088623,0.36447144,0.47460905000000003,-0.56408364,-1.9861263,0.94036865,0.09475708000000001,-0.61050415,-0.4227594,-0.6480351999999999,-1.0971253,0.4399109,3.0238953,3.2995605,-1.2074966,-3.6502103999999997,-4.330615,0.14068604,2.348053,2.684204,-0.43250513,-2.7339203,-2.6372824,-0.5124512,-0.0026245117,0.6126404,0.775246,-0.45254069999999996,-0.40405092000000004,0.049224854000000005,-1.2507019,-0.46755979999999997,0.2151389,0.6573861,0.68215775,0.77874756,-1.6375122,0.28845215,-1.4058813,1.0604991,-0.4413892,0.6121826,-4.482544,0.9021606400000001,-1.4349645,3.9270382,-2.040399,0.50161743,-2.7726135,1.5601196,-0.9580740999999999,2.4329422,-3.1329737,0.5739441,-0.28604126,2.6637877999999997,-0.39138865,-0.21636431,-4.464733,0.9301758,2.9181824,3.2995605,-1.1678191,-3.4554555,-5.003443,-0.11489868,3.4250183,2.452942,-0.63374555,-3.7561963,-3.2112503,0.72299194,1.7890625,3.2586975,-0.86541367,-2.0542927,-3.1808804999999998,2.1954346,-3.0707397,1.1763916,-2.3364592,2.2068398,-1.072412,0.034820557,-2.6080017,0.4199829,-0.82413244,1.8654060000000001,-0.8836037999999999,0.7650756999999999,-3.7436523,3.2831116,-1.3989918000000001,3.247405,-4.7353873,0.87176514,-3.1939392,1.5214539,-0.9157143999999999,2.833771,-3.2888159999999997,0.60458374,-0.4168396,3.0317993,0.18982017,-0.079962395,-4.6110373,1.6473083,2.0386658,-1.1112975999999999,-1.0045935,-2.5721567,-0.5300948999999999,哈哈哈哈
0.23175049,-0.047088623,0.36447144,0.47460905000000003,-0.56408364,-1.9861263,0.94036865,0.09475708000000001,-0.61050415,-0.4227594,-0.6480351999999999,-1.0971253,0.4399109,3.0238953,3.2995605,-1.2074966,-3.6502103999999997,-4.330615,0.14068604,2.348053,2.684204,-0.43250513,-2.7339203,-2.6372824,-0.5124512,-0.0026245117,0.6126404,0.775246,-0.45254069999999996,-0.40405092000000004,0.049224854000000005,-1.2507019,-0.46755979999999997,0.2151389,0.6573861,0.68215775,0.77874756,-1.6375122,0.28845215,-1.4058813,1.0604991,-0.4413892,0.6121826,-4.482544,0.9021606400000001,-1.4349645,3.9270382,-2.040399,0.50161743,-2.7726135,1.5601196,-0.9580740999999999,2.4329422,-3.1329737,0.5739441,-0.28604126,2.6637877999999997,-0.39138865,-0.21636431,-4.464733,0.9301758,2.9181824,3.2995605,-1.1678191,-3.4554555,-5.003443,-0.11489868,3.4250183,2.452942,-0.63374555,-3.7561963,-3.2112503,0.72299194,1.7890625,3.2586975,-0.86541367,-2.0542927,-3.1808804999999998,2.1954346,-3.0707397,1.1763916,-2.3364592,2.2068398,-1.072412,0.034820557,-2.6080017,0.4199829,-0.82413244,1.8654060000000001,-0.8836037999999999,0.7650756999999999,-3.7436523,3.2831116,-1.3989918000000001,3.247405,-4.7353873,0.87176514,-3.1939392,1.5214539,-0.9157143999999999,2.833771,-3.2888159999999997,0.60458374,-0.4168396,3.0317993,0.18982017,-0.079962395,-4.6110373,1.6473083,2.0386658,-1.1112975999999999,-1.0045935,-2.5721567,-0.5300948999999999,0.32806396,3.4250183,3.2512817,-0.6269345,-3.699287,-4.850157,哈哈哈哈
0.94036865,0.09475708000000001,-0.61050415,-0.4227594,-0.6480351999999999,-1.0971253,0.4399109,3.0238953,3.2995605,-1.2074966,-3.6502103999999997,-4.330615,0.14068604,2.348053,2.684204,-0.43250513,-2.7339203,-2.6372824,-0.5124512,-0.0026245117,0.6126404,0.775246,-0.45254069999999996,-0.40405092000000004,0.049224854000000005,-1.2507019,-0.46755979999999997,0.2151389,0.6573861,0.68215775,0.77874756,-1.6375122,0.28845215,-1.4058813,1.0604991,-0.4413892,0.6121826,-4.482544,0.9021606400000001,-1.4349645,3.9270382,-2.040399,0.50161743,-2.7726135,1.5601196,-0.9580740999999999,2.4329422,-3.1329737,0.5739441,-0.28604126,2.6637877999999997,-0.39138865,-0.21636431,-4.464733,0.9301758,2.9181824,3.2995605,-1.1678191,-3.4554555,-5.003443,-0.11489868,3.4250183,2.452942,-0.63374555,-3.7561963,-3.2112503,0.72299194,1.7890625,3.2586975,-0.86541367,-2.0542927,-3.1808804999999998,2.1954346,-3.0707397,1.1763916,-2.3364592,2.2068398,-1.072412,0.034820557,-2.6080017,0.4199829,-0.82413244,1.8654060000000001,-0.8836037999999999,0.7650756999999999,-3.7436523,3.2831116,-1.3989918000000001,3.247405,-4.7353873,0.87176514,-3.1939392,1.5214539,-0.9157143999999999,2.833771,-3.2888159999999997,0.60458374,-0.4168396,3.0317993,0.18982017,-0.079962395,-4.6110373,1.6473083,2.0386658,-1.1112975999999999,-1.0045935,-2.5721567,-0.5300948999999999,0.32806396,3.4250183,3.2512817,-0.6269345,-3.699287,-4.850157,-0.20101929000000002,2.2818909,1.7863769999999999,-0.44374275,-2.7813966,-3.1052504,哈哈哈哈
0.4399109,3.0238953,3.2995605,-1.2074966,-3.6502103999999997,-4.330615,0.14068604,2.348053,2.684204,-0.43250513,-2.7339203,-2.6372824,-0.5124512,-0.0026245117,0.6126404,0.775246,-0.45254069999999996,-0.40405092000000004,0.049224854000000005,-1.2507019,-0.46755979999999997,0.2151389,0.6573861,0.68215775,0.77874756,-1.6375122,0.28845215,-1.4058813,1.0604991,-0.4413892,0.6121826,-4.482544,0.9021606400000001,-1.4349645,3.9270382,-2.040399,0.50161743,-2.7726135,1.5601196,-0.9580740999999999,2.4329422,-3.1329737,0.5739441,-0.28604126,2.6637877999999997,-0.39138865,-0.21636431,-4.464733,0.9301758,2.9181824,3.2995605,-1.1678191,-3.4554555,-5.003443,-0.11489868,3.4250183,2.452942,-0.63374555,-3.7561963,-3.2112503,0.72299194,1.7890625,3.2586975,-0.86541367,-2.0542927,-3.1808804999999998,2.1954346,-3.0707397,1.1763916,-2.3364592,2.2068398,-1.072412,0.034820557,-2.6080017,0.4199829,-0.82413244,1.8654060000000001,-0.8836037999999999,0.7650756999999999,-3.7436523,3.2831116,-1.3989918000000001,3.247405,-4.7353873,0.87176514,-3.1939392,1.5214539,-0.9157143999999999,2.833771,-3.2888159999999997,0.60458374,-0.4168396,3.0317993,0.18982017,-0.079962395,-4.6110373,1.6473083,2.0386658,-1.1112975999999999,-1.0045935,-2.5721567,-0.5300948999999999,0.32806396,3.4250183,3.2512817,-0.6269345,-3.699287,-4.850157,-0.20101929000000002,2.2818909,1.7863769999999999,-0.44374275,-2.7813966,-3.1052504,-0.33322144,0.85739136,2.419983,-0.40052139999999997,-1.6066546,-3.5623574,哈哈哈哈
0.14068604,2.348053,2.684204,-0.43250513,-2.7339203,-2.6372824,-0.5124512,-0.0026245117,0.6126404,0.775246,-0.45254069999999996,-0.40405092000000004,0.049224854000000005,-1.2507019,-0.46755979999999997,0.2151389,0.6573861,0.68215775,0.77874756,-1.6375122,0.28845215,-1.4058813,1.0604991,-0.4413892,0.6121826,-4.482544,0.9021606400000001,-1.4349645,3.9270382,-2.040399,0.50161743,-2.7726135,1.5601196,-0.9580740999999999,2.4329422,-3.1329737,0.5739441,-0.28604126,2.6637877999999997,-0.39138865,-0.21636431,-4.464733,0.9301758,2.9181824,3.2995605,-1.1678191,-3.4554555,-5.003443,-0.11489868,3.4250183,2.452942,-0.63374555,-3.7561963,-3.2112503,0.72299194,1.7890625,3.2586975,-0.86541367,-2.0542927,-3.1808804999999998,2.1954346,-3.0707397,1.1763916,-2.3364592,2.2068398,-1.072412,0.034820557,-2.6080017,0.4199829,-0.82413244,1.8654060000000001,-0.8836037999999999,0.7650756999999999,-3.7436523,3.2831116,-1.3989918000000001,3.247405,-4.7353873,0.87176514,-3.1939392,1.5214539,-0.9157143999999999,2.833771,-3.2888159999999997,0.60458374,-0.4168396,3.0317993,0.18982017,-0.079962395,-4.6110373,1.6473083,2.0386658,-1.1112975999999999,-1.0045935,-2.5721567,-0.5300948999999999,0.32806396,3.4250183,3.2512817,-0.6269345,-3.699287,-4.850157,-0.20101929000000002,2.2818909,1.7863769999999999,-0.44374275,-2.7813966,-3.1052504,-0.33322144,0.85739136,2.419983,-0.40052139999999997,-1.6066546,-3.5623574,-0.4241333,-4.5688477,3.2995605,-0.29470575,3.7698781,-4.5080385,哈哈哈哈
-0.5124512,-0.0026245117,0.6126404,0.775246,-0.45254069999999996,-0.40405092000000004,0.049224854000000005,-1.2507019,-0.46755979999999997,0.2151389,0.6573861,0.68215775,0.77874756,-1.6375122,0.28845215,-1.4058813,1.0604991,-0.4413892,0.6121826,-4.482544,0.9021606400000001,-1.4349645,3.9270382,-2.040399,0.50161743,-2.7726135,1.5601196,-0.9580740999999999,2.4329422,-3.1329737,0.5739441,-0.28604126,2.6637877999999997,-0.39138865,-0.21636431,-4.464733,0.9301758,2.9181824,3.2995605,-1.1678191,-3.4554555,-5.003443,-0.11489868,3.4250183,2.452942,-0.63374555,-3.7561963,-3.2112503,0.72299194,1.7890625,3.2586975,-0.86541367,-2.0542927,-3.1808804999999998,2.1954346,-3.0707397,1.1763916,-2.3364592,2.2068398,-1.072412,0.034820557,-2.6080017,0.4199829,-0.82413244,1.8654060000000001,-0.8836037999999999,0.7650756999999999,-3.7436523,3.2831116,-1.3989918000000001,3.247405,-4.7353873,0.87176514,-3.1939392,1.5214539,-0.9157143999999999,2.833771,-3.2888159999999997,0.60458374,-0.4168396,3.0317993,0.18982017,-0.079962395,-4.6110373,1.6473083,2.0386658,-1.1112975999999999,-1.0045935,-2.5721567,-0.5300948999999999,0.32806396,3.4250183,3.2512817,-0.6269345,-3.699287,-4.850157,-0.20101929000000002,2.2818909,1.7863769999999999,-0.44374275,-2.7813966,-3.1052504,-0.33322144,0.85739136,2.419983,-0.40052139999999997,-1.6066546,-3.5623574,-0.4241333,-4.5688477,3.2995605,-0.29470575,3.7698781,-4.5080385,0.38201904000000003,-4.570099,-0.6354369999999999,-0.9348074,3.7393362999999997,-0.84543204,哈哈哈哈
0.049224854000000005,-1.2507019,-0.46755979999999997,0.2151389,0.6573861,0.68215775,0.77874756,-1.6375122,0.28845215,-1.4058813,1.0604991,-0.4413892,0.6121826,-4.482544,0.9021606400000001,-1.4349645,3.9270382,-2.040399,0.50161743,-2.7726135,1.5601196,-0.9580740999999999,2.4329422,-3.1329737,0.5739441,-0.28604126,2.6637877999999997,-0.39138865,-0.21636431,-4.464733,0.9301758,2.9181824,3.2995605,-1.1678191,-3.4554555,-5.003443,-0.11489868,3.4250183,2.452942,-0.63374555,-3.7561963,-3.2112503,0.72299194,1.7890625,3.2586975,-0.86541367,-2.0542927,-3.1808804999999998,2.1954346,-3.0707397,1.1763916,-2.3364592,2.2068398,-1.072412,0.034820557,-2.6080017,0.4199829,-0.82413244,1.8654060000000001,-0.8836037999999999,0.7650756999999999,-3.7436523,3.2831116,-1.3989918000000001,3.247405,-4.7353873,0.87176514,-3.1939392,1.5214539,-0.9157143999999999,2.833771,-3.2888159999999997,0.60458374,-0.4168396,3.0317993,0.18982017,-0.079962395,-4.6110373,1.6473083,2.0386658,-1.1112975999999999,-1.0045935,-2.5721567,-0.5300948999999999,0.32806396,3.4250183,3.2512817,-0.6269345,-3.699287,-4.850157,-0.20101929000000002,2.2818909,1.7863769999999999,-0.44374275,-2.7813966,-3.1052504,-0.33322144,0.85739136,2.419983,-0.40052139999999997,-1.6066546,-3.5623574,-0.4241333,-4.5688477,3.2995605,-0.29470575,3.7698781,-4.5080385,0.38201904000000003,-4.570099,-0.6354369999999999,-0.9348074,3.7393362999999997,-0.84543204,2.7257996,-4.382202,0.7384949,-2.3797722,3.5667593,-2.4858305,哈哈哈哈
0.77874756,-1.6375122,0.28845215,-1.4058813,1.0604991,-0.4413892,0.6121826,-4.482544,0.9021606400000001,-1.4349645,3.9270382,-2.040399,0.50161743,-2.7726135,1.5601196,-0.9580740999999999,2.4329422,-3.1329737,0.5739441,-0.28604126,2.6637877999999997,-0.39138865,-0.21636431,-4.464733,0.9301758,2.9181824,3.2995605,-1.1678191,-3.4554555,-5.003443,-0.11489868,3.4250183,2.452942,-0.63374555,-3.7561963,-3.2112503,0.72299194,1.7890625,3.2586975,-0.86541367,-2.0542927,-3.1808804999999998,2.1954346,-3.0707397,1.1763916,-2.3364592,2.2068398,-1.072412,0.034820557,-2.6080017,0.4199829,-0.82413244,1.8654060000000001,-0.8836037999999999,0.7650756999999999,-3.7436523,3.2831116,-1.3989918000000001,3.247405,-4.7353873,0.87176514,-3.1939392,1.5214539,-0.9157143999999999,2.833771,-3.2888159999999997,0.60458374,-0.4168396,3.0317993,0.18982017,-0.079962395,-4.6110373,1.6473083,2.0386658,-1.1112975999999999,-1.0045935,-2.5721567,-0.5300948999999999,0.32806396,3.4250183,3.2512817,-0.6269345,-3.699287,-4.850157,-0.20101929000000002,2.2818909,1.7863769999999999,-0.44374275,-2.7813966,-3.1052504,-0.33322144,0.85739136,2.419983,-0.40052139999999997,-1.6066546,-3.5623574,-0.4241333,-4.5688477,3.2995605,-0.29470575,3.7698781,-4.5080385,0.38201904000000003,-4.570099,-0.6354369999999999,-0.9348074,3.7393362999999997,-0.84543204,2.7257996,-4.382202,0.7384949,-2.3797722,3.5667593,-2.4858305,2.8939513999999997,3.4250183,0.3975525,-1.9656931,-4.6065570000000005,-1.6023171999999999,哈哈哈哈
0.6121826,-4.482544,0.9021606400000001,-1.4349645,3.9270382,-2.040399,0.50161743,-2.7726135,1.5601196,-0.9580740999999999,2.4329422,-3.1329737,0.5739441,-0.28604126,2.6637877999999997,-0.39138865,-0.21636431,-4.464733,0.9301758,2.9181824,3.2995605,-1.1678191,-3.4554555,-5.003443,-0.11489868,3.4250183,2.452942,-0.63374555,-3.7561963,-3.2112503,0.72299194,1.7890625,3.2586975,-0.86541367,-2.0542927,-3.1808804999999998,2.1954346,-3.0707397,1.1763916,-2.3364592,2.2068398,-1.072412,0.034820557,-2.6080017,0.4199829,-0.82413244,1.8654060000000001,-0.8836037999999999,0.7650756999999999,-3.7436523,3.2831116,-1.3989918000000001,3.247405,-4.7353873,0.87176514,-3.1939392,1.5214539,-0.9157143999999999,2.833771,-3.2888159999999997,0.60458374,-0.4168396,3.0317993,0.18982017,-0.079962395,-4.6110373,1.6473083,2.0386658,-1.1112975999999999,-1.0045935,-2.5721567,-0.5300948999999999,0.32806396,3.4250183,3.2512817,-0.6269345,-3.699287,-4.850157,-0.20101929000000002,2.2818909,1.7863769999999999,-0.44374275,-2.7813966,-3.1052504,-0.33322144,0.85739136,2.419983,-0.40052139999999997,-1.6066546,-3.5623574,-0.4241333,-4.5688477,3.2995605,-0.29470575,3.7698781,-4.5080385,0.38201904000000003,-4.570099,-0.6354369999999999,-0.9348074,3.7393362999999997,-0.84543204,2.7257996,-4.382202,0.7384949,-2.3797722,3.5667593,-2.4858305,2.8939513999999997,3.4250183,0.3975525,-1.9656931,-4.6065570000000005,-1.6023171999999999,0.61138916,-0.12716675,-0.11096191400000001,0.11541523000000001,-0.176426,-1.4284219999999999,哈哈哈哈
0.50161743,-2.7726135,1.5601196,-0.9580740999999999,2.4329422,-3.1329737,0.5739441,-0.28604126,2.6637877999999997,-0.39138865,-0.21636431,-4.464733,0.9301758,2.9181824,3.2995605,-1.1678191,-3.4554555,-5.003443,-0.11489868,3.4250183,2.452942,-0.63374555,-3.7561963,-3.2112503,0.72299194,1.7890625,3.2586975,-0.86541367,-2.0542927,-3.1808804999999998,2.1954346,-3.0707397,1.1763916,-2.3364592,2.2068398,-1.072412,0.034820557,-2.6080017,0.4199829,-0.82413244,1.8654060000000001,-0.8836037999999999,0.7650756999999999,-3.7436523,3.2831116,-1.3989918000000001,3.247405,-4.7353873,0.87176514,-3.1939392,1.5214539,-0.9157143999999999,2.833771,-3.2888159999999997,0.60458374,-0.4168396,3.0317993,0.18982017,-0.079962395,-4.6110373,1.6473083,2.0386658,-1.1112975999999999,-1.0045935,-2.5721567,-0.5300948999999999,0.32806396,3.4250183,3.2512817,-0.6269345,-3.699287,-4.850157,-0.20101929000000002,2.2818909,1.7863769999999999,-0.44374275,-2.7813966,-3.1052504,-0.33322144,0.85739136,2.419983,-0.40052139999999997,-1.6066546,-3.5623574,-0.4241333,-4.5688477,3.2995605,-0.29470575,3.7698781,-4.5080385,0.38201904000000003,-4.570099,-0.6354369999999999,-0.9348074,3.7393362999999997,-0.84543204,2.7257996,-4.382202,0.7384949,-2.3797722,3.5667593,-2.4858305,2.8939513999999997,3.4250183,0.3975525,-1.9656931,-4.6065570000000005,-1.6023171999999999,0.61138916,-0.12716675,-0.11096191400000001,0.11541523000000001,-0.176426,-1.4284219999999999,-0.44607544,3.4250183,3.1106262,0.49228299999999997,-3.9652228,-4.884711,哈哈哈哈
0.5739441,-0.28604126,2.6637877999999997,-0.39138865,-0.21636431,-4.464733,0.9301758,2.9181824,3.2995605,-1.1678191,-3.4554555,-5.003443,-0.11489868,3.4250183,2.452942,-0.63374555,-3.7561963,-3.2112503,0.72299194,1.7890625,3.2586975,-0.86541367,-2.0542927,-3.1808804999999998,2.1954346,-3.0707397,1.1763916,-2.3364592,2.2068398,-1.072412,0.034820557,-2.6080017,0.4199829,-0.82413244,1.8654060000000001,-0.8836037999999999,0.7650756999999999,-3.7436523,3.2831116,-1.3989918000000001,3.247405,-4.7353873,0.87176514,-3.1939392,1.5214539,-0.9157143999999999,2.833771,-3.2888159999999997,0.60458374,-0.4168396,3.0317993,0.18982017,-0.079962395,-4.6110373,1.6473083,2.0386658,-1.1112975999999999,-1.0045935,-2.5721567,-0.5300948999999999,0.32806396,3.4250183,3.2512817,-0.6269345,-3.699287,-4.850157,-0.20101929000000002,2.2818909,1.7863769999999999,-0.44374275,-2.7813966,-3.1052504,-0.33322144,0.85739136,2.419983,-0.40052139999999997,-1.6066546,-3.5623574,-0.4241333,-4.5688477,3.2995605,-0.29470575,3.7698781,-4.5080385,0.38201904000000003,-4.570099,-0.6354369999999999,-0.9348074,3.7393362999999997,-0.84543204,2.7257996,-4.382202,0.7384949,-2.3797722,3.5667593,-2.4858305,2.8939513999999997,3.4250183,0.3975525,-1.9656931,-4.6065570000000005,-1.6023171999999999,0.61138916,-0.12716675,-0.11096191400000001,0.11541523000000001,-0.176426,-1.4284219999999999,-0.44607544,3.4250183,3.1106262,0.49228299999999997,-3.9652228,-4.884711,-0.44607544,3.4250183,3.1106262,0.49228299999999997,-3.9652228,-4.884711,哈哈哈哈
0.9301758,2.9181824,3.2995605,-1.1678191,-3.4554555,-5.003443,-0.11489868,3.4250183,2.452942,-0.63374555,-3.7561963,-3.2112503,0.72299194,1.7890625,3.2586975,-0.86541367,-2.0542927,-3.1808804999999998,2.1954346,-3.0707397,1.1763916,-2.3364592,2.2068398,-1.072412,0.034820557,-2.6080017,0.4199829,-0.82413244,1.8654060000000001,-0.8836037999999999,0.7650756999999999,-3.7436523,3.2831116,-1.3989918000000001,3.247405,-4.7353873,0.87176514,-3.1939392,1.5214539,-0.9157143999999999,2.833771,-3.2888159999999997,0.60458374,-0.4168396,3.0317993,0.18982017,-0.079962395,-4.6110373,1.6473083,2.0386658,-1.1112975999999999,-1.0045935,-2.5721567,-0.5300948999999999,0.32806396,3.4250183,3.2512817,-0.6269345,-3.699287,-4.850157,-0.20101929000000002,2.2818909,1.7863769999999999,-0.44374275,-2.7813966,-3.1052504,-0.33322144,0.85739136,2.419983,-0.40052139999999997,-1.6066546,-3.5623574,-0.4241333,-4.5688477,3.2995605,-0.29470575,3.7698781,-4.5080385,0.38201904000000003,-4.570099,-0.6354369999999999,-0.9348074,3.7393362999999997,-0.84543204,2.7257996,-4.382202,0.7384949,-2.3797722,3.5667593,-2.4858305,2.8939513999999997,3.4250183,0.3975525,-1.9656931,-4.6065570000000005,-1.6023171999999999,0.61138916,-0.12716675,-0.11096191400000001,0.11541523000000001,-0.176426,-1.4284219999999999,-0.44607544,3.4250183,3.1106262,0.49228299999999997,-3.9652228,-4.884711,-0.44607544,3.4250183,3.1106262,0.49228299999999997,-3.9652228,-4.884711,0.706604,-0.4610901,3.2995605,-1.4848105,-0.084536836,-3.781885,哈哈哈哈
-0.11489868,3.4250183,2.452942,-0.63374555,-3.7561963,-3.2112503,0.72299194,1.7890625,3.2586975,-0.86541367,-2.0542927,-3.1808804999999998,2.1954346,-3.0707397,1.1763916,-2.3364592,2.2068398,-1.072412,0.034820557,-2.6080017,0.4199829,-0.82413244,1.8654060000000001,-0.8836037999999999,0.7650756999999999,-3.7436523,3.2831116,-1.3989918000000001,3.247405,-4.7353873,0.87176514,-3.1939392,1.5214539,-0.9157143999999999,2.833771,-3.2888159999999997,0.60458374,-0.4168396,3.0317993,0.18982017,-0.079962395,-4.6110373,1.6473083,2.0386658,-1.1112975999999999,-1.0045935,-2.5721567,-0.5300948999999999,0.32806396,3.4250183,3.2512817,-0.6269345,-3.699287,-4.850157,-0.20101929000000002,2.2818909,1.7863769999999999,-0.44374275,-2.7813966,-3.1052504,-0.33322144,0.85739136,2.419983,-0.40052139999999997,-1.6066546,-3.5623574,-0.4241333,-4.5688477,3.2995605,-0.29470575,3.7698781,-4.5080385,0.38201904000000003,-4.570099,-0.6354369999999999,-0.9348074,3.7393362999999997,-0.84543204,2.7257996,-4.382202,0.7384949,-2.3797722,3.5667593,-2.4858305,2.8939513999999997,3.4250183,0.3975525,-1.9656931,-4.6065570000000005,-1.6023171999999999,0.61138916,-0.12716675,-0.11096191400000001,0.11541523000000001,-0.176426,-1.4284219999999999,-0.44607544,3.4250183,3.1106262,0.49228299999999997,-3.9652228,-4.884711,-0.44607544,3.4250183,3.1106262,0.49228299999999997,-3.9652228,-4.884711,0.706604,-0.4610901,3.2995605,-1.4848105,-0.084536836,-3.781885,-0.5215453999999999,-4.570099,-2.0087585,-0.2874452,3.6337676,1.1245143,哈哈哈哈
0.72299194,1.7890625,3.2586975,-0.86541367,-2.0542927,-3.1808804999999998,2.1954346,-3.0707397,1.1763916,-2.3364592,2.2068398,-1.072412,0.034820557,-2.6080017,0.4199829,-0.82413244,1.8654060000000001,-0.8836037999999999,0.7650756999999999,-3.7436523,3.2831116,-1.3989918000000001,3.247405,-4.7353873,0.87176514,-3.1939392,1.5214539,-0.9157143999999999,2.833771,-3.2888159999999997,0.60458374,-0.4168396,3.0317993,0.18982017,-0.079962395,-4.6110373,1.6473083,2.0386658,-1.1112975999999999,-1.0045935,-2.5721567,-0.5300948999999999,0.32806396,3.4250183,3.2512817,-0.6269345,-3.699287,-4.850157,-0.20101929000000002,2.2818909,1.7863769999999999,-0.44374275,-2.7813966,-3.1052504,-0.33322144,0.85739136,2.419983,-0.40052139999999997,-1.6066546,-3.5623574,-0.4241333,-4.5688477,3.2995605,-0.29470575,3.7698781,-4.5080385,0.38201904000000003,-4.570099,-0.6354369999999999,-0.9348074,3.7393362999999997,-0.84543204,2.7257996,-4.382202,0.7384949,-2.3797722,3.5667593,-2.4858305,2.8939513999999997,3.4250183,0.3975525,-1.9656931,-4.6065570000000005,-1.6023171999999999,0.61138916,-0.12716675,-0.11096191400000001,0.11541523000000001,-0.176426,-1.4284219999999999,-0.44607544,3.4250183,3.1106262,0.49228299999999997,-3.9652228,-4.884711,-0.44607544,3.4250183,3.1106262,0.49228299999999997,-3.9652228,-4.884711,0.706604,-0.4610901,3.2995605,-1.4848105,-0.084536836,-3.781885,-0.5215453999999999,-4.570099,-2.0087585,-0.2874452,3.6337676,1.1245143,0.3146057,-4.5314026,-0.5463867,-1.1490849,4.004052,-0.55488646,哈哈哈哈
2.1954346,-3.0707397,1.1763916,-2.3364592,2.2068398,-1.072412,0.034820557,-2.6080017,0.4199829,-0.82413244,1.8654060000000001,-0.8836037999999999,0.7650756999999999,-3.7436523,3.2831116,-1.3989918000000001,3.247405,-4.7353873,0.87176514,-3.1939392,1.5214539,-0.9157143999999999,2.833771,-3.2888159999999997,0.60458374,-0.4168396,3.0317993,0.18982017,-0.079962395,-4.6110373,1.6473083,2.0386658,-1.1112975999999999,-1.0045935,-2.5721567,-0.5300948999999999,0.32806396,3.4250183,3.2512817,-0.6269345,-3.699287,-4.850157,-0.20101929000000002,2.2818909,1.7863769999999999,-0.44374275,-2.7813966,-3.1052504,-0.33322144,0.85739136,2.419983,-0.40052139999999997,-1.6066546,-3.5623574,-0.4241333,-4.5688477,3.2995605,-0.29470575,3.7698781,-4.5080385,0.38201904000000003,-4.570099,-0.6354369999999999,-0.9348074,3.7393362999999997,-0.84543204,2.7257996,-4.382202,0.7384949,-2.3797722,3.5667593,-2.4858305,2.8939513999999997,3.4250183,0.3975525,-1.9656931,-4.6065570000000005,-1.6023171999999999,0.61138916,-0.12716675,-0.11096191400000001,0.11541523000000001,-0.176426,-1.4284219999999999,-0.44607544,3.4250183,3.1106262,0.49228299999999997,-3.9652228,-4.884711,-0.44607544,3.4250183,3.1106262,0.49228299999999997,-3.9652228,-4.884711,0.706604,-0.4610901,3.2995605,-1.4848105,-0.084536836,-3.781885,-0.5215453999999999,-4.570099,-2.0087585,-0.2874452,3.6337676,1.1245143,0.3146057,-4.5314026,-0.5463867,-1.1490849,4.004052,-0.55488646,1.19104,-2.7283936,-0.9414977999999999,-1.6059706999999999,2.4573565,-0.62751627,哈哈哈哈
0.034820557,-2.6080017,0.4199829,-0.82413244,1.8654060000000001,-0.8836037999999999,0.7650756999999999,-3.7436523,3.2831116,-1.3989918000000001,3.247405,-4.7353873,0.87176514,-3.1939392,1.5214539,-0.9157143999999999,2.833771,-3.2888159999999997,0.60458374,-0.4168396,3.0317993,0.18982017,-0.079962395,-4.6110373,1.6473083,2.0386658,-1.1112975999999999,-1.0045935,-2.5721567,-0.5300948999999999,0.32806396,3.4250183,3.2512817,-0.6269345,-3.699287,-4.850157,-0.20101929000000002,2.2818909,1.7863769999999999,-0.44374275,-2.7813966,-3.1052504,-0.33322144,0.85739136,2.419983,-0.40052139999999997,-1.6066546,-3.5623574,-0.4241333,-4.5688477,3.2995605,-0.29470575,3.7698781,-4.5080385,0.38201904000000003,-4.570099,-0.6354369999999999,-0.9348074,3.7393362999999997,-0.84543204,2.7257996,-4.382202,0.7384949,-2.3797722,3.5667593,-2.4858305,2.8939513999999997,3.4250183,0.3975525,-1.9656931,-4.6065570000000005,-1.6023171999999999,0.61138916,-0.12716675,-0.11096191400000001,0.11541523000000001,-0.176426,-1.4284219999999999,-0.44607544,3.4250183,3.1106262,0.49228299999999997,-3.9652228,-4.884711,-0.44607544,3.4250183,3.1106262,0.49228299999999997,-3.9652228,-4.884711,0.706604,-0.4610901,3.2995605,-1.4848105,-0.084536836,-3.781885,-0.5215453999999999,-4.570099,-2.0087585,-0.2874452,3.6337676,1.1245143,0.3146057,-4.5314026,-0.5463867,-1.1490849,4.004052,-0.55488646,1.19104,-2.7283936,-0.9414977999999999,-1.6059706999999999,2.4573565,-0.62751627,0.24801636000000002,-1.5394592,-0.082855225,-0.49301976000000003,1.3393494,-1.5350063999999999,哈哈哈哈
0.7650756999999999,-3.7436523,3.2831116,-1.3989918000000001,3.247405,-4.7353873,0.87176514,-3.1939392,1.5214539,-0.9157143999999999,2.833771,-3.2888159999999997,0.60458374,-0.4168396,3.0317993,0.18982017,-0.079962395,-4.6110373,1.6473083,2.0386658,-1.1112975999999999,-1.0045935,-2.5721567,-0.5300948999999999,0.32806396,3.4250183,3.2512817,-0.6269345,-3.699287,-4.850157,-0.20101929000000002,2.2818909,1.7863769999999999,-0.44374275,-2.7813966,-3.1052504,-0.33322144,0.85739136,2.419983,-0.40052139999999997,-1.6066546,-3.5623574,-0.4241333,-4.5688477,3.2995605,-0.29470575,3.7698781,-4.5080385,0.38201904000000003,-4.570099,-0.6354369999999999,-0.9348074,3.7393362999999997,-0.84543204,2.7257996,-4.382202,0.7384949,-2.3797722,3.5667593,-2.4858305,2.8939513999999997,3.4250183,0.3975525,-1.9656931,-4.6065570000000005,-1.6023171999999999,0.61138916,-0.12716675,-0.11096191400000001,0.11541523000000001,-0.176426,-1.4284219999999999,-0.44607544,3.4250183,3.1106262,0.49228299999999997,-3.9652228,-4.884711,-0.44607544,3.4250183,3.1106262,0.49228299999999997,-3.9652228,-4.884711,0.706604,-0.4610901,3.2995605,-1.4848105,-0.084536836,-3.781885,-0.5215453999999999,-4.570099,-2.0087585,-0.2874452,3.6337676,1.1245143,0.3146057,-4.5314026,-0.5463867,-1.1490849,4.004052,-0.55488646,1.19104,-2.7283936,-0.9414977999999999,-1.6059706999999999,2.4573565,-0.62751627,0.24801636000000002,-1.5394592,-0.082855225,-0.49301976000000003,1.3393494,-1.5350063999999999,-0.13156128,-4.1749573,1.0631714,-0.0007157922,4.267621,-2.587069,哈哈哈哈
0.87176514,-3.1939392,1.5214539,-0.9157143999999999,2.833771,-3.2888159999999997,0.60458374,-0.4168396,3.0317993,0.18982017,-0.079962395,-4.6110373,1.6473083,2.0386658,-1.1112975999999999,-1.0045935,-2.5721567,-0.5300948999999999,0.32806396,3.4250183,3.2512817,-0.6269345,-3.699287,-4.850157,-0.20101929000000002,2.2818909,1.7863769999999999,-0.44374275,-2.7813966,-3.1052504,-0.33322144,0.85739136,2.419983,-0.40052139999999997,-1.6066546,-3.5623574,-0.4241333,-4.5688477,3.2995605,-0.29470575,3.7698781,-4.5080385,0.38201904000000003,-4.570099,-0.6354369999999999,-0.9348074,3.7393362999999997,-0.84543204,2.7257996,-4.382202,0.7384949,-2.3797722,3.5667593,-2.4858305,2.8939513999999997,3.4250183,0.3975525,-1.9656931,-4.6065570000000005,-1.6023171999999999,0.61138916,-0.12716675,-0.11096191400000001,0.11541523000000001,-0.176426,-1.4284219999999999,-0.44607544,3.4250183,3.1106262,0.49228299999999997,-3.9652228,-4.884711,-0.44607544,3.4250183,3.1106262,0.49228299999999997,-3.9652228,-4.884711,0.706604,-0.4610901,3.2995605,-1.4848105,-0.084536836,-3.781885,-0.5215453999999999,-4.570099,-2.0087585,-0.2874452,3.6337676,1.1245143,0.3146057,-4.5314026,-0.5463867,-1.1490849,4.004052,-0.55488646,1.19104,-2.7283936,-0.9414977999999999,-1.6059706999999999,2.4573565,-0.62751627,0.24801636000000002,-1.5394592,-0.082855225,-0.49301976000000003,1.3393494,-1.5350063999999999,-0.13156128,-4.1749573,1.0631714,-0.0007157922,4.267621,-2.587069,0.33142089999999996,3.4250183,3.2995605,-0.60264266,-3.6608317,-4.893795,哈哈哈哈
0.60458374,-0.4168396,3.0317993,0.18982017,-0.079962395,-4.6110373,1.6473083,2.0386658,-1.1112975999999999,-1.0045935,-2.5721567,-0.5300948999999999,0.32806396,3.4250183,3.2512817,-0.6269345,-3.699287,-4.850157,-0.20101929000000002,2.2818909,1.7863769999999999,-0.44374275,-2.7813966,-3.1052504,-0.33322144,0.85739136,2.419983,-0.40052139999999997,-1.6066546,-3.5623574,-0.4241333,-4.5688477,3.2995605,-0.29470575,3.7698781,-4.5080385,0.38201904000000003,-4.570099,-0.6354369999999999,-0.9348074,3.7393362999999997,-0.84543204,2.7257996,-4.382202,0.7384949,-2.3797722,3.5667593,-2.4858305,2.8939513999999997,3.4250183,0.3975525,-1.9656931,-4.6065570000000005,-1.6023171999999999,0.61138916,-0.12716675,-0.11096191400000001,0.11541523000000001,-0.176426,-1.4284219999999999,-0.44607544,3.4250183,3.1106262,0.49228299999999997,-3.9652228,-4.884711,-0.44607544,3.4250183,3.1106262,0.49228299999999997,-3.9652228,-4.884711,0.706604,-0.4610901,3.2995605,-1.4848105,-0.084536836,-3.781885,-0.5215453999999999,-4.570099,-2.0087585,-0.2874452,3.6337676,1.1245143,0.3146057,-4.5314026,-0.5463867,-1.1490849,4.004052,-0.55488646,1.19104,-2.7283936,-0.9414977999999999,-1.6059706999999999,2.4573565,-0.62751627,0.24801636000000002,-1.5394592,-0.082855225,-0.49301976000000003,1.3393494,-1.5350063999999999,-0.13156128,-4.1749573,1.0631714,-0.0007157922,4.267621,-2.587069,0.33142089999999996,3.4250183,3.2995605,-0.60264266,-3.6608317,-4.893795,1.2478027,3.4250183,-4.652191,-2.0127835,-4.185108,3.5092242000000002,哈哈哈哈
1.6473083,2.0386658,-1.1112975999999999,-1.0045935,-2.5721567,-0.5300948999999999,0.32806396,3.4250183,3.2512817,-0.6269345,-3.699287,-4.850157,-0.20101929000000002,2.2818909,1.7863769999999999,-0.44374275,-2.7813966,-3.1052504,-0.33322144,0.85739136,2.419983,-0.40052139999999997,-1.6066546,-3.5623574,-0.4241333,-4.5688477,3.2995605,-0.29470575,3.7698781,-4.5080385,0.38201904000000003,-4.570099,-0.6354369999999999,-0.9348074,3.7393362999999997,-0.84543204,2.7257996,-4.382202,0.7384949,-2.3797722,3.5667593,-2.4858305,2.8939513999999997,3.4250183,0.3975525,-1.9656931,-4.6065570000000005,-1.6023171999999999,0.61138916,-0.12716675,-0.11096191400000001,0.11541523000000001,-0.176426,-1.4284219999999999,-0.44607544,3.4250183,3.1106262,0.49228299999999997,-3.9652228,-4.884711,-0.44607544,3.4250183,3.1106262,0.49228299999999997,-3.9652228,-4.884711,0.706604,-0.4610901,3.2995605,-1.4848105,-0.084536836,-3.781885,-0.5215453999999999,-4.570099,-2.0087585,-0.2874452,3.6337676,1.1245143,0.3146057,-4.5314026,-0.5463867,-1.1490849,4.004052,-0.55488646,1.19104,-2.7283936,-0.9414977999999999,-1.6059706999999999,2.4573565,-0.62751627,0.24801636000000002,-1.5394592,-0.082855225,-0.49301976000000003,1.3393494,-1.5350063999999999,-0.13156128,-4.1749573,1.0631714,-0.0007157922,4.267621,-2.587069,0.33142089999999996,3.4250183,3.2995605,-0.60264266,-3.6608317,-4.893795,1.2478027,3.4250183,-4.652191,-2.0127835,-4.185108,3.5092242000000002,-1.0463257,3.4250183,0.6192322,0.43862683,-3.8605359999999997,-1.9287052,哈哈哈哈
0.32806396,3.4250183,3.2512817,-0.6269345,-3.699287,-4.850157,-0.20101929000000002,2.2818909,1.7863769999999999,-0.44374275,-2.7813966,-3.1052504,-0.33322144,0.85739136,2.419983,-0.40052139999999997,-1.6066546,-3.5623574,-0.4241333,-4.5688477,3.2995605,-0.29470575,3.7698781,-4.5080385,0.38201904000000003,-4.570099,-0.6354369999999999,-0.9348074,3.7393362999999997,-0.84543204,2.7257996,-4.382202,0.7384949,-2.3797722,3.5667593,-2.4858305,2.8939513999999997,3.4250183,0.3975525,-1.9656931,-4.6065570000000005,-1.6023171999999999,0.61138916,-0.12716675,-0.11096191400000001,0.11541523000000001,-0.176426,-1.4284219999999999,-0.44607544,3.4250183,3.1106262,0.49228299999999997,-3.9652228,-4.884711,-0.44607544,3.4250183,3.1106262,0.49228299999999997,-3.9652228,-4.884711,0.706604,-0.4610901,3.2995605,-1.4848105,-0.084536836,-3.781885,-0.5215453999999999,-4.570099,-2.0087585,-0.2874452,3.6337676,1.1245143,0.3146057,-4.5314026,-0.5463867,-1.1490849,4.004052,-0.55488646,1.19104,-2.7283936,-0.9414977999999999,-1.6059706999999999,2.4573565,-0.62751627,0.24801636000000002,-1.5394592,-0.082855225,-0.49301976000000003,1.3393494,-1.5350063999999999,-0.13156128,-4.1749573,1.0631714,-0.0007157922,4.267621,-2.587069,0.33142089999999996,3.4250183,3.2995605,-0.60264266,-3.6608317,-4.893795,1.2478027,3.4250183,-4.652191,-2.0127835,-4.185108,3.5092242000000002,-1.0463257,3.4250183,0.6192322,0.43862683,-3.8605359999999997,-1.9287052,-0.06677246,1.7128906,2.7836304,-0.6566972999999999,-2.452994,-3.94549,哈哈哈哈
-0.20101929000000002,2.2818909,1.7863769999999999,-0.44374275,-2.7813966,-3.1052504,-0.33322144,0.85739136,2.419983,-0.40052139999999997,-1.6066546,-3.5623574,-0.4241333,-4.5688477,3.2995605,-0.29470575,3.7698781,-4.5080385,0.38201904000000003,-4.570099,-0.6354369999999999,-0.9348074,3.7393362999999997,-0.84543204,2.7257996,-4.382202,0.7384949,-2.3797722,3.5667593,-2.4858305,2.8939513999999997,3.4250183,0.3975525,-1.9656931,-4.6065570000000005,-1.6023171999999999,0.61138916,-0.12716675,-0.11096191400000001,0.11541523000000001,-0.176426,-1.4284219999999999,-0.44607544,3.4250183,3.1106262,0.49228299999999997,-3.9652228,-4.884711,-0.44607544,3.4250183,3.1106262,0.49228299999999997,-3.9652228,-4.884711,0.706604,-0.4610901,3.2995605,-1.4848105,-0.084536836,-3.781885,-0.5215453999999999,-4.570099,-2.0087585,-0.2874452,3.6337676,1.1245143,0.3146057,-4.5314026,-0.5463867,-1.1490849,4.004052,-0.55488646,1.19104,-2.7283936,-0.9414977999999999,-1.6059706999999999,2.4573565,-0.62751627,0.24801636000000002,-1.5394592,-0.082855225,-0.49301976000000003,1.3393494,-1.5350063999999999,-0.13156128,-4.1749573,1.0631714,-0.0007157922,4.267621,-2.587069,0.33142089999999996,3.4250183,3.2995605,-0.60264266,-3.6608317,-4.893795,1.2478027,3.4250183,-4.652191,-2.0127835,-4.185108,3.5092242000000002,-1.0463257,3.4250183,0.6192322,0.43862683,-3.8605359999999997,-1.9287052,-0.06677246,1.7128906,2.7836304,-0.6566972999999999,-2.452994,-3.94549,-0.058044434000000006,-0.89157104,2.198883,-0.5105599,-0.049223028,-3.553139,哈哈哈哈
-0.33322144,0.85739136,2.419983,-0.40052139999999997,-1.6066546,-3.5623574,-0.4241333,-4.5688477,3.2995605,-0.29470575,3.7698781,-4.5080385,0.38201904000000003,-4.570099,-0.6354369999999999,-0.9348074,3.7393362999999997,-0.84543204,2.7257996,-4.382202,0.7384949,-2.3797722,3.5667593,-2.4858305,2.8939513999999997,3.4250183,0.3975525,-1.9656931,-4.6065570000000005,-1.6023171999999999,0.61138916,-0.12716675,-0.11096191400000001,0.11541523000000001,-0.176426,-1.4284219999999999,-0.44607544,3.4250183,3.1106262,0.49228299999999997,-3.9652228,-4.884711,-0.44607544,3.4250183,3.1106262,0.49228299999999997,-3.9652228,-4.884711,0.706604,-0.4610901,3.2995605,-1.4848105,-0.084536836,-3.781885,-0.5215453999999999,-4.570099,-2.0087585,-0.2874452,3.6337676,1.1245143,0.3146057,-4.5314026,-0.5463867,-1.1490849,4.004052,-0.55488646,1.19104,-2.7283936,-0.9414977999999999,-1.6059706999999999,2.4573565,-0.62751627,0.24801636000000002,-1.5394592,-0.082855225,-0.49301976000000003,1.3393494,-1.5350063999999999,-0.13156128,-4.1749573,1.0631714,-0.0007157922,4.267621,-2.587069,0.33142089999999996,3.4250183,3.2995605,-0.60264266,-3.6608317,-4.893795,1.2478027,3.4250183,-4.652191,-2.0127835,-4.185108,3.5092242000000002,-1.0463257,3.4250183,0.6192322,0.43862683,-3.8605359999999997,-1.9287052,-0.06677246,1.7128906,2.7836304,-0.6566972999999999,-2.452994,-3.94549,-0.058044434000000006,-0.89157104,2.198883,-0.5105599,-0.049223028,-3.553139,0.32260132,-4.48761,3.2995605,-0.6624717999999999,3.6781929,-4.932391,哈哈哈哈
-0.4241333,-4.5688477,3.2995605,-0.29470575,3.7698781,-4.5080385,0.38201904000000003,-4.570099,-0.6354369999999999,-0.9348074,3.7393362999999997,-0.84543204,2.7257996,-4.382202,0.7384949,-2.3797722,3.5667593,-2.4858305,2.8939513999999997,3.4250183,0.3975525,-1.9656931,-4.6065570000000005,-1.6023171999999999,0.61138916,-0.12716675,-0.11096191400000001,0.11541523000000001,-0.176426,-1.4284219999999999,-0.44607544,3.4250183,3.1106262,0.49228299999999997,-3.9652228,-4.884711,-0.44607544,3.4250183,3.1106262,0.49228299999999997,-3.9652228,-4.884711,0.706604,-0.4610901,3.2995605,-1.4848105,-0.084536836,-3.781885,-0.5215453999999999,-4.570099,-2.0087585,-0.2874452,3.6337676,1.1245143,0.3146057,-4.5314026,-0.5463867,-1.1490849,4.004052,-0.55488646,1.19104,-2.7283936,-0.9414977999999999,-1.6059706999999999,2.4573565,-0.62751627,0.24801636000000002,-1.5394592,-0.082855225,-0.49301976000000003,1.3393494,-1.5350063999999999,-0.13156128,-4.1749573,1.0631714,-0.0007157922,4.267621,-2.587069,0.33142089999999996,3.4250183,3.2995605,-0.60264266,-3.6608317,-4.893795,1.2478027,3.4250183,-4.652191,-2.0127835,-4.185108,3.5092242000000002,-1.0463257,3.4250183,0.6192322,0.43862683,-3.8605359999999997,-1.9287052,-0.06677246,1.7128906,2.7836304,-0.6566972999999999,-2.452994,-3.94549,-0.058044434000000006,-0.89157104,2.198883,-0.5105599,-0.049223028,-3.553139,0.32260132,-4.48761,3.2995605,-0.6624717999999999,3.6781929,-4.932391,0.7621764999999999,-4.5594177,0.33621216,-0.5736164,3.8007964999999997,-2.1037157,哈哈哈哈
0.38201904000000003,-4.570099,-0.6354369999999999,-0.9348074,3.7393362999999997,-0.84543204,2.7257996,-4.382202,0.7384949,-2.3797722,3.5667593,-2.4858305,2.8939513999999997,3.4250183,0.3975525,-1.9656931,-4.6065570000000005,-1.6023171999999999,0.61138916,-0.12716675,-0.11096191400000001,0.11541523000000001,-0.176426,-1.4284219999999999,-0.44607544,3.4250183,3.1106262,0.49228299999999997,-3.9652228,-4.884711,-0.44607544,3.4250183,3.1106262,0.49228299999999997,-3.9652228,-4.884711,0.706604,-0.4610901,3.2995605,-1.4848105,-0.084536836,-3.781885,-0.5215453999999999,-4.570099,-2.0087585,-0.2874452,3.6337676,1.1245143,0.3146057,-4.5314026,-0.5463867,-1.1490849,4.004052,-0.55488646,1.19104,-2.7283936,-0.9414977999999999,-1.6059706999999999,2.4573565,-0.62751627,0.24801636000000002,-1.5394592,-0.082855225,-0.49301976000000003,1.3393494,-1.5350063999999999,-0.13156128,-4.1749573,1.0631714,-0.0007157922,4.267621,-2.587069,0.33142089999999996,3.4250183,3.2995605,-0.60264266,-3.6608317,-4.893795,1.2478027,3.4250183,-4.652191,-2.0127835,-4.185108,3.5092242000000002,-1.0463257,3.4250183,0.6192322,0.43862683,-3.8605359999999997,-1.9287052,-0.06677246,1.7128906,2.7836304,-0.6566972999999999,-2.452994,-3.94549,-0.058044434000000006,-0.89157104,2.198883,-0.5105599,-0.049223028,-3.553139,0.32260132,-4.48761,3.2995605,-0.6624717999999999,3.6781929,-4.932391,0.7621764999999999,-4.5594177,0.33621216,-0.5736164,3.8007964999999997,-2.1037157,2.3293457,-2.5323485999999997,-0.98269653,-1.6716415,1.593038,-0.58449435,哈哈哈哈
2.7257996,-4.382202,0.7384949,-2.3797722,3.5667593,-2.4858305,2.8939513999999997,3.4250183,0.3975525,-1.9656931,-4.6065570000000005,-1.6023171999999999,0.61138916,-0.12716675,-0.11096191400000001,0.11541523000000001,-0.176426,-1.4284219999999999,-0.44607544,3.4250183,3.1106262,0.49228299999999997,-3.9652228,-4.884711,-0.44607544,3.4250183,3.1106262,0.49228299999999997,-3.9652228,-4.884711,0.706604,-0.4610901,3.2995605,-1.4848105,-0.084536836,-3.781885,-0.5215453999999999,-4.570099,-2.0087585,-0.2874452,3.6337676,1.1245143,0.3146057,-4.5314026,-0.5463867,-1.1490849,4.004052,-0.55488646,1.19104,-2.7283936,-0.9414977999999999,-1.6059706999999999,2.4573565,-0.62751627,0.24801636000000002,-1.5394592,-0.082855225,-0.49301976000000003,1.3393494,-1.5350063999999999,-0.13156128,-4.1749573,1.0631714,-0.0007157922,4.267621,-2.587069,0.33142089999999996,3.4250183,3.2995605,-0.60264266,-3.6608317,-4.893795,1.2478027,3.4250183,-4.652191,-2.0127835,-4.185108,3.5092242000000002,-1.0463257,3.4250183,0.6192322,0.43862683,-3.8605359999999997,-1.9287052,-0.06677246,1.7128906,2.7836304,-0.6566972999999999,-2.452994,-3.94549,-0.058044434000000006,-0.89157104,2.198883,-0.5105599,-0.049223028,-3.553139,0.32260132,-4.48761,3.2995605,-0.6624717999999999,3.6781929,-4.932391,0.7621764999999999,-4.5594177,0.33621216,-0.5736164,3.8007964999999997,-2.1037157,2.3293457,-2.5323485999999997,-0.98269653,-1.6716415,1.593038,-0.58449435,1.2631531,-1.030304,-0.1769104,-0.54508674,0.04074146,-1.3342257,哈哈哈哈
2.8939513999999997,3.4250183,0.3975525,-1.9656931,-4.6065570000000005,-1.6023171999999999,0.61138916,-0.12716675,-0.11096191400000001,0.11541523000000001,-0.176426,-1.4284219999999999,-0.44607544,3.4250183,3.1106262,0.49228299999999997,-3.9652228,-4.884711,-0.44607544,3.4250183,3.1106262,0.49228299999999997,-3.9652228,-4.884711,0.706604,-0.4610901,3.2995605,-1.4848105,-0.084536836,-3.781885,-0.5215453999999999,-4.570099,-2.0087585,-0.2874452,3.6337676,1.1245143,0.3146057,-4.5314026,-0.5463867,-1.1490849,4.004052,-0.55488646,1.19104,-2.7283936,-0.9414977999999999,-1.6059706999999999,2.4573565,-0.62751627,0.24801636000000002,-1.5394592,-0.082855225,-0.49301976000000003,1.3393494,-1.5350063999999999,-0.13156128,-4.1749573,1.0631714,-0.0007157922,4.267621,-2.587069,0.33142089999999996,3.4250183,3.2995605,-0.60264266,-3.6608317,-4.893795,1.2478027,3.4250183,-4.652191,-2.0127835,-4.185108,3.5092242000000002,-1.0463257,3.4250183,0.6192322,0.43862683,-3.8605359999999997,-1.9287052,-0.06677246,1.7128906,2.7836304,-0.6566972999999999,-2.452994,-3.94549,-0.058044434000000006,-0.89157104,2.198883,-0.5105599,-0.049223028,-3.553139,0.32260132,-4.48761,3.2995605,-0.6624717999999999,3.6781929,-4.932391,0.7621764999999999,-4.5594177,0.33621216,-0.5736164,3.8007964999999997,-2.1037157,2.3293457,-2.5323485999999997,-0.98269653,-1.6716415,1.593038,-0.58449435,1.2631531,-1.030304,-0.1769104,-0.54508674,0.04074146,-1.3342257,0.6011963,-1.224762,-0.6844177,0.35429000000000005,0.35655463,-0.61273456,哈哈哈哈
0.61138916,-0.12716675,-0.11096191400000001,0.11541523000000001,-0.176426,-1.4284219999999999,-0.44607544,3.4250183,3.1106262,0.49228299999999997,-3.9652228,-4.884711,-0.44607544,3.4250183,3.1106262,0.49228299999999997,-3.9652228,-4.884711,0.706604,-0.4610901,3.2995605,-1.4848105,-0.084536836,-3.781885,-0.5215453999999999,-4.570099,-2.0087585,-0.2874452,3.6337676,1.1245143,0.3146057,-4.5314026,-0.5463867,-1.1490849,4.004052,-0.55488646,1.19104,-2.7283936,-0.9414977999999999,-1.6059706999999999,2.4573565,-0.62751627,0.24801636000000002,-1.5394592,-0.082855225,-0.49301976000000003,1.3393494,-1.5350063999999999,-0.13156128,-4.1749573,1.0631714,-0.0007157922,4.267621,-2.587069,0.33142089999999996,3.4250183,3.2995605,-0.60264266,-3.6608317,-4.893795,1.2478027,3.4250183,-4.652191,-2.0127835,-4.185108,3.5092242000000002,-1.0463257,3.4250183,0.6192322,0.43862683,-3.8605359999999997,-1.9287052,-0.06677246,1.7128906,2.7836304,-0.6566972999999999,-2.452994,-3.94549,-0.058044434000000006,-0.89157104,2.198883,-0.5105599,-0.049223028,-3.553139,0.32260132,-4.48761,3.2995605,-0.6624717999999999,3.6781929,-4.932391,0.7621764999999999,-4.5594177,0.33621216,-0.5736164,3.8007964999999997,-2.1037157,2.3293457,-2.5323485999999997,-0.98269653,-1.6716415,1.593038,-0.58449435,1.2631531,-1.030304,-0.1769104,-0.54508674,0.04074146,-1.3342257,0.6011963,-1.224762,-0.6844177,0.35429000000000005,0.35655463,-0.61273456,0.30978394,-4.391205,-0.43481445,0.40120474,4.208084,-1.0522515,哈哈哈哈
-0.44607544,3.4250183,3.1106262,0.49228299999999997,-3.9652228,-4.884711,-0.44607544,3.4250183,3.1106262,0.49228299999999997,-3.9652228,-4.884711,0.706604,-0.4610901,3.2995605,-1.4848105,-0.084536836,-3.781885,-0.5215453999999999,-4.570099,-2.0087585,-0.2874452,3.6337676,1.1245143,0.3146057,-4.5314026,-0.5463867,-1.1490849,4.004052,-0.55488646,1.19104,-2.7283936,-0.9414977999999999,-1.6059706999999999,2.4573565,-0.62751627,0.24801636000000002,-1.5394592,-0.082855225,-0.49301976000000003,1.3393494,-1.5350063999999999,-0.13156128,-4.1749573,1.0631714,-0.0007157922,4.267621,-2.587069,0.33142089999999996,3.4250183,3.2995605,-0.60264266,-3.6608317,-4.893795,1.2478027,3.4250183,-4.652191,-2.0127835,-4.185108,3.5092242000000002,-1.0463257,3.4250183,0.6192322,0.43862683,-3.8605359999999997,-1.9287052,-0.06677246,1.7128906,2.7836304,-0.6566972999999999,-2.452994,-3.94549,-0.058044434000000006,-0.89157104,2.198883,-0.5105599,-0.049223028,-3.553139,0.32260132,-4.48761,3.2995605,-0.6624717999999999,3.6781929,-4.932391,0.7621764999999999,-4.5594177,0.33621216,-0.5736164,3.8007964999999997,-2.1037157,2.3293457,-2.5323485999999997,-0.98269653,-1.6716415,1.593038,-0.58449435,1.2631531,-1.030304,-0.1769104,-0.54508674,0.04074146,-1.3342257,0.6011963,-1.224762,-0.6844177,0.35429000000000005,0.35655463,-0.61273456,0.30978394,-4.391205,-0.43481445,0.40120474,4.208084,-1.0522515,-0.22183228,3.044281,3.2995605,0.2357482,-3.455889,-5.058564,哈哈哈哈
-0.44607544,3.4250183,3.1106262,0.49228299999999997,-3.9652228,-4.884711,0.706604,-0.4610901,3.2995605,-1.4848105,-0.084536836,-3.781885,-0.5215453999999999,-4.570099,-2.0087585,-0.2874452,3.6337676,1.1245143,0.3146057,-4.5314026,-0.5463867,-1.1490849,4.004052,-0.55488646,1.19104,-2.7283936,-0.9414977999999999,-1.6059706999999999,2.4573565,-0.62751627,0.24801636000000002,-1.5394592,-0.082855225,-0.49301976000000003,1.3393494,-1.5350063999999999,-0.13156128,-4.1749573,1.0631714,-0.0007157922,4.267621,-2.587069,0.33142089999999996,3.4250183,3.2995605,-0.60264266,-3.6608317,-4.893795,1.2478027,3.4250183,-4.652191,-2.0127835,-4.185108,3.5092242000000002,-1.0463257,3.4250183,0.6192322,0.43862683,-3.8605359999999997,-1.9287052,-0.06677246,1.7128906,2.7836304,-0.6566972999999999,-2.452994,-3.94549,-0.058044434000000006,-0.89157104,2.198883,-0.5105599,-0.049223028,-3.553139,0.32260132,-4.48761,3.2995605,-0.6624717999999999,3.6781929,-4.932391,0.7621764999999999,-4.5594177,0.33621216,-0.5736164,3.8007964999999997,-2.1037157,2.3293457,-2.5323485999999997,-0.98269653,-1.6716415,1.593038,-0.58449435,1.2631531,-1.030304,-0.1769104,-0.54508674,0.04074146,-1.3342257,0.6011963,-1.224762,-0.6844177,0.35429000000000005,0.35655463,-0.61273456,0.30978394,-4.391205,-0.43481445,0.40120474,4.208084,-1.0522515,-0.22183228,3.044281,3.2995605,0.2357482,-3.455889,-5.058564,-1.116272,3.4250183,-0.0146484375,0.52920973,-3.603595,-1.1356047,哈哈哈哈
0.706604,-0.4610901,3.2995605,-1.4848105,-0.084536836,-3.781885,-0.5215453999999999,-4.570099,-2.0087585,-0.2874452,3.6337676,1.1245143,0.3146057,-4.5314026,-0.5463867,-1.1490849,4.004052,-0.55488646,1.19104,-2.7283936,-0.9414977999999999,-1.6059706999999999,2.4573565,-0.62751627,0.24801636000000002,-1.5394592,-0.082855225,-0.49301976000000003,1.3393494,-1.5350063999999999,-0.13156128,-4.1749573,1.0631714,-0.0007157922,4.267621,-2.587069,0.33142089999999996,3.4250183,3.2995605,-0.60264266,-3.6608317,-4.893795,1.2478027,3.4250183,-4.652191,-2.0127835,-4.185108,3.5092242000000002,-1.0463257,3.4250183,0.6192322,0.43862683,-3.8605359999999997,-1.9287052,-0.06677246,1.7128906,2.7836304,-0.6566972999999999,-2.452994,-3.94549,-0.058044434000000006,-0.89157104,2.198883,-0.5105599,-0.049223028,-3.553139,0.32260132,-4.48761,3.2995605,-0.6624717999999999,3.6781929,-4.932391,0.7621764999999999,-4.5594177,0.33621216,-0.5736164,3.8007964999999997,-2.1037157,2.3293457,-2.5323485999999997,-0.98269653,-1.6716415,1.593038,-0.58449435,1.2631531,-1.030304,-0.1769104,-0.54508674,0.04074146,-1.3342257,0.6011963,-1.224762,-0.6844177,0.35429000000000005,0.35655463,-0.61273456,0.30978394,-4.391205,-0.43481445,0.40120474,4.208084,-1.0522515,-0.22183228,3.044281,3.2995605,0.2357482,-3.455889,-5.058564,-1.116272,3.4250183,-0.0146484375,0.52920973,-3.603595,-1.1356047,-0.18154907,0.40689087,-0.2861023,-0.5786262999999999,-0.6473759,-0.45782906,哈哈哈哈
-0.5215453999999999,-4.570099,-2.0087585,-0.2874452,3.6337676,1.1245143,0.3146057,-4.5314026,-0.5463867,-1.1490849,4.004052,-0.55488646,1.19104,-2.7283936,-0.9414977999999999,-1.6059706999999999,2.4573565,-0.62751627,0.24801636000000002,-1.5394592,-0.082855225,-0.49301976000000003,1.3393494,-1.5350063999999999,-0.13156128,-4.1749573,1.0631714,-0.0007157922,4.267621,-2.587069,0.33142089999999996,3.4250183,3.2995605,-0.60264266,-3.6608317,-4.893795,1.2478027,3.4250183,-4.652191,-2.0127835,-4.185108,3.5092242000000002,-1.0463257,3.4250183,0.6192322,0.43862683,-3.8605359999999997,-1.9287052,-0.06677246,1.7128906,2.7836304,-0.6566972999999999,-2.452994,-3.94549,-0.058044434000000006,-0.89157104,2.198883,-0.5105599,-0.049223028,-3.553139,0.32260132,-4.48761,3.2995605,-0.6624717999999999,3.6781929,-4.932391,0.7621764999999999,-4.5594177,0.33621216,-0.5736164,3.8007964999999997,-2.1037157,2.3293457,-2.5323485999999997,-0.98269653,-1.6716415,1.593038,-0.58449435,1.2631531,-1.030304,-0.1769104,-0.54508674,0.04074146,-1.3342257,0.6011963,-1.224762,-0.6844177,0.35429000000000005,0.35655463,-0.61273456,0.30978394,-4.391205,-0.43481445,0.40120474,4.208084,-1.0522515,-0.22183228,3.044281,3.2995605,0.2357482,-3.455889,-5.058564,-1.116272,3.4250183,-0.0146484375,0.52920973,-3.603595,-1.1356047,-0.18154907,0.40689087,-0.2861023,-0.5786262999999999,-0.6473759,-0.45782906,0.5592041,-0.42919922,1.882721,-1.3962705,-0.08083777,-2.6974168,哈哈哈哈
0.3146057,-4.5314026,-0.5463867,-1.1490849,4.004052,-0.55488646,1.19104,-2.7283936,-0.9414977999999999,-1.6059706999999999,2.4573565,-0.62751627,0.24801636000000002,-1.5394592,-0.082855225,-0.49301976000000003,1.3393494,-1.5350063999999999,-0.13156128,-4.1749573,1.0631714,-0.0007157922,4.267621,-2.587069,0.33142089999999996,3.4250183,3.2995605,-0.60264266,-3.6608317,-4.893795,1.2478027,3.4250183,-4.652191,-2.0127835,-4.185108,3.5092242000000002,-1.0463257,3.4250183,0.6192322,0.43862683,-3.8605359999999997,-1.9287052,-0.06677246,1.7128906,2.7836304,-0.6566972999999999,-2.452994,-3.94549,-0.058044434000000006,-0.89157104,2.198883,-0.5105599,-0.049223028,-3.553139,0.32260132,-4.48761,3.2995605,-0.6624717999999999,3.6781929,-4.932391,0.7621764999999999,-4.5594177,0.33621216,-0.5736164,3.8007964999999997,-2.1037157,2.3293457,-2.5323485999999997,-0.98269653,-1.6716415,1.593038,-0.58449435,1.2631531,-1.030304,-0.1769104,-0.54508674,0.04074146,-1.3342257,0.6011963,-1.224762,-0.6844177,0.35429000000000005,0.35655463,-0.61273456,0.30978394,-4.391205,-0.43481445,0.40120474,4.208084,-1.0522515,-0.22183228,3.044281,3.2995605,0.2357482,-3.455889,-5.058564,-1.116272,3.4250183,-0.0146484375,0.52920973,-3.603595,-1.1356047,-0.18154907,0.40689087,-0.2861023,-0.5786262999999999,-0.6473759,-0.45782906,0.5592041,-0.42919922,1.882721,-1.3962705,-0.08083777,-2.6974168,-0.01083374,-0.5499878,0.30780029999999997,-0.70976675,-0.37247533,-1.4341,哈哈哈哈
1.19104,-2.7283936,-0.9414977999999999,-1.6059706999999999,2.4573565,-0.62751627,0.24801636000000002,-1.5394592,-0.082855225,-0.49301976000000003,1.3393494,-1.5350063999999999,-0.13156128,-4.1749573,1.0631714,-0.0007157922,4.267621,-2.587069,0.33142089999999996,3.4250183,3.2995605,-0.60264266,-3.6608317,-4.893795,1.2478027,3.4250183,-4.652191,-2.0127835,-4.185108,3.5092242000000002,-1.0463257,3.4250183,0.6192322,0.43862683,-3.8605359999999997,-1.9287052,-0.06677246,1.7128906,2.7836304,-0.6566972999999999,-2.452994,-3.94549,-0.058044434000000006,-0.89157104,2.198883,-0.5105599,-0.049223028,-3.553139,0.32260132,-4.48761,3.2995605,-0.6624717999999999,3.6781929,-4.932391,0.7621764999999999,-4.5594177,0.33621216,-0.5736164,3.8007964999999997,-2.1037157,2.3293457,-2.5323485999999997,-0.98269653,-1.6716415,1.593038,-0.58449435,1.2631531,-1.030304,-0.1769104,-0.54508674,0.04074146,-1.3342257,0.6011963,-1.224762,-0.6844177,0.35429000000000005,0.35655463,-0.61273456,0.30978394,-4.391205,-0.43481445,0.40120474,4.208084,-1.0522515,-0.22183228,3.044281,3.2995605,0.2357482,-3.455889,-5.058564,-1.116272,3.4250183,-0.0146484375,0.52920973,-3.603595,-1.1356047,-0.18154907,0.40689087,-0.2861023,-0.5786262999999999,-0.6473759,-0.45782906,0.5592041,-0.42919922,1.882721,-1.3962705,-0.08083777,-2.6974168,-0.01083374,-0.5499878,0.30780029999999997,-0.70976675,-0.37247533,-1.4341,-0.34622192,-0.35162354,1.0653076,-0.255143,-0.6558851,-2.3224578,哈哈哈哈
0.24801636000000002,-1.5394592,-0.082855225,-0.49301976000000003,1.3393494,-1.5350063999999999,-0.13156128,-4.1749573,1.0631714,-0.0007157922,4.267621,-2.587069,0.33142089999999996,3.4250183,3.2995605,-0.60264266,-3.6608317,-4.893795,1.2478027,3.4250183,-4.652191,-2.0127835,-4.185108,3.5092242000000002,-1.0463257,3.4250183,0.6192322,0.43862683,-3.8605359999999997,-1.9287052,-0.06677246,1.7128906,2.7836304,-0.6566972999999999,-2.452994,-3.94549,-0.058044434000000006,-0.89157104,2.198883,-0.5105599,-0.049223028,-3.553139,0.32260132,-4.48761,3.2995605,-0.6624717999999999,3.6781929,-4.932391,0.7621764999999999,-4.5594177,0.33621216,-0.5736164,3.8007964999999997,-2.1037157,2.3293457,-2.5323485999999997,-0.98269653,-1.6716415,1.593038,-0.58449435,1.2631531,-1.030304,-0.1769104,-0.54508674,0.04074146,-1.3342257,0.6011963,-1.224762,-0.6844177,0.35429000000000005,0.35655463,-0.61273456,0.30978394,-4.391205,-0.43481445,0.40120474,4.208084,-1.0522515,-0.22183228,3.044281,3.2995605,0.2357482,-3.455889,-5.058564,-1.116272,3.4250183,-0.0146484375,0.52920973,-3.603595,-1.1356047,-0.18154907,0.40689087,-0.2861023,-0.5786262999999999,-0.6473759,-0.45782906,0.5592041,-0.42919922,1.882721,-1.3962705,-0.08083777,-2.6974168,-0.01083374,-0.5499878,0.30780029999999997,-0.70976675,-0.37247533,-1.4341,-0.34622192,-0.35162354,1.0653076,-0.255143,-0.6558851,-2.3224578,1.0554199,-3.3789978,3.2995605,-1.332848,2.2201512,-4.760499,哈哈哈哈
-0.13156128,-4.1749573,1.0631714,-0.0007157922,4.267621,-2.587069,0.33142089999999996,3.4250183,3.2995605,-0.60264266,-3.6608317,-4.893795,1.2478027,3.4250183,-4.652191,-2.0127835,-4.185108,3.5092242000000002,-1.0463257,3.4250183,0.6192322,0.43862683,-3.8605359999999997,-1.9287052,-0.06677246,1.7128906,2.7836304,-0.6566972999999999,-2.452994,-3.94549,-0.058044434000000006,-0.89157104,2.198883,-0.5105599,-0.049223028,-3.553139,0.32260132,-4.48761,3.2995605,-0.6624717999999999,3.6781929,-4.932391,0.7621764999999999,-4.5594177,0.33621216,-0.5736164,3.8007964999999997,-2.1037157,2.3293457,-2.5323485999999997,-0.98269653,-1.6716415,1.593038,-0.58449435,1.2631531,-1.030304,-0.1769104,-0.54508674,0.04074146,-1.3342257,0.6011963,-1.224762,-0.6844177,0.35429000000000005,0.35655463,-0.61273456,0.30978394,-4.391205,-0.43481445,0.40120474,4.208084,-1.0522515,-0.22183228,3.044281,3.2995605,0.2357482,-3.455889,-5.058564,-1.116272,3.4250183,-0.0146484375,0.52920973,-3.603595,-1.1356047,-0.18154907,0.40689087,-0.2861023,-0.5786262999999999,-0.6473759,-0.45782906,0.5592041,-0.42919922,1.882721,-1.3962705,-0.08083777,-2.6974168,-0.01083374,-0.5499878,0.30780029999999997,-0.70976675,-0.37247533,-1.4341,-0.34622192,-0.35162354,1.0653076,-0.255143,-0.6558851,-2.3224578,1.0554199,-3.3789978,3.2995605,-1.332848,2.2201512,-4.760499,0.59121704,-4.527191,-0.80529785,-0.5676061,3.6952646,-0.9393486999999999,哈哈哈哈
0.33142089999999996,3.4250183,3.2995605,-0.60264266,-3.6608317,-4.893795,1.2478027,3.4250183,-4.652191,-2.0127835,-4.185108,3.5092242000000002,-1.0463257,3.4250183,0.6192322,0.43862683,-3.8605359999999997,-1.9287052,-0.06677246,1.7128906,2.7836304,-0.6566972999999999,-2.452994,-3.94549,-0.058044434000000006,-0.89157104,2.198883,-0.5105599,-0.049223028,-3.553139,0.32260132,-4.48761,3.2995605,-0.6624717999999999,3.6781929,-4.932391,0.7621764999999999,-4.5594177,0.33621216,-0.5736164,3.8007964999999997,-2.1037157,2.3293457,-2.5323485999999997,-0.98269653,-1.6716415,1.593038,-0.58449435,1.2631531,-1.030304,-0.1769104,-0.54508674,0.04074146,-1.3342257,0.6011963,-1.224762,-0.6844177,0.35429000000000005,0.35655463,-0.61273456,0.30978394,-4.391205,-0.43481445,0.40120474,4.208084,-1.0522515,-0.22183228,3.044281,3.2995605,0.2357482,-3.455889,-5.058564,-1.116272,3.4250183,-0.0146484375,0.52920973,-3.603595,-1.1356047,-0.18154907,0.40689087,-0.2861023,-0.5786262999999999,-0.6473759,-0.45782906,0.5592041,-0.42919922,1.882721,-1.3962705,-0.08083777,-2.6974168,-0.01083374,-0.5499878,0.30780029999999997,-0.70976675,-0.37247533,-1.4341,-0.34622192,-0.35162354,1.0653076,-0.255143,-0.6558851,-2.3224578,1.0554199,-3.3789978,3.2995605,-1.332848,2.2201512,-4.760499,0.59121704,-4.527191,-0.80529785,-0.5676061,3.6952646,-0.9393486999999999,1.2902832,-0.14562988,2.3460388,-0.6046528999999999,-0.9208252,-3.848321,哈哈哈哈
1.2478027,3.4250183,-4.652191,-2.0127835,-4.185108,3.5092242000000002,-1.0463257,3.4250183,0.6192322,0.43862683,-3.8605359999999997,-1.9287052,-0.06677246,1.7128906,2.7836304,-0.6566972999999999,-2.452994,-3.94549,-0.058044434000000006,-0.89157104,2.198883,-0.5105599,-0.049223028,-3.553139,0.32260132,-4.48761,3.2995605,-0.6624717999999999,3.6781929,-4.932391,0.7621764999999999,-4.5594177,0.33621216,-0.5736164,3.8007964999999997,-2.1037157,2.3293457,-2.5323485999999997,-0.98269653,-1.6716415,1.593038,-0.58449435,1.2631531,-1.030304,-0.1769104,-0.54508674,0.04074146,-1.3342257,0.6011963,-1.224762,-0.6844177,0.35429000000000005,0.35655463,-0.61273456,0.30978394,-4.391205,-0.43481445,0.40120474,4.208084,-1.0522515,-0.22183228,3.044281,3.2995605,0.2357482,-3.455889,-5.058564,-1.116272,3.4250183,-0.0146484375,0.52920973,-3.603595,-1.1356047,-0.18154907,0.40689087,-0.2861023,-0.5786262999999999,-0.6473759,-0.45782906,0.5592041,-0.42919922,1.882721,-1.3962705,-0.08083777,-2.6974168,-0.01083374,-0.5499878,0.30780029999999997,-0.70976675,-0.37247533,-1.4341,-0.34622192,-0.35162354,1.0653076,-0.255143,-0.6558851,-2.3224578,1.0554199,-3.3789978,3.2995605,-1.332848,2.2201512,-4.760499,0.59121704,-4.527191,-0.80529785,-0.5676061,3.6952646,-0.9393486999999999,1.2902832,-0.14562988,2.3460388,-0.6046528999999999,-0.9208252,-3.848321,0.7861022999999999,-1.0166931,0.26507568,0.19734216000000002,0.09145431,-1.4858747,哈哈哈哈
-1.0463257,3.4250183,0.6192322,0.43862683,-3.8605359999999997,-1.9287052,-0.06677246,1.7128906,2.7836304,-0.6566972999999999,-2.452994,-3.94549,-0.058044434000000006,-0.89157104,2.198883,-0.5105599,-0.049223028,-3.553139,0.32260132,-4.48761,3.2995605,-0.6624717999999999,3.6781929,-4.932391,0.7621764999999999,-4.5594177,0.33621216,-0.5736164,3.8007964999999997,-2.1037157,2.3293457,-2.5323485999999997,-0.98269653,-1.6716415,1.593038,-0.58449435,1.2631531,-1.030304,-0.1769104,-0.54508674,0.04074146,-1.3342257,0.6011963,-1.224762,-0.6844177,0.35429000000000005,0.35655463,-0.61273456,0.30978394,-4.391205,-0.43481445,0.40120474,4.208084,-1.0522515,-0.22183228,3.044281,3.2995605,0.2357482,-3.455889,-5.058564,-1.116272,3.4250183,-0.0146484375,0.52920973,-3.603595,-1.1356047,-0.18154907,0.40689087,-0.2861023,-0.5786262999999999,-0.6473759,-0.45782906,0.5592041,-0.42919922,1.882721,-1.3962705,-0.08083777,-2.6974168,-0.01083374,-0.5499878,0.30780029999999997,-0.70976675,-0.37247533,-1.4341,-0.34622192,-0.35162354,1.0653076,-0.255143,-0.6558851,-2.3224578,1.0554199,-3.3789978,3.2995605,-1.332848,2.2201512,-4.760499,0.59121704,-4.527191,-0.80529785,-0.5676061,3.6952646,-0.9393486999999999,1.2902832,-0.14562988,2.3460388,-0.6046528999999999,-0.9208252,-3.848321,0.7861022999999999,-1.0166931,0.26507568,0.19734216000000002,0.09145431,-1.4858747,0.6498718,-4.570099,0.30654907,0.23695909999999998,4.3658714,-1.6260772000000001,哈哈哈哈
-0.06677246,1.7128906,2.7836304,-0.6566972999999999,-2.452994,-3.94549,-0.058044434000000006,-0.89157104,2.198883,-0.5105599,-0.049223028,-3.553139,0.32260132,-4.48761,3.2995605,-0.6624717999999999,3.6781929,-4.932391,0.7621764999999999,-4.5594177,0.33621216,-0.5736164,3.8007964999999997,-2.1037157,2.3293457,-2.5323485999999997,-0.98269653,-1.6716415,1.593038,-0.58449435,1.2631531,-1.030304,-0.1769104,-0.54508674,0.04074146,-1.3342257,0.6011963,-1.224762,-0.6844177,0.35429000000000005,0.35655463,-0.61273456,0.30978394,-4.391205,-0.43481445,0.40120474,4.208084,-1.0522515,-0.22183228,3.044281,3.2995605,0.2357482,-3.455889,-5.058564,-1.116272,3.4250183,-0.0146484375,0.52920973,-3.603595,-1.1356047,-0.18154907,0.40689087,-0.2861023,-0.5786262999999999,-0.6473759,-0.45782906,0.5592041,-0.42919922,1.882721,-1.3962705,-0.08083777,-2.6974168,-0.01083374,-0.5499878,0.30780029999999997,-0.70976675,-0.37247533,-1.4341,-0.34622192,-0.35162354,1.0653076,-0.255143,-0.6558851,-2.3224578,1.0554199,-3.3789978,3.2995605,-1.332848,2.2201512,-4.760499,0.59121704,-4.527191,-0.80529785,-0.5676061,3.6952646,-0.9393486999999999,1.2902832,-0.14562988,2.3460388,-0.6046528999999999,-0.9208252,-3.848321,0.7861022999999999,-1.0166931,0.26507568,0.19734216000000002,0.09145431,-1.4858747,0.6498718,-4.570099,0.30654907,0.23695909999999998,4.3658714,-1.6260772000000001,0.27130127,2.2095337,3.2995605,-0.30285197,-2.5089053999999997,-5.0314984,哈哈哈哈
-0.058044434000000006,-0.89157104,2.198883,-0.5105599,-0.049223028,-3.553139,0.32260132,-4.48761,3.2995605,-0.6624717999999999,3.6781929,-4.932391,0.7621764999999999,-4.5594177,0.33621216,-0.5736164,3.8007964999999997,-2.1037157,2.3293457,-2.5323485999999997,-0.98269653,-1.6716415,1.593038,-0.58449435,1.2631531,-1.030304,-0.1769104,-0.54508674,0.04074146,-1.3342257,0.6011963,-1.224762,-0.6844177,0.35429000000000005,0.35655463,-0.61273456,0.30978394,-4.391205,-0.43481445,0.40120474,4.208084,-1.0522515,-0.22183228,3.044281,3.2995605,0.2357482,-3.455889,-5.058564,-1.116272,3.4250183,-0.0146484375,0.52920973,-3.603595,-1.1356047,-0.18154907,0.40689087,-0.2861023,-0.5786262999999999,-0.6473759,-0.45782906,0.5592041,-0.42919922,1.882721,-1.3962705,-0.08083777,-2.6974168,-0.01083374,-0.5499878,0.30780029999999997,-0.70976675,-0.37247533,-1.4341,-0.34622192,-0.35162354,1.0653076,-0.255143,-0.6558851,-2.3224578,1.0554199,-3.3789978,3.2995605,-1.332848,2.2201512,-4.760499,0.59121704,-4.527191,-0.80529785,-0.5676061,3.6952646,-0.9393486999999999,1.2902832,-0.14562988,2.3460388,-0.6046528999999999,-0.9208252,-3.848321,0.7861022999999999,-1.0166931,0.26507568,0.19734216000000002,0.09145431,-1.4858747,0.6498718,-4.570099,0.30654907,0.23695909999999998,4.3658714,-1.6260772000000001,0.27130127,2.2095337,3.2995605,-0.30285197,-2.5089053999999997,-5.0314984,-0.0025634766,3.1760864,1.2182007,-0.5371536,-3.4981196,-2.5973496,哈哈哈哈
0.32260132,-4.48761,3.2995605,-0.6624717999999999,3.6781929,-4.932391,0.7621764999999999,-4.5594177,0.33621216,-0.5736164,3.8007964999999997,-2.1037157,2.3293457,-2.5323485999999997,-0.98269653,-1.6716415,1.593038,-0.58449435,1.2631531,-1.030304,-0.1769104,-0.54508674,0.04074146,-1.3342257,0.6011963,-1.224762,-0.6844177,0.35429000000000005,0.35655463,-0.61273456,0.30978394,-4.391205,-0.43481445,0.40120474,4.208084,-1.0522515,-0.22183228,3.044281,3.2995605,0.2357482,-3.455889,-5.058564,-1.116272,3.4250183,-0.0146484375,0.52920973,-3.603595,-1.1356047,-0.18154907,0.40689087,-0.2861023,-0.5786262999999999,-0.6473759,-0.45782906,0.5592041,-0.42919922,1.882721,-1.3962705,-0.08083777,-2.6974168,-0.01083374,-0.5499878,0.30780029999999997,-0.70976675,-0.37247533,-1.4341,-0.34622192,-0.35162354,1.0653076,-0.255143,-0.6558851,-2.3224578,1.0554199,-3.3789978,3.2995605,-1.332848,2.2201512,-4.760499,0.59121704,-4.527191,-0.80529785,-0.5676061,3.6952646,-0.9393486999999999,1.2902832,-0.14562988,2.3460388,-0.6046528999999999,-0.9208252,-3.848321,0.7861022999999999,-1.0166931,0.26507568,0.19734216000000002,0.09145431,-1.4858747,0.6498718,-4.570099,0.30654907,0.23695909999999998,4.3658714,-1.6260772000000001,0.27130127,2.2095337,3.2995605,-0.30285197,-2.5089053999999997,-5.0314984,-0.0025634766,3.1760864,1.2182007,-0.5371536,-3.4981196,-2.5973496,-0.66238403,0.23861694,0.3529663,-0.07366639400000001,-0.47739595,-0.9146392999999999,哈哈哈哈
0.7621764999999999,-4.5594177,0.33621216,-0.5736164,3.8007964999999997,-2.1037157,2.3293457,-2.5323485999999997,-0.98269653,-1.6716415,1.593038,-0.58449435,1.2631531,-1.030304,-0.1769104,-0.54508674,0.04074146,-1.3342257,0.6011963,-1.224762,-0.6844177,0.35429000000000005,0.35655463,-0.61273456,0.30978394,-4.391205,-0.43481445,0.40120474,4.208084,-1.0522515,-0.22183228,3.044281,3.2995605,0.2357482,-3.455889,-5.058564,-1.116272,3.4250183,-0.0146484375,0.52920973,-3.603595,-1.1356047,-0.18154907,0.40689087,-0.2861023,-0.5786262999999999,-0.6473759,-0.45782906,0.5592041,-0.42919922,1.882721,-1.3962705,-0.08083777,-2.6974168,-0.01083374,-0.5499878,0.30780029999999997,-0.70976675,-0.37247533,-1.4341,-0.34622192,-0.35162354,1.0653076,-0.255143,-0.6558851,-2.3224578,1.0554199,-3.3789978,3.2995605,-1.332848,2.2201512,-4.760499,0.59121704,-4.527191,-0.80529785,-0.5676061,3.6952646,-0.9393486999999999,1.2902832,-0.14562988,2.3460388,-0.6046528999999999,-0.9208252,-3.848321,0.7861022999999999,-1.0166931,0.26507568,0.19734216000000002,0.09145431,-1.4858747,0.6498718,-4.570099,0.30654907,0.23695909999999998,4.3658714,-1.6260772000000001,0.27130127,2.2095337,3.2995605,-0.30285197,-2.5089053999999997,-5.0314984,-0.0025634766,3.1760864,1.2182007,-0.5371536,-3.4981196,-2.5973496,-0.66238403,0.23861694,0.3529663,-0.07366639400000001,-0.47739595,-0.9146392999999999,0.041381836000000005,-1.5793152,0.78359985,-0.88463366,0.9858421700000001,-1.45912,哈哈哈哈
2.3293457,-2.5323485999999997,-0.98269653,-1.6716415,1.593038,-0.58449435,1.2631531,-1.030304,-0.1769104,-0.54508674,0.04074146,-1.3342257,0.6011963,-1.224762,-0.6844177,0.35429000000000005,0.35655463,-0.61273456,0.30978394,-4.391205,-0.43481445,0.40120474,4.208084,-1.0522515,-0.22183228,3.044281,3.2995605,0.2357482,-3.455889,-5.058564,-1.116272,3.4250183,-0.0146484375,0.52920973,-3.603595,-1.1356047,-0.18154907,0.40689087,-0.2861023,-0.5786262999999999,-0.6473759,-0.45782906,0.5592041,-0.42919922,1.882721,-1.3962705,-0.08083777,-2.6974168,-0.01083374,-0.5499878,0.30780029999999997,-0.70976675,-0.37247533,-1.4341,-0.34622192,-0.35162354,1.0653076,-0.255143,-0.6558851,-2.3224578,1.0554199,-3.3789978,3.2995605,-1.332848,2.2201512,-4.760499,0.59121704,-4.527191,-0.80529785,-0.5676061,3.6952646,-0.9393486999999999,1.2902832,-0.14562988,2.3460388,-0.6046528999999999,-0.9208252,-3.848321,0.7861022999999999,-1.0166931,0.26507568,0.19734216000000002,0.09145431,-1.4858747,0.6498718,-4.570099,0.30654907,0.23695909999999998,4.3658714,-1.6260772000000001,0.27130127,2.2095337,3.2995605,-0.30285197,-2.5089053999999997,-5.0314984,-0.0025634766,3.1760864,1.2182007,-0.5371536,-3.4981196,-2.5973496,-0.66238403,0.23861694,0.3529663,-0.07366639400000001,-0.47739595,-0.9146392999999999,0.041381836000000005,-1.5793152,0.78359985,-0.88463366,0.9858421700000001,-1.45912,0.041381836000000005,-1.5793152,0.78359985,-0.88463366,0.9858421700000001,-1.45912,哈哈哈哈
1.2631531,-1.030304,-0.1769104,-0.54508674,0.04074146,-1.3342257,0.6011963,-1.224762,-0.6844177,0.35429000000000005,0.35655463,-0.61273456,0.30978394,-4.391205,-0.43481445,0.40120474,4.208084,-1.0522515,-0.22183228,3.044281,3.2995605,0.2357482,-3.455889,-5.058564,-1.116272,3.4250183,-0.0146484375,0.52920973,-3.603595,-1.1356047,-0.18154907,0.40689087,-0.2861023,-0.5786262999999999,-0.6473759,-0.45782906,0.5592041,-0.42919922,1.882721,-1.3962705,-0.08083777,-2.6974168,-0.01083374,-0.5499878,0.30780029999999997,-0.70976675,-0.37247533,-1.4341,-0.34622192,-0.35162354,1.0653076,-0.255143,-0.6558851,-2.3224578,1.0554199,-3.3789978,3.2995605,-1.332848,2.2201512,-4.760499,0.59121704,-4.527191,-0.80529785,-0.5676061,3.6952646,-0.9393486999999999,1.2902832,-0.14562988,2.3460388,-0.6046528999999999,-0.9208252,-3.848321,0.7861022999999999,-1.0166931,0.26507568,0.19734216000000002,0.09145431,-1.4858747,0.6498718,-4.570099,0.30654907,0.23695909999999998,4.3658714,-1.6260772000000001,0.27130127,2.2095337,3.2995605,-0.30285197,-2.5089053999999997,-5.0314984,-0.0025634766,3.1760864,1.2182007,-0.5371536,-3.4981196,-2.5973496,-0.66238403,0.23861694,0.3529663,-0.07366639400000001,-0.47739595,-0.9146392999999999,0.041381836000000005,-1.5793152,0.78359985,-0.88463366,0.9858421700000001,-1.45912,0.041381836000000005,-1.5793152,0.78359985,-0.88463366,0.9858421700000001,-1.45912,0.026275635000000002,-1.513031,0.5994873,-0.8740778,0.8728045,-1.3813105,哈哈哈哈
0.6011963,-1.224762,-0.6844177,0.35429000000000005,0.35655463,-0.61273456,0.30978394,-4.391205,-0.43481445,0.40120474,4.208084,-1.0522515,-0.22183228,3.044281,3.2995605,0.2357482,-3.455889,-5.058564,-1.116272,3.4250183,-0.0146484375,0.52920973,-3.603595,-1.1356047,-0.18154907,0.40689087,-0.2861023,-0.5786262999999999,-0.6473759,-0.45782906,0.5592041,-0.42919922,1.882721,-1.3962705,-0.08083777,-2.6974168,-0.01083374,-0.5499878,0.30780029999999997,-0.70976675,-0.37247533,-1.4341,-0.34622192,-0.35162354,1.0653076,-0.255143,-0.6558851,-2.3224578,1.0554199,-3.3789978,3.2995605,-1.332848,2.2201512,-4.760499,0.59121704,-4.527191,-0.80529785,-0.5676061,3.6952646,-0.9393486999999999,1.2902832,-0.14562988,2.3460388,-0.6046528999999999,-0.9208252,-3.848321,0.7861022999999999,-1.0166931,0.26507568,0.19734216000000002,0.09145431,-1.4858747,0.6498718,-4.570099,0.30654907,0.23695909999999998,4.3658714,-1.6260772000000001,0.27130127,2.2095337,3.2995605,-0.30285197,-2.5089053999999997,-5.0314984,-0.0025634766,3.1760864,1.2182007,-0.5371536,-3.4981196,-2.5973496,-0.66238403,0.23861694,0.3529663,-0.07366639400000001,-0.47739595,-0.9146392999999999,0.041381836000000005,-1.5793152,0.78359985,-0.88463366,0.9858421700000001,-1.45912,0.041381836000000005,-1.5793152,0.78359985,-0.88463366,0.9858421700000001,-1.45912,0.026275635000000002,-1.513031,0.5994873,-0.8740778,0.8728045,-1.3813105,-0.17819214,-0.5442505,0.29595947,-0.45580304,-0.51232636,-1.4664023,哈哈哈哈
0.30978394,-4.391205,-0.43481445,0.40120474,4.208084,-1.0522515,-0.22183228,3.044281,3.2995605,0.2357482,-3.455889,-5.058564,-1.116272,3.4250183,-0.0146484375,0.52920973,-3.603595,-1.1356047,-0.18154907,0.40689087,-0.2861023,-0.5786262999999999,-0.6473759,-0.45782906,0.5592041,-0.42919922,1.882721,-1.3962705,-0.08083777,-2.6974168,-0.01083374,-0.5499878,0.30780029999999997,-0.70976675,-0.37247533,-1.4341,-0.34622192,-0.35162354,1.0653076,-0.255143,-0.6558851,-2.3224578,1.0554199,-3.3789978,3.2995605,-1.332848,2.2201512,-4.760499,0.59121704,-4.527191,-0.80529785,-0.5676061,3.6952646,-0.9393486999999999,1.2902832,-0.14562988,2.3460388,-0.6046528999999999,-0.9208252,-3.848321,0.7861022999999999,-1.0166931,0.26507568,0.19734216000000002,0.09145431,-1.4858747,0.6498718,-4.570099,0.30654907,0.23695909999999998,4.3658714,-1.6260772000000001,0.27130127,2.2095337,3.2995605,-0.30285197,-2.5089053999999997,-5.0314984,-0.0025634766,3.1760864,1.2182007,-0.5371536,-3.4981196,-2.5973496,-0.66238403,0.23861694,0.3529663,-0.07366639400000001,-0.47739595,-0.9146392999999999,0.041381836000000005,-1.5793152,0.78359985,-0.88463366,0.9858421700000001,-1.45912,0.041381836000000005,-1.5793152,0.78359985,-0.88463366,0.9858421700000001,-1.45912,0.026275635000000002,-1.513031,0.5994873,-0.8740778,0.8728045,-1.3813105,-0.17819214,-0.5442505,0.29595947,-0.45580304,-0.51232636,-1.4664023,0.8722228999999999,-1.9268798999999999,3.2995605,-1.0667732,0.7071909,-4.7520013,哈哈哈哈
-0.22183228,3.044281,3.2995605,0.2357482,-3.455889,-5.058564,-1.116272,3.4250183,-0.0146484375,0.52920973,-3.603595,-1.1356047,-0.18154907,0.40689087,-0.2861023,-0.5786262999999999,-0.6473759,-0.45782906,0.5592041,-0.42919922,1.882721,-1.3962705,-0.08083777,-2.6974168,-0.01083374,-0.5499878,0.30780029999999997,-0.70976675,-0.37247533,-1.4341,-0.34622192,-0.35162354,1.0653076,-0.255143,-0.6558851,-2.3224578,1.0554199,-3.3789978,3.2995605,-1.332848,2.2201512,-4.760499,0.59121704,-4.527191,-0.80529785,-0.5676061,3.6952646,-0.9393486999999999,1.2902832,-0.14562988,2.3460388,-0.6046528999999999,-0.9208252,-3.848321,0.7861022999999999,-1.0166931,0.26507568,0.19734216000000002,0.09145431,-1.4858747,0.6498718,-4.570099,0.30654907,0.23695909999999998,4.3658714,-1.6260772000000001,0.27130127,2.2095337,3.2995605,-0.30285197,-2.5089053999999997,-5.0314984,-0.0025634766,3.1760864,1.2182007,-0.5371536,-3.4981196,-2.5973496,-0.66238403,0.23861694,0.3529663,-0.07366639400000001,-0.47739595,-0.9146392999999999,0.041381836000000005,-1.5793152,0.78359985,-0.88463366,0.9858421700000001,-1.45912,0.041381836000000005,-1.5793152,0.78359985,-0.88463366,0.9858421700000001,-1.45912,0.026275635000000002,-1.513031,0.5994873,-0.8740778,0.8728045,-1.3813105,-0.17819214,-0.5442505,0.29595947,-0.45580304,-0.51232636,-1.4664023,0.8722228999999999,-1.9268798999999999,3.2995605,-1.0667732,0.7071909,-4.7520013,0.9743347,-4.115631,0.44619749999999997,-0.7425767,3.188795,-2.16289,哈哈哈哈
-1.116272,3.4250183,-0.0146484375,0.52920973,-3.603595,-1.1356047,-0.18154907,0.40689087,-0.2861023,-0.5786262999999999,-0.6473759,-0.45782906,0.5592041,-0.42919922,1.882721,-1.3962705,-0.08083777,-2.6974168,-0.01083374,-0.5499878,0.30780029999999997,-0.70976675,-0.37247533,-1.4341,-0.34622192,-0.35162354,1.0653076,-0.255143,-0.6558851,-2.3224578,1.0554199,-3.3789978,3.2995605,-1.332848,2.2201512,-4.760499,0.59121704,-4.527191,-0.80529785,-0.5676061,3.6952646,-0.9393486999999999,1.2902832,-0.14562988,2.3460388,-0.6046528999999999,-0.9208252,-3.848321,0.7861022999999999,-1.0166931,0.26507568,0.19734216000000002,0.09145431,-1.4858747,0.6498718,-4.570099,0.30654907,0.23695909999999998,4.3658714,-1.6260772000000001,0.27130127,2.2095337,3.2995605,-0.30285197,-2.5089053999999997,-5.0314984,-0.0025634766,3.1760864,1.2182007,-0.5371536,-3.4981196,-2.5973496,-0.66238403,0.23861694,0.3529663,-0.07366639400000001,-0.47739595,-0.9146392999999999,0.041381836000000005,-1.5793152,0.78359985,-0.88463366,0.9858421700000001,-1.45912,0.041381836000000005,-1.5793152,0.78359985,-0.88463366,0.9858421700000001,-1.45912,0.026275635000000002,-1.513031,0.5994873,-0.8740778,0.8728045,-1.3813105,-0.17819214,-0.5442505,0.29595947,-0.45580304,-0.51232636,-1.4664023,0.8722228999999999,-1.9268798999999999,3.2995605,-1.0667732,0.7071909,-4.7520013,0.9743347,-4.115631,0.44619749999999997,-0.7425767,3.188795,-2.16289,3.2070618,0.27398682,-2.6309204,-2.6455164,-1.5179087999999998,1.1350048,哈哈哈哈
-0.18154907,0.40689087,-0.2861023,-0.5786262999999999,-0.6473759,-0.45782906,0.5592041,-0.42919922,1.882721,-1.3962705,-0.08083777,-2.6974168,-0.01083374,-0.5499878,0.30780029999999997,-0.70976675,-0.37247533,-1.4341,-0.34622192,-0.35162354,1.0653076,-0.255143,-0.6558851,-2.3224578,1.0554199,-3.3789978,3.2995605,-1.332848,2.2201512,-4.760499,0.59121704,-4.527191,-0.80529785,-0.5676061,3.6952646,-0.9393486999999999,1.2902832,-0.14562988,2.3460388,-0.6046528999999999,-0.9208252,-3.848321,0.7861022999999999,-1.0166931,0.26507568,0.19734216000000002,0.09145431,-1.4858747,0.6498718,-4.570099,0.30654907,0.23695909999999998,4.3658714,-1.6260772000000001,0.27130127,2.2095337,3.2995605,-0.30285197,-2.5089053999999997,-5.0314984,-0.0025634766,3.1760864,1.2182007,-0.5371536,-3.4981196,-2.5973496,-0.66238403,0.23861694,0.3529663,-0.07366639400000001,-0.47739595,-0.9146392999999999,0.041381836000000005,-1.5793152,0.78359985,-0.88463366,0.9858421700000001,-1.45912,0.041381836000000005,-1.5793152,0.78359985,-0.88463366,0.9858421700000001,-1.45912,0.026275635000000002,-1.513031,0.5994873,-0.8740778,0.8728045,-1.3813105,-0.17819214,-0.5442505,0.29595947,-0.45580304,-0.51232636,-1.4664023,0.8722228999999999,-1.9268798999999999,3.2995605,-1.0667732,0.7071909,-4.7520013,0.9743347,-4.115631,0.44619749999999997,-0.7425767,3.188795,-2.16289,3.2070618,0.27398682,-2.6309204,-2.6455164,-1.5179087999999998,1.1350048,1.1030273,-0.3418274,-0.017211914000000002,-0.27067906,-0.8698126700000001,-1.1833206,哈哈哈哈
0.5592041,-0.42919922,1.882721,-1.3962705,-0.08083777,-2.6974168,-0.01083374,-0.5499878,0.30780029999999997,-0.70976675,-0.37247533,-1.4341,-0.34622192,-0.35162354,1.0653076,-0.255143,-0.6558851,-2.3224578,1.0554199,-3.3789978,3.2995605,-1.332848,2.2201512,-4.760499,0.59121704,-4.527191,-0.80529785,-0.5676061,3.6952646,-0.9393486999999999,1.2902832,-0.14562988,2.3460388,-0.6046528999999999,-0.9208252,-3.848321,0.7861022999999999,-1.0166931,0.26507568,0.19734216000000002,0.09145431,-1.4858747,0.6498718,-4.570099,0.30654907,0.23695909999999998,4.3658714,-1.6260772000000001,0.27130127,2.2095337,3.2995605,-0.30285197,-2.5089053999999997,-5.0314984,-0.0025634766,3.1760864,1.2182007,-0.5371536,-3.4981196,-2.5973496,-0.66238403,0.23861694,0.3529663,-0.07366639400000001,-0.47739595,-0.9146392999999999,0.041381836000000005,-1.5793152,0.78359985,-0.88463366,0.9858421700000001,-1.45912,0.041381836000000005,-1.5793152,0.78359985,-0.88463366,0.9858421700000001,-1.45912,0.026275635000000002,-1.513031,0.5994873,-0.8740778,0.8728045,-1.3813105,-0.17819214,-0.5442505,0.29595947,-0.45580304,-0.51232636,-1.4664023,0.8722228999999999,-1.9268798999999999,3.2995605,-1.0667732,0.7071909,-4.7520013,0.9743347,-4.115631,0.44619749999999997,-0.7425767,3.188795,-2.16289,3.2070618,0.27398682,-2.6309204,-2.6455164,-1.5179087999999998,1.1350048,1.1030273,-0.3418274,-0.017211914000000002,-0.27067906,-0.8698126700000001,-1.1833206,0.9668274,-2.9208984,1.5664063000000001,0.06506872,2.3140824,-2.7902646,哈哈哈哈
-0.01083374,-0.5499878,0.30780029999999997,-0.70976675,-0.37247533,-1.4341,-0.34622192,-0.35162354,1.0653076,-0.255143,-0.6558851,-2.3224578,1.0554199,-3.3789978,3.2995605,-1.332848,2.2201512,-4.760499,0.59121704,-4.527191,-0.80529785,-0.5676061,3.6952646,-0.9393486999999999,1.2902832,-0.14562988,2.3460388,-0.6046528999999999,-0.9208252,-3.848321,0.7861022999999999,-1.0166931,0.26507568,0.19734216000000002,0.09145431,-1.4858747,0.6498718,-4.570099,0.30654907,0.23695909999999998,4.3658714,-1.6260772000000001,0.27130127,2.2095337,3.2995605,-0.30285197,-2.5089053999999997,-5.0314984,-0.0025634766,3.1760864,1.2182007,-0.5371536,-3.4981196,-2.5973496,-0.66238403,0.23861694,0.3529663,-0.07366639400000001,-0.47739595,-0.9146392999999999,0.041381836000000005,-1.5793152,0.78359985,-0.88463366,0.9858421700000001,-1.45912,0.041381836000000005,-1.5793152,0.78359985,-0.88463366,0.9858421700000001,-1.45912,0.026275635000000002,-1.513031,0.5994873,-0.8740778,0.8728045,-1.3813105,-0.17819214,-0.5442505,0.29595947,-0.45580304,-0.51232636,-1.4664023,0.8722228999999999,-1.9268798999999999,3.2995605,-1.0667732,0.7071909,-4.7520013,0.9743347,-4.115631,0.44619749999999997,-0.7425767,3.188795,-2.16289,3.2070618,0.27398682,-2.6309204,-2.6455164,-1.5179087999999998,1.1350048,1.1030273,-0.3418274,-0.017211914000000002,-0.27067906,-0.8698126700000001,-1.1833206,0.9668274,-2.9208984,1.5664063000000001,0.06506872,2.3140824,-2.7902646,1.4292297,-4.570099,3.2995605,-1.1105648,4.540086,-4.9708433,哈哈哈哈
-0.34622192,-0.35162354,1.0653076,-0.255143,-0.6558851,-2.3224578,1.0554199,-3.3789978,3.2995605,-1.332848,2.2201512,-4.760499,0.59121704,-4.527191,-0.80529785,-0.5676061,3.6952646,-0.9393486999999999,1.2902832,-0.14562988,2.3460388,-0.6046528999999999,-0.9208252,-3.848321,0.7861022999999999,-1.0166931,0.26507568,0.19734216000000002,0.09145431,-1.4858747,0.6498718,-4.570099,0.30654907,0.23695909999999998,4.3658714,-1.6260772000000001,0.27130127,2.2095337,3.2995605,-0.30285197,-2.5089053999999997,-5.0314984,-0.0025634766,3.1760864,1.2182007,-0.5371536,-3.4981196,-2.5973496,-0.66238403,0.23861694,0.3529663,-0.07366639400000001,-0.47739595,-0.9146392999999999,0.041381836000000005,-1.5793152,0.78359985,-0.88463366,0.9858421700000001,-1.45912,0.041381836000000005,-1.5793152,0.78359985,-0.88463366,0.9858421700000001,-1.45912,0.026275635000000002,-1.513031,0.5994873,-0.8740778,0.8728045,-1.3813105,-0.17819214,-0.5442505,0.29595947,-0.45580304,-0.51232636,-1.4664023,0.8722228999999999,-1.9268798999999999,3.2995605,-1.0667732,0.7071909,-4.7520013,0.9743347,-4.115631,0.44619749999999997,-0.7425767,3.188795,-2.16289,3.2070618,0.27398682,-2.6309204,-2.6455164,-1.5179087999999998,1.1350048,1.1030273,-0.3418274,-0.017211914000000002,-0.27067906,-0.8698126700000001,-1.1833206,0.9668274,-2.9208984,1.5664063000000001,0.06506872,2.3140824,-2.7902646,1.4292297,-4.570099,3.2995605,-1.1105648,4.540086,-4.9708433,0.0763855,3.110443,2.4502563,-0.79464257,-3.4109614,-3.463119,哈哈哈哈
1.0554199,-3.3789978,3.2995605,-1.332848,2.2201512,-4.760499,0.59121704,-4.527191,-0.80529785,-0.5676061,3.6952646,-0.9393486999999999,1.2902832,-0.14562988,2.3460388,-0.6046528999999999,-0.9208252,-3.848321,0.7861022999999999,-1.0166931,0.26507568,0.19734216000000002,0.09145431,-1.4858747,0.6498718,-4.570099,0.30654907,0.23695909999999998,4.3658714,-1.6260772000000001,0.27130127,2.2095337,3.2995605,-0.30285197,-2.5089053999999997,-5.0314984,-0.0025634766,3.1760864,1.2182007,-0.5371536,-3.4981196,-2.5973496,-0.66238403,0.23861694,0.3529663,-0.07366639400000001,-0.47739595,-0.9146392999999999,0.041381836000000005,-1.5793152,0.78359985,-0.88463366,0.9858421700000001,-1.45912,0.041381836000000005,-1.5793152,0.78359985,-0.88463366,0.9858421700000001,-1.45912,0.026275635000000002,-1.513031,0.5994873,-0.8740778,0.8728045,-1.3813105,-0.17819214,-0.5442505,0.29595947,-0.45580304,-0.51232636,-1.4664023,0.8722228999999999,-1.9268798999999999,3.2995605,-1.0667732,0.7071909,-4.7520013,0.9743347,-4.115631,0.44619749999999997,-0.7425767,3.188795,-2.16289,3.2070618,0.27398682,-2.6309204,-2.6455164,-1.5179087999999998,1.1350048,1.1030273,-0.3418274,-0.017211914000000002,-0.27067906,-0.8698126700000001,-1.1833206,0.9668274,-2.9208984,1.5664063000000001,0.06506872,2.3140824,-2.7902646,1.4292297,-4.570099,3.2995605,-1.1105648,4.540086,-4.9708433,0.0763855,3.110443,2.4502563,-0.79464257,-3.4109614,-3.463119,-1.0238647,0.47613525,2.0151062,0.40258873,-0.73904437,-2.2940867,哈哈哈哈
0.59121704,-4.527191,-0.80529785,-0.5676061,3.6952646,-0.9393486999999999,1.2902832,-0.14562988,2.3460388,-0.6046528999999999,-0.9208252,-3.848321,0.7861022999999999,-1.0166931,0.26507568,0.19734216000000002,0.09145431,-1.4858747,0.6498718,-4.570099,0.30654907,0.23695909999999998,4.3658714,-1.6260772000000001,0.27130127,2.2095337,3.2995605,-0.30285197,-2.5089053999999997,-5.0314984,-0.0025634766,3.1760864,1.2182007,-0.5371536,-3.4981196,-2.5973496,-0.66238403,0.23861694,0.3529663,-0.07366639400000001,-0.47739595,-0.9146392999999999,0.041381836000000005,-1.5793152,0.78359985,-0.88463366,0.9858421700000001,-1.45912,0.041381836000000005,-1.5793152,0.78359985,-0.88463366,0.9858421700000001,-1.45912,0.026275635000000002,-1.513031,0.5994873,-0.8740778,0.8728045,-1.3813105,-0.17819214,-0.5442505,0.29595947,-0.45580304,-0.51232636,-1.4664023,0.8722228999999999,-1.9268798999999999,3.2995605,-1.0667732,0.7071909,-4.7520013,0.9743347,-4.115631,0.44619749999999997,-0.7425767,3.188795,-2.16289,3.2070618,0.27398682,-2.6309204,-2.6455164,-1.5179087999999998,1.1350048,1.1030273,-0.3418274,-0.017211914000000002,-0.27067906,-0.8698126700000001,-1.1833206,0.9668274,-2.9208984,1.5664063000000001,0.06506872,2.3140824,-2.7902646,1.4292297,-4.570099,3.2995605,-1.1105648,4.540086,-4.9708433,0.0763855,3.110443,2.4502563,-0.79464257,-3.4109614,-3.463119,-1.0238647,0.47613525,2.0151062,0.40258873,-0.73904437,-2.2940867,-0.6282654,-1.8474731,1.4257202,-0.04340142,1.2067552,-1.6605368,哈哈哈哈
1.2902832,-0.14562988,2.3460388,-0.6046528999999999,-0.9208252,-3.848321,0.7861022999999999,-1.0166931,0.26507568,0.19734216000000002,0.09145431,-1.4858747,0.6498718,-4.570099,0.30654907,0.23695909999999998,4.3658714,-1.6260772000000001,0.27130127,2.2095337,3.2995605,-0.30285197,-2.5089053999999997,-5.0314984,-0.0025634766,3.1760864,1.2182007,-0.5371536,-3.4981196,-2.5973496,-0.66238403,0.23861694,0.3529663,-0.07366639400000001,-0.47739595,-0.9146392999999999,0.041381836000000005,-1.5793152,0.78359985,-0.88463366,0.9858421700000001,-1.45912,0.041381836000000005,-1.5793152,0.78359985,-0.88463366,0.9858421700000001,-1.45912,0.026275635000000002,-1.513031,0.5994873,-0.8740778,0.8728045,-1.3813105,-0.17819214,-0.5442505,0.29595947,-0.45580304,-0.51232636,-1.4664023,0.8722228999999999,-1.9268798999999999,3.2995605,-1.0667732,0.7071909,-4.7520013,0.9743347,-4.115631,0.44619749999999997,-0.7425767,3.188795,-2.16289,3.2070618,0.27398682,-2.6309204,-2.6455164,-1.5179087999999998,1.1350048,1.1030273,-0.3418274,-0.017211914000000002,-0.27067906,-0.8698126700000001,-1.1833206,0.9668274,-2.9208984,1.5664063000000001,0.06506872,2.3140824,-2.7902646,1.4292297,-4.570099,3.2995605,-1.1105648,4.540086,-4.9708433,0.0763855,3.110443,2.4502563,-0.79464257,-3.4109614,-3.463119,-1.0238647,0.47613525,2.0151062,0.40258873,-0.73904437,-2.2940867,-0.6282654,-1.8474731,1.4257202,-0.04340142,1.2067552,-1.6605368,-0.07556152000000001,-1.4747314,-0.30337524,-0.7414955999999999,0.6538415,-0.34829515,哈哈哈哈
0.7861022999999999,-1.0166931,0.26507568,0.19734216000000002,0.09145431,-1.4858747,0.6498718,-4.570099,0.30654907,0.23695909999999998,4.3658714,-1.6260772000000001,0.27130127,2.2095337,3.2995605,-0.30285197,-2.5089053999999997,-5.0314984,-0.0025634766,3.1760864,1.2182007,-0.5371536,-3.4981196,-2.5973496,-0.66238403,0.23861694,0.3529663,-0.07366639400000001,-0.47739595,-0.9146392999999999,0.041381836000000005,-1.5793152,0.78359985,-0.88463366,0.9858421700000001,-1.45912,0.041381836000000005,-1.5793152,0.78359985,-0.88463366,0.9858421700000001,-1.45912,0.026275635000000002,-1.513031,0.5994873,-0.8740778,0.8728045,-1.3813105,-0.17819214,-0.5442505,0.29595947,-0.45580304,-0.51232636,-1.4664023,0.8722228999999999,-1.9268798999999999,3.2995605,-1.0667732,0.7071909,-4.7520013,0.9743347,-4.115631,0.44619749999999997,-0.7425767,3.188795,-2.16289,3.2070618,0.27398682,-2.6309204,-2.6455164,-1.5179087999999998,1.1350048,1.1030273,-0.3418274,-0.017211914000000002,-0.27067906,-0.8698126700000001,-1.1833206,0.9668274,-2.9208984,1.5664063000000001,0.06506872,2.3140824,-2.7902646,1.4292297,-4.570099,3.2995605,-1.1105648,4.540086,-4.9708433,0.0763855,3.110443,2.4502563,-0.79464257,-3.4109614,-3.463119,-1.0238647,0.47613525,2.0151062,0.40258873,-0.73904437,-2.2940867,-0.6282654,-1.8474731,1.4257202,-0.04340142,1.2067552,-1.6605368,-0.07556152000000001,-1.4747314,-0.30337524,-0.7414955999999999,0.6538415,-0.34829515,-0.09240723,-0.6708679,-0.5572509999999999,-0.6884473600000001,-0.20445852,-0.44867569999999996,哈哈哈哈
0.6498718,-4.570099,0.30654907,0.23695909999999998,4.3658714,-1.6260772000000001,0.27130127,2.2095337,3.2995605,-0.30285197,-2.5089053999999997,-5.0314984,-0.0025634766,3.1760864,1.2182007,-0.5371536,-3.4981196,-2.5973496,-0.66238403,0.23861694,0.3529663,-0.07366639400000001,-0.47739595,-0.9146392999999999,0.041381836000000005,-1.5793152,0.78359985,-0.88463366,0.9858421700000001,-1.45912,0.041381836000000005,-1.5793152,0.78359985,-0.88463366,0.9858421700000001,-1.45912,0.026275635000000002,-1.513031,0.5994873,-0.8740778,0.8728045,-1.3813105,-0.17819214,-0.5442505,0.29595947,-0.45580304,-0.51232636,-1.4664023,0.8722228999999999,-1.9268798999999999,3.2995605,-1.0667732,0.7071909,-4.7520013,0.9743347,-4.115631,0.44619749999999997,-0.7425767,3.188795,-2.16289,3.2070618,0.27398682,-2.6309204,-2.6455164,-1.5179087999999998,1.1350048,1.1030273,-0.3418274,-0.017211914000000002,-0.27067906,-0.8698126700000001,-1.1833206,0.9668274,-2.9208984,1.5664063000000001,0.06506872,2.3140824,-2.7902646,1.4292297,-4.570099,3.2995605,-1.1105648,4.540086,-4.9708433,0.0763855,3.110443,2.4502563,-0.79464257,-3.4109614,-3.463119,-1.0238647,0.47613525,2.0151062,0.40258873,-0.73904437,-2.2940867,-0.6282654,-1.8474731,1.4257202,-0.04340142,1.2067552,-1.6605368,-0.07556152000000001,-1.4747314,-0.30337524,-0.7414955999999999,0.6538415,-0.34829515,-0.09240723,-0.6708679,-0.5572509999999999,-0.6884473600000001,-0.20445852,-0.44867569999999996,-0.0826416,-0.76049805,-0.26760864,-0.5954794,-0.28523815,-0.83745706,哈哈哈哈
0.27130127,2.2095337,3.2995605,-0.30285197,-2.5089053999999997,-5.0314984,-0.0025634766,3.1760864,1.2182007,-0.5371536,-3.4981196,-2.5973496,-0.66238403,0.23861694,0.3529663,-0.07366639400000001,-0.47739595,-0.9146392999999999,0.041381836000000005,-1.5793152,0.78359985,-0.88463366,0.9858421700000001,-1.45912,0.041381836000000005,-1.5793152,0.78359985,-0.88463366,0.9858421700000001,-1.45912,0.026275635000000002,-1.513031,0.5994873,-0.8740778,0.8728045,-1.3813105,-0.17819214,-0.5442505,0.29595947,-0.45580304,-0.51232636,-1.4664023,0.8722228999999999,-1.9268798999999999,3.2995605,-1.0667732,0.7071909,-4.7520013,0.9743347,-4.115631,0.44619749999999997,-0.7425767,3.188795,-2.16289,3.2070618,0.27398682,-2.6309204,-2.6455164,-1.5179087999999998,1.1350048,1.1030273,-0.3418274,-0.017211914000000002,-0.27067906,-0.8698126700000001,-1.1833206,0.9668274,-2.9208984,1.5664063000000001,0.06506872,2.3140824,-2.7902646,1.4292297,-4.570099,3.2995605,-1.1105648,4.540086,-4.9708433,0.0763855,3.110443,2.4502563,-0.79464257,-3.4109614,-3.463119,-1.0238647,0.47613525,2.0151062,0.40258873,-0.73904437,-2.2940867,-0.6282654,-1.8474731,1.4257202,-0.04340142,1.2067552,-1.6605368,-0.07556152000000001,-1.4747314,-0.30337524,-0.7414955999999999,0.6538415,-0.34829515,-0.09240723,-0.6708679,-0.5572509999999999,-0.6884473600000001,-0.20445852,-0.44867569999999996,-0.0826416,-0.76049805,-0.26760864,-0.5954794,-0.28523815,-0.83745706,1.1314697,-1.3055115,2.248413,-1.4764367,0.06537162,-3.6000550000000002,哈哈哈哈
-0.0025634766,3.1760864,1.2182007,-0.5371536,-3.4981196,-2.5973496,-0.66238403,0.23861694,0.3529663,-0.07366639400000001,-0.47739595,-0.9146392999999999,0.041381836000000005,-1.5793152,0.78359985,-0.88463366,0.9858421700000001,-1.45912,0.041381836000000005,-1.5793152,0.78359985,-0.88463366,0.9858421700000001,-1.45912,0.026275635000000002,-1.513031,0.5994873,-0.8740778,0.8728045,-1.3813105,-0.17819214,-0.5442505,0.29595947,-0.45580304,-0.51232636,-1.4664023,0.8722228999999999,-1.9268798999999999,3.2995605,-1.0667732,0.7071909,-4.7520013,0.9743347,-4.115631,0.44619749999999997,-0.7425767,3.188795,-2.16289,3.2070618,0.27398682,-2.6309204,-2.6455164,-1.5179087999999998,1.1350048,1.1030273,-0.3418274,-0.017211914000000002,-0.27067906,-0.8698126700000001,-1.1833206,0.9668274,-2.9208984,1.5664063000000001,0.06506872,2.3140824,-2.7902646,1.4292297,-4.570099,3.2995605,-1.1105648,4.540086,-4.9708433,0.0763855,3.110443,2.4502563,-0.79464257,-3.4109614,-3.463119,-1.0238647,0.47613525,2.0151062,0.40258873,-0.73904437,-2.2940867,-0.6282654,-1.8474731,1.4257202,-0.04340142,1.2067552,-1.6605368,-0.07556152000000001,-1.4747314,-0.30337524,-0.7414955999999999,0.6538415,-0.34829515,-0.09240723,-0.6708679,-0.5572509999999999,-0.6884473600000001,-0.20445852,-0.44867569999999996,-0.0826416,-0.76049805,-0.26760864,-0.5954794,-0.28523815,-0.83745706,1.1314697,-1.3055115,2.248413,-1.4764367,0.06537162,-3.6000550000000002,0.015350342000000001,-3.2051086,3.2559814,0.059410304000000004,2.1613522,-4.9016886,哈哈哈哈
-0.66238403,0.23861694,0.3529663,-0.07366639400000001,-0.47739595,-0.9146392999999999,0.041381836000000005,-1.5793152,0.78359985,-0.88463366,0.9858421700000001,-1.45912,0.041381836000000005,-1.5793152,0.78359985,-0.88463366,0.9858421700000001,-1.45912,0.026275635000000002,-1.513031,0.5994873,-0.8740778,0.8728045,-1.3813105,-0.17819214,-0.5442505,0.29595947,-0.45580304,-0.51232636,-1.4664023,0.8722228999999999,-1.9268798999999999,3.2995605,-1.0667732,0.7071909,-4.7520013,0.9743347,-4.115631,0.44619749999999997,-0.7425767,3.188795,-2.16289,3.2070618,0.27398682,-2.6309204,-2.6455164,-1.5179087999999998,1.1350048,1.1030273,-0.3418274,-0.017211914000000002,-0.27067906,-0.8698126700000001,-1.1833206,0.9668274,-2.9208984,1.5664063000000001,0.06506872,2.3140824,-2.7902646,1.4292297,-4.570099,3.2995605,-1.1105648,4.540086,-4.9708433,0.0763855,3.110443,2.4502563,-0.79464257,-3.4109614,-3.463119,-1.0238647,0.47613525,2.0151062,0.40258873,-0.73904437,-2.2940867,-0.6282654,-1.8474731,1.4257202,-0.04340142,1.2067552,-1.6605368,-0.07556152000000001,-1.4747314,-0.30337524,-0.7414955999999999,0.6538415,-0.34829515,-0.09240723,-0.6708679,-0.5572509999999999,-0.6884473600000001,-0.20445852,-0.44867569999999996,-0.0826416,-0.76049805,-0.26760864,-0.5954794,-0.28523815,-0.83745706,1.1314697,-1.3055115,2.248413,-1.4764367,0.06537162,-3.6000550000000002,0.015350342000000001,-3.2051086,3.2559814,0.059410304000000004,2.1613522,-4.9016886,0.49264526000000003,-2.1967468,1.1195374,-0.0029495656,1.064991,-2.6573713,哈哈哈哈
0.041381836000000005,-1.5793152,0.78359985,-0.88463366,0.9858421700000001,-1.45912,0.041381836000000005,-1.5793152,0.78359985,-0.88463366,0.9858421700000001,-1.45912,0.026275635000000002,-1.513031,0.5994873,-0.8740778,0.8728045,-1.3813105,-0.17819214,-0.5442505,0.29595947,-0.45580304,-0.51232636,-1.4664023,0.8722228999999999,-1.9268798999999999,3.2995605,-1.0667732,0.7071909,-4.7520013,0.9743347,-4.115631,0.44619749999999997,-0.7425767,3.188795,-2.16289,3.2070618,0.27398682,-2.6309204,-2.6455164,-1.5179087999999998,1.1350048,1.1030273,-0.3418274,-0.017211914000000002,-0.27067906,-0.8698126700000001,-1.1833206,0.9668274,-2.9208984,1.5664063000000001,0.06506872,2.3140824,-2.7902646,1.4292297,-4.570099,3.2995605,-1.1105648,4.540086,-4.9708433,0.0763855,3.110443,2.4502563,-0.79464257,-3.4109614,-3.463119,-1.0238647,0.47613525,2.0151062,0.40258873,-0.73904437,-2.2940867,-0.6282654,-1.8474731,1.4257202,-0.04340142,1.2067552,-1.6605368,-0.07556152000000001,-1.4747314,-0.30337524,-0.7414955999999999,0.6538415,-0.34829515,-0.09240723,-0.6708679,-0.5572509999999999,-0.6884473600000001,-0.20445852,-0.44867569999999996,-0.0826416,-0.76049805,-0.26760864,-0.5954794,-0.28523815,-0.83745706,1.1314697,-1.3055115,2.248413,-1.4764367,0.06537162,-3.6000550000000002,0.015350342000000001,-3.2051086,3.2559814,0.059410304000000004,2.1613522,-4.9016886,0.49264526000000003,-2.1967468,1.1195374,-0.0029495656,1.064991,-2.6573713,0.849823,0.33602905,1.4161072,-0.09510416000000001,-1.6514275999999999,-2.571363,哈哈哈哈
0.041381836000000005,-1.5793152,0.78359985,-0.88463366,0.9858421700000001,-1.45912,0.026275635000000002,-1.513031,0.5994873,-0.8740778,0.8728045,-1.3813105,-0.17819214,-0.5442505,0.29595947,-0.45580304,-0.51232636,-1.4664023,0.8722228999999999,-1.9268798999999999,3.2995605,-1.0667732,0.7071909,-4.7520013,0.9743347,-4.115631,0.44619749999999997,-0.7425767,3.188795,-2.16289,3.2070618,0.27398682,-2.6309204,-2.6455164,-1.5179087999999998,1.1350048,1.1030273,-0.3418274,-0.017211914000000002,-0.27067906,-0.8698126700000001,-1.1833206,0.9668274,-2.9208984,1.5664063000000001,0.06506872,2.3140824,-2.7902646,1.4292297,-4.570099,3.2995605,-1.1105648,4.540086,-4.9708433,0.0763855,3.110443,2.4502563,-0.79464257,-3.4109614,-3.463119,-1.0238647,0.47613525,2.0151062,0.40258873,-0.73904437,-2.2940867,-0.6282654,-1.8474731,1.4257202,-0.04340142,1.2067552,-1.6605368,-0.07556152000000001,-1.4747314,-0.30337524,-0.7414955999999999,0.6538415,-0.34829515,-0.09240723,-0.6708679,-0.5572509999999999,-0.6884473600000001,-0.20445852,-0.44867569999999996,-0.0826416,-0.76049805,-0.26760864,-0.5954794,-0.28523815,-0.83745706,1.1314697,-1.3055115,2.248413,-1.4764367,0.06537162,-3.6000550000000002,0.015350342000000001,-3.2051086,3.2559814,0.059410304000000004,2.1613522,-4.9016886,0.49264526000000003,-2.1967468,1.1195374,-0.0029495656,1.064991,-2.6573713,0.849823,0.33602905,1.4161072,-0.09510416000000001,-1.6514275999999999,-2.571363,1.5596313,-2.4599304,1.863617,-0.5505301,1.860713,-3.1348565,哈哈哈哈
0.026275635000000002,-1.513031,0.5994873,-0.8740778,0.8728045,-1.3813105,-0.17819214,-0.5442505,0.29595947,-0.45580304,-0.51232636,-1.4664023,0.8722228999999999,-1.9268798999999999,3.2995605,-1.0667732,0.7071909,-4.7520013,0.9743347,-4.115631,0.44619749999999997,-0.7425767,3.188795,-2.16289,3.2070618,0.27398682,-2.6309204,-2.6455164,-1.5179087999999998,1.1350048,1.1030273,-0.3418274,-0.017211914000000002,-0.27067906,-0.8698126700000001,-1.1833206,0.9668274,-2.9208984,1.5664063000000001,0.06506872,2.3140824,-2.7902646,1.4292297,-4.570099,3.2995605,-1.1105648,4.540086,-4.9708433,0.0763855,3.110443,2.4502563,-0.79464257,-3.4109614,-3.463119,-1.0238647,0.47613525,2.0151062,0.40258873,-0.73904437,-2.2940867,-0.6282654,-1.8474731,1.4257202,-0.04340142,1.2067552,-1.6605368,-0.07556152000000001,-1.4747314,-0.30337524,-0.7414955999999999,0.6538415,-0.34829515,-0.09240723,-0.6708679,-0.5572509999999999,-0.6884473600000001,-0.20445852,-0.44867569999999996,-0.0826416,-0.76049805,-0.26760864,-0.5954794,-0.28523815,-0.83745706,1.1314697,-1.3055115,2.248413,-1.4764367,0.06537162,-3.6000550000000002,0.015350342000000001,-3.2051086,3.2559814,0.059410304000000004,2.1613522,-4.9016886,0.49264526000000003,-2.1967468,1.1195374,-0.0029495656,1.064991,-2.6573713,0.849823,0.33602905,1.4161072,-0.09510416000000001,-1.6514275999999999,-2.571363,1.5596313,-2.4599304,1.863617,-0.5505301,1.860713,-3.1348565,0.8862915,-4.570099,-0.06759643600000001,-0.23710781,4.5730333,-1.3470129,哈哈哈哈
-0.17819214,-0.5442505,0.29595947,-0.45580304,-0.51232636,-1.4664023,0.8722228999999999,-1.9268798999999999,3.2995605,-1.0667732,0.7071909,-4.7520013,0.9743347,-4.115631,0.44619749999999997,-0.7425767,3.188795,-2.16289,3.2070618,0.27398682,-2.6309204,-2.6455164,-1.5179087999999998,1.1350048,1.1030273,-0.3418274,-0.017211914000000002,-0.27067906,-0.8698126700000001,-1.1833206,0.9668274,-2.9208984,1.5664063000000001,0.06506872,2.3140824,-2.7902646,1.4292297,-4.570099,3.2995605,-1.1105648,4.540086,-4.9708433,0.0763855,3.110443,2.4502563,-0.79464257,-3.4109614,-3.463119,-1.0238647,0.47613525,2.0151062,0.40258873,-0.73904437,-2.2940867,-0.6282654,-1.8474731,1.4257202,-0.04340142,1.2067552,-1.6605368,-0.07556152000000001,-1.4747314,-0.30337524,-0.7414955999999999,0.6538415,-0.34829515,-0.09240723,-0.6708679,-0.5572509999999999,-0.6884473600000001,-0.20445852,-0.44867569999999996,-0.0826416,-0.76049805,-0.26760864,-0.5954794,-0.28523815,-0.83745706,1.1314697,-1.3055115,2.248413,-1.4764367,0.06537162,-3.6000550000000002,0.015350342000000001,-3.2051086,3.2559814,0.059410304000000004,2.1613522,-4.9016886,0.49264526000000003,-2.1967468,1.1195374,-0.0029495656,1.064991,-2.6573713,0.849823,0.33602905,1.4161072,-0.09510416000000001,-1.6514275999999999,-2.571363,1.5596313,-2.4599304,1.863617,-0.5505301,1.860713,-3.1348565,0.8862915,-4.570099,-0.06759643600000001,-0.23710781,4.5730333,-1.3470129,0.17666626,2.4371033,1.9766235,-0.89514196,-2.8003042,-3.0871334,哈哈哈哈
0.8722228999999999,-1.9268798999999999,3.2995605,-1.0667732,0.7071909,-4.7520013,0.9743347,-4.115631,0.44619749999999997,-0.7425767,3.188795,-2.16289,3.2070618,0.27398682,-2.6309204,-2.6455164,-1.5179087999999998,1.1350048,1.1030273,-0.3418274,-0.017211914000000002,-0.27067906,-0.8698126700000001,-1.1833206,0.9668274,-2.9208984,1.5664063000000001,0.06506872,2.3140824,-2.7902646,1.4292297,-4.570099,3.2995605,-1.1105648,4.540086,-4.9708433,0.0763855,3.110443,2.4502563,-0.79464257,-3.4109614,-3.463119,-1.0238647,0.47613525,2.0151062,0.40258873,-0.73904437,-2.2940867,-0.6282654,-1.8474731,1.4257202,-0.04340142,1.2067552,-1.6605368,-0.07556152000000001,-1.4747314,-0.30337524,-0.7414955999999999,0.6538415,-0.34829515,-0.09240723,-0.6708679,-0.5572509999999999,-0.6884473600000001,-0.20445852,-0.44867569999999996,-0.0826416,-0.76049805,-0.26760864,-0.5954794,-0.28523815,-0.83745706,1.1314697,-1.3055115,2.248413,-1.4764367,0.06537162,-3.6000550000000002,0.015350342000000001,-3.2051086,3.2559814,0.059410304000000004,2.1613522,-4.9016886,0.49264526000000003,-2.1967468,1.1195374,-0.0029495656,1.064991,-2.6573713,0.849823,0.33602905,1.4161072,-0.09510416000000001,-1.6514275999999999,-2.571363,1.5596313,-2.4599304,1.863617,-0.5505301,1.860713,-3.1348565,0.8862915,-4.570099,-0.06759643600000001,-0.23710781,4.5730333,-1.3470129,0.17666626,2.4371033,1.9766235,-0.89514196,-2.8003042,-3.0871334,0.17666626,2.4371033,1.9766235,-0.89514196,-2.8003042,-3.0871334,哈哈哈哈
0.9743347,-4.115631,0.44619749999999997,-0.7425767,3.188795,-2.16289,3.2070618,0.27398682,-2.6309204,-2.6455164,-1.5179087999999998,1.1350048,1.1030273,-0.3418274,-0.017211914000000002,-0.27067906,-0.8698126700000001,-1.1833206,0.9668274,-2.9208984,1.5664063000000001,0.06506872,2.3140824,-2.7902646,1.4292297,-4.570099,3.2995605,-1.1105648,4.540086,-4.9708433,0.0763855,3.110443,2.4502563,-0.79464257,-3.4109614,-3.463119,-1.0238647,0.47613525,2.0151062,0.40258873,-0.73904437,-2.2940867,-0.6282654,-1.8474731,1.4257202,-0.04340142,1.2067552,-1.6605368,-0.07556152000000001,-1.4747314,-0.30337524,-0.7414955999999999,0.6538415,-0.34829515,-0.09240723,-0.6708679,-0.5572509999999999,-0.6884473600000001,-0.20445852,-0.44867569999999996,-0.0826416,-0.76049805,-0.26760864,-0.5954794,-0.28523815,-0.83745706,1.1314697,-1.3055115,2.248413,-1.4764367,0.06537162,-3.6000550000000002,0.015350342000000001,-3.2051086,3.2559814,0.059410304000000004,2.1613522,-4.9016886,0.49264526000000003,-2.1967468,1.1195374,-0.0029495656,1.064991,-2.6573713,0.849823,0.33602905,1.4161072,-0.09510416000000001,-1.6514275999999999,-2.571363,1.5596313,-2.4599304,1.863617,-0.5505301,1.860713,-3.1348565,0.8862915,-4.570099,-0.06759643600000001,-0.23710781,4.5730333,-1.3470129,0.17666626,2.4371033,1.9766235,-0.89514196,-2.8003042,-3.0871334,0.17666626,2.4371033,1.9766235,-0.89514196,-2.8003042,-3.0871334,-0.9641723600000001,-1.3369141,2.9276733,0.2629243,0.7308460999999999,-3.2439141,哈哈哈哈
3.2070618,0.27398682,-2.6309204,-2.6455164,-1.5179087999999998,1.1350048,1.1030273,-0.3418274,-0.017211914000000002,-0.27067906,-0.8698126700000001,-1.1833206,0.9668274,-2.9208984,1.5664063000000001,0.06506872,2.3140824,-2.7902646,1.4292297,-4.570099,3.2995605,-1.1105648,4.540086,-4.9708433,0.0763855,3.110443,2.4502563,-0.79464257,-3.4109614,-3.463119,-1.0238647,0.47613525,2.0151062,0.40258873,-0.73904437,-2.2940867,-0.6282654,-1.8474731,1.4257202,-0.04340142,1.2067552,-1.6605368,-0.07556152000000001,-1.4747314,-0.30337524,-0.7414955999999999,0.6538415,-0.34829515,-0.09240723,-0.6708679,-0.5572509999999999,-0.6884473600000001,-0.20445852,-0.44867569999999996,-0.0826416,-0.76049805,-0.26760864,-0.5954794,-0.28523815,-0.83745706,1.1314697,-1.3055115,2.248413,-1.4764367,0.06537162,-3.6000550000000002,0.015350342000000001,-3.2051086,3.2559814,0.059410304000000004,2.1613522,-4.9016886,0.49264526000000003,-2.1967468,1.1195374,-0.0029495656,1.064991,-2.6573713,0.849823,0.33602905,1.4161072,-0.09510416000000001,-1.6514275999999999,-2.571363,1.5596313,-2.4599304,1.863617,-0.5505301,1.860713,-3.1348565,0.8862915,-4.570099,-0.06759643600000001,-0.23710781,4.5730333,-1.3470129,0.17666626,2.4371033,1.9766235,-0.89514196,-2.8003042,-3.0871334,0.17666626,2.4371033,1.9766235,-0.89514196,-2.8003042,-3.0871334,-0.9641723600000001,-1.3369141,2.9276733,0.2629243,0.7308460999999999,-3.2439141,-0.13119507,-3.3060302999999998,-0.062194824,-0.58622736,2.386628,-0.32986346,哈哈哈哈
1.1030273,-0.3418274,-0.017211914000000002,-0.27067906,-0.8698126700000001,-1.1833206,0.9668274,-2.9208984,1.5664063000000001,0.06506872,2.3140824,-2.7902646,1.4292297,-4.570099,3.2995605,-1.1105648,4.540086,-4.9708433,0.0763855,3.110443,2.4502563,-0.79464257,-3.4109614,-3.463119,-1.0238647,0.47613525,2.0151062,0.40258873,-0.73904437,-2.2940867,-0.6282654,-1.8474731,1.4257202,-0.04340142,1.2067552,-1.6605368,-0.07556152000000001,-1.4747314,-0.30337524,-0.7414955999999999,0.6538415,-0.34829515,-0.09240723,-0.6708679,-0.5572509999999999,-0.6884473600000001,-0.20445852,-0.44867569999999996,-0.0826416,-0.76049805,-0.26760864,-0.5954794,-0.28523815,-0.83745706,1.1314697,-1.3055115,2.248413,-1.4764367,0.06537162,-3.6000550000000002,0.015350342000000001,-3.2051086,3.2559814,0.059410304000000004,2.1613522,-4.9016886,0.49264526000000003,-2.1967468,1.1195374,-0.0029495656,1.064991,-2.6573713,0.849823,0.33602905,1.4161072,-0.09510416000000001,-1.6514275999999999,-2.571363,1.5596313,-2.4599304,1.863617,-0.5505301,1.860713,-3.1348565,0.8862915,-4.570099,-0.06759643600000001,-0.23710781,4.5730333,-1.3470129,0.17666626,2.4371033,1.9766235,-0.89514196,-2.8003042,-3.0871334,0.17666626,2.4371033,1.9766235,-0.89514196,-2.8003042,-3.0871334,-0.9641723600000001,-1.3369141,2.9276733,0.2629243,0.7308460999999999,-3.2439141,-0.13119507,-3.3060302999999998,-0.062194824,-0.58622736,2.386628,-0.32986346,0.26269529999999996,-1.0769653,-1.2678528,-1.0854071,0.22953935,0.37548614,哈哈哈哈
0.9668274,-2.9208984,1.5664063000000001,0.06506872,2.3140824,-2.7902646,1.4292297,-4.570099,3.2995605,-1.1105648,4.540086,-4.9708433,0.0763855,3.110443,2.4502563,-0.79464257,-3.4109614,-3.463119,-1.0238647,0.47613525,2.0151062,0.40258873,-0.73904437,-2.2940867,-0.6282654,-1.8474731,1.4257202,-0.04340142,1.2067552,-1.6605368,-0.07556152000000001,-1.4747314,-0.30337524,-0.7414955999999999,0.6538415,-0.34829515,-0.09240723,-0.6708679,-0.5572509999999999,-0.6884473600000001,-0.20445852,-0.44867569999999996,-0.0826416,-0.76049805,-0.26760864,-0.5954794,-0.28523815,-0.83745706,1.1314697,-1.3055115,2.248413,-1.4764367,0.06537162,-3.6000550000000002,0.015350342000000001,-3.2051086,3.2559814,0.059410304000000004,2.1613522,-4.9016886,0.49264526000000003,-2.1967468,1.1195374,-0.0029495656,1.064991,-2.6573713,0.849823,0.33602905,1.4161072,-0.09510416000000001,-1.6514275999999999,-2.571363,1.5596313,-2.4599304,1.863617,-0.5505301,1.860713,-3.1348565,0.8862915,-4.570099,-0.06759643600000001,-0.23710781,4.5730333,-1.3470129,0.17666626,2.4371033,1.9766235,-0.89514196,-2.8003042,-3.0871334,0.17666626,2.4371033,1.9766235,-0.89514196,-2.8003042,-3.0871334,-0.9641723600000001,-1.3369141,2.9276733,0.2629243,0.7308460999999999,-3.2439141,-0.13119507,-3.3060302999999998,-0.062194824,-0.58622736,2.386628,-0.32986346,0.26269529999999996,-1.0769653,-1.2678528,-1.0854071,0.22953935,0.37548614,-0.060943604000000005,-0.9593505999999999,-0.42721558,-0.7004808,0.12640251,-0.68373835,哈哈哈哈
1.4292297,-4.570099,3.2995605,-1.1105648,4.540086,-4.9708433,0.0763855,3.110443,2.4502563,-0.79464257,-3.4109614,-3.463119,-1.0238647,0.47613525,2.0151062,0.40258873,-0.73904437,-2.2940867,-0.6282654,-1.8474731,1.4257202,-0.04340142,1.2067552,-1.6605368,-0.07556152000000001,-1.4747314,-0.30337524,-0.7414955999999999,0.6538415,-0.34829515,-0.09240723,-0.6708679,-0.5572509999999999,-0.6884473600000001,-0.20445852,-0.44867569999999996,-0.0826416,-0.76049805,-0.26760864,-0.5954794,-0.28523815,-0.83745706,1.1314697,-1.3055115,2.248413,-1.4764367,0.06537162,-3.6000550000000002,0.015350342000000001,-3.2051086,3.2559814,0.059410304000000004,2.1613522,-4.9016886,0.49264526000000003,-2.1967468,1.1195374,-0.0029495656,1.064991,-2.6573713,0.849823,0.33602905,1.4161072,-0.09510416000000001,-1.6514275999999999,-2.571363,1.5596313,-2.4599304,1.863617,-0.5505301,1.860713,-3.1348565,0.8862915,-4.570099,-0.06759643600000001,-0.23710781,4.5730333,-1.3470129,0.17666626,2.4371033,1.9766235,-0.89514196,-2.8003042,-3.0871334,0.17666626,2.4371033,1.9766235,-0.89514196,-2.8003042,-3.0871334,-0.9641723600000001,-1.3369141,2.9276733,0.2629243,0.7308460999999999,-3.2439141,-0.13119507,-3.3060302999999998,-0.062194824,-0.58622736,2.386628,-0.32986346,0.26269529999999996,-1.0769653,-1.2678528,-1.0854071,0.22953935,0.37548614,-0.060943604000000005,-0.9593505999999999,-0.42721558,-0.7004808,0.12640251,-0.68373835,0.029937744000000002,-2.3523865,-0.42626953,-0.5913125,1.8047686,-1.067896,哈哈哈哈
0.0763855,3.110443,2.4502563,-0.79464257,-3.4109614,-3.463119,-1.0238647,0.47613525,2.0151062,0.40258873,-0.73904437,-2.2940867,-0.6282654,-1.8474731,1.4257202,-0.04340142,1.2067552,-1.6605368,-0.07556152000000001,-1.4747314,-0.30337524,-0.7414955999999999,0.6538415,-0.34829515,-0.09240723,-0.6708679,-0.5572509999999999,-0.6884473600000001,-0.20445852,-0.44867569999999996,-0.0826416,-0.76049805,-0.26760864,-0.5954794,-0.28523815,-0.83745706,1.1314697,-1.3055115,2.248413,-1.4764367,0.06537162,-3.6000550000000002,0.015350342000000001,-3.2051086,3.2559814,0.059410304000000004,2.1613522,-4.9016886,0.49264526000000003,-2.1967468,1.1195374,-0.0029495656,1.064991,-2.6573713,0.849823,0.33602905,1.4161072,-0.09510416000000001,-1.6514275999999999,-2.571363,1.5596313,-2.4599304,1.863617,-0.5505301,1.860713,-3.1348565,0.8862915,-4.570099,-0.06759643600000001,-0.23710781,4.5730333,-1.3470129,0.17666626,2.4371033,1.9766235,-0.89514196,-2.8003042,-3.0871334,0.17666626,2.4371033,1.9766235,-0.89514196,-2.8003042,-3.0871334,-0.9641723600000001,-1.3369141,2.9276733,0.2629243,0.7308460999999999,-3.2439141,-0.13119507,-3.3060302999999998,-0.062194824,-0.58622736,2.386628,-0.32986346,0.26269529999999996,-1.0769653,-1.2678528,-1.0854071,0.22953935,0.37548614,-0.060943604000000005,-0.9593505999999999,-0.42721558,-0.7004808,0.12640251,-0.68373835,0.029937744000000002,-2.3523865,-0.42626953,-0.5913125,1.8047686,-1.067896,0.43032837,-0.87768555,-0.53375244,-0.82528734,0.20257361000000002,-1.0858501,哈哈哈哈
-1.0238647,0.47613525,2.0151062,0.40258873,-0.73904437,-2.2940867,-0.6282654,-1.8474731,1.4257202,-0.04340142,1.2067552,-1.6605368,-0.07556152000000001,-1.4747314,-0.30337524,-0.7414955999999999,0.6538415,-0.34829515,-0.09240723,-0.6708679,-0.5572509999999999,-0.6884473600000001,-0.20445852,-0.44867569999999996,-0.0826416,-0.76049805,-0.26760864,-0.5954794,-0.28523815,-0.83745706,1.1314697,-1.3055115,2.248413,-1.4764367,0.06537162,-3.6000550000000002,0.015350342000000001,-3.2051086,3.2559814,0.059410304000000004,2.1613522,-4.9016886,0.49264526000000003,-2.1967468,1.1195374,-0.0029495656,1.064991,-2.6573713,0.849823,0.33602905,1.4161072,-0.09510416000000001,-1.6514275999999999,-2.571363,1.5596313,-2.4599304,1.863617,-0.5505301,1.860713,-3.1348565,0.8862915,-4.570099,-0.06759643600000001,-0.23710781,4.5730333,-1.3470129,0.17666626,2.4371033,1.9766235,-0.89514196,-2.8003042,-3.0871334,0.17666626,2.4371033,1.9766235,-0.89514196,-2.8003042,-3.0871334,-0.9641723600000001,-1.3369141,2.9276733,0.2629243,0.7308460999999999,-3.2439141,-0.13119507,-3.3060302999999998,-0.062194824,-0.58622736,2.386628,-0.32986346,0.26269529999999996,-1.0769653,-1.2678528,-1.0854071,0.22953935,0.37548614,-0.060943604000000005,-0.9593505999999999,-0.42721558,-0.7004808,0.12640251,-0.68373835,0.029937744000000002,-2.3523865,-0.42626953,-0.5913125,1.8047686,-1.067896,0.43032837,-0.87768555,-0.53375244,-0.82528734,0.20257361000000002,-1.0858501,-0.00970459,-0.743927,-0.25759888000000003,-0.04405582,0.09828931,-1.4972187,哈哈哈哈
-0.6282654,-1.8474731,1.4257202,-0.04340142,1.2067552,-1.6605368,-0.07556152000000001,-1.4747314,-0.30337524,-0.7414955999999999,0.6538415,-0.34829515,-0.09240723,-0.6708679,-0.5572509999999999,-0.6884473600000001,-0.20445852,-0.44867569999999996,-0.0826416,-0.76049805,-0.26760864,-0.5954794,-0.28523815,-0.83745706,1.1314697,-1.3055115,2.248413,-1.4764367,0.06537162,-3.6000550000000002,0.015350342000000001,-3.2051086,3.2559814,0.059410304000000004,2.1613522,-4.9016886,0.49264526000000003,-2.1967468,1.1195374,-0.0029495656,1.064991,-2.6573713,0.849823,0.33602905,1.4161072,-0.09510416000000001,-1.6514275999999999,-2.571363,1.5596313,-2.4599304,1.863617,-0.5505301,1.860713,-3.1348565,0.8862915,-4.570099,-0.06759643600000001,-0.23710781,4.5730333,-1.3470129,0.17666626,2.4371033,1.9766235,-0.89514196,-2.8003042,-3.0871334,0.17666626,2.4371033,1.9766235,-0.89514196,-2.8003042,-3.0871334,-0.9641723600000001,-1.3369141,2.9276733,0.2629243,0.7308460999999999,-3.2439141,-0.13119507,-3.3060302999999998,-0.062194824,-0.58622736,2.386628,-0.32986346,0.26269529999999996,-1.0769653,-1.2678528,-1.0854071,0.22953935,0.37548614,-0.060943604000000005,-0.9593505999999999,-0.42721558,-0.7004808,0.12640251,-0.68373835,0.029937744000000002,-2.3523865,-0.42626953,-0.5913125,1.8047686,-1.067896,0.43032837,-0.87768555,-0.53375244,-0.82528734,0.20257361000000002,-1.0858501,-0.00970459,-0.743927,-0.25759888000000003,-0.04405582,0.09828931,-1.4972187,-0.34335327,-2.6560364,2.1313477,0.2794025,2.4101388,-3.8568962,哈哈哈哈
-0.07556152000000001,-1.4747314,-0.30337524,-0.7414955999999999,0.6538415,-0.34829515,-0.09240723,-0.6708679,-0.5572509999999999,-0.6884473600000001,-0.20445852,-0.44867569999999996,-0.0826416,-0.76049805,-0.26760864,-0.5954794,-0.28523815,-0.83745706,1.1314697,-1.3055115,2.248413,-1.4764367,0.06537162,-3.6000550000000002,0.015350342000000001,-3.2051086,3.2559814,0.059410304000000004,2.1613522,-4.9016886,0.49264526000000003,-2.1967468,1.1195374,-0.0029495656,1.064991,-2.6573713,0.849823,0.33602905,1.4161072,-0.09510416000000001,-1.6514275999999999,-2.571363,1.5596313,-2.4599304,1.863617,-0.5505301,1.860713,-3.1348565,0.8862915,-4.570099,-0.06759643600000001,-0.23710781,4.5730333,-1.3470129,0.17666626,2.4371033,1.9766235,-0.89514196,-2.8003042,-3.0871334,0.17666626,2.4371033,1.9766235,-0.89514196,-2.8003042,-3.0871334,-0.9641723600000001,-1.3369141,2.9276733,0.2629243,0.7308460999999999,-3.2439141,-0.13119507,-3.3060302999999998,-0.062194824,-0.58622736,2.386628,-0.32986346,0.26269529999999996,-1.0769653,-1.2678528,-1.0854071,0.22953935,0.37548614,-0.060943604000000005,-0.9593505999999999,-0.42721558,-0.7004808,0.12640251,-0.68373835,0.029937744000000002,-2.3523865,-0.42626953,-0.5913125,1.8047686,-1.067896,0.43032837,-0.87768555,-0.53375244,-0.82528734,0.20257361000000002,-1.0858501,-0.00970459,-0.743927,-0.25759888000000003,-0.04405582,0.09828931,-1.4972187,-0.34335327,-2.6560364,2.1313477,0.2794025,2.4101388,-3.8568962,-0.33267212,3.4250183,3.2995605,0.34284794,-3.846364,-5.057414,哈哈哈哈
-0.09240723,-0.6708679,-0.5572509999999999,-0.6884473600000001,-0.20445852,-0.44867569999999996,-0.0826416,-0.76049805,-0.26760864,-0.5954794,-0.28523815,-0.83745706,1.1314697,-1.3055115,2.248413,-1.4764367,0.06537162,-3.6000550000000002,0.015350342000000001,-3.2051086,3.2559814,0.059410304000000004,2.1613522,-4.9016886,0.49264526000000003,-2.1967468,1.1195374,-0.0029495656,1.064991,-2.6573713,0.849823,0.33602905,1.4161072,-0.09510416000000001,-1.6514275999999999,-2.571363,1.5596313,-2.4599304,1.863617,-0.5505301,1.860713,-3.1348565,0.8862915,-4.570099,-0.06759643600000001,-0.23710781,4.5730333,-1.3470129,0.17666626,2.4371033,1.9766235,-0.89514196,-2.8003042,-3.0871334,0.17666626,2.4371033,1.9766235,-0.89514196,-2.8003042,-3.0871334,-0.9641723600000001,-1.3369141,2.9276733,0.2629243,0.7308460999999999,-3.2439141,-0.13119507,-3.3060302999999998,-0.062194824,-0.58622736,2.386628,-0.32986346,0.26269529999999996,-1.0769653,-1.2678528,-1.0854071,0.22953935,0.37548614,-0.060943604000000005,-0.9593505999999999,-0.42721558,-0.7004808,0.12640251,-0.68373835,0.029937744000000002,-2.3523865,-0.42626953,-0.5913125,1.8047686,-1.067896,0.43032837,-0.87768555,-0.53375244,-0.82528734,0.20257361000000002,-1.0858501,-0.00970459,-0.743927,-0.25759888000000003,-0.04405582,0.09828931,-1.4972187,-0.34335327,-2.6560364,2.1313477,0.2794025,2.4101388,-3.8568962,-0.33267212,3.4250183,3.2995605,0.34284794,-3.846364,-5.057414,1.0014343,3.3721008,-1.5494385,-1.054171,-3.9432065,-0.19346617,哈哈哈哈
-0.0826416,-0.76049805,-0.26760864,-0.5954794,-0.28523815,-0.83745706,1.1314697,-1.3055115,2.248413,-1.4764367,0.06537162,-3.6000550000000002,0.015350342000000001,-3.2051086,3.2559814,0.059410304000000004,2.1613522,-4.9016886,0.49264526000000003,-2.1967468,1.1195374,-0.0029495656,1.064991,-2.6573713,0.849823,0.33602905,1.4161072,-0.09510416000000001,-1.6514275999999999,-2.571363,1.5596313,-2.4599304,1.863617,-0.5505301,1.860713,-3.1348565,0.8862915,-4.570099,-0.06759643600000001,-0.23710781,4.5730333,-1.3470129,0.17666626,2.4371033,1.9766235,-0.89514196,-2.8003042,-3.0871334,0.17666626,2.4371033,1.9766235,-0.89514196,-2.8003042,-3.0871334,-0.9641723600000001,-1.3369141,2.9276733,0.2629243,0.7308460999999999,-3.2439141,-0.13119507,-3.3060302999999998,-0.062194824,-0.58622736,2.386628,-0.32986346,0.26269529999999996,-1.0769653,-1.2678528,-1.0854071,0.22953935,0.37548614,-0.060943604000000005,-0.9593505999999999,-0.42721558,-0.7004808,0.12640251,-0.68373835,0.029937744000000002,-2.3523865,-0.42626953,-0.5913125,1.8047686,-1.067896,0.43032837,-0.87768555,-0.53375244,-0.82528734,0.20257361000000002,-1.0858501,-0.00970459,-0.743927,-0.25759888000000003,-0.04405582,0.09828931,-1.4972187,-0.34335327,-2.6560364,2.1313477,0.2794025,2.4101388,-3.8568962,-0.33267212,3.4250183,3.2995605,0.34284794,-3.846364,-5.057414,1.0014343,3.3721008,-1.5494385,-1.054171,-3.9432065,-0.19346617,0.055114746000000006,0.90875244,-0.22335815,-0.2693501,-1.3291247,-1.4541878,哈哈哈哈
1.1314697,-1.3055115,2.248413,-1.4764367,0.06537162,-3.6000550000000002,0.015350342000000001,-3.2051086,3.2559814,0.059410304000000004,2.1613522,-4.9016886,0.49264526000000003,-2.1967468,1.1195374,-0.0029495656,1.064991,-2.6573713,0.849823,0.33602905,1.4161072,-0.09510416000000001,-1.6514275999999999,-2.571363,1.5596313,-2.4599304,1.863617,-0.5505301,1.860713,-3.1348565,0.8862915,-4.570099,-0.06759643600000001,-0.23710781,4.5730333,-1.3470129,0.17666626,2.4371033,1.9766235,-0.89514196,-2.8003042,-3.0871334,0.17666626,2.4371033,1.9766235,-0.89514196,-2.8003042,-3.0871334,-0.9641723600000001,-1.3369141,2.9276733,0.2629243,0.7308460999999999,-3.2439141,-0.13119507,-3.3060302999999998,-0.062194824,-0.58622736,2.386628,-0.32986346,0.26269529999999996,-1.0769653,-1.2678528,-1.0854071,0.22953935,0.37548614,-0.060943604000000005,-0.9593505999999999,-0.42721558,-0.7004808,0.12640251,-0.68373835,0.029937744000000002,-2.3523865,-0.42626953,-0.5913125,1.8047686,-1.067896,0.43032837,-0.87768555,-0.53375244,-0.82528734,0.20257361000000002,-1.0858501,-0.00970459,-0.743927,-0.25759888000000003,-0.04405582,0.09828931,-1.4972187,-0.34335327,-2.6560364,2.1313477,0.2794025,2.4101388,-3.8568962,-0.33267212,3.4250183,3.2995605,0.34284794,-3.846364,-5.057414,1.0014343,3.3721008,-1.5494385,-1.054171,-3.9432065,-0.19346617,0.055114746000000006,0.90875244,-0.22335815,-0.2693501,-1.3291247,-1.4541878,0.055114746000000006,0.90875244,-0.22335815,-0.2693501,-1.3291247,-1.4541878,哈哈哈哈
0.015350342000000001,-3.2051086,3.2559814,0.059410304000000004,2.1613522,-4.9016886,0.49264526000000003,-2.1967468,1.1195374,-0.0029495656,1.064991,-2.6573713,0.849823,0.33602905,1.4161072,-0.09510416000000001,-1.6514275999999999,-2.571363,1.5596313,-2.4599304,1.863617,-0.5505301,1.860713,-3.1348565,0.8862915,-4.570099,-0.06759643600000001,-0.23710781,4.5730333,-1.3470129,0.17666626,2.4371033,1.9766235,-0.89514196,-2.8003042,-3.0871334,0.17666626,2.4371033,1.9766235,-0.89514196,-2.8003042,-3.0871334,-0.9641723600000001,-1.3369141,2.9276733,0.2629243,0.7308460999999999,-3.2439141,-0.13119507,-3.3060302999999998,-0.062194824,-0.58622736,2.386628,-0.32986346,0.26269529999999996,-1.0769653,-1.2678528,-1.0854071,0.22953935,0.37548614,-0.060943604000000005,-0.9593505999999999,-0.42721558,-0.7004808,0.12640251,-0.68373835,0.029937744000000002,-2.3523865,-0.42626953,-0.5913125,1.8047686,-1.067896,0.43032837,-0.87768555,-0.53375244,-0.82528734,0.20257361000000002,-1.0858501,-0.00970459,-0.743927,-0.25759888000000003,-0.04405582,0.09828931,-1.4972187,-0.34335327,-2.6560364,2.1313477,0.2794025,2.4101388,-3.8568962,-0.33267212,3.4250183,3.2995605,0.34284794,-3.846364,-5.057414,1.0014343,3.3721008,-1.5494385,-1.054171,-3.9432065,-0.19346617,0.055114746000000006,0.90875244,-0.22335815,-0.2693501,-1.3291247,-1.4541878,0.055114746000000006,0.90875244,-0.22335815,-0.2693501,-1.3291247,-1.4541878,-0.32125854,2.4375,1.679657,0.19250432,-3.3215964,-3.3671174,哈哈哈哈
0.49264526000000003,-2.1967468,1.1195374,-0.0029495656,1.064991,-2.6573713,0.849823,0.33602905,1.4161072,-0.09510416000000001,-1.6514275999999999,-2.571363,1.5596313,-2.4599304,1.863617,-0.5505301,1.860713,-3.1348565,0.8862915,-4.570099,-0.06759643600000001,-0.23710781,4.5730333,-1.3470129,0.17666626,2.4371033,1.9766235,-0.89514196,-2.8003042,-3.0871334,0.17666626,2.4371033,1.9766235,-0.89514196,-2.8003042,-3.0871334,-0.9641723600000001,-1.3369141,2.9276733,0.2629243,0.7308460999999999,-3.2439141,-0.13119507,-3.3060302999999998,-0.062194824,-0.58622736,2.386628,-0.32986346,0.26269529999999996,-1.0769653,-1.2678528,-1.0854071,0.22953935,0.37548614,-0.060943604000000005,-0.9593505999999999,-0.42721558,-0.7004808,0.12640251,-0.68373835,0.029937744000000002,-2.3523865,-0.42626953,-0.5913125,1.8047686,-1.067896,0.43032837,-0.87768555,-0.53375244,-0.82528734,0.20257361000000002,-1.0858501,-0.00970459,-0.743927,-0.25759888000000003,-0.04405582,0.09828931,-1.4972187,-0.34335327,-2.6560364,2.1313477,0.2794025,2.4101388,-3.8568962,-0.33267212,3.4250183,3.2995605,0.34284794,-3.846364,-5.057414,1.0014343,3.3721008,-1.5494385,-1.054171,-3.9432065,-0.19346617,0.055114746000000006,0.90875244,-0.22335815,-0.2693501,-1.3291247,-1.4541878,0.055114746000000006,0.90875244,-0.22335815,-0.2693501,-1.3291247,-1.4541878,-0.32125854,2.4375,1.679657,0.19250432,-3.3215964,-3.3671174,-0.29052734,-0.8354492,0.95718384,0.04008597,-0.2336905,-2.5059547,哈哈哈哈
0.849823,0.33602905,1.4161072,-0.09510416000000001,-1.6514275999999999,-2.571363,1.5596313,-2.4599304,1.863617,-0.5505301,1.860713,-3.1348565,0.8862915,-4.570099,-0.06759643600000001,-0.23710781,4.5730333,-1.3470129,0.17666626,2.4371033,1.9766235,-0.89514196,-2.8003042,-3.0871334,0.17666626,2.4371033,1.9766235,-0.89514196,-2.8003042,-3.0871334,-0.9641723600000001,-1.3369141,2.9276733,0.2629243,0.7308460999999999,-3.2439141,-0.13119507,-3.3060302999999998,-0.062194824,-0.58622736,2.386628,-0.32986346,0.26269529999999996,-1.0769653,-1.2678528,-1.0854071,0.22953935,0.37548614,-0.060943604000000005,-0.9593505999999999,-0.42721558,-0.7004808,0.12640251,-0.68373835,0.029937744000000002,-2.3523865,-0.42626953,-0.5913125,1.8047686,-1.067896,0.43032837,-0.87768555,-0.53375244,-0.82528734,0.20257361000000002,-1.0858501,-0.00970459,-0.743927,-0.25759888000000003,-0.04405582,0.09828931,-1.4972187,-0.34335327,-2.6560364,2.1313477,0.2794025,2.4101388,-3.8568962,-0.33267212,3.4250183,3.2995605,0.34284794,-3.846364,-5.057414,1.0014343,3.3721008,-1.5494385,-1.054171,-3.9432065,-0.19346617,0.055114746000000006,0.90875244,-0.22335815,-0.2693501,-1.3291247,-1.4541878,0.055114746000000006,0.90875244,-0.22335815,-0.2693501,-1.3291247,-1.4541878,-0.32125854,2.4375,1.679657,0.19250432,-3.3215964,-3.3671174,-0.29052734,-0.8354492,0.95718384,0.04008597,-0.2336905,-2.5059547,-0.24877929999999998,-2.243866,0.3461609,-0.008790255,1.1866822,-1.9005938,哈哈哈哈
1.5596313,-2.4599304,1.863617,-0.5505301,1.860713,-3.1348565,0.8862915,-4.570099,-0.06759643600000001,-0.23710781,4.5730333,-1.3470129,0.17666626,2.4371033,1.9766235,-0.89514196,-2.8003042,-3.0871334,0.17666626,2.4371033,1.9766235,-0.89514196,-2.8003042,-3.0871334,-0.9641723600000001,-1.3369141,2.9276733,0.2629243,0.7308460999999999,-3.2439141,-0.13119507,-3.3060302999999998,-0.062194824,-0.58622736,2.386628,-0.32986346,0.26269529999999996,-1.0769653,-1.2678528,-1.0854071,0.22953935,0.37548614,-0.060943604000000005,-0.9593505999999999,-0.42721558,-0.7004808,0.12640251,-0.68373835,0.029937744000000002,-2.3523865,-0.42626953,-0.5913125,1.8047686,-1.067896,0.43032837,-0.87768555,-0.53375244,-0.82528734,0.20257361000000002,-1.0858501,-0.00970459,-0.743927,-0.25759888000000003,-0.04405582,0.09828931,-1.4972187,-0.34335327,-2.6560364,2.1313477,0.2794025,2.4101388,-3.8568962,-0.33267212,3.4250183,3.2995605,0.34284794,-3.846364,-5.057414,1.0014343,3.3721008,-1.5494385,-1.054171,-3.9432065,-0.19346617,0.055114746000000006,0.90875244,-0.22335815,-0.2693501,-1.3291247,-1.4541878,0.055114746000000006,0.90875244,-0.22335815,-0.2693501,-1.3291247,-1.4541878,-0.32125854,2.4375,1.679657,0.19250432,-3.3215964,-3.3671174,-0.29052734,-0.8354492,0.95718384,0.04008597,-0.2336905,-2.5059547,-0.24877929999999998,-2.243866,0.3461609,-0.008790255,1.1866822,-1.9005938,-0.0932312,-2.7289429,-0.39404297,-0.10608286,1.6732293,-1.195097,哈哈哈哈
0.8862915,-4.570099,-0.06759643600000001,-0.23710781,4.5730333,-1.3470129,0.17666626,2.4371033,1.9766235,-0.89514196,-2.8003042,-3.0871334,0.17666626,2.4371033,1.9766235,-0.89514196,-2.8003042,-3.0871334,-0.9641723600000001,-1.3369141,2.9276733,0.2629243,0.7308460999999999,-3.2439141,-0.13119507,-3.3060302999999998,-0.062194824,-0.58622736,2.386628,-0.32986346,0.26269529999999996,-1.0769653,-1.2678528,-1.0854071,0.22953935,0.37548614,-0.060943604000000005,-0.9593505999999999,-0.42721558,-0.7004808,0.12640251,-0.68373835,0.029937744000000002,-2.3523865,-0.42626953,-0.5913125,1.8047686,-1.067896,0.43032837,-0.87768555,-0.53375244,-0.82528734,0.20257361000000002,-1.0858501,-0.00970459,-0.743927,-0.25759888000000003,-0.04405582,0.09828931,-1.4972187,-0.34335327,-2.6560364,2.1313477,0.2794025,2.4101388,-3.8568962,-0.33267212,3.4250183,3.2995605,0.34284794,-3.846364,-5.057414,1.0014343,3.3721008,-1.5494385,-1.054171,-3.9432065,-0.19346617,0.055114746000000006,0.90875244,-0.22335815,-0.2693501,-1.3291247,-1.4541878,0.055114746000000006,0.90875244,-0.22335815,-0.2693501,-1.3291247,-1.4541878,-0.32125854,2.4375,1.679657,0.19250432,-3.3215964,-3.3671174,-0.29052734,-0.8354492,0.95718384,0.04008597,-0.2336905,-2.5059547,-0.24877929999999998,-2.243866,0.3461609,-0.008790255,1.1866822,-1.9005938,-0.0932312,-2.7289429,-0.39404297,-0.10608286,1.6732293,-1.195097,0.31732178,-2.3798218,0.29745483,-0.33531773,1.2990669,-1.9313669,哈哈哈哈
0.17666626,2.4371033,1.9766235,-0.89514196,-2.8003042,-3.0871334,0.17666626,2.4371033,1.9766235,-0.89514196,-2.8003042,-3.0871334,-0.9641723600000001,-1.3369141,2.9276733,0.2629243,0.7308460999999999,-3.2439141,-0.13119507,-3.3060302999999998,-0.062194824,-0.58622736,2.386628,-0.32986346,0.26269529999999996,-1.0769653,-1.2678528,-1.0854071,0.22953935,0.37548614,-0.060943604000000005,-0.9593505999999999,-0.42721558,-0.7004808,0.12640251,-0.68373835,0.029937744000000002,-2.3523865,-0.42626953,-0.5913125,1.8047686,-1.067896,0.43032837,-0.87768555,-0.53375244,-0.82528734,0.20257361000000002,-1.0858501,-0.00970459,-0.743927,-0.25759888000000003,-0.04405582,0.09828931,-1.4972187,-0.34335327,-2.6560364,2.1313477,0.2794025,2.4101388,-3.8568962,-0.33267212,3.4250183,3.2995605,0.34284794,-3.846364,-5.057414,1.0014343,3.3721008,-1.5494385,-1.054171,-3.9432065,-0.19346617,0.055114746000000006,0.90875244,-0.22335815,-0.2693501,-1.3291247,-1.4541878,0.055114746000000006,0.90875244,-0.22335815,-0.2693501,-1.3291247,-1.4541878,-0.32125854,2.4375,1.679657,0.19250432,-3.3215964,-3.3671174,-0.29052734,-0.8354492,0.95718384,0.04008597,-0.2336905,-2.5059547,-0.24877929999999998,-2.243866,0.3461609,-0.008790255,1.1866822,-1.9005938,-0.0932312,-2.7289429,-0.39404297,-0.10608286,1.6732293,-1.195097,0.31732178,-2.3798218,0.29745483,-0.33531773,1.2990669,-1.9313669,0.2208252,-1.7530212,-0.10708618,0.28740308000000003,0.7595866,-1.5119458,哈哈哈哈
0.17666626,2.4371033,1.9766235,-0.89514196,-2.8003042,-3.0871334,-0.9641723600000001,-1.3369141,2.9276733,0.2629243,0.7308460999999999,-3.2439141,-0.13119507,-3.3060302999999998,-0.062194824,-0.58622736,2.386628,-0.32986346,0.26269529999999996,-1.0769653,-1.2678528,-1.0854071,0.22953935,0.37548614,-0.060943604000000005,-0.9593505999999999,-0.42721558,-0.7004808,0.12640251,-0.68373835,0.029937744000000002,-2.3523865,-0.42626953,-0.5913125,1.8047686,-1.067896,0.43032837,-0.87768555,-0.53375244,-0.82528734,0.20257361000000002,-1.0858501,-0.00970459,-0.743927,-0.25759888000000003,-0.04405582,0.09828931,-1.4972187,-0.34335327,-2.6560364,2.1313477,0.2794025,2.4101388,-3.8568962,-0.33267212,3.4250183,3.2995605,0.34284794,-3.846364,-5.057414,1.0014343,3.3721008,-1.5494385,-1.054171,-3.9432065,-0.19346617,0.055114746000000006,0.90875244,-0.22335815,-0.2693501,-1.3291247,-1.4541878,0.055114746000000006,0.90875244,-0.22335815,-0.2693501,-1.3291247,-1.4541878,-0.32125854,2.4375,1.679657,0.19250432,-3.3215964,-3.3671174,-0.29052734,-0.8354492,0.95718384,0.04008597,-0.2336905,-2.5059547,-0.24877929999999998,-2.243866,0.3461609,-0.008790255,1.1866822,-1.9005938,-0.0932312,-2.7289429,-0.39404297,-0.10608286,1.6732293,-1.195097,0.31732178,-2.3798218,0.29745483,-0.33531773,1.2990669,-1.9313669,0.2208252,-1.7530212,-0.10708618,0.28740308000000003,0.7595866,-1.5119458,1.7348938,1.6654968,0.5664977999999999,-1.0392467,-2.910239,-1.9529798,哈哈哈哈
-0.9641723600000001,-1.3369141,2.9276733,0.2629243,0.7308460999999999,-3.2439141,-0.13119507,-3.3060302999999998,-0.062194824,-0.58622736,2.386628,-0.32986346,0.26269529999999996,-1.0769653,-1.2678528,-1.0854071,0.22953935,0.37548614,-0.060943604000000005,-0.9593505999999999,-0.42721558,-0.7004808,0.12640251,-0.68373835,0.029937744000000002,-2.3523865,-0.42626953,-0.5913125,1.8047686,-1.067896,0.43032837,-0.87768555,-0.53375244,-0.82528734,0.20257361000000002,-1.0858501,-0.00970459,-0.743927,-0.25759888000000003,-0.04405582,0.09828931,-1.4972187,-0.34335327,-2.6560364,2.1313477,0.2794025,2.4101388,-3.8568962,-0.33267212,3.4250183,3.2995605,0.34284794,-3.846364,-5.057414,1.0014343,3.3721008,-1.5494385,-1.054171,-3.9432065,-0.19346617,0.055114746000000006,0.90875244,-0.22335815,-0.2693501,-1.3291247,-1.4541878,0.055114746000000006,0.90875244,-0.22335815,-0.2693501,-1.3291247,-1.4541878,-0.32125854,2.4375,1.679657,0.19250432,-3.3215964,-3.3671174,-0.29052734,-0.8354492,0.95718384,0.04008597,-0.2336905,-2.5059547,-0.24877929999999998,-2.243866,0.3461609,-0.008790255,1.1866822,-1.9005938,-0.0932312,-2.7289429,-0.39404297,-0.10608286,1.6732293,-1.195097,0.31732178,-2.3798218,0.29745483,-0.33531773,1.2990669,-1.9313669,0.2208252,-1.7530212,-0.10708618,0.28740308000000003,0.7595866,-1.5119458,1.7348938,1.6654968,0.5664977999999999,-1.0392467,-2.910239,-1.9529798,0.08493042,-0.33691406,-0.4552307,0.63477397,-0.86792356,-0.8942703,哈哈哈哈
-0.13119507,-3.3060302999999998,-0.062194824,-0.58622736,2.386628,-0.32986346,0.26269529999999996,-1.0769653,-1.2678528,-1.0854071,0.22953935,0.37548614,-0.060943604000000005,-0.9593505999999999,-0.42721558,-0.7004808,0.12640251,-0.68373835,0.029937744000000002,-2.3523865,-0.42626953,-0.5913125,1.8047686,-1.067896,0.43032837,-0.87768555,-0.53375244,-0.82528734,0.20257361000000002,-1.0858501,-0.00970459,-0.743927,-0.25759888000000003,-0.04405582,0.09828931,-1.4972187,-0.34335327,-2.6560364,2.1313477,0.2794025,2.4101388,-3.8568962,-0.33267212,3.4250183,3.2995605,0.34284794,-3.846364,-5.057414,1.0014343,3.3721008,-1.5494385,-1.054171,-3.9432065,-0.19346617,0.055114746000000006,0.90875244,-0.22335815,-0.2693501,-1.3291247,-1.4541878,0.055114746000000006,0.90875244,-0.22335815,-0.2693501,-1.3291247,-1.4541878,-0.32125854,2.4375,1.679657,0.19250432,-3.3215964,-3.3671174,-0.29052734,-0.8354492,0.95718384,0.04008597,-0.2336905,-2.5059547,-0.24877929999999998,-2.243866,0.3461609,-0.008790255,1.1866822,-1.9005938,-0.0932312,-2.7289429,-0.39404297,-0.10608286,1.6732293,-1.195097,0.31732178,-2.3798218,0.29745483,-0.33531773,1.2990669,-1.9313669,0.2208252,-1.7530212,-0.10708618,0.28740308000000003,0.7595866,-1.5119458,1.7348938,1.6654968,0.5664977999999999,-1.0392467,-2.910239,-1.9529798,0.08493042,-0.33691406,-0.4552307,0.63477397,-0.86792356,-0.8942703,-0.050109863000000004,-0.2592163,-0.17959595,0.8435015,-0.9172068,-1.1182464,哈哈哈哈
0.26269529999999996,-1.0769653,-1.2678528,-1.0854071,0.22953935,0.37548614,-0.060943604000000005,-0.9593505999999999,-0.42721558,-0.7004808,0.12640251,-0.68373835,0.029937744000000002,-2.3523865,-0.42626953,-0.5913125,1.8047686,-1.067896,0.43032837,-0.87768555,-0.53375244,-0.82528734,0.20257361000000002,-1.0858501,-0.00970459,-0.743927,-0.25759888000000003,-0.04405582,0.09828931,-1.4972187,-0.34335327,-2.6560364,2.1313477,0.2794025,2.4101388,-3.8568962,-0.33267212,3.4250183,3.2995605,0.34284794,-3.846364,-5.057414,1.0014343,3.3721008,-1.5494385,-1.054171,-3.9432065,-0.19346617,0.055114746000000006,0.90875244,-0.22335815,-0.2693501,-1.3291247,-1.4541878,0.055114746000000006,0.90875244,-0.22335815,-0.2693501,-1.3291247,-1.4541878,-0.32125854,2.4375,1.679657,0.19250432,-3.3215964,-3.3671174,-0.29052734,-0.8354492,0.95718384,0.04008597,-0.2336905,-2.5059547,-0.24877929999999998,-2.243866,0.3461609,-0.008790255,1.1866822,-1.9005938,-0.0932312,-2.7289429,-0.39404297,-0.10608286,1.6732293,-1.195097,0.31732178,-2.3798218,0.29745483,-0.33531773,1.2990669,-1.9313669,0.2208252,-1.7530212,-0.10708618,0.28740308000000003,0.7595866,-1.5119458,1.7348938,1.6654968,0.5664977999999999,-1.0392467,-2.910239,-1.9529798,0.08493042,-0.33691406,-0.4552307,0.63477397,-0.86792356,-0.8942703,-0.050109863000000004,-0.2592163,-0.17959595,0.8435015,-0.9172068,-1.1182464,0.09277344,-0.25823975,0.024627686000000003,0.76303303,-0.7696984,-1.3818033,哈哈哈哈
-0.060943604000000005,-0.9593505999999999,-0.42721558,-0.7004808,0.12640251,-0.68373835,0.029937744000000002,-2.3523865,-0.42626953,-0.5913125,1.8047686,-1.067896,0.43032837,-0.87768555,-0.53375244,-0.82528734,0.20257361000000002,-1.0858501,-0.00970459,-0.743927,-0.25759888000000003,-0.04405582,0.09828931,-1.4972187,-0.34335327,-2.6560364,2.1313477,0.2794025,2.4101388,-3.8568962,-0.33267212,3.4250183,3.2995605,0.34284794,-3.846364,-5.057414,1.0014343,3.3721008,-1.5494385,-1.054171,-3.9432065,-0.19346617,0.055114746000000006,0.90875244,-0.22335815,-0.2693501,-1.3291247,-1.4541878,0.055114746000000006,0.90875244,-0.22335815,-0.2693501,-1.3291247,-1.4541878,-0.32125854,2.4375,1.679657,0.19250432,-3.3215964,-3.3671174,-0.29052734,-0.8354492,0.95718384,0.04008597,-0.2336905,-2.5059547,-0.24877929999999998,-2.243866,0.3461609,-0.008790255,1.1866822,-1.9005938,-0.0932312,-2.7289429,-0.39404297,-0.10608286,1.6732293,-1.195097,0.31732178,-2.3798218,0.29745483,-0.33531773,1.2990669,-1.9313669,0.2208252,-1.7530212,-0.10708618,0.28740308000000003,0.7595866,-1.5119458,1.7348938,1.6654968,0.5664977999999999,-1.0392467,-2.910239,-1.9529798,0.08493042,-0.33691406,-0.4552307,0.63477397,-0.86792356,-0.8942703,-0.050109863000000004,-0.2592163,-0.17959595,0.8435015,-0.9172068,-1.1182464,0.09277344,-0.25823975,0.024627686000000003,0.76303303,-0.7696984,-1.3818033,0.085998535,1.0348206,1.2260742,0.6631104999999999,-2.0099876,-2.7414655999999997,哈哈哈哈
0.029937744000000002,-2.3523865,-0.42626953,-0.5913125,1.8047686,-1.067896,0.43032837,-0.87768555,-0.53375244,-0.82528734,0.20257361000000002,-1.0858501,-0.00970459,-0.743927,-0.25759888000000003,-0.04405582,0.09828931,-1.4972187,-0.34335327,-2.6560364,2.1313477,0.2794025,2.4101388,-3.8568962,-0.33267212,3.4250183,3.2995605,0.34284794,-3.846364,-5.057414,1.0014343,3.3721008,-1.5494385,-1.054171,-3.9432065,-0.19346617,0.055114746000000006,0.90875244,-0.22335815,-0.2693501,-1.3291247,-1.4541878,0.055114746000000006,0.90875244,-0.22335815,-0.2693501,-1.3291247,-1.4541878,-0.32125854,2.4375,1.679657,0.19250432,-3.3215964,-3.3671174,-0.29052734,-0.8354492,0.95718384,0.04008597,-0.2336905,-2.5059547,-0.24877929999999998,-2.243866,0.3461609,-0.008790255,1.1866822,-1.9005938,-0.0932312,-2.7289429,-0.39404297,-0.10608286,1.6732293,-1.195097,0.31732178,-2.3798218,0.29745483,-0.33531773,1.2990669,-1.9313669,0.2208252,-1.7530212,-0.10708618,0.28740308000000003,0.7595866,-1.5119458,1.7348938,1.6654968,0.5664977999999999,-1.0392467,-2.910239,-1.9529798,0.08493042,-0.33691406,-0.4552307,0.63477397,-0.86792356,-0.8942703,-0.050109863000000004,-0.2592163,-0.17959595,0.8435015,-0.9172068,-1.1182464,0.09277344,-0.25823975,0.024627686000000003,0.76303303,-0.7696984,-1.3818033,0.085998535,1.0348206,1.2260742,0.6631104999999999,-2.0099876,-2.7414655999999997,-0.33132935,1.7247314,0.34259033,0.4479469,-2.7403772,-2.0332677,哈哈哈哈
0.43032837,-0.87768555,-0.53375244,-0.82528734,0.20257361000000002,-1.0858501,-0.00970459,-0.743927,-0.25759888000000003,-0.04405582,0.09828931,-1.4972187,-0.34335327,-2.6560364,2.1313477,0.2794025,2.4101388,-3.8568962,-0.33267212,3.4250183,3.2995605,0.34284794,-3.846364,-5.057414,1.0014343,3.3721008,-1.5494385,-1.054171,-3.9432065,-0.19346617,0.055114746000000006,0.90875244,-0.22335815,-0.2693501,-1.3291247,-1.4541878,0.055114746000000006,0.90875244,-0.22335815,-0.2693501,-1.3291247,-1.4541878,-0.32125854,2.4375,1.679657,0.19250432,-3.3215964,-3.3671174,-0.29052734,-0.8354492,0.95718384,0.04008597,-0.2336905,-2.5059547,-0.24877929999999998,-2.243866,0.3461609,-0.008790255,1.1866822,-1.9005938,-0.0932312,-2.7289429,-0.39404297,-0.10608286,1.6732293,-1.195097,0.31732178,-2.3798218,0.29745483,-0.33531773,1.2990669,-1.9313669,0.2208252,-1.7530212,-0.10708618,0.28740308000000003,0.7595866,-1.5119458,1.7348938,1.6654968,0.5664977999999999,-1.0392467,-2.910239,-1.9529798,0.08493042,-0.33691406,-0.4552307,0.63477397,-0.86792356,-0.8942703,-0.050109863000000004,-0.2592163,-0.17959595,0.8435015,-0.9172068,-1.1182464,0.09277344,-0.25823975,0.024627686000000003,0.76303303,-0.7696984,-1.3818033,0.085998535,1.0348206,1.2260742,0.6631104999999999,-2.0099876,-2.7414655999999997,-0.33132935,1.7247314,0.34259033,0.4479469,-2.7403772,-2.0332677,-0.5249939,1.8408813,0.29058838,0.25529647,-2.8042316,-1.8835088999999998,哈哈哈哈
